text,amount,category,payment_method,payment_provider,bank_account,text_source
INR 3000.25 debited from your SBI account for gas bill (PhonePe UPI),3000.25,utilities,upi,phonepe,sbi,ocr_upi
"TAX INVOICE
diagnostic
Grand Total: 13241.44
Payment: Gpay",13241.44,healthcare,upi,gpay,,ocr_receipt
concert mein 416 lag gaye card se bhara,416,entertainment,card,,,voice_transcript
spent 3852 rupees on car loan EMI via card,3852,emi,card,,,voice_transcript
H&M INR 21117 HDFC,21117,shopping,upi,phonepe,hdfc,english_natural
Zara ka shopping kya 1537 ₹ UPI se pay kiya,23397,shopping,upi,paytm,,source_hinglish
amazon flipkart myntra online shopping order 7965 Phone Pe,7965,shopping,upi,phonepe,,cue_row
yaar PVR pe 16316 rupaye ka movie dekhi haath se die,16316,entertainment,cash,,sbi,hinglish_natural
Groww pe 49450 rupaiye ka stock lia Paytm pe,49450,investment,upi,paytm,,hinglish_natural
?378 charged for Bewakoof on Visa,378,shopping,card,,,english_natural
Payment of 34161 to car loan EMI was successful via Gpay UPI Ref No 649036571688972 icici Account 2163,34161,emi,upi,gpay,icici,ocr_upi
30522 rupay loan payment kar diya car loan EMI ko credit card se HDFC card se,30522,emi,card,,hdfc,hinglish_natural
netflix spotify hotstar subscription movie show Rs 396 PhonePe,396,entertainment,upi,phonepe,axis,cue_row
UPI/29858237/APPLE MUSIC/SBI,26565.95,entertainment,card,,sbi,english_natural
sent INR 3945 to Shreya on Gpay,3945,friends,upi,gpay,,friends_synthetic
mutual fund SIP stocks PPF FD investment INR 1504 Niyo,1504,investment,upi,niyo,,cue_row
insurance premium Rs 114 jupiter,114,utilities,upi,jupiter,,english_natural
upGrad 3350 cash,3350,education,cash,,,english_natural
Rs.1852.52 debited from your HDFC account for PVR (BHIM UPI),1852.52,entertainment,upi,bhim,hdfc,ocr_upi
stationery payment Rs1214 done via CRED,1214,education,upi,cred,,english_natural
Shreya ₹36.90 NIYO,36.90,friends,upi,niyo,hdfc,ocr_upi
Just paid ₹971 to tuition through Visa,971,education,card,,,english_natural
"JioCinema BILL
St: Rs.440
PayTM approved",440,entertainment,upi,paytm,pnb,ocr_receipt
today i spent 48897 on tuition via card from my HDFC Bank bank,48897,education,card,,hdfc,voice_transcript
yaar 288 rupaiye bill pay kiyaa Jio recharge pe credit card se HDFC account se bhai,288,utilities,card,,hdfc,hinglish_natural
32628 ₹ dawai lia dentist pe via slice,32628,healthcare,upi,slice,,hinglish_natural
?398.13 charged for HDFC loan on debit card,398.13,emi,card,,,english_natural
392 rs. paisa daala gold ko debit card se,392,investment,card,,,hinglish_natural
PPF contribution INR 42510,42510,investment,upi,gpay,axis,source_english
27634 to NPS via cred sbi account,27634,investment,upi,cred,sbi,english_natural
flatmate rent share 275 GPay Neha,275,friends,upi,gpay,,friends_synthetic
maine 371 rupaye bike loan EMI ko diye card se,371,emi,card,,,voice_transcript
345.53 debited from your HDFC account for Ananya (Paytm UPI),345.53,friends,upi,paytm,hdfc,ocr_upi
Paid crypto Rs.1205 using card,1205,investment,card,,,english_natural
ATM/CASH/SBI/3492,3492,travel,cash,,sbi,english_natural
Apollo Pharmacy 22090 NIYO Completed ICICI Bank 7085,22090,healthcare,upi,niyo,icici,ocr_upi
3784 to education loan EMI via Visa,3784,emi,card,,,english_natural
POS/GAS BILL/MASTERCARD/9940,181,utilities,card,,niyo,english_natural
raat ko 4682 rupaye invest kiyaa Angel One ko debit card se,4682,investment,card,,,hinglish_natural
NEFT/TRANSFER/HOTSTAR/,2664,entertainment,card,,,english_natural
office se aate hue Apollo Pharmacy pe 31363 rs ka checkup karaya card se pay kiya,31363,healthcare,card,,,hinglish_natural
"insurance premium
Net Amount 127
Paid via CASH",127,utilities,cash,,,ocr_receipt
flatmate rent share 17580 Slice Arjun,17580,friends,upi,slice,icici,friends_synthetic
maine 2718 rupaye Spotify ko diye paytm se,2718,entertainment,upi,paytm,,voice_transcript
Bought NPS for Rs 3509 with phonepe,3509,investment,upi,phonepe,,english_natural
dost roommate ko 2288 rupaye PayTM se bheje,2288,friends,upi,paytm,,friends_synthetic
Paid INR 15801.18 to water bill Slice UPI ICICI 5079 Completed,15801.18,utilities,upi,slice,icici,ocr_upi
"MALL RESTAURANT
Total 93.79
Cash Received
Change 0.00",93.79,shopping,card,,hdfc,ocr_receipt
sent ₹490 to friend on cash split bill UPI,490,friends,cash,,,cue_row
BSNL INR 38670 phonepe,38670,utilities,upi,phonepe,,english_natural
"D BOOKS 199 Completed 7Feb 2026,11:09 pm Canara Bank Bank 1558 UPI transaction ID 3030783716429 TO:BOOKS books.46101@canara bankbank Goog1etransaction lD XYZabc257981 OPI GPay",199,education,upi,gpay,canara,ocr_upi
coaching exam preparation study material 41 paytm,41,education,upi,paytm,icici,cue_row
822 rs. checkup karaya Apollo Pharmacy ko credit card se Slice account se,822,healthcare,card,,slice,hinglish_natural
rent maintenance gas connection INR 3771 Phone Pe,3771,utilities,upi,phonepe,,cue_row
PharmEasy se medicine lia 4610 rupaiye ka card se,4610,healthcare,card,,,hinglish_natural
Rs 256 debited from your SBI account for BYJU'S (Google Pay UPI),256,education,upi,gpay,sbi,ocr_upi
Amit ka dost ko diye 691 rupaye via bhim,691,friends,upi,bhim,,hinglish_natural
460 rupaiye transfer kiyaa Rohan ko UPI se diyee State Bank card se,460,friends,upi,phonepe,sbi,hinglish_natural
468 to Ananya fi UPI,468,friends,upi,fi,,friends_synthetic
amazon flipkart myntra online shopping order Rs32310 phonepe,32310,shopping,upi,phonepe,,cue_row
netflix spotify hotstar subscription movie show INR 174 G Pay,174,entertainment,upi,gpay,yes bank,cue_row
202 rupaye personal loan EMI paytm se pay kr diya,202,emi,upi,paytm,,hinglish_natural
sent Rs15286 to Neha on Phone Pe,15286,friends,upi,phonepe,,friends_synthetic
Paid INR 3407.91 for Ola from my Punjab National Bank account via SLICE,3407.91,travel,upi,slice,pnb,english_natural
PPF contribution INR 36583,36583,investment,card,,sbi,source_english
453 ka restaurant bill pay kiya Cred se Niyo se kata,453,food,upi,cred,niyo,voice_transcript
coaching exam preparation study material INR 73 card,73,education,card,,,cue_row
aaj bhai pe 289 rupaye kharcha hua PhonePe se,289,friends,upi,phonepe,,voice_transcript
split bill 19953 GPay se Karan ko diya,19953,friends,upi,gpay,,friends_synthetic
"MARKET
Item 1 Rs 229
Item 2 416
Total R 207
Jupiter",207,shopping,upi,jupiter,,ocr_receipt
Nature's Basket 99.28 hdfc,99.28,food,card,,hdfc,english_natural
350 ka insurance premium bill pay kiya SLICE se,350,utilities,upi,slice,,voice_transcript
Tata Play 1679 jupiter,1679,utilities,upi,jupiter,,english_natural
electricity water broadband mobile recharge bill INR 310 PayTM,310,utilities,upi,paytm,sbi,cue_row
Arjun 34 cash,34,friends,cash,,,english_natural
"Groww 4568 Completed 19Jul 2025,11:36 pm SBI 5361 UPI transaction ID 511756344060210",4568,investment,upi,gpay,sbi,ocr_upi
personal loan EMI ka EMI kat gayi 2570 rs credit card se,2570,emi,card,,,hinglish_natural
bhai college fees ka 1368 rupaye Slice se de diya,1368,education,upi,slice,sbi,voice_transcript
colleague 91 Phone Pe Successful RBL Bank 9478,91,friends,upi,phonepe,rbl,ocr_upi
i did 36829 expense on SonyLIV using Phone Pe,36829,entertainment,upi,phonepe,bob,voice_transcript
eye checkup se test karaya 3183 rupaiye ka debit card se,3183,healthcare,card,,,hinglish_natural
hospital se medicine le liya 871 rupees ka UPI se de diya achha deal mila,41264,healthcare,upi,paytm,,source_hinglish
Vedantu 492 rupay card se pay kr diya State Bank account se sasta tha,492,education,card,,sbi,hinglish_natural
1562 rs. tuition de diya Coursera ko Cred pe,1562,education,upi,cred,,hinglish_natural
subah 1795 rupay game liya Apple Music pe card se pay kar diya,1795,entertainment,card,,,hinglish_natural
bhai rickshaw ka 12173 rupaye cash se de diya,12173,travel,cash,,yes bank,voice_transcript
Karan ka split kya 2842 rupees UPI se de diye,2842,friends,upi,gpay,axis,hinglish_natural
crypto gold bonds NPS portfolio Rs.47176 gpay,47176,investment,upi,gpay,canara,cue_row
paid 3763 to lab test through Gpay from State Bank,3763,healthcare,upi,gpay,sbi,voice_transcript
i did 294 expense on mall using SLICE,294,shopping,upi,slice,,voice_transcript
i did 2394 expense on Unacademy using cash,2394,education,cash,,,voice_transcript
Bought Flipkart for Rs4892.45 with Visa,4892.45,shopping,card,,,english_natural
STOCKS INR 1538 NIYO,1538,investment,upi,phonepe,niyo,english_natural
paytm payment Rs.1214.72 Ajio PNB 5433 done,1214.72,shopping,upi,paytm,pnb,ocr_upi
Paid Unacademy Rs.227 using CRED from icici,227,education,upi,cred,icici,english_natural
"APOLLO PHARMACY
Item 1 242
Item 2 Rs.480
Total Rs.19260.55
G Pay",19260.55,healthcare,upi,gpay,,ocr_receipt
950 rupaiye khana kha liya JioMart pe credit card se,950,food,card,,hdfc,hinglish_natural
₹2374 to Croma via CRED,2374,shopping,upi,cred,,english_natural
2413 rupaiye Dominos Paytm pe,2413,food,upi,paytm,,hinglish_natural
education loan EMI 4105 rs. credit card se,4105,emi,card,,hdfc,hinglish_natural
paid back friend lent money Rs 4508 card,4508,friends,card,,hdfc,cue_row
aaj RedBus se ride liyaa 30905 ka naqad axis account se,30905,travel,cash,,axis,hinglish_natural
4096 rupees Yatra cash me,4096,travel,cash,,,hinglish_natural
Croma payment ₹113 done via Phone Pe,113,shopping,upi,phonepe,,english_natural
paid 450 to Groww through card,450,investment,card,,,voice_transcript
"electricity bill
Net Amount 32926.86
Paid via gpay",32926.86,utilities,upi,gpay,icici,ocr_receipt
kal 5978 rs books lia Udemy ko Paytm pe,5978,education,upi,paytm,,hinglish_natural
"PHARMEASY RESTAURANT
Total 13104.22
Cash Received
Change 0.00",13104.22,healthcare,cash,,,ocr_receipt
Used BOB Phone Pe to pay Rs 9505.92 for Barbeque Nation,9505.92,food,upi,phonepe,bob,english_natural
KFC me 984 rupay ka food order kya UPI se Fi account se,984,food,upi,fi,fi,hinglish_natural
mutual fund SIP stocks PPF FD investment Rs.1590 Paytm,1590,investment,upi,paytm,,cue_row
home loan car loan credit card EMI monthly t16289 autopay card,16289,emi,card,,,cue_row
bhai metro se petrol bhara 2478 rupay ka UPI se pay kiyaa budget tod diya,2478,travel,upi,phonepe,icici,hinglish_natural
gas bill pe 31705 rs. ka bill pay kya card se pay kia,31705,utilities,card,,,hinglish_natural
electronics clothes shoes accessories purchase ?1860 via Phonepe,1860,shopping,upi,phonepe,sbi,cue_row
spent 49127 rupees on personal loan EMI via card,49127,emi,card,,,voice_transcript
384 ka Zomato bill pay kiya G Pay se,384,food,upi,gpay,,voice_transcript
Rs15251.16 paid to Apollo Pharmacy via Fi UPI from HDFC Bank Bank ending 4707,15251.16,healthcare,upi,fi,hdfc,ocr_upi
TO:MEESHO meesho.32128@icicibankbank From:AMITSINGH (ICICI Bank Phonepe : sender4666@okicicibankbank,720,shopping,upi,phonepe,icici,ocr_upi
Paid INOX INR 24034 using CRED from Axis Bank,24034,entertainment,upi,cred,axis,english_natural
auto ka ride lya 415 rs cash me,415,travel,cash,,,hinglish_natural
3421 ride lia Cleartrip pe gpay pe,12220,travel,upi,gpay,,source_hinglish
flatmate rent share 86 SLICE colleague,86,friends,upi,slice,,friends_synthetic
split bill 4804 Gpay se friend ko diya,4804,friends,upi,gpay,,friends_synthetic
25829 rs. Apollo Pharmacy card se,25829,healthcare,card,,,hinglish_natural
Paid INR 323.39 for SIP via GPay,323.39,investment,upi,gpay,,english_natural
office se aate hue bike loan EMI se loan payment kar diya 216 rupaye ka card se pay kr diya matlab,216,emi,card,,sbi,hinglish_natural
Paid INR 99.01 for MedPlus via GPay,99.01,healthcare,upi,gpay,,english_natural
market se khareed lya 3406 ₹ ka credit card se,42867,shopping,card,,,source_hinglish
spent 44744 rupees on gaming via phonepe,44744,entertainment,upi,phonepe,,voice_transcript
Barbeque Nation 13196 rs. haath se diy,13196,food,cash,,indusind,hinglish_natural
lunch dinner food order swiggy zomato restaurant meal Rs4895 card,4895,food,card,,hdfc,cue_row
Paid Airtel recharge t647 using Slice from sbi,647,utilities,upi,slice,sbi,english_natural
Paid ₹24 to Udemy cred UPI Axis 4155 Completed,24,education,upi,cred,axis,ocr_upi
"DISHTV RESTAURANT
Total 4817.38
Cash Received
Change 0.00",4817.38,utilities,upi,phonepe,,ocr_receipt
Paid Biryani Blues ₹373 using Slice,373,food,upi,slice,,english_natural
Paid 4489.01 for rickshaw from my Jupiter account via Visa,4489.01,travel,card,,jupiter,english_natural
9126 ₹ EMI kat gayi credit card EMI pe bhim se kotak card se bhai,9126,emi,upi,bhim,kotak,hinglish_natural
Paid 44159 for school fees from my HDFC account via PayTM,44159,education,upi,paytm,hdfc,english_natural
sent t211 to Amit on Cred,211,friends,upi,cred,,friends_synthetic
abhi 1165 rupaiye udhar return kia Pooja ko via phonepe,1165,friends,upi,phonepe,,hinglish_natural
medical checkup lab test health insurance Rs.1745 card,1745,healthcare,card,,,cue_row
BSNL 8777 rupees UPI se de diya,8777,utilities,upi,jupiter,,hinglish_natural
Spent ₹16794.26 on books using Gpay,16794.26,education,upi,gpay,,english_natural
maine 28824 rupaye Biryani Blues ko diye card se,28824,food,card,,yes bank,voice_transcript
crypto Rs.2902 GPay,2902,investment,upi,gpay,indusind,ocr_upi
Just paid 284 to bro through Visa,284,friends,card,,,english_natural
Spent 1236 on concert using debit card,1236,entertainment,card,,pnb,english_natural
home loan EMI 248 card se pay kiya PNB se kata bhai,248,emi,card,,pnb,hinglish_natural
DIVYA INR 27457,27457,friends,upi,paytm,,english_natural
aaj home loan EMI pe 4302 rupaye kharcha hua card se,4302,emi,card,,niyo,voice_transcript
dhaba ka food order kia 630 ₹ debit card se BOB card se,630,food,card,,bob,hinglish_natural
47608 rupaye SIP bhra crypto pe via Gpay,47608,investment,upi,gpay,slice,hinglish_natural
flatmate rent share 17913 card Vikram,17913,friends,card,,,friends_synthetic
Lenskart se shopping kiya 579 rs. ka card se HDFC Bank se kata,579,shopping,card,,hdfc,hinglish_natural
doctor 3518.86 PhonePe,3518.86,healthcare,upi,phonepe,,english_natural
Bought stationery for Rs.664 with Visa,664,education,card,,niyo,english_natural
462 debited from your ICICI account for mall (SLICE UPI),462,shopping,upi,slice,icici,ocr_upi
257 rs. Chai Point UPI se,257,food,upi,paytm,slice,hinglish_natural
Spent 92.18 on Netmeds using PhonePe,92.18,healthcare,upi,phonepe,,english_natural
BookMyShow pe 3457 ₹ ka game liyaa UPI se,3457,entertainment,upi,phonepe,,hinglish_natural
Tata CLiQ 41 rs card se,41,shopping,card,,icici,hinglish_natural
Spent ₹12335 on Unacademy using credit card,12335,education,card,,,english_natural
stationery payment ₹990 done via debit card,990,education,card,,yes bank,english_natural
today i spent 338 on Hotstar via niyo from my ICICI Bank bank,338,entertainment,upi,niyo,icici,voice_transcript
Ananya INR 696 Phonepe,696,friends,upi,phonepe,,english_natural
Paid HDFC loan Rs 2600.37 using card from Indusind Bank,2600.37,emi,card,,indusind,english_natural
R 2642.91 paid to Snapdeal via gpay UPI from HDFC Bank Bank ending 9463,2642.91,shopping,upi,gpay,hdfc,ocr_upi
Karan se udhar return kiya 335 rupay ka cash me,335,friends,cash,,,hinglish_natural
split bill 420 PhonePe se Shreya ko diya,420,friends,upi,phonepe,,friends_synthetic
subah Groww pe 242 ka SIP bharaa Google Pay se pay kia State Bank account se,242,investment,upi,gpay,sbi,hinglish_natural
Payment of 4670.84 to Ajio was successful via Bhim UPI Ref No 2712151970 ICICI Account 8293,4670.84,shopping,upi,bhim,icici,ocr_upi
car loan EMI mein 4293 lag gaye Google Pay se bhara,4293,emi,upi,gpay,,voice_transcript
₹256 paid to Bharat Petroleum via Mastercard from BOB,256,travel,card,,bob,english_natural
water bill me 199 rupay ka recharge kya Gpay pe,199,utilities,upi,gpay,,hinglish_natural
broadband se payment kiyaa 365 rupees ka credit card se bohot mehenga,365,utilities,card,,,hinglish_natural
i did 10413 expense on dost using G Pay,10413,friends,upi,gpay,,voice_transcript
bhai Behrouz ka kha liya 1564 rupaiye card se,19845,food,card,,,source_hinglish
"Netflix 128.80 Completed 19Jul 2025,3:19 am hdfc 9944 UPI transaction ID 1843597309",128.80,entertainment,upi,cred,hdfc,ocr_upi
"ACT FIBERNET
Item 1 Rs399
Item 2 384
Total 227
G Pay",227,utilities,upi,gpay,,ocr_receipt
Paid Hotstar Rs.2449 using BHIM from axis,2449,entertainment,upi,bhim,axis,english_natural
Just paid Rs.234 to crypto through Jupiter,234,investment,upi,jupiter,,english_natural
ghar jaate waqt 3190 rupay test karaya MedPlus ko gpay pe slice account se,3190,healthcare,upi,gpay,slice,hinglish_natural
credit card EMI 16122 Paytm Successful RBL Bank 8403,16122,emi,upi,paytm,rbl,ocr_upi
167 ka auto bill pay kiya bhim se Fi Money se kata,167,travel,upi,bhim,fi,voice_transcript
834.96 gpay Ajio,834.96,shopping,upi,gpay,jupiter,english_natural
spent 128 rupees on gas bill via Phonepe,128,utilities,upi,phonepe,icici,voice_transcript
today i spent 4842 on stationery via cash from my Axis bank,4842,education,cash,,axis,voice_transcript
POS/COURSERA/CASH/5424,10455.21,education,cash,,,english_natural
₹409 charged for upGrad on cash,409,education,cash,,kotak,english_natural
ghar jaate waqt Pooja se transfer kr diya 3554 rs. ka via GPay,3554,friends,upi,gpay,hdfc,hinglish_natural
1420 rupees crypto card,1420,investment,card,,,voice_transcript
mutual fund SIP stocks PPF FD investment Rs.7527 card,7527,investment,card,,,cue_row
aaj credit card EMI pe 1753 rupaye kharcha hua card se,1753,emi,card,,,voice_transcript
yaar Vikram 273 rupaye via Cred,273,friends,upi,cred,,hinglish_natural
9686 ka Bharat Petroleum bill pay kiya cash se kotak se kata,9686,travel,cash,,kotak,voice_transcript
Used idfc cash to pay ₹8002.32 for Rohan,8002.32,friends,cash,,idfc,english_natural
mutual fund payment t387.55 done via Paytm,387.55,investment,upi,paytm,,english_natural
Internet recharge INR 20639,20639,utilities,upi,cred,,source_english
abhi Myntra ka order kiyaa 1652 ₹ debit card se,1652,shopping,card,,,hinglish_natural
maine 223 rupaye HDFC loan ko diye card se,223,emi,card,,,voice_transcript
474 RedBus cash de diya,474,travel,cash,,,hinglish_natural
"FreshMenu BILL
St: Rs.38784
Paytm approved",38784,food,upi,paytm,hdfc,ocr_receipt
sent 2791 to Shreya on card,2791,friends,card,,sbi,friends_synthetic
8734 1mg UPI se de diya,8734,healthcare,upi,gpay,,hinglish_natural
kal Priya se paise bheje 132 rupaiye ka cash diye,132,friends,cash,,hdfc,hinglish_natural
grocery vegetables milk bread fruits Rs3230 paid GPay,3230,food,upi,gpay,,cue_row
13540 rupaiye Burger King haath se diyee,13540,food,cash,,pnb,hinglish_natural
IndiGo payment ₹45 done via debit card,45,travel,card,,canara,english_natural
TO:NPS nps.37741@kotakbank From:AMITSINGH (Kotak Cred : user5734@okkotakbank,4573,investment,upi,cred,kotak,ocr_upi
Zara ₹2881.79 PhonePe,2881.79,shopping,upi,phonepe,yes bank,ocr_upi
Rs.48766 paid to Yatra via Visa from sbi,48766,travel,card,,sbi,english_natural
paid 14641 to bro through GPay from ICICI Bank,14641,friends,upi,gpay,icici,voice_transcript
Amazon Prime se subscription renew kiya 2012 rs ka via PhonePe budget tod diya,2012,entertainment,upi,phonepe,,hinglish_natural
"ELECTRICITY BILL
Item 1 t144
Item 2 INR 214
Total ₹4757
CASH",4757,utilities,cash,,,ocr_receipt
sent ₹84 to Arjun on cash,84,friends,cash,,,friends_synthetic
Rs.3899.01 debited from your Indusind Bank account for concert (PhonePe UPI),3899.01,entertainment,upi,phonepe,indusind,ocr_upi
"Netflix BILL
St: t4890
Paytm approved",4890,entertainment,upi,paytm,sbi,ocr_receipt
328 CRED gold,328,investment,upi,cred,,english_natural
392 rupaiye Zara debit card se,22995,shopping,card,,,source_hinglish
"TAX INVOICE
gaming
Grand Total: INR 3960
Payment: CASH",3960,entertainment,cash,,,ocr_receipt
SpiceJet me 36438 rupaye ka cab lia haath se die SBI se kata,36438,travel,cash,,sbi,hinglish_natural
UPI/28683042/FOOD COURT/BANK,45850.12,food,card,,,english_natural
RedBus se kiraya de diya 4972 rupees ka cash me,4972,travel,cash,,,hinglish_natural
Uber se petrol bhar diya 2324 rupees ka haath se diyee HDFC card se,2324,travel,cash,,hdfc,hinglish_natural
"PVR BILL
St: Rs403
CARD approved",403,entertainment,card,,,ocr_receipt
"MEDPLUS
Item 1 Rs 139
Item 2 Rs.224
Total 4405.71
GPay",4405.71,healthcare,upi,gpay,union bank,ocr_receipt
water bill 365.14 cred Payment done Union Bank 8033,365.14,utilities,upi,cred,union bank,ocr_upi
Internet recharge INR 13072,13072,utilities,card,,hdfc,source_english
crypto gold bonds NPS portfolio 3159 PhonePe,3159,investment,upi,phonepe,idfc,cue_row
i paid 114 rupees for Bajaj Finance EMI using PayTM,114,emi,upi,paytm,,voice_transcript
BYJU'S se course lia 270 rs ka Phonepe se pay kiyaa icici se kata,270,education,upi,phonepe,icici,hinglish_natural
Lenskart se checkup karaya 288 rs ka credit card se bohot mehenga,288,healthcare,card,,,hinglish_natural
Just paid Rs.416.60 to Amazon Prime through PhonePe,416.60,entertainment,upi,phonepe,,english_natural
Neha Rs271.08 cash,271.08,friends,cash,,,english_natural
sent money to yaar Rs.314 on Paytm,314,friends,upi,paytm,,friends_synthetic
3544 debited from your State Bank account for Zerodha (jupiter UPI),3544,investment,upi,jupiter,sbi,ocr_upi
35077 rs medicine liya hospital ko cash diy,19941,healthcare,cash,,,source_hinglish
maine 1487 rupaye SBI loan ko diye card se,1487,emi,card,,,voice_transcript
Just paid 4172 to SpiceJet through cred,4172,travel,upi,cred,,english_natural
bhai market ka 316 rupaye Phonepe se de diya,316,shopping,upi,phonepe,icici,voice_transcript
insurance premium 4996,4996,utilities,upi,gpay,pnb,english_natural
i paid 4647 rupees for Ajio using Bhim,4647,shopping,upi,bhim,,voice_transcript
Paytm payment 288 Angel One HDFC 4691 done,288,investment,upi,paytm,hdfc,ocr_upi
netflix spotify hotstar subscription movie show 17836 card,17836,entertainment,card,,,cue_row
422 rupaiye Udemy card se pay kia bc,422,education,card,,icici,hinglish_natural
dentist payment 167 done via Google Pay,167,healthcare,upi,gpay,,english_natural
abhi 2144 ₹ KFC UPI se,2144,food,upi,phonepe,,hinglish_natural
paid 189 to Karan through PhonePe from Indusind Bank,189,friends,upi,phonepe,indusind,voice_transcript
paid back friend lent money INR 587 Phone Pe,587,friends,upi,phonepe,,cue_row
split bill 3000 GPay se Vikram ko diya,3000,friends,upi,gpay,,friends_synthetic
bike loan EMI pe 24751 rs. ka installment de diya UPI se pay kia slice se,24751,emi,upi,paytm,slice,hinglish_natural
crypto gold bonds NPS portfolio Rs.384 slice,384,investment,upi,slice,indusind,cue_row
metro se petrol bhra 86 rupay ka PhonePe se pay kiya hdfc se kata,86,travel,upi,phonepe,hdfc,hinglish_natural
split bill 80 phonepe se bro ko diya,80,friends,upi,phonepe,,friends_synthetic
4981 rs buy kya Croma ko paytm se pay kia,4981,shopping,upi,paytm,,hinglish_natural
subah FirstCry 24 Phonepe se pay kr diya,24,shopping,upi,phonepe,,hinglish_natural
raat ko Apollo Pharmacy 3076 rs card se HDFC Bank se,3076,healthcare,card,,hdfc,hinglish_natural
239 rupaye dost ko de diye Neha pe UPI se pay kya,239,friends,upi,bhim,,hinglish_natural
paid back friend lent money 47480 PayTM,47480,friends,upi,paytm,sbi,cue_row
TO:BOX8 box8.65439@icicibank From:AMITSINGH (icici Phonepe : sender1458@okicicibank,337,food,upi,phonepe,icici,ocr_upi
Spent ₹20608.59 on personal loan EMI using Phone Pe,20608.59,emi,upi,phonepe,slice,english_natural
paid Rahul 2062 via phonepe,2062,friends,upi,phonepe,,friends_synthetic
PharmEasy pe 1819 ka test karaya debit card se,1819,healthcare,card,,,hinglish_natural
today i spent 27 on insurance premium via card from my Punjab National Bank bank,27,utilities,card,,pnb,voice_transcript
lunch dinner food order swiggy zomato restaurant meal Rs 16741 cash,16741,food,cash,,,cue_row
Paid Rs.28 for Netflix via fi,28,entertainment,upi,fi,jupiter,english_natural
257 rupay bill pay kr diya broadband pe UPI se die kotak se,257,utilities,upi,cred,kotak,hinglish_natural
44369 ₹ test karaya 1mg ko Gpay pe idfc account se,44369,healthcare,upi,gpay,idfc,hinglish_natural
uber ola cab ride airport train ticket Rs.28720 cash,28720,travel,cash,,,cue_row
"D HOSPITAL 231.01 Completed 25Jan 2026,1:44 pm ICICI Bank 2968 UPI transaction ID 00537828687 TO:HOSPITAL hospital.92526@icicibank Soogletransaction lD CICAgJjg307108 OPI paytm",231.01,healthcare,upi,paytm,icici,ocr_upi
Spotify 1181.07 Slice,1181.07,entertainment,upi,slice,sbi,english_natural
home loan EMI se EMI bhar diya 2987 rupay ka debit card se ICICI Bank se kata,2987,emi,card,,icici,hinglish_natural
49967 charged for library on Mastercard,49967,education,card,,,english_natural
spent 201 rupees on Flipkart via cash,201,shopping,cash,,,voice_transcript
split bill 356 cash se roommate ko diya,356,friends,cash,,,friends_synthetic
dopahar ko Tata CLiQ se saman le liya 48174 ₹ ka card se pay kia,48174,shopping,card,,,hinglish_natural
SonyLIV me 355 rs. ka show dekha Jupiter se pay kiya,355,entertainment,upi,jupiter,,hinglish_natural
SCHOOL FEES INR 224 FEDERAL BANK,224,education,upi,phonepe,federal bank,english_natural
market se shopping kya 253 rupaiye ka debit card se,7113,shopping,card,,,source_hinglish
ATM/CASH/BANK/2684,2684,entertainment,card,,,english_natural
Paid Rs.18133.19 to Divya bhim UPI SBI 4557 Successful,18133.19,friends,upi,bhim,sbi,ocr_upi
office se aate hue 270 rupaye paisa daala crypto ko card se pay kya,270,investment,card,,slice,hinglish_natural
flatmate se split kar diya 189 rs. ka niyo pe IndusInd se kata,189,friends,upi,niyo,indusind,hinglish_natural
4165 rupaye dost naqad,4165,friends,cash,,,hinglish_natural
Paid ₹516 to gold slice UPI kotak 2282 Completed,516,investment,upi,slice,kotak,ocr_upi
Paid R 52 for concert via Phonepe,52,entertainment,upi,phonepe,,english_natural
SBI loan ₹105.56 PayTM,105.56,emi,upi,paytm,,english_natural
FreshMenu ?13348.39 gpay,13348.39,food,upi,gpay,,english_natural
21724 rs. Angel One UPI se,21724,investment,upi,bhim,slice,hinglish_natural
education loan EMI 316,316,emi,card,,,english_natural
"lab test
Net Amount 45312
Paid via CASH",45312,healthcare,cash,,,ocr_receipt
coaching exam preparation study material ₹3885 Phonepe,3885,education,upi,phonepe,,cue_row
tuition 3876 Phone Pe Successful Kotak Mahindra 4828,3876,education,upi,phonepe,kotak,ocr_upi
Paid Rs37566.35 to Zee5 gpay UPI kotak 8510 Completed,37566.35,entertainment,upi,gpay,kotak,ocr_upi
Just paid 4269.01 to auto through Cred,4269.01,travel,upi,cred,,english_natural
bhai flatmate ko udhar return kiya 488 rs slice se,488,friends,upi,slice,,friends_synthetic
"JIO RECHARGE
Item 1 INR 171
Item 2 Rs.175
Total 4542
Phone Pe",4542,utilities,upi,phonepe,,ocr_receipt
office se aate hue gas bill 92 rupaiye PayTM se pay kya hdfc wale account se,92,utilities,upi,paytm,hdfc,hinglish_natural
subah Apollo Pharmacy ka test karaya 135 ₹ cash die,135,healthcare,cash,,,hinglish_natural
"GAANA
Item 1 ₹64
Item 2 ₹467
Total ?225.84
CASH",225.84,entertainment,cash,,axis,ocr_receipt
IRCTC ₹47 Mastercard,47,travel,card,,,english_natural
jupiter payment Rs 298 YouTube Premium Kotak Mahindra 8138 successful,298,entertainment,upi,jupiter,kotak,ocr_upi
₹3575 paid to HP Petrol via Fi Money UPI from SBI Bank ending 9938,3575,travel,upi,fi,sbi,ocr_upi
market Rs.655 phonepe,655,shopping,upi,phonepe,axis,ocr_upi
yaar pe 497 rs ka split kia UPI se,497,friends,upi,paytm,,hinglish_natural
Myntra 4937,4937,shopping,card,,,english_natural
Paid Rs2718 to Practo Cred UPI Yes Bank 6152 Completed,2718,healthcare,upi,cred,yes bank,ocr_upi
Paid dentist ₹4641 using Phone Pe from Indusind Bank,4641,healthcare,upi,phonepe,indusind,english_natural
aaj 1mg pe 28078 rupaye kharcha hua phonepe se,28078,healthcare,upi,phonepe,,voice_transcript
food court ₹479 SLICE,479,food,upi,slice,,english_natural
bhai 70 rs Karan Gpay se pay kr diya zyada ho gaya,70,friends,upi,gpay,idfc,hinglish_natural
coaching exam preparation study material Rs 315 card,315,education,card,,,cue_row
maine 7956 rupaye BSNL ko diye cash se,7956,utilities,cash,,,voice_transcript
raat ko Rohan 31553 rs. UPI se die icici se yaar,31553,friends,upi,gpay,icici,hinglish_natural
Paid 2230 for ACT Fibernet via gpay,2230,utilities,upi,gpay,,english_natural
mutual fund SIP stocks PPF FD investment ₹4443 G Pay,4443,investment,upi,gpay,,cue_row
Rs3575.39 paid to petrol pump via debit card from HDFC Bank,3575.39,travel,card,,hdfc,english_natural
Paid college fees ₹3136 using cash,3136,education,cash,,,english_natural
Zee5 me 459 rs. ka game liya UPI se,5,entertainment,upi,phonepe,,hinglish_natural
water bill se payment kiya 4268 rupaiye ka Fi se,4268,utilities,upi,fi,,hinglish_natural
amazon flipkart myntra online shopping order t9939 card,9939,shopping,card,,,cue_row
355 ₹ yaar PayTM se pay kia,355,friends,upi,paytm,hdfc,hinglish_natural
home loan car loan credit card EMI monthly Rs.22 autopay card,22,emi,card,,icici,cue_row
2635 phonepe JioCinema,2635,entertainment,upi,phonepe,,english_natural
Rs.1399 to colleague Google Pay UPI,1399,friends,upi,gpay,,friends_synthetic
TO:AJIO ajio.84376@sbibank From:RAHULKUMAR (SBI SLICE : user8629@oksbibank,149,shopping,upi,slice,sbi,ocr_upi
stationery INR 3051.53 gpay,3051.53,education,upi,gpay,sbi,ocr_upi
gold 4992 rupay Google Pay pe,4992,investment,upi,gpay,,hinglish_natural
2879.01 to library via paytm SBI account,2879.01,education,upi,paytm,sbi,english_natural
subah 183 rupaye friend UPI se,183,friends,upi,phonepe,,hinglish_natural
rent maintenance gas connection Rs3734 bhim,3734,utilities,upi,bhim,,cue_row
"Haldirams BILL
St: Rs 41588.37
CASH APPROVED",41588.37,food,cash,,,ocr_receipt
18003 Bajaj Finance EMI,18003,emi,card,,,english_natural
mutual fund SIP stocks PPF FD investment t415 card,415,investment,card,,,cue_row
Paid ₹36521 for Lenskart via Fi Money,36521,shopping,upi,fi,,english_natural
"Coin 8747 Completed 5Sep 2025,5:02 am Punjab National Bank 9397 UPI transaction ID 101923702669191",8747,investment,upi,phonepe,pnb,ocr_upi
electricity water broadband mobile recharge bill ₹14279 card,14279,utilities,card,,axis,cue_row
Zara se buy kya 875 rupaye ka G Pay se pay kr diya,875,shopping,upi,gpay,,hinglish_natural
UPI/50922501/ACT FIBERNET/HDFC,719,utilities,upi,gpay,hdfc,english_natural
MedPlus 3160.59,3160.59,healthcare,cash,,,english_natural
R 332.13 charged for Ananya on Paytm,332.13,friends,upi,paytm,,english_natural
"HOSPITAL RESTAURANT
Total 4897.15
Cash Received
Change 0.00",4897.15,healthcare,cash,,,ocr_receipt
"stationery 16659 Completed 9Aug 2026,11:04 am HDFC Bank 9016 UPI transaction ID 72873576856",16659,education,upi,gpay,hdfc,ocr_upi
coaching ka 270 rupees ka bill card se pay kiya,270,education,card,,,voice_transcript
rent maintenance gas connection ₹3214 CRED,3214,utilities,upi,cred,,cue_row
paid back friend lent money Rs.3876 cred,3876,friends,upi,cred,,cue_row
NEFT/TRANSFER/RELIANCE DIGITAL/,450.14,shopping,cash,,,english_natural
24329 ₹ stock lya crypto pe debit card se,24329,investment,card,,,hinglish_natural
sent 3334 to friend on cred split bill UPI,3334,friends,upi,cred,icici,cue_row
SBI loan se EMI kat gayi 344 ka card se pay kya,344,emi,card,,,hinglish_natural
Just paid t1646.39 to Vedantu through NIYO,1646.39,education,upi,niyo,icici,english_natural
"D ANGELONE 3007 Completed 2Jan 2026,9:13 pm SBI Bank 5885 UPI transaction ID 2488764611 TO:ANGELONE angel one.40205@sbibank Soogletransaction lD CICAgJjg361679 OPI Cred",3007,investment,upi,cred,sbi,ocr_upi
Stock purchase INR 14496,14496,investment,card,,,source_english
1099 rupees khana kha liya dhaba ko Phonepe se,1099,food,upi,phonepe,,hinglish_natural
"Lenskart
Net Amount 2802
Paid via CARD",2802,shopping,card,,sbi,ocr_receipt
Uber se kiraya de diya 27110 rupees ka Jupiter se zyada ho gaya,27110,travel,upi,jupiter,,hinglish_natural
"exam fee 4696 Completed 24Oct 2026,6:53 pm HDFC Bank 5486 UPI transaction ID 6185168862",4696,education,upi,bhim,hdfc,ocr_upi
"Rohan 38924 Completed 15Nov 2025,3:58 pm SBI 1122 UPI transaction ID 8352780878571",38924,friends,upi,phonepe,sbi,ocr_upi
Paid INR 4770 for Bajaj Finance EMI from my PNB account via Mastercard,4770,emi,card,,pnb,english_natural
ATM/CASH/HDFC BANK/332,332,utilities,upi,cred,hdfc,english_natural
Restaurant bill INR 3891,3891,food,upi,cred,,source_english
insurance premium payment ₹405.08 done via Slice,405.08,utilities,upi,slice,,english_natural
bhai cafe ka 2843 rupaye card se de diya,2843,food,card,,jupiter,voice_transcript
i did 2309 expense on Apple Music using card,2309,entertainment,card,,axis,voice_transcript
breakfast snacks chai coffee t25715 Jupiter,25715,food,upi,jupiter,,cue_row
TO:BOOKS books.20574@indusindbankbank From:AMITSINGH (Indusind Bank Fi Money : sender3354@okindusindbankbank,2746.14,education,upi,fi,indusind,ocr_upi
abhi Hotstar me 2680 rupees ka subscription renew kya PhonePe pe,2680,entertainment,upi,phonepe,,hinglish_natural
Paid INR 65.38 to mobile recharge Gpay UPI IDFC 9416 Successful,65.38,utilities,upi,gpay,idfc,ocr_upi
maine 3761 rupaye Pooja ko diye BHIM se,3761,friends,upi,bhim,icici,voice_transcript
dentist 376 rs. debit card se,376,healthcare,card,,,hinglish_natural
car loan EMI 436 debit card,436,emi,card,,,english_natural
Paid ₹229.48 to upGrad Fi Money UPI HDFC 3246 Successful,229.48,education,upi,fi,hdfc,ocr_upi
1705 rupaye installment die Bajaj Finance EMI ko gpay pe HDFC Bank account se,1705,emi,upi,gpay,hdfc,hinglish_natural
ACT Fibernet 3196 rs UPI se hdfc wale account se,3196,utilities,upi,gpay,hdfc,hinglish_natural
INR 4371 debited from your HDFC account for Burger King (Google Pay UPI),4371,food,upi,gpay,hdfc,ocr_upi
mutual fund se paisa daala 4635 ₹ ka via PhonePe,4635,investment,upi,phonepe,,hinglish_natural
Arjun ka paise bheje 33423 Cred se pay kya ICICI card se,33423,friends,upi,cred,icici,hinglish_natural
bhai Jio recharge ka bill pay kiyaa 13715 rupay PhonePe se,29529,utilities,upi,phonepe,,source_hinglish
office se aate hue dentist 414 rs cash me,414,healthcare,cash,,,hinglish_natural
104 rs. fees bharaa Unacademy ko card se pay kiya,104,education,card,,,hinglish_natural
rent maintenance gas connection ₹4092 PayTM,4092,utilities,upi,paytm,,cue_row
dentist 2088 haath se de diye,2088,healthcare,cash,,,hinglish_natural
"BILL
gaming
Rs.4370.12
gpay
Thank You Visit Again",4370.12,entertainment,upi,gpay,,ocr_receipt
2431 rs. EMI bharra SBI loan pe credit card se,2431,emi,card,,,hinglish_natural
BHIM payment 4409 rent Axis Bank 9201 completed,4409,utilities,upi,bhim,axis,ocr_upi
182 ₹ shopping kiya Reliance Digital pe cash me sbi account se,182,shopping,cash,,sbi,hinglish_natural
HDFC loan ka installment diyee 4688 card se,49756,emi,card,,,source_hinglish
Paid ₹45961 for market via Mastercard,45961,shopping,card,,,english_natural
"Apple Music
Net Amount 4537.85
Paid via CARD",4537.85,entertainment,card,,,ocr_receipt
i did 4541 expense on Swiggy using Fi Money,4541,food,upi,fi,,voice_transcript
42078 rs. checkup karaya PharmEasy ko card se pay kya budget tod diya,42078,healthcare,card,,,hinglish_natural
"Receipt #8072
PharmEasy
Amount Paid: ₹3695.56
Mode: CARD",3695.56,healthcare,card,,,ocr_receipt
"gas bill 346 Completed 9Dec 2026,5:31 pm Axis 7292 UPI transaction ID 1082808102692",346,utilities,upi,bhim,axis,ocr_upi
"Nykaa BILL
St: Rs 9959
Google Pay APPROVED",9959,shopping,upi,gpay,,ocr_receipt
i paid 2088 rupees for Groww using card,2088,investment,card,,icici,voice_transcript
Paid ₹2872 for MedPlus from my HDFC account via GPay,2872,healthcare,upi,gpay,hdfc,english_natural
MakeMyTrip mein 5939 lag gaye Slice se bhara,5939,travel,upi,slice,,voice_transcript
Tata Play ₹4929.14 card,4929.14,utilities,card,,hdfc,english_natural
"Lenskart BILL
St: Rs.251.97
CARD APPROVED",251.97,shopping,card,,,ocr_receipt
Payment of INR 75 to bhai was successful via Phonepe UPI Ref No 9332356991071 State Bank Account 4766,75,friends,upi,phonepe,sbi,ocr_upi
i did 31478 expense on YouTube Premium using card,31478,entertainment,card,,,voice_transcript
DishTV 4806 rupees cash diye,4806,utilities,cash,,icici,hinglish_natural
sent 17341 to friend on Paytm split bill UPI,17341,friends,upi,paytm,,cue_row
Priya me 573 ₹ ka udhar return kar diya card se pay kiyaa,573,friends,card,,,hinglish_natural
stocks ka SIP bhra 41686 ₹ Gpay pe,41686,investment,upi,gpay,,hinglish_natural
294 rupees YouTube Premium card se bhai,13458,entertainment,card,,,source_hinglish
?356 charged for ACT Fibernet on cash,356,utilities,cash,,icici,english_natural
"BILL
concert
Rs.1737.33
CARD
Thank You Visit Again",1737.33,entertainment,card,,,ocr_receipt
923.70 Niyo Amit,923.70,friends,upi,niyo,,english_natural
Bought BigBasket for ?487.07 with Mastercard,487.07,food,card,,,english_natural
632 rupaiye Kuvera debit card se,632,investment,card,,,hinglish_natural
personal loan installment EMI deduction Rs.4208 Phonepe,4208,emi,upi,phonepe,,cue_row
Unacademy se fees bhra 9887 rupees ka UPI se,9887,education,upi,gpay,,hinglish_natural
SIP ka invest kr diya 118 rupaiye card se,16586,investment,card,,,source_hinglish
"clinic BILL
St: 155
Slice Approved",155,healthcare,upi,slice,,ocr_receipt
Just paid Rs.24793 to Vi recharge through GPay,24793,utilities,upi,gpay,,english_natural
Ola cab INR 49163,49163,travel,upi,phonepe,canara,source_english
office se aate hue gold 20130 rs card se,20130,investment,card,,,hinglish_natural
EaseMyTrip pe 37194 ₹ ka petrol bhra debit card se budget tod diya,37194,travel,card,,,hinglish_natural
breakfast snacks chai coffee R 300 card,300,food,card,,,cue_row
bhai 2223 rupaye paisa daala Kuvera pe PhonePe pe,2223,investment,upi,phonepe,,hinglish_natural
"TAX INVOICE
YouTube Premium
Grand Total: Rs1638
Payment: CRED",1638,entertainment,upi,cred,rbl,ocr_receipt
hospital doctor pharmacy medicine diagnostic Rs.3253 cash,3253,healthcare,cash,,,cue_row
400 rupees roommate credit card se,400,friends,card,,slice,hinglish_natural
slice payment Rs 49 MedPlus PNB 8311 done,49,healthcare,upi,slice,pnb,ocr_upi
maine 11585 rupaye lab test ko diye card se,11585,healthcare,card,,,voice_transcript
2594 rs movie dekhi concert pe UPI se,2594,entertainment,upi,phonepe,,hinglish_natural
Mutual fund SIP INR 40444,40444,investment,upi,gpay,,source_english
INOX ?100 SLICE,100,entertainment,upi,slice,,english_natural
sent money to yaar 224 on Cred,224,friends,upi,cred,,friends_synthetic
subah 23803 ₹ petrol bharaa HP Petrol ko card se pay kiya,23803,travel,card,,,hinglish_natural
Spent 497 on SonyLIV using Mastercard,497,entertainment,card,,,english_natural
Credit card EMI INR 13363,13363,emi,upi,slice,sbi,source_english
Paid Rs.103.47 for Vi recharge from my ICICI Bank account via PhonePe,103.47,utilities,upi,phonepe,icici,english_natural
bhai 2531.61 Phonepe,2531.61,friends,upi,phonepe,hdfc,english_natural
bhai Nykaa se shopping kiyaa 129 ₹ ka phonepe se,129,shopping,upi,phonepe,,hinglish_natural
aaj 5448 rupaiye Lenskart naqad,5448,healthcare,cash,,,hinglish_natural
Paid Rs1616 for upGrad via cash,1616,education,cash,,,english_natural
coaching exam preparation study material INR 7270 card,7270,education,card,,,cue_row
PPF ka 816 rupees ka bill card se pay kiya,816,investment,card,,,voice_transcript
maine 214 rupaye personal loan EMI ko diye card se,214,emi,card,,fi,voice_transcript
Rapido 12071 ₹ paytm se,12071,travel,upi,paytm,,hinglish_natural
bhai 3183 rupaye Divya cash me,3183,friends,cash,,,hinglish_natural
"D KUVERA 452 Completed 23Mar 2026,11:20 pm icici Bank 9272 UPI transaction ID 5920633706 TO:KUVERA kuvera.94910@icicibank Googletransaction lD CICAgJjg428557 OPI SLICE",452,investment,upi,slice,icici,ocr_upi
Paid Rs.40689 for Divya from my HDFC Bank account via cash,40689,friends,cash,,hdfc,english_natural
aaj 18353 rs INOX credit card se yaar,18353,entertainment,card,,,hinglish_natural
47 rs Zerodha credit card se,47,investment,card,,axis,hinglish_natural
NEFT/TRANSFER/BIKE LOAN EMI/,165,emi,card,,,english_natural
maine 13134 rupaye Udemy ko diye phonepe se,13134,education,upi,phonepe,,voice_transcript
aaj yaar pe 38124 rs ka transfer kya via PhonePe,38124,friends,upi,phonepe,,hinglish_natural
aaj bhai ka udhar return kr diya 449 rupees naqad NIYO card se,449,friends,cash,,niyo,hinglish_natural
dinner split 313 rupaye bhai Phonepe,313,friends,upi,phonepe,,friends_synthetic
3275 1mg jupiter se pay kya bohot mehenga,3275,healthcare,upi,jupiter,fi,hinglish_natural
Hospital bill INR 24208,24208,healthcare,upi,paytm,axis,source_english
Used State Bank Phone Pe to pay INR 3002 for library,3002,education,upi,phonepe,sbi,english_natural
4748 ka Uber bill pay kiya cash se NIYO se kata,4748,travel,cash,,niyo,voice_transcript
paid 43821 to Rohan through PayTM,43821,friends,upi,paytm,,voice_transcript
electronics clothes shoes accessories purchase ₹398 via cash,398,shopping,cash,,,cue_row
ATM/CASH/BANK/966.71,966.71,utilities,upi,slice,,english_natural
27712 rupaiye Ajio card se pay kiyaa,27712,shopping,card,,axis,hinglish_natural
Paid Swiggy ₹15366 using Mastercard,15366,food,card,,,english_natural
paid 1247 to insurance premium through CRED,1247,utilities,upi,cred,,voice_transcript
kal Airtel recharge 37760 rupaiye via Paytm,37760,utilities,upi,paytm,,hinglish_natural
Paytm Money 28506,28506,investment,card,,,english_natural
38477 Bharat Petroleum,38477,travel,cash,,,english_natural
₹4051 paid to Arjun via Paytm UPI from Axis Bank ending 1160,4051,friends,upi,paytm,axis,ocr_upi
spent 150 rupees on SBI loan via card,150,emi,card,,,voice_transcript
Spent ₹29809.39 on gaming using card,29809.39,entertainment,card,,,english_natural
Barbeque Nation se khana kha liya 15238 rupay ka card se,15238,food,card,,,hinglish_natural
hospital 4067 Phonepe pe,4067,healthcare,upi,phonepe,,hinglish_natural
sent money to Rohan Rs 2336 on cash,2336,friends,cash,,,friends_synthetic
bhai Lenskart se shopping kr diya 393 ka debit card se,393,shopping,card,,,hinglish_natural
Just paid Rs.30206 to Apple Music through Phone Pe,30206,entertainment,upi,phonepe,,english_natural
electronics store pe 10965 rs. ka khareed liyaa card se sbi se kata,10965,shopping,card,,sbi,hinglish_natural
Paid 73 to Neha phonepe UPI HDFC Bank 9174 Successful,73,friends,upi,phonepe,hdfc,ocr_upi
today i spent 4616 on FirstCry via card from my NIYO bank,4616,shopping,card,,niyo,voice_transcript
Flight ticket booking INR 48115,48115,travel,upi,jupiter,,source_english
845 ride lia Uber pe debit card se,845,travel,card,,jupiter,hinglish_natural
₹530.03 debited from your ICICI Bank account for H&M (G Pay UPI),530.03,shopping,upi,gpay,icici,ocr_upi
subah Rapido 900 rs. card se pay kia,900,travel,card,,,hinglish_natural
dopahar ko 1862 rupaiye Lenskart PhonePe se pay kia,1862,healthcare,upi,phonepe,sbi,hinglish_natural
"SPOTIFY
Item 1 186
Item 2 ₹104
Total INR 3906
CRED",3906,entertainment,upi,cred,bob,ocr_receipt
sent Rs 4523 to Shreya on Jupiter,4523,friends,upi,jupiter,,friends_synthetic
"Dunkin 2356 Completed 18Jul 2025,9:26 pm HDFC 1025 UPI transaction ID 99279242898185",2356,food,upi,gpay,hdfc,ocr_upi
i did 12430 expense on Faasos using card,12430,food,card,,,voice_transcript
Hotstar ka game lia 3860 UPI se diye,3860,entertainment,upi,paytm,slice,hinglish_natural
aaj tuition pe 3857 rupaye kharcha hua phonepe se,3857,education,upi,phonepe,,voice_transcript
books se admission kya 804 rs ka haath se de diya,804,education,cash,,,hinglish_natural
Pizza Hut me 41850 ₹ ka mangwaya haath se diyee NIYO se kata,41850,food,cash,,niyo,hinglish_natural
Just paid R 90 to BYJU'S through PayTM,90,education,upi,paytm,,english_natural
stocks 1074.02 CRED,1074.02,investment,upi,cred,icici,english_natural
personal loan installment EMI deduction t11346 card,11346,emi,card,,,cue_row
home loan car loan credit card EMI monthly Rs 394 autopay card,394,emi,card,,,cue_row
Personal loan installment INR 1161,1161,emi,card,,,source_english
raat ko 3984 rupaye NPS via gpay,3984,investment,upi,gpay,,hinglish_natural
paid 2916 to Spotify through GPay,2916,entertainment,upi,gpay,,voice_transcript
aaj dost pe 9473 rupaye kharcha hua PhonePe se,9473,friends,upi,phonepe,,voice_transcript
gaming concert event ticket ?445 card,445,entertainment,card,,,cue_row
Yatra ka ticket book kia 953 rupay card se pay kya,953,travel,card,,,hinglish_natural
mutual fund SIP stocks PPF FD investment Rs 21495 PhonePe,21495,investment,upi,phonepe,,cue_row
Just paid ₹4487 to PPF through card,4487,investment,card,,,english_natural
₹651 paid to Netflix via Jupiter UPI from SBI Bank ending 8827,651,entertainment,upi,jupiter,sbi,ocr_upi
SBI loan 3405 gpay Completed PNB 4859,3405,emi,upi,gpay,pnb,ocr_upi
maine 40254 rupaye Snapdeal ko diye card se,40254,shopping,card,,,voice_transcript
petrol diesel fuel ₹3596 at pump card,3596,travel,card,,,cue_row
Reliance Digital ka saman liya 2075 rs. UPI se diy,2075,shopping,upi,cred,,hinglish_natural
netflix spotify hotstar subscription movie show Rs.345 Cred,345,entertainment,upi,cred,,cue_row
POS/HDFC LOAN/CRED/4274,21511,emi,upi,cred,niyo,english_natural
bhai ₹17463 debited from Fi Money,17463,friends,upi,phonepe,fi,english_natural
IRCTC ₹2768 card,2768,travel,card,,,english_natural
i did 3894 expense on books using Phonepe,3894,education,upi,phonepe,icici,voice_transcript
Haldirams ka khana khayaa 4170 UPI se diy,4170,food,upi,gpay,,hinglish_natural
"Rapido 394 Completed 6May 2025,12:10 pm sbi 1616 UPI transaction ID 035425859580132",394,travel,upi,paytm,sbi,ocr_upi
Apollo Pharmacy ka medicine liyaa 3068 rs. cash diye matlab,3068,healthcare,cash,,,hinglish_natural
"BILL
Flipkart
4748
CARD
Thank You Visit Again",4748,shopping,card,,,ocr_receipt
Reliance Digital 34979 Slice,34979,shopping,card,,slice,english_natural
dinner split 391 rupaye bhai paytm,391,friends,upi,paytm,,friends_synthetic
dhaba 4869 rupay Gpay pe,4869,food,upi,gpay,,hinglish_natural
Rs 32636.28 paid to Bharat Petroleum via cred from axis,32636.28,travel,upi,cred,axis,english_natural
rent maintenance gas connection 4436 card,4436,utilities,card,,,cue_row
BookMyShow pe 120 rupay ka game lya UPI se,120,entertainment,upi,bhim,,hinglish_natural
abhi 41315 rupay game lia concert ko debit card se,41315,entertainment,card,,sbi,hinglish_natural
Pooja se split kar diya 103 rupay ka G Pay se pay kr diya,103,friends,upi,gpay,sbi,hinglish_natural
HDFC loan ka installment diye 25245 rupaye card se,25245,emi,card,,,hinglish_natural
29 rupees Divya Bhim,29,friends,upi,bhim,,voice_transcript
BYJU'S 28435 rupees card se pay kar diya Fi card se,28435,education,card,,fi,hinglish_natural
ghar jaate waqt diagnostic se medicine lia 562 rupees ka UPI se,47829,healthcare,upi,gpay,,source_hinglish
mall 1865.38,1865.38,shopping,upi,bhim,hdfc,english_natural
30372 rupaiye YouTube Premium card se,30372,entertainment,card,,icici,hinglish_natural
Paid Rs.2304.80 to Dunkin Phonepe UPI SBI 6514 Done,2304.80,food,upi,phonepe,sbi,ocr_upi
split bill 18186 Fi Money se Karan ko diya,18186,friends,upi,fi,,friends_synthetic
14166 rs. installment diye HDFC loan ko card se pay kya NIYO se kata,14166,emi,card,,niyo,hinglish_natural
office se aate hue Coin 2506 ₹ via GPay axis wale account se,42510,investment,upi,gpay,axis,source_hinglish
Slice payment INR 31558 Reliance Digital kotak 5415 successful,31558,shopping,upi,slice,kotak,ocr_upi
tuition payment ₹2707 done via cash,2707,education,cash,,,english_natural
roommate payment Rs4074.71 done via Phonepe,4074.71,friends,upi,phonepe,,english_natural
subah Netmeds 2226 rupees PhonePe se,2226,healthcare,upi,phonepe,,hinglish_natural
"BILL
eye checkup
4205
NIYO
Thank You Visit Again",4205,healthcare,upi,niyo,pnb,ocr_receipt
NPS 320 rs. credit card se,320,investment,card,,hdfc,hinglish_natural
i paid 119 rupees for Nykaa using card,119,shopping,card,,,voice_transcript
books se fees bhara 275 rupaye ka bhim se,275,education,upi,bhim,hdfc,hinglish_natural
Used Jupiter cash to pay t47643 for yaar,47643,friends,cash,,jupiter,english_natural
"BILL
Zomato
t286.34
NIYO
Thank You Visit Again",286.34,food,upi,niyo,yes bank,ocr_receipt
subah Swiggy se khana khayaa 4434 ka UPI se,4434,food,upi,gpay,,hinglish_natural
"FIRSTCRY
Item 1 252
Item 2 ₹181
Total ₹46144.51
CARD",46144.51,shopping,card,,,ocr_receipt
personal loan installment EMI deduction 41009 card,41009,emi,card,,idfc,cue_row
education loan EMI Rs.4491 credit card,4491,emi,card,,,english_natural
Paid Rs451.65 to 1mg Paytm UPI State Bank 1862 Successful,451.65,healthcare,upi,paytm,sbi,ocr_upi
breakfast snacks chai coffee ₹2119 cash,2119,food,cash,,pnb,cue_row
Divya ko 1295 transfer kiya SLICE se,1295,friends,upi,slice,,friends_synthetic
ET Money me 18452 rupees ka SIP bhara via CRED,18452,investment,upi,cred,,hinglish_natural
3011 rupaiye khana order kar diya JioMart ko haath se diyee jupiter wale account se,3011,food,cash,,jupiter,hinglish_natural
today i spent 343 on bro via gpay from my HDFC Bank bank,343,friends,upi,gpay,hdfc,voice_transcript
"lab test
Net Amount 21892.78
Paid via CASH",21892.78,healthcare,cash,,,ocr_receipt
13978 gold debit card se,13978,investment,card,,sbi,hinglish_natural
49 rupees dost G Pay,49,friends,upi,gpay,,voice_transcript
NEFT/TRANSFER/ROOMMATE/KOTAK,36476,friends,upi,jupiter,kotak,english_natural
coaching ka fees bhra 478 rs. card se,478,education,card,,,hinglish_natural
books mein 2911 lag gaye card se bhara,2911,education,card,,hdfc,voice_transcript
flatmate rent share 24240 cash Neha,24240,friends,cash,,,friends_synthetic
38852 Pizza Hut credit card se,38852,food,card,,,hinglish_natural
SonyLIV ka 274 rupees ka bill card se pay kiya,274,entertainment,card,,sbi,voice_transcript
flatmate rent share 2103 bhim colleague,2103,friends,upi,bhim,,friends_synthetic
Paid INR 395 to gaming Phonepe UPI HDFC Bank 2810 Completed,395,entertainment,upi,phonepe,hdfc,ocr_upi
abhi 29508 rs EMI kat gayi bike loan EMI pe credit card se Bandhan Bank account se,29508,emi,card,,bandhan,hinglish_natural
i did 3317 expense on DishTV using niyo,3317,utilities,upi,niyo,,voice_transcript
Tata Play ka recharge kya 1381 rupaiye GPay se,1381,utilities,upi,gpay,,hinglish_natural
4865.49 H&M,4865.49,shopping,card,,,english_natural
170 rupaye split kiyaa Shreya pe cash me,170,friends,cash,,,hinglish_natural
restaurant 334,334,food,upi,bhim,,english_natural
Paid 602.28 for Goibibo via G Pay,602.28,travel,upi,gpay,,english_natural
Spent Rs 2615 on Arjun using Visa,2615,friends,card,,,english_natural
Haldirams 2394,2394,food,upi,niyo,,english_natural
"Receipt #2435
Jio recharge
Amount Paid: Rs 75
Mode: phonepe",75,utilities,upi,phonepe,kotak,ocr_receipt
137 rs. buy kia Reliance Digital ko credit card se,137,shopping,card,,,hinglish_natural
Bought personal loan EMI for Rs.1354 with Phonepe,1354,emi,upi,phonepe,,english_natural
Vikram payment Rs.39464.01 done via credit card,39464.01,friends,card,,,english_natural
raat ko coaching ka tuition diy 210 rupaiye cash diyee,210,education,cash,,,hinglish_natural
concert pe 275 ₹ ka subscription renew kr diya card se,275,entertainment,card,,,hinglish_natural
sent Rs 114 to Vikram on paytm,114,friends,upi,paytm,,friends_synthetic
"Receipt #9311
Spotify
Amount Paid: ₹41447
Mode: Bhim",41447,entertainment,upi,bhim,,ocr_receipt
Vi recharge 4389 paytm se Fi Money card se,4389,utilities,upi,paytm,fi,hinglish_natural
SIP ka paisa daala 452 rupay via Phonepe,452,investment,upi,phonepe,,hinglish_natural
₹4874.99 paid to eye checkup via G Pay UPI from Kotak Mahindra Bank ending 5026,4874.99,healthcare,upi,gpay,kotak,ocr_upi
college fees Rs.2653 Mastercard,2653,education,card,,icici,english_natural
kal hospital se dawai liyaa 2114 rupaye ka Fi se,2114,healthcare,upi,fi,,hinglish_natural
electricity water broadband mobile recharge bill t21112 Paytm,21112,utilities,upi,paytm,axis,cue_row
abhi Vikram ka transfer kr diya 4427 rupaye cred se,4427,friends,upi,cred,,hinglish_natural
raat ko SBI loan se loan payment kiyaa 2211 rs. ka UPI se,2211,emi,upi,paytm,,hinglish_natural
23224 ka Flipkart bill pay kiya fi se,23224,shopping,upi,fi,,voice_transcript
crypto gold bonds NPS portfolio ?296 Fi Money,296,investment,upi,fi,,cue_row
"BILL
electronics store
INR 25154.49
CARD
Thank You Visit Again",25154.49,shopping,card,,,ocr_receipt
spent 263 rupees on Indian Oil via CRED,263,travel,upi,cred,slice,voice_transcript
dinner split 16404 rupaye friend Phonepe,16404,friends,upi,phonepe,,friends_synthetic
"MCDONALD'S
Item 1 Rs.276
Item 2 INR 299
Total R 497
CASH",497,food,cash,,,ocr_receipt
electronics clothes shoes accessories purchase ₹41924 via card,41924,shopping,card,,,cue_row
ATM/CASH/JUPITER/228,228,shopping,card,,jupiter,english_natural
UPI/70869939/MARKET/BANK,758,shopping,upi,fi,,english_natural
school college tuition course books fees 97 card,97,education,card,,,cue_row
1627 rupees rickshaw cash,1627,travel,cash,,,voice_transcript
kal Bajaj Finance EMI ka EMI kat gayi 431 rupaiye credit card se,19923,emi,card,,,source_hinglish
coaching exam preparation study material Rs 285 Phonepe,285,education,upi,phonepe,sbi,cue_row
Paid t4156 for doctor via credit card,4156,healthcare,card,,hdfc,english_natural
flight booking travel ticket 240 card,240,travel,card,,,cue_row
gaming concert event ticket ₹2693 CRED,2693,entertainment,upi,cred,,cue_row
books pe 2128 rs. ka books le liya card se,2128,education,card,,,hinglish_natural
"H&M BILL
St: ₹4616
CARD Approved",4616,shopping,card,,,ocr_receipt
aaj Netflix se game liyaa 7811 ₹ ka card se axis se kata,7811,entertainment,card,,axis,hinglish_natural
Paid Rs1119 for exam fee via credit card,1119,education,card,,,english_natural
EatFit ka 2167 rupees ka bill cash se pay kiya,2167,food,cash,,,voice_transcript
aaj IndiGo pe 34861 rupay ka ride liyaa card se Slice wale account se,34861,travel,card,,slice,hinglish_natural
₹49485 charged for MedPlus on Cred,49485,healthcare,upi,cred,,english_natural
coaching exam preparation study material INR 121 Phone Pe,121,education,upi,phonepe,,cue_row
bhai 21879 rs society maintenance UPI se diy,21879,utilities,upi,phonepe,,hinglish_natural
SBI loan 3236 cred,3236,emi,upi,cred,sbi,english_natural
Rs.25588 debited from your Canara Bank account for BookMyShow (GPay UPI),25588,entertainment,upi,gpay,canara,ocr_upi
breakfast snacks chai coffee 4184 card,4184,food,card,,,cue_row
103 to Karan card UPI,103,friends,card,,,friends_synthetic
electricity water broadband mobile recharge bill Rs 30181 gpay,30181,utilities,upi,gpay,,cue_row
HDFC loan Rs 48581 Cred,48581,emi,upi,cred,canara,ocr_upi
"Airtel recharge 38589 Completed 17Sep 2026,11:53 am State Bank 1914 UPI transaction ID 4207525636380",38589,utilities,upi,fi,sbi,ocr_upi
yaar Bewakoof 2335 rupaye cash me,2335,shopping,cash,,,hinglish_natural
electronics clothes shoes accessories purchase 467 via gpay,467,shopping,upi,gpay,hdfc,cue_row
tuition 331 rs via slice,331,education,upi,slice,,hinglish_natural
Ajio payment 33257.35 done via cred,33257.35,shopping,upi,cred,sbi,english_natural
ATM/CASH/BANK/10887.64,10887.64,friends,upi,paytm,,english_natural
Paid 48033 to credit card EMI Fi Money UPI ICICI 4547 Successful,48033,emi,upi,fi,icici,ocr_upi
flatmate rent share 388 gpay bhai,388,friends,upi,gpay,,friends_synthetic
hospital doctor pharmacy medicine diagnostic 4699 slice,4699,healthcare,upi,slice,sbi,cue_row
office se aate hue 40680 rupaye Amazon Prime card se pay kar diya,40680,entertainment,card,,slice,hinglish_natural
stationery me 12547 rupaiye ka books lya cash diye SBI card se,12547,education,cash,,sbi,hinglish_natural
paid 16181 to IndiGo through card from SBI,16181,travel,card,,sbi,voice_transcript
"Ajio
Net Amount 937
Paid via Jupiter",937,shopping,upi,jupiter,,ocr_receipt
dost Karan ko 483 rupaye SLICE se bheje,483,friends,upi,slice,,friends_synthetic
"Receipt #7423
Apollo Pharmacy
Amount Paid: INR 626
Mode: cred",626,healthcare,upi,cred,icici,ocr_receipt
Just paid 38593 to dentist through slice,38593,healthcare,upi,slice,,english_natural
broadband pe 21464 rupees ka bill pay kiyaa naqad bohot mehenga,21464,utilities,cash,,,hinglish_natural
abhi yaar se udhar return kiyaa 406 ka BHIM se pay kr diya HDFC account se,406,friends,upi,bhim,hdfc,hinglish_natural
personal loan installment EMI deduction Rs.24010 card,24010,emi,card,,idfc,cue_row
maine 158 rupaye INOX ko diye card se,158,entertainment,card,,,voice_transcript
Faasos se khana order kia 309 rupees ka cash me Niyo card se,309,food,cash,,niyo,hinglish_natural
Apollo Pharmacy se doctor ko diy 173 rs ka credit card se,173,healthcare,card,,,hinglish_natural
dopahar ko Priya ka dost ko die 2795 rupaiye UPI se,2795,friends,upi,jupiter,,hinglish_natural
electronics clothes shoes accessories purchase Rs22286 via card,22286,shopping,card,,,cue_row
i did 4096 expense on Tata Play using gpay,4096,utilities,upi,gpay,niyo,voice_transcript
hospital Rs.1395 card,1395,healthcare,card,,hdfc,english_natural
subah car loan EMI ka EMI kat gayi 1895 rupay credit card se,1895,emi,card,,fi,hinglish_natural
Lenskart me 36228 ka shopping kar diya UPI se die,36228,shopping,upi,phonepe,,hinglish_natural
TO:RICKSHAW rickshaw.83258@hdfcbankbank From:RAHULKUMAR (HDFC Bank BHIM : sender6637@okhdfcbankbank,38560.55,travel,upi,bhim,hdfc,ocr_upi
"BILL
Biryani Blues
₹30570
Niyo
Thank You Visit Again",30570,food,upi,niyo,sbi,ocr_receipt
sent money to Rahul ?24258 on jupiter,24258,friends,upi,jupiter,icici,friends_synthetic
4855 rupees MedPlus Gpay,4855,healthcare,upi,gpay,,voice_transcript
31658 rupees Ola Paytm,31658,travel,upi,paytm,,voice_transcript
Paid ₹493 to ACT Fibernet phonepe UPI hdfc 5580 Completed,493,utilities,upi,phonepe,hdfc,ocr_upi
34907 rupees Pizza Hut card,34907,food,card,,,voice_transcript
"Receipt #3164
dentist
Amount Paid: 2118
Mode: CARD",2118,healthcare,card,,,ocr_receipt
Paid Rohan ₹2556.94 using slice,2556.94,friends,upi,slice,,english_natural
2831 ₹ movie dekhi gaming pe PayTM pe State Bank se kata,2831,entertainment,upi,paytm,sbi,hinglish_natural
dopahar ko Pizza Hut ka food order kr diya 5928 rupees UPI se,5928,food,upi,jupiter,,hinglish_natural
316 rupay order kiya Bewakoof pe card se,316,shopping,card,,,hinglish_natural
Hotel booking INR 10845,10845,travel,cash,,sbi,source_english
electronics clothes shoes accessories purchase Rs43753 via cash,43753,shopping,cash,,,cue_row
concert se movie dekhi 264 rupaye ka Bhim se pay kiya,264,entertainment,upi,bhim,,hinglish_natural
4919 rupaiye Practo card se,4919,healthcare,card,,sbi,hinglish_natural
kal PPF ka invest kya 111 rupay via SLICE,111,investment,upi,slice,,hinglish_natural
aaj Bajaj Finance EMI pe 16205 rupaye kharcha hua paytm se,16205,emi,upi,paytm,hdfc,voice_transcript
medical checkup lab test health insurance Rs2111 Google Pay,2111,healthcare,upi,gpay,,cue_row
dost Rahul ko 3150 rupaye PhonePe se bheje,3150,friends,upi,phonepe,,friends_synthetic
PharmEasy ₹42542 GPay,42542,healthcare,upi,gpay,icici,ocr_upi
Divya ko 3795 transfer kiya Gpay se,3795,friends,upi,gpay,,friends_synthetic
Hotstar ka 42251 rupees ka bill card se pay kiya,42251,entertainment,card,,pnb,voice_transcript
232 rs bill pay kar diya BSNL pe GPay se pay kiya yaar,15823,utilities,upi,gpay,,source_hinglish
SBI loan 2659,2659,emi,card,,,english_natural
Bought Vikram for 3313 with GPay,3313,friends,upi,gpay,niyo,english_natural
i paid 4159 rupees for cafe using CRED,4159,food,upi,cred,,voice_transcript
paid 458 to Angel One through Phonepe from SLICE,458,investment,upi,phonepe,slice,voice_transcript
"ACT FIBERNET RESTAURANT
Total 462
Cash Received
Change 0.00",462,utilities,card,,,ocr_receipt
"PHARMEASY RESTAURANT
Total 3990
Cash Received
Change 0.00",3990,healthcare,card,,,ocr_receipt
"BILL
PVR
₹4640
CASH
Thank You Visit Again",4640,entertainment,cash,,,ocr_receipt
spent 7773 rupees on yaar via Google Pay,7773,friends,upi,gpay,,voice_transcript
4262 rupaye invest kiya ET Money pe CRED se pay kia,4262,investment,upi,cred,,hinglish_natural
DMart ka kha liya 742 UPI se de diya Fi Money se,742,food,upi,cred,fi,hinglish_natural
Crypto investment INR 32700,32700,investment,upi,gpay,axis,source_english
dost roommate ko 13860 rupaye Google Pay se bheje,13860,friends,upi,gpay,,friends_synthetic
spent 4213 rupees on EatFit via Google Pay,4213,food,upi,gpay,fi,voice_transcript
"LENSKART
Item 1 Rs.184
Item 2 Rs.54
Total t366
CARD",366,shopping,card,,hdfc,ocr_receipt
Paid t3907 for concert from my jupiter account via cash,3907,entertainment,cash,,jupiter,english_natural
3232 Coin,3232,investment,upi,slice,,english_natural
Airtel recharge 239 rs UPI se de diya State Bank se kata,239,utilities,upi,phonepe,sbi,hinglish_natural
Paid Rs.261 for education loan EMI from my Jupiter account via G Pay,261,emi,upi,gpay,jupiter,english_natural
"ACT FIBERNET RESTAURANT
Total 41051
Cash Received
Change 0.00",41051,utilities,card,,,ocr_receipt
diagnostic 2956 rs haath se de diye,2956,healthcare,cash,,,hinglish_natural
uber ola cab ride airport train ticket ₹49904 card,49904,travel,card,,,cue_row
dost Rs.19759 GPay,19759,friends,upi,gpay,kotak,ocr_upi
abhi 9964 rupaye IRCTC credit card se,9964,travel,card,,hdfc,hinglish_natural
i did 228 expense on EatFit using Gpay,228,food,upi,gpay,,voice_transcript
HDFC loan 4827 gpay Successful sbi 4949,4827,emi,upi,gpay,sbi,ocr_upi
Paid Groww t150 using Visa,150,investment,card,,,english_natural
Paytm Money 29827 rs. credit card se Bandhan Bank card se,29827,investment,card,,bandhan,hinglish_natural
Zee5 4489 credit card,4489,entertainment,card,,kotak,english_natural
home loan car loan credit card EMI monthly Rs 35029 autopay phonepe,35029,emi,upi,phonepe,,cue_row
HDFC loan ka EMI bharaa 429 credit card se State Bank se kata,429,emi,card,,sbi,hinglish_natural
Payment of Rs18170.00 to NPS was successful via GPay UPI Ref No 07661706166 Axis Account 2419,18170.00,investment,upi,gpay,axis,ocr_upi
413 rs. cab liya Rapido pe cash diy,413,travel,cash,,,hinglish_natural
medical checkup lab test health insurance R 1888 card,1888,healthcare,card,,,cue_row
IRCTC 93 Paytm,93,travel,upi,paytm,fi,english_natural
408 cab le liya HP Petrol ko card se,408,travel,card,,,hinglish_natural
MakeMyTrip ka petrol bhar diya 19630 rs. card se bhai,19630,travel,card,,,hinglish_natural
4452 rupaye market card se pay kiya,4452,shopping,card,,,hinglish_natural
4036 rs khana order kar diya Chai Point pe haath se de diya,4036,food,cash,,,hinglish_natural
Paid ₹12074.10 for Reliance Digital via Paytm,12074.10,shopping,upi,paytm,,english_natural
Spent Rs.341.52 on flatmate using debit card,341.52,friends,card,,,english_natural
sent Rs2218 to Rohan on Paytm,2218,friends,upi,paytm,,friends_synthetic
bhai 4823 rupaiye DishTV UPI se pay kr diya,4823,utilities,upi,gpay,,hinglish_natural
Rs.45985 paid to dentist via GPay UPI from State Bank Bank ending 4733,45985,healthcare,upi,gpay,sbi,ocr_upi
Bought diagnostic for Rs.265.20 with cash,265.20,healthcare,cash,,axis,english_natural
158 PharmEasy,158,healthcare,cash,,,english_natural
28.38 paid to car loan EMI via credit card from idfc,28.38,emi,card,,idfc,english_natural
340 rs books lia Unacademy pe cash die,340,education,cash,,,hinglish_natural
"D FRESHMENU 1996 Completed 12Jan 2026,10:11 pm Bank of Baroda Bank 9437 UPI transaction ID 6965693259 TO:FRESHMENU freshmenu.64366@bank of barodabank Soogletransaction lD XYZabc223683 OPI paytm",1996,food,upi,paytm,bob,ocr_upi
BYJU'S ka 81 rupees ka bill card se pay kiya,81,education,card,,kotak,voice_transcript
netflix spotify hotstar subscription movie show ?1769 GPay,1769,entertainment,upi,gpay,,cue_row
"D RAHUL 1323 Completed 17Feb 2026,8:49 pm kotak Bank 7270 UPI transaction ID 8650213608 TO:RAHUL rahul.15392@kotakbank Googletransaction lD CICAgJjg317427 OPI Gpay",1323,friends,upi,gpay,kotak,ocr_upi
aaj gold 2393 rs via PayTM,2393,investment,upi,paytm,,hinglish_natural
dopahar ko Netmeds se dawai liyaa 60 rupay ka UPI se de diye,60,healthcare,upi,paytm,hdfc,hinglish_natural
Just paid ₹2848 to Angel One through card,2848,investment,card,,hdfc,english_natural
flatmate rent share 4817 gpay Vikram,4817,friends,upi,gpay,,friends_synthetic
"Receipt #9460
Gaana
Amount Paid: 19913
Mode: PhonePe",19913,entertainment,upi,phonepe,sbi,ocr_receipt
SBI loan se EMI kat gayi 151 rupees ka debit card se,151,emi,card,,,hinglish_natural
SBI loan 4637.29 Phonepe,4637.29,emi,upi,phonepe,niyo,english_natural
UPI/37023525/LAB TEST/SBI,2183,healthcare,upi,niyo,sbi,english_natural
133 rupees bike loan EMI card,133,emi,card,,,voice_transcript
mobile recharge Rs.4749.77 Google Pay,4749.77,utilities,upi,gpay,kotak,ocr_upi
37370 rs. food order kar diya BigBasket ko Phone Pe pe,37370,food,upi,phonepe,sbi,hinglish_natural
Barbeque Nation pe 3783 ₹ ka food order kiya UPI se de diya,25015,food,upi,phonepe,,source_hinglish
Hotstar 174 gpay,174,entertainment,upi,gpay,,english_natural
gold payment t38575.12 done via debit card,38575.12,investment,card,,,english_natural
colleague ko 3450 transfer kiya paytm se,3450,friends,upi,paytm,,friends_synthetic
kal 391 rupay EMI bhara personal loan EMI ko credit card se,391,emi,card,,,hinglish_natural
Paid mall Rs 4414 using G Pay,4414,shopping,upi,gpay,,english_natural
497 PPF,497,investment,upi,gpay,sbi,english_natural
MedPlus Rs.4995.98 Phonepe,4995.98,healthcare,upi,phonepe,sbi,ocr_upi
Lenskart payment Rs.33378.46 done via PhonePe,33378.46,healthcare,upi,phonepe,,english_natural
"D DHABA 2756.78 Completed 26Feb 2026,2:15 pm HDFC Bank Bank 5518 UPI transaction ID 497599353849 TO:DHABA dhaba.65032@hdfc bankbank Soogletransaction lD CICAgJjg555922 OPI paytm",2756.78,food,upi,paytm,hdfc,ocr_upi
26311 rupaiye Dominos BHIM se,46783,food,upi,bhim,,source_hinglish
yaar 443 ₹ debit card se,443,friends,card,,,hinglish_natural
society maintenance pe 4676 ka recharge kya debit card se,4676,utilities,card,,,hinglish_natural
4007.22 Behrouz,4007.22,food,upi,jupiter,,english_natural
Vikram ka 3788 rupees ka bill CRED se pay kiya,3788,friends,upi,cred,sbi,voice_transcript
Ajio se buy kiya 331 rs. ka card se pay kia,331,shopping,card,,sbi,hinglish_natural
₹20140 paid to eye checkup via card from Axis,20140,healthcare,card,,axis,english_natural
39805 rupees HDFC loan Phonepe,39805,emi,upi,phonepe,,voice_transcript
Zara Rs.19331 PayTM,19331,shopping,upi,paytm,,english_natural
dentist 250 via Phone Pe sasta tha,250,healthcare,upi,phonepe,,hinglish_natural
Zerodha payment ₹334.87 done via Gpay,334.87,investment,upi,gpay,,english_natural
TO:TUITION tuition.84216@sbibank From:RAHULKUMAR (SBI Gpay : user3669@oksbibank,199,education,upi,gpay,sbi,ocr_upi
"BILL
Tata Play
Rs 478
slice
Thank You Visit Again",478,utilities,upi,slice,hdfc,ocr_receipt
subah rent ka bill pay kya 1376 rupees gpay se,1376,utilities,upi,gpay,icici,hinglish_natural
GPay payment t3648 Rapido Union Bank 8201 completed,3648,travel,upi,gpay,union bank,ocr_upi
Just paid 39616 to ET Money through Mastercard,39616,investment,card,,,english_natural
mutual fund SIP stocks PPF FD investment Rs.29089 card,29089,investment,card,,,cue_row
"BILL
Reliance Fresh
₹7669.57
CRED
Thank You Visit Again",7669.57,food,upi,cred,,ocr_receipt
Angel One Rs 18122 PhonePe,18122,investment,upi,phonepe,hdfc,ocr_upi
i paid 276 rupees for gas bill using phonepe,276,utilities,upi,phonepe,,voice_transcript
"SonyLIV BILL
St: 10358.69
Phone Pe approved",10358.69,entertainment,upi,phonepe,,ocr_receipt
subah Paytm Money se stock lia 1118 rs. ka debit card se,1118,investment,card,,,hinglish_natural
56 rupaye Dunkin UPI se,56,food,upi,phonepe,,hinglish_natural
"Netflix
Net Amount 459
Paid via Phonepe",459,entertainment,upi,phonepe,,ocr_receipt
Payment of INR 413 to DMart was successful via phonepe UPI Ref No 82382664621 HDFC Account 7675,413,food,upi,phonepe,hdfc,ocr_upi
Used Jupiter Bhim to pay ₹1982.30 for education loan EMI,1982.30,emi,upi,bhim,jupiter,english_natural
67 rupaye ticket lya Apple Music ko card se pay kar diya,67,entertainment,card,,,hinglish_natural
paid 78 to rickshaw through card,78,travel,card,,,voice_transcript
Bought stationery for ₹1119 with phonepe,1119,education,upi,phonepe,hdfc,english_natural
Rs 3688.42 to PharmEasy via Mastercard IDFC First account,3688.42,healthcare,card,,idfc,english_natural
i paid 392 rupees for food court using Paytm,392,food,upi,paytm,,voice_transcript
Paid ₹2837 to McDonald's jupiter UPI HDFC Bank 5938 Completed,2837,food,upi,jupiter,hdfc,ocr_upi
460 crypto,460,investment,upi,cred,,english_natural
3557 rupay saman le liya Croma ko debit card se,3557,shopping,card,,,hinglish_natural
books 1780,1780,education,upi,phonepe,,english_natural
SIP 28889.11 PhonePe,28889.11,investment,upi,phonepe,,english_natural
NEFT/TRANSFER/HDFC LOAN/,18763,emi,card,,,english_natural
today i spent 33996 on RedBus via card from my ICICI bank,33996,travel,card,,icici,voice_transcript
dopahar ko INOX ka ticket lia 4166 rs Phonepe pe sasta tha,4166,entertainment,upi,phonepe,,hinglish_natural
i did 31130 expense on Meesho using PayTM,31130,shopping,upi,paytm,,voice_transcript
Rs 843.60 paid to Gaana via Gpay UPI from SBI Bank ending 1997,843.60,entertainment,upi,gpay,sbi,ocr_upi
UPI/21484512/RELIANCE DIGITAL/HDFC BANK,4254,shopping,upi,phonepe,hdfc,english_natural
i paid 412 rupees for BookMyShow using card,412,entertainment,card,,,voice_transcript
Airtel recharge se bill bhar diya 346 rupaye ka Bhim pe bc,346,utilities,upi,bhim,,hinglish_natural
Gaana 1203 rs. Phonepe pe bhai,1203,entertainment,upi,phonepe,,hinglish_natural
education loan EMI 42696 Phone Pe,42696,emi,upi,phonepe,hdfc,ocr_upi
paid flatmate INR 2885 via cash,2885,friends,cash,,,friends_synthetic
uber ola cab ride airport train ticket ₹31759 G Pay,31759,travel,upi,gpay,,cue_row
paid back friend lent money ₹22 Slice,22,friends,upi,slice,sbi,cue_row
Restaurant bill INR 36124,36124,food,upi,phonepe,,source_english
maine 744 rupaye doctor ko diye bhim se,744,healthcare,upi,bhim,icici,voice_transcript
"BILL
broadband
9192
CARD
Thank You Visit Again",9192,utilities,card,,,ocr_receipt
bhai 3188 rupaye Tata CLiQ debit card se,3188,shopping,card,,,hinglish_natural
i did 382 expense on library using card,382,education,card,,,voice_transcript
bhai Vikram ko udhar return kiya 4387 rs Cred se,4387,friends,upi,cred,,friends_synthetic
bhai Ajio ka 1853 rupaye Paytm se de diya,1853,shopping,upi,paytm,,voice_transcript
Lenskart ka khareed lya 1878 rupees slice pe bohot mehenga,1878,shopping,upi,slice,,hinglish_natural
13008 rs. SIP G Pay pe,13008,investment,upi,gpay,,hinglish_natural
spent 19017 rupees on canteen via cash,19017,food,cash,,,voice_transcript
subah 4928 rupaye Nykaa card se pay kr diya,4928,shopping,card,,axis,hinglish_natural
Pizza Hut 34540 Fi Money,34540,food,card,,fi,english_natural
lab test pe 250 rupay ka checkup karaya UPI se pay kiya,250,healthcare,upi,paytm,,hinglish_natural
3755 rupaye electricity bill UPI se die,3755,utilities,upi,gpay,hdfc,hinglish_natural
Paid 195 to Swiggy jupiter UPI HDFC 2481 Done,195,food,upi,jupiter,hdfc,ocr_upi
Rs14254 to Apple Music via PayTM,14254,entertainment,upi,paytm,,english_natural
Spotify 457,457,entertainment,upi,gpay,,english_natural
49381 rupees electricity bill Phone Pe se pay kia,49381,utilities,upi,phonepe,,hinglish_natural
paid 47345 to eye checkup through Slice from HDFC,47345,healthcare,upi,slice,hdfc,voice_transcript
UPI/85954553/COLLEAGUE/BOB,179,friends,upi,cred,bob,english_natural
yaar SBI loan ka EMI kat gayi 294 rupaiye UPI se de diya IDFC se sasta tha,294,emi,upi,paytm,idfc,hinglish_natural
sent Rs2449 to Karan on Phone Pe,2449,friends,upi,phonepe,,friends_synthetic
sent money to Amit Rs2005 on cash,2005,friends,cash,,axis,friends_synthetic
44512 rupaye kiraya de diya EaseMyTrip ko phonepe se,44512,travel,upi,phonepe,,hinglish_natural
583 ka Dunkin bill pay kiya CRED se,583,food,upi,cred,,voice_transcript
dinner split 3800 rupaye colleague cred,3800,friends,upi,cred,,friends_synthetic
office se aate hue IRCTC ka petrol bhra 46065 rupay credit card se,46065,travel,card,,,hinglish_natural
crypto gold bonds NPS portfolio 723 Fi,723,investment,upi,fi,,cue_row
i did 156 expense on roommate using cash,156,friends,cash,,,voice_transcript
hospital 80.90 G Pay Payment done SBI 3514,80.90,healthcare,upi,gpay,sbi,ocr_upi
dopahar ko yaar me 929 rs ka split kiya UPI se diy ICICI Bank wale account se,929,friends,upi,phonepe,icici,hinglish_natural
Bought PVR for 1091.02 with Mastercard,1091.02,entertainment,card,,,english_natural
TO:UDEMY udemy.44507@canarabankbank From:PRIYASHARMA (Canara Bank phonepe : user1925@okcanarabankbank,18960,education,upi,phonepe,canara,ocr_upi
1MG INR 450.89,450.89,healthcare,cash,,,english_natural
spent 3191 rupees on Zomato via Fi Money,3191,food,upi,fi,,voice_transcript
Cleartrip 344.17,344.17,travel,cash,,,english_natural
Apple Music me 384 rs. ka subscription renew kiya UPI se de diya,384,entertainment,upi,phonepe,,hinglish_natural
Rs 361.68 debited from your PNB account for hospital (Google Pay UPI),361.68,healthcare,upi,gpay,pnb,ocr_upi
society maintenance ka bill bhar diya 4704 rupay via phonepe,4704,utilities,upi,phonepe,,hinglish_natural
college fees 374 rs UPI se die Yes Bank wale account se,374,education,upi,cred,yes bank,hinglish_natural
Phonepe payment Rs 313 Amazon Prime icici 7347 completed,313,entertainment,upi,phonepe,icici,ocr_upi
subah Flipkart me 4559 rupay ka order kar diya naqad hdfc se kata,33697,shopping,cash,,hdfc,source_hinglish
concert se subscription renew kr diya 311 ₹ ka Phone Pe se,311,entertainment,upi,phonepe,,hinglish_natural
rent maintenance gas connection Rs.402 Phone Pe,402,utilities,upi,phonepe,hdfc,cue_row
kal personal loan EMI me 1582 ₹ ka installment diy card se pay kiya,1582,emi,card,,,hinglish_natural
36517 Cred concert,36517,entertainment,upi,cred,pnb,english_natural
Amazon purchase INR 19936,19936,shopping,upi,slice,,source_english
bhai DishTV me 19310 ka bill bhra UPI se pay kia,19310,utilities,upi,slice,idfc,hinglish_natural
17180 rs split kya yaar ko debit card se bhai,17180,friends,card,,,hinglish_natural
i did 2844 expense on dost using Jupiter,2844,friends,upi,jupiter,,voice_transcript
KFC 2893 phonepe Completed Indusind Bank 6343,2893,food,upi,phonepe,indusind,ocr_upi
Bought Lenskart for 3648 with cash,3648,healthcare,cash,,union bank,english_natural
₹226 debited from your hdfc account for yaar (Phone Pe UPI),226,friends,upi,phonepe,hdfc,ocr_upi
tuition ka 3954 rupees ka bill card se pay kiya,3954,education,card,,niyo,voice_transcript
paid Ananya 793 via GPay,793,friends,upi,gpay,,friends_synthetic
FirstCry ka khareed liyaa 47750 rs. paytm se pay kr diya,47750,shopping,upi,paytm,icici,hinglish_natural
Spent ₹2385.07 on Arjun using Visa,2385.07,friends,card,,,english_natural
electricity bill 414 rs. card se pay kr diya,414,utilities,card,,axis,hinglish_natural
aaj 4328 ₹ bike loan EMI UPI se sasta tha,4328,emi,upi,phonepe,,hinglish_natural
lunch dinner food order swiggy zomato restaurant meal Rs.104 card,104,food,card,,bob,cue_row
ATM/CASH/JUPITER/29477,29477,investment,upi,phonepe,jupiter,english_natural
Paid t864.64 for home loan EMI via card,864.64,emi,card,,,english_natural
192 rs Swiggy haath se die,192,food,cash,,jupiter,hinglish_natural
Just paid t46075 to Ajio through debit card,46075,shopping,card,,,english_natural
Paid Rs.2241 to hospital CRED UPI Axis Bank 3549 Completed,2241,healthcare,upi,cred,axis,ocr_upi
mobile recharge ka 447 rupees ka bill card se pay kiya,447,utilities,card,,,voice_transcript
coaching exam preparation study material ₹9414 cash,9414,education,cash,,,cue_row
"education loan EMI 444.93 Completed 28Dec 2025,7:52 pm IndusInd 9603 UPI transaction ID 822490934274978",444.93,emi,upi,paytm,indusind,ocr_upi
Paid INR 1063 for Indian Oil from my hdfc account via cash,1063,travel,cash,,hdfc,english_natural
49749 rupaiye bill pay kiyaa Vi recharge pe cash me,49749,utilities,cash,,,hinglish_natural
26213 rupay society maintenance UPI se,26213,utilities,upi,gpay,,hinglish_natural
Rs456.48 paid to Angel One via Paytm from slice,456.48,investment,upi,paytm,slice,english_natural
"JIOCINEMA
Item 1 Rs.371
Item 2 165
Total ₹4349
CARD",4349,entertainment,card,,,ocr_receipt
UPI/35346294/SBI LOAN/BANK,3038,emi,card,,,english_natural
Paid BYJU'S Rs 23024 using cred,23024,education,upi,cred,,english_natural
mobile recharge 306,306,utilities,upi,paytm,,english_natural
Barbeque Nation pe 139 rs. ka food order kiyaa cash diyee,139,food,cash,,,hinglish_natural
"TAX INVOICE
insurance premium
Grand Total: Rs.399
Payment: bhim",399,utilities,upi,bhim,,ocr_receipt
"NPS 4880 Completed 21Apr 2025,6:58 am HDFC Bank 6422 UPI transaction ID 114207651335",4880,investment,upi,gpay,hdfc,ocr_upi
i did 2057 expense on car loan EMI using card,2057,emi,card,,,voice_transcript
Rs33905 paid to Amit via Bhim UPI from SBI Bank ending 4472,33905,friends,upi,bhim,sbi,ocr_upi
"TAX INVOICE
1mg
Grand Total: ₹4526
Payment: Google Pay",4526,healthcare,upi,gpay,,ocr_receipt
Hotstar 25 rs. via Google Pay,25,entertainment,upi,gpay,,hinglish_natural
netflix spotify hotstar subscription movie show Rs.166 cash,166,entertainment,cash,,,cue_row
RedBus ka 48681 rupees ka bill card se pay kiya,48681,travel,card,,,voice_transcript
flatmate rent share 2543 Bhim Shreya,2543,friends,upi,bhim,,friends_synthetic
450 rs. ride liyaa petrol pump pe cash die,450,travel,cash,,,hinglish_natural
Fi Money payment ₹4066.31 Subway axis 1311 done,4066.31,food,upi,fi,axis,ocr_upi
₹81 to BYJU'S via jupiter sbi account,81,education,upi,jupiter,sbi,english_natural
13445 rupaye Gaana haath se diy,13445,entertainment,cash,,hdfc,hinglish_natural
water bill se bill pay kiya 39560 rs. ka Niyo pe axis se kata,39560,utilities,upi,niyo,axis,hinglish_natural
petrol diesel fuel ₹181 at pump gpay,181,travel,upi,gpay,,cue_row
Chai Point se mangwaya 1718 ₹ ka UPI se pay kiya,1718,food,upi,gpay,sbi,hinglish_natural
Google Pay payment 187 JioCinema hdfc 4835 completed,187,entertainment,upi,gpay,hdfc,ocr_upi
petrol diesel fuel Rs2088 at pump card,2088,travel,card,,,cue_row
dopahar ko Dominos se food order kya 4531 ₹ ka credit card se,4531,food,card,,,hinglish_natural
dhaba 19052 rs haath se diye jupiter se kata,19052,food,cash,,jupiter,hinglish_natural
paid 32423 to eye checkup through Paytm,32423,healthcare,upi,paytm,,voice_transcript
Rs 13493.53 debited from your ICICI Bank account for market (jupiter UPI),13493.53,shopping,upi,jupiter,icici,ocr_upi
crypto gold bonds NPS portfolio INR 4785 card,4785,investment,card,,,cue_row
flatmate rent share 217 G Pay Shreya,217,friends,upi,gpay,,friends_synthetic
1641 rupees eye checkup Gpay Fi account,1641,healthcare,upi,gpay,fi,voice_transcript
FD 3028 rupaiye card se,3028,investment,card,,,hinglish_natural
spent 40048 rupees on Nature's Basket via phonepe,40048,food,upi,phonepe,,voice_transcript
tuition 221 jupiter,221,education,upi,jupiter,,english_natural
Reliance Digital se khareed liya 92 rupees ka card se,38929,shopping,card,,bob,source_hinglish
Paid ₹1151 for auto via cash,1151,travel,cash,,,english_natural
office se aate hue 738 rupaye SIP bhara Angel One ko UPI se pay kar diya,738,investment,upi,slice,,hinglish_natural
41566.28 Google Pay gas bill,41566.28,utilities,upi,gpay,,english_natural
"TAX INVOICE
Bewakoof
Grand Total: Rs1218
Payment: CARD",1218,shopping,card,,,ocr_receipt
Paid gold Rs 31503.68 using credit card,31503.68,investment,card,,,english_natural
4409.86 Gpay HP Petrol,4409.86,travel,upi,gpay,hdfc,english_natural
TO:HOTSTAR hotstar.74490@kotakbank From:PRIYASHARMA (kotak SLICE : sender2734@okkotakbank,5728,entertainment,upi,slice,kotak,ocr_upi
coaching 3969 PhonePe Payment done Punjab National Bank 1513,3969,education,upi,phonepe,pnb,ocr_upi
clinic 27354 UPI se,27354,healthcare,upi,paytm,,hinglish_natural
i paid 189 rupees for BookMyShow using card,189,entertainment,card,,slice,voice_transcript
aaj 27124 rupees flatmate cash diye zyada ho gaya,27124,friends,cash,,,hinglish_natural
"INSURANCE PREMIUM
Item 1 Rs384
Item 2 Rs 98
Total Rs 1859
Google Pay",1859,utilities,upi,gpay,,ocr_receipt
books pe 169 ₹ ka fees bhra credit card se,169,education,card,,,hinglish_natural
Gaana 114 Fi se pay kiya,114,entertainment,upi,fi,,hinglish_natural
PayTM payment ₹82 DishTV kotak 1349 done,82,utilities,upi,paytm,kotak,ocr_upi
SIP 248 rupaye credit card se,248,investment,card,,,hinglish_natural
broadband t439.23 Fi,439.23,utilities,upi,fi,,english_natural
Pizza Hut Rs.192.21 cash,192.21,food,cash,,axis,english_natural
Paytm Money 464 rupaye GPay se pay kiyaa,464,investment,upi,gpay,,hinglish_natural
bhai lab test se dawai lia 344 rs ka haath se die,344,healthcare,cash,,,hinglish_natural
Paid Croma 4263 using cash from Fi Money,4263,shopping,cash,,fi,english_natural
₹79 debited from your Axis account for ET Money (Phone Pe UPI),79,investment,upi,phonepe,axis,ocr_upi
"Receipt #8275
Zee5
Amount Paid: 15717.78
Mode: Bhim",15717.78,entertainment,upi,bhim,,ocr_receipt
3024 rupees BSNL paytm,3024,utilities,upi,paytm,,voice_transcript
today i spent 370 on stocks via card,370,investment,card,,,voice_transcript
Paid ?17530 for library via debit card,17530,education,card,,,english_natural
SBI loan 1103 Niyo,1103,emi,card,,niyo,english_natural
TO:EXAMFEE examfee.44034@punjabnationalbankbank From:RAHULKUMAR (Punjab National Bank gpay : user8998@okpunjabnationalbankbank,351,education,upi,gpay,pnb,ocr_upi
friend 41126,41126,friends,upi,niyo,,english_natural
403 education loan EMI debit card se bc,403,emi,card,,,hinglish_natural
"Receipt #5054
1mg
Amount Paid: Rs 914
Mode: Phone Pe",914,healthcare,upi,phonepe,,ocr_receipt
paid 2488 to Ananya through slice from HDFC Bank,2488,friends,upi,slice,hdfc,voice_transcript
"DOCTOR RESTAURANT
Total 46292
Cash Received
Change 0.00",46292,healthcare,card,,icici,ocr_receipt
891 rupaye Vikram UPI se,891,friends,upi,niyo,idfc,hinglish_natural
39742 1mg,39742,healthcare,card,,axis,english_natural
Zerodha pe 276 rupay ka invest kar diya UPI se de diye,276,investment,upi,phonepe,,hinglish_natural
netflix spotify hotstar subscription movie show t1755 card,1755,entertainment,card,,icici,cue_row
canteen ka 3245 rupees ka bill cash se pay kiya,3245,food,cash,,,voice_transcript
DishTV 266 rupaiye via gpay,266,utilities,upi,gpay,,hinglish_natural
Rahul ka 201 rupees ka bill PhonePe se pay kiya,201,friends,upi,phonepe,jupiter,voice_transcript
Paid ₹98.80 to Airtel recharge jupiter UPI Union Bank 3620 Done,98.80,utilities,upi,jupiter,union bank,ocr_upi
abhi Hotstar 12192 card se,12192,entertainment,card,,,hinglish_natural
"BILL
eye checkup
INR 50
CARD
Thank You Visit Again",50,healthcare,card,,,ocr_receipt
Paid Rs.3394 to electricity bill PhonePe UPI Bank of Baroda 7626 Successful,3394,utilities,upi,phonepe,bob,ocr_upi
ghar jaate waqt 270 rupaiye saman liya Croma pe Jupiter se pay kr diya,270,shopping,upi,jupiter,,hinglish_natural
INR 377 charged for IRCTC on cash,377,travel,cash,,bob,english_natural
"D PHARMEASY 384.87 Completed 27Feb 2026,8:49 pm Axis Bank 9035 UPI transaction ID 1247101038 TO:PHARMEASY pharmeasy.41696@axisbank Goog1etransaction lD CICAgJjg112979 OPI jupiter",384.87,healthcare,upi,jupiter,axis,ocr_upi
abhi 25509 rs. Bewakoof UPI se,25509,shopping,upi,niyo,,hinglish_natural
Paid ₹38405.55 for PPF via Visa,38405.55,investment,card,,hdfc,english_natural
spent 9747 rupees on gaming via card,9747,entertainment,card,,,voice_transcript
breakfast snacks chai coffee t184 cash,184,food,cash,,,cue_row
i did 1524 expense on Unacademy using Phone Pe,1524,education,upi,phonepe,,voice_transcript
"coaching 491 Completed 23Aug 2025,1:13 am ICICI 8785 UPI transaction ID 24279316632",491,education,upi,phonepe,icici,ocr_upi
Paytm payment ₹742 SIP ICICI Bank 7185 done,742,investment,upi,paytm,icici,ocr_upi
mobile recharge Rs.45008 Jupiter,45008,utilities,upi,jupiter,kotak,ocr_upi
Karan me 2380 rs ka dost ko diy UPI se diyee bc,2380,friends,upi,paytm,,hinglish_natural
i did 7230 expense on Bajaj Finance EMI using niyo,7230,emi,upi,niyo,,voice_transcript
3239 rupaiye Kuvera UPI se pay kar diya,3239,investment,upi,paytm,jupiter,hinglish_natural
Netmeds 47197 PhonePe,47197,healthcare,upi,phonepe,idfc,ocr_upi
257 rs kha liya restaurant ko cash me,257,food,cash,,sbi,hinglish_natural
"Vi recharge BILL
St: INR 347.32
jupiter Approved",347.32,utilities,upi,jupiter,icici,ocr_receipt
petrol diesel fuel 35678 at pump card,35678,travel,card,,,cue_row
dost ka 2393 rupees ka bill cash se pay kiya,2393,friends,cash,,hdfc,voice_transcript
Vikram 23.37,23.37,friends,upi,gpay,,english_natural
"FirstCry 1412 Completed 18Sep 2026,1:04 pm Yes Bank 7685 UPI transaction ID 7223897089",1412,shopping,upi,phonepe,yes bank,ocr_upi
4091 rupaiye books via Google Pay,4091,education,upi,gpay,,hinglish_natural
Payment of ₹403 to Coursera was successful via phonepe UPI Ref No 641700033790474 Bandhan Account 7631,403,education,upi,phonepe,bandhan,ocr_upi
Library fee INR 5912,5912,education,cash,,pnb,source_english
sent money to Pooja INR 1531 on cash,1531,friends,cash,,icici,friends_synthetic
crypto 4209 card,4209,investment,card,,niyo,english_natural
paid flatmate Rs 116 via PayTM,116,friends,upi,paytm,,friends_synthetic
sent money to Neha INR 3897 on cash,3897,friends,cash,,,friends_synthetic
BookMyShow ka movie dekhi 3686 rupaiye card se,3686,entertainment,card,,,hinglish_natural
Priya pe 3932 rupay ka split kia naqad,3932,friends,cash,,,hinglish_natural
2534 rupaye Hotstar haath se de diye,2534,entertainment,cash,,icici,hinglish_natural
hospital pe 21 rs. ka medicine liyaa naqad State Bank card se,21,healthcare,cash,,sbi,hinglish_natural
2883 rupees NPS card,2883,investment,card,,,voice_transcript
Ajio Rs42734 GPay,42734,shopping,upi,gpay,hdfc,ocr_upi
office se aate hue Reliance Digital me 41839 rupaye ka order kar diya UPI se pay kia,41839,shopping,upi,niyo,sbi,hinglish_natural
ACT Fibernet 19225.47,19225.47,utilities,upi,phonepe,axis,english_natural
ATM/CASH/BANK/24716,24716,travel,card,,,english_natural
dinner split 9453 rupaye Neha Paytm,9453,friends,upi,paytm,,friends_synthetic
today i spent 4503 on Groww via card,4503,investment,card,,,voice_transcript
JioCinema se subscription renew kiya 21498 ₹ ka haath se diye,21498,entertainment,cash,,slice,hinglish_natural
Gaana se ticket le liya 87 rs. ka card se,87,entertainment,card,,,hinglish_natural
₹75.54 to Angel One via GPay,75.54,investment,upi,gpay,,english_natural
netflix spotify hotstar subscription movie show Rs.33344 card,33344,entertainment,card,,,cue_row
4266 rupaiye crypto PayTM se,4266,investment,upi,paytm,,hinglish_natural
"TAX INVOICE
KFC
Grand Total: ₹81
Payment: CASH",81,food,cash,,,ocr_receipt
433 rupees Kuvera NIYO,433,investment,upi,niyo,,voice_transcript
aaj library pe 619 rupaye kharcha hua cash se,619,education,cash,,,voice_transcript
bhai Arjun ko udhar return kiya 3128 rs jupiter se,3128,friends,upi,jupiter,,friends_synthetic
Electricity bill payment INR 45363,45363,utilities,upi,gpay,,source_english
Paid Rs2871.98 to doctor Phone Pe UPI IDFC First 3789 Completed,2871.98,healthcare,upi,phonepe,idfc,ocr_upi
library ka course liya 38106 rupaye PayTM se sbi wale account se,38106,education,upi,paytm,sbi,hinglish_natural
personal loan EMI me 3637 rupees ka EMI kat gayi Gpay se,3637,emi,upi,gpay,,hinglish_natural
18113 rs exam fee card se,18113,education,card,,fi,hinglish_natural
"TATA CLIQ RESTAURANT
Total 87.72
Cash Received
Change 0.00",87.72,shopping,card,,,ocr_receipt
Doctor consultation INR 29081,29081,healthcare,upi,gpay,,source_english
dost Rahul ko 2408 rupaye GPay se bheje,2408,friends,upi,gpay,,friends_synthetic
ATM/CASH/JUPITER/432,432,friends,upi,cred,jupiter,english_natural
4131 Visa RedBus,4131,travel,card,,slice,english_natural
Udemy INR 4955 G Pay,4955,education,upi,gpay,kotak,ocr_upi
49286 ₹ saman lia Meesho pe UPI se diy,49286,shopping,upi,paytm,,hinglish_natural
spent 3653 rupees on clinic via card,3653,healthcare,card,,,voice_transcript
amazon flipkart myntra online shopping order Rs 1394 card,1394,shopping,card,,,cue_row
yaar Air India 33726 rupees debit card se,33726,travel,card,,,hinglish_natural
Rs4865.62 to Zara via Cred,4865.62,shopping,upi,cred,,english_natural
"D NYKAA 6774.95 Completed 1Jan 2026,1:47 pm Bank of Baroda Bank 7539 UPI transaction ID 7964277097852 TO:NYKAA nykaa.58902@bank of barodabank Soogletransaction lD CICAgJjg854131 OPI Google Pay",6774.95,shopping,upi,gpay,bob,ocr_upi
kal ET Money ka paisa daala 220 rs via Gpay BOB account se,24075,investment,upi,gpay,bob,source_hinglish
Udemy se admission kar diya 8496 rs ka naqad,8496,education,cash,,,hinglish_natural
10880 Paytm Money,10880,investment,card,,,english_natural
Paid Croma 634 using Phonepe,634,shopping,upi,phonepe,,english_natural
paid Neha INR 18024 via paytm,18024,friends,upi,paytm,,friends_synthetic
POS/BAJAJ FINANCE EMI/NIYO/6619,2551.12,emi,upi,niyo,indusind,english_natural
"HOSPITAL
Item 1 77
Item 2 Rs.382
Total 42015.46
CARD",42015.46,healthcare,card,,sbi,ocr_receipt
breakfast snacks chai coffee Rs84 slice,84,food,upi,slice,,cue_row
bhai bhai ko udhar return kiya 1510 rs PayTM se,1510,friends,upi,paytm,,friends_synthetic
26 rupees installment diy bike loan EMI pe credit card se,26,emi,card,,hdfc,hinglish_natural
i paid 27779 rupees for HDFC loan using PhonePe,27779,emi,upi,phonepe,,voice_transcript
lunch dinner food order swiggy zomato restaurant meal 1093 cash,1093,food,cash,,sbi,cue_row
i paid 4839 rupees for Kuvera using card,4839,investment,card,,niyo,voice_transcript
Unacademy pe 2167 ₹ ka tuition diye Phonepe se pay kar diya sbi se,2167,education,upi,phonepe,sbi,hinglish_natural
stocks se paisa daala 272 ₹ ka CRED se,272,investment,upi,cred,,hinglish_natural
rent maintenance gas connection INR 1715 PayTM,1715,utilities,upi,paytm,,cue_row
405 ka Bajaj Finance EMI bill pay kiya cred se,405,emi,upi,cred,,voice_transcript
Jio recharge 469 ₹ card se pay kr diya,469,utilities,card,,,hinglish_natural
netflix spotify hotstar subscription movie show 396 card,396,entertainment,card,,,cue_row
dhaba payment Rs 144.61 done via debit card,144.61,food,card,,,english_natural
library Rs 1051.71 cash,1051.71,education,cash,,,english_natural
medical checkup lab test health insurance ₹3573 card,3573,healthcare,card,,,cue_row
7622 rs. Amazon UPI se pay kiya,7622,shopping,upi,bhim,,hinglish_natural
split bill 2956 Paytm se yaar ko diya,2956,friends,upi,paytm,,friends_synthetic
TO:BIRYANIBLUES biryaniblues.33692@sbibank From:UTSAVJANA (SBI Slice : sender7457@oksbibank,17109,food,upi,slice,sbi,ocr_upi
Paid ₹40274.47 for Behrouz from my icici account via Paytm,40274.47,food,upi,paytm,icici,english_natural
kal 310 ₹ Amazon Prime card se pay kya,310,entertainment,card,,,hinglish_natural
electricity bill se bill pay kar diya 3042 rupaye ka via Phone Pe,3042,utilities,upi,phonepe,,hinglish_natural
"Haldirams
Net Amount 1929
Paid via gpay",1929,food,upi,gpay,,ocr_receipt
paid 426 to Flipkart through cash,426,shopping,cash,,,voice_transcript
ghar jaate waqt Pooja me 1619 rupaye ka udhar return kia UPI se pay kr diya Kotak account se,1619,friends,upi,gpay,kotak,hinglish_natural
"TAX INVOICE
Reliance Fresh
Grand Total: Rs2995.17
Payment: Fi Money",2995.17,food,upi,fi,,ocr_receipt
personal loan EMI 39916 rupaye credit card se,39916,emi,card,,,hinglish_natural
office se aate hue BookMyShow 129 rupees phonepe pe Fi se kata budget tod diya,129,entertainment,upi,phonepe,fi,hinglish_natural
Goibibo 22827 card se,22827,travel,card,,,hinglish_natural
bhai Yatra ka 1815 rupaye card se de diya,1815,travel,card,,fi,voice_transcript
gaming payment Rs421 done via Mastercard,421,entertainment,card,,,english_natural
subah Ananya 37251 rupees naqad,37251,friends,cash,,,hinglish_natural
sent money to flatmate 268 on Gpay,268,friends,upi,gpay,,friends_synthetic
Uber payment INR 337 done via cash,337,travel,cash,,bob,english_natural
Rs 1282 charged for Zee5 on phonepe,1282,entertainment,upi,phonepe,,english_natural
aaj DishTV pe 3625 rupaye kharcha hua phonepe se,3625,utilities,upi,phonepe,axis,voice_transcript
rent maintenance gas connection ₹1010 CRED,1010,utilities,upi,cred,,cue_row
"BILL
Tata CLiQ
?450.74
CASH
Thank You Visit Again",450.74,shopping,cash,,,ocr_receipt
"ZEE5
Item 1 477
Item 2 Rs432
Total 33
CARD",33,entertainment,card,,,ocr_receipt
Amazon 1632 Visa,1632,shopping,card,,icici,english_natural
books se books liya 165 ₹ ka debit card se bc,165,education,card,,,hinglish_natural
HDFC loan ka loan payment kiyaa 455 card se pay kiya bhai,455,emi,card,,icici,hinglish_natural
yaar payment ₹30557 done via PayTM,30557,friends,upi,paytm,,english_natural
INDIAN OIL INR 2653 STATE BANK,2653,travel,upi,phonepe,sbi,english_natural
Rs.3234.37 charged for Lenskart on card,3234.37,shopping,card,,,english_natural
"Jio recharge
Net Amount 345
Paid via Cred",345,utilities,upi,cred,,ocr_receipt
electricity water broadband mobile recharge bill Rs.58 slice,58,utilities,upi,slice,hdfc,cue_row
uber ola cab ride airport train ticket Rs.326 card,326,travel,card,,union bank,cue_row
Paid Rs 24822 for canteen from my sbi account via paytm,24822,food,upi,paytm,sbi,english_natural
Reliance Digital se order kiyaa 2997 ₹ ka UPI se pay kar diya,2997,shopping,upi,cred,,hinglish_natural
stationery INR 49559 Visa,49559,education,card,,,english_natural
Paid 4366 for Gaana via Visa,4366,entertainment,card,,,english_natural
i paid 4001 rupees for hospital using BHIM,4001,healthcare,upi,bhim,canara,voice_transcript
dopahar ko 338 rupees Ola haath se diye,338,travel,cash,,,hinglish_natural
1118 rs Snapdeal card se pay kiya,1118,shopping,card,,niyo,hinglish_natural
breakfast snacks chai coffee INR 4984 cash,4984,food,cash,,,cue_row
POS/ZARA/DEBIT CARD/9294,3535,shopping,card,,sbi,english_natural
"D AMAZONPRIME 4794.92 Completed 28Apr 2026,10:01 pm idfc Bank 9066 UPI transaction ID 12812126358156 TO:AMAZONPRIME amazon prime.72685@idfcbank Soogletransaction lD CICAgJjg622519 OPI Paytm",4794.92,entertainment,upi,paytm,idfc,ocr_upi
Udemy 17474.59 Fi Payment done HDFC 7962,17474.59,education,upi,fi,hdfc,ocr_upi
"doctor
Net Amount 42795
Paid via CASH",42795,healthcare,cash,,,ocr_receipt
Just paid 4992.77 to KFC through Phone Pe,4992.77,food,upi,phonepe,,english_natural
today i spent 1896 on Amazon via paytm from my HDFC Bank bank,1896,shopping,upi,paytm,hdfc,voice_transcript
eye checkup se checkup karaya 235 ka naqad,235,healthcare,cash,,,hinglish_natural
"D SPOTIFY 2801 Completed 11Feb 2026,8:36 pm PNB Bank 8921 UPI transaction ID 21492413717306 TO:SPOTIFY spotify.35194@pnbbank Goog1etransaction lD CICAgJjg583068 OPI G Pay",2801,entertainment,upi,gpay,pnb,ocr_upi
RAHUL INR 117 RBL,117,friends,upi,paytm,rbl,english_natural
INR 468 charged for Apollo Pharmacy on Jupiter,468,healthcare,upi,jupiter,jupiter,english_natural
aaj 455 ₹ Gaana phonepe se,455,entertainment,upi,phonepe,,hinglish_natural
home loan car loan credit card EMI monthly Rs.28095 autopay paytm,28095,emi,upi,paytm,,cue_row
1323 mangwaya Starbucks pe Slice pe NIYO account se,1323,food,upi,slice,niyo,hinglish_natural
kal personal loan EMI pe 20 ka installment diyee UPI se,20,emi,upi,paytm,,hinglish_natural
"Receipt #8192
dentist
Amount Paid: 24506
Mode: CASH",24506,healthcare,cash,,,ocr_receipt
"FLIPKART
Item 1 369
Item 2 INR 247
Total ₹482
paytm",482,shopping,upi,paytm,,ocr_receipt
personal loan installment EMI deduction Rs 3598 Paytm,3598,emi,upi,paytm,,cue_row
INOX Rs35612.05 debited from Axis,35612.05,entertainment,card,,axis,english_natural
personal loan EMI 4719.60 credit card,4719.60,emi,card,,sbi,english_natural
i did 412 expense on FD using card,412,investment,card,,,voice_transcript
bhai Divya ka 155 rupaye Slice se de diya,155,friends,upi,slice,,voice_transcript
3230.37 Neha,3230.37,friends,card,,kotak,english_natural
personal loan EMI 48691,48691,emi,card,,,english_natural
4110 rupay metro UPI se die,4110,travel,upi,paytm,,hinglish_natural
mess ka khana order kya 75 rupees debit card se,75,food,card,,hdfc,hinglish_natural
dost Ananya ko 13547 rupaye card se bheje,13547,friends,card,,,friends_synthetic
petrol diesel fuel Rs1943 at pump Gpay,1943,travel,upi,gpay,,cue_row
crypto gold bonds NPS portfolio 5388 PhonePe,5388,investment,upi,phonepe,,cue_row
Apollo Pharmacy ka dawai le liya 38837 UPI se pay kiyaa,38837,healthcare,upi,gpay,,hinglish_natural
ghar jaate waqt 91 paise bheje Divya pe debit card se,91,friends,card,,,hinglish_natural
INOX payment Rs.19924 done via card,19924,entertainment,card,,,english_natural
₹397 paid to SpiceJet via GPay UPI from HDFC Bank Bank ending 5864,397,travel,upi,gpay,hdfc,ocr_upi
aaj 239 rupees tuition die books ko via paytm HDFC se kata,239,education,upi,paytm,hdfc,hinglish_natural
20703 gas bill,20703,utilities,cash,,,english_natural
Coursera se tuition die 33 rupay ka via GPay,33,education,upi,gpay,,hinglish_natural
Nykaa 2321 card se pay kia kotak wale account se,2321,shopping,card,,kotak,hinglish_natural
NEFT/TRANSFER/RENT/FI,18208.33,utilities,upi,paytm,fi,english_natural
school college tuition course books fees ₹3707 Gpay,3707,education,upi,gpay,,cue_row
BAJAJ FINANCE EMI INR 15038,15038,emi,upi,phonepe,,english_natural
"Receipt #3412
rent
Amount Paid: ₹3318.22
Mode: CARD",3318.22,utilities,card,,,ocr_receipt
"BILL
Practo
Rs14418.39
CASH
Thank You Visit Again",14418.39,healthcare,cash,,kotak,ocr_receipt
POS/MALL/GPAY/8143,3150,shopping,upi,gpay,,english_natural
aaj Biryani Blues ka khana khaaya 34654 rs. cash die,34654,food,cash,,hdfc,hinglish_natural
"MALL
Item 1 158
Item 2 ₹141
Total 416.44
CARD",416.44,shopping,card,,,ocr_receipt
2096 rupaiye show dekha SonyLIV ko UPI se,2096,entertainment,upi,niyo,,hinglish_natural
NEFT/TRANSFER/BAJAJ FINANCE EMI/,4665.52,emi,card,,,english_natural
Paid ?28380 for electricity bill from my Federal Bank account via debit card,28380,utilities,card,,federal bank,english_natural
Angel One se mutual fund kar diya 481 rs ka card se,481,investment,card,,sbi,hinglish_natural
office se aate hue 478 rupees food order kia Box8 pe haath se diye,478,food,cash,,,hinglish_natural
3511 rupaiye saman liyaa Tata CLiQ ko cash diy,3511,shopping,cash,,,hinglish_natural
dinner split 10665 rupaye Pooja PhonePe,10665,friends,upi,phonepe,,friends_synthetic
clinic se dawai lya 30536 ka card se zyada ho gaya,30536,healthcare,card,,idfc,hinglish_natural
yaar Airtel recharge 36110 credit card se Canara se,36110,utilities,card,,canara,hinglish_natural
paid 8249 to Apollo Pharmacy through cash,8249,healthcare,cash,,,voice_transcript
paid back friend lent money Rs3462 cash,3462,friends,cash,,pnb,cue_row
4228 ka home loan EMI bill pay kiya card se,4228,emi,card,,,voice_transcript
Just paid ₹4507 to SpiceJet through Visa,4507,travel,card,,hdfc,english_natural
Udemy ka admission kya 3077 rupay cash die,3077,education,cash,,,hinglish_natural
Electronics shopping INR 18715,18715,shopping,card,,sbi,source_english
Faasos 79 rupees CRED pe,79,food,upi,cred,,hinglish_natural
Swiggy ka 4370 rupees ka bill SLICE se pay kiya,4370,food,upi,slice,,voice_transcript
Used HDFC gpay to pay Rs 471 for petrol pump,471,travel,upi,gpay,hdfc,english_natural
Fi payment Rs 45590 Netflix HDFC Bank 6959 successful,45590,entertainment,upi,fi,hdfc,ocr_upi
medical checkup lab test health insurance Rs 452 card,452,healthcare,card,,,cue_row
split bill 322 card se Divya ko diya,322,friends,card,,,friends_synthetic
subah exam fee ka course liya 1591 PhonePe se pay kiyaa,1591,education,upi,phonepe,yes bank,hinglish_natural
Paid ₹229.35 for Jio recharge from my sbi account via BHIM,229.35,utilities,upi,bhim,sbi,english_natural
Unacademy 400 CRED Payment done HDFC 1259,400,education,upi,cred,hdfc,ocr_upi
lunch dinner food order swiggy zomato restaurant meal Rs 16761 phonepe,16761,food,upi,phonepe,hdfc,cue_row
Payment of R 17425 to BYJU'S was successful via G Pay UPI Ref No 4518916867 ICICI Bank Account 1337,17425,education,upi,gpay,icici,ocr_upi
rent maintenance gas connection 13557 slice,13557,utilities,upi,slice,,cue_row
Paid Rs.4024.27 to lab test Jupiter UPI kotak 2046 Done,4024.27,healthcare,upi,jupiter,kotak,ocr_upi
flatmate rent share 4356 cash Vikram,4356,friends,cash,,,friends_synthetic
355.19 Croma,355.19,shopping,card,,,english_natural
Rs 20006.74 paid to BYJU'S via Phone Pe UPI from Kotak Bank ending 3865,20006.74,education,upi,phonepe,kotak,ocr_upi
"BILL
mobile recharge
₹371.49
Phone Pe
Thank You Visit Again",371.49,utilities,upi,phonepe,,ocr_receipt
paid 29 to school fees through Google Pay,29,education,upi,gpay,,voice_transcript
"BookMyShow BILL
St: Rs384
CARD approved",384,entertainment,card,,,ocr_receipt
905 rs Neha UPI se diy,905,friends,upi,bhim,,hinglish_natural
sent money to flatmate t278 on phonepe,278,friends,upi,phonepe,,friends_synthetic
72 ₹ bill bhar diya broadband pe card se,72,utilities,card,,,hinglish_natural
sent Rs.79 to friend on cash split bill UPI,79,friends,cash,,,cue_row
maine 1016 rupaye Coursera ko diye PayTM se,1016,education,upi,paytm,hdfc,voice_transcript
"D ELECTRICITYBILL 274 Completed 25Jan 2026,4:54 pm HDFC Bank 5377 UPI transaction ID 29428727651140 TO:ELECTRICITYBILL electricity bill.31071@hdfcbank Soogletransaction lD CICAgJjg731065 OPI paytm",274,utilities,upi,paytm,hdfc,ocr_upi
flight booking travel ticket Rs49809 cash,49809,travel,cash,,,cue_row
office se aate hue FD 131 rupaye slice se pay kiya,131,investment,upi,slice,,hinglish_natural
Barbeque Nation 2866 rupaiye card se,2866,food,card,,,hinglish_natural
4583 to yaar card UPI,4583,friends,card,,,friends_synthetic
Used Punjab National Bank cash to pay INR 1323.89 for KFC,1323.89,food,cash,,pnb,english_natural
3168 ₹ clinic UPI se diye,3168,healthcare,upi,gpay,,hinglish_natural
breakfast snacks chai coffee ₹9244 cash,9244,food,cash,,,cue_row
today i spent 83 on 1mg via Cred,83,healthcare,upi,cred,,voice_transcript
26609 rupaye KFC cash die,26609,food,cash,,axis,hinglish_natural
grocery vegetables milk bread fruits INR 41 paid card,41,food,card,,,cue_row
stationery payment Rs473.16 done via credit card,473.16,education,card,,,english_natural
gaming concert event ticket R 35 slice,35,entertainment,upi,slice,kotak,cue_row
Vi recharge se recharge kr diya 559 ka UPI se pay kia,559,utilities,upi,bhim,,hinglish_natural
Zerodha payment INR 828 done via Phone Pe,828,investment,upi,phonepe,,english_natural
2006 rupees Rapido card,2006,travel,card,,,voice_transcript
"JIO RECHARGE RESTAURANT
Total 237
Cash Received
Change 0.00",237,utilities,upi,paytm,,ocr_receipt
Blinkit 322,322,food,upi,gpay,,english_natural
paid 929 to gold through card,929,investment,card,,,voice_transcript
dost Pooja ko 108 rupaye card se bheje,108,friends,card,,,friends_synthetic
14665 rs dawai lya PharmEasy ko debit card se,14665,healthcare,card,,,hinglish_natural
Ananya pe 25339 ka transfer kr diya UPI se,25339,friends,upi,phonepe,,hinglish_natural
BYJU'S pe 407 rupaiye ka admission kiya UPI se pay kar diya,407,education,upi,cred,,hinglish_natural
Paid electricity bill ₹1943.83 using Visa from HDFC Bank,1943.83,utilities,card,,hdfc,english_natural
667 rupaye checkup karaya 1mg ko paytm pe Indusind Bank se kata,667,healthcare,upi,paytm,indusind,hinglish_natural
"Receipt #4977
Vi recharge
Amount Paid: 2460.62
Mode: NIYO",2460.62,utilities,upi,niyo,,ocr_receipt
"DIAGNOSTIC
Item 1 Rs 358
Item 2 Rs.499
Total ₹4761.77
Jupiter",4761.77,healthcare,upi,jupiter,sbi,ocr_receipt
ghar jaate waqt 542 rupay 1mg card se pay kiya,542,healthcare,card,,,hinglish_natural
i did 507 expense on bro using PayTM,507,friends,upi,paytm,,voice_transcript
368 medicine liyaa lab test ko via Google Pay zyada ho gaya,368,healthcare,upi,gpay,,hinglish_natural
919 PPF debit card se,919,investment,card,,niyo,hinglish_natural
Paid Netmeds INR 4305 using Phonepe from Kotak,4305,healthcare,upi,phonepe,kotak,english_natural
Just paid Rs 1010.82 to coaching through cash,1010.82,education,cash,,axis,english_natural
"FirstCry
Net Amount 32610
Paid via phonepe",32610,shopping,upi,phonepe,,ocr_receipt
abhi SBI loan ka EMI kat gayi 1244 rupaiye card se pay kr diya,1244,emi,card,,,hinglish_natural
bhai Flipkart pe 1213 rupees ka khareed le liya card se,1213,shopping,card,,slice,hinglish_natural
dopahar ko 148 rupaye ticket lia JioCinema pe debit card se,148,entertainment,card,,,hinglish_natural
NEFT/TRANSFER/BEHROUZ/,29228.35,food,upi,gpay,,english_natural
office se aate hue 47558 ₹ admission kia upGrad pe Gpay pe,47558,education,upi,gpay,,hinglish_natural
"D UNACADEMY 335.41 Completed 25Feb 2026,1:45 pm Kotak Mahindra Bank 1995 UPI transaction ID 8294817049672 TO:UNACADEMY unacademy.86524@kotak mahindrabank Googletransaction lD CICAgJjg919163 OPI bhim",335.41,education,upi,bhim,kotak,ocr_upi
hospital doctor pharmacy medicine diagnostic Rs 363 Gpay,363,healthcare,upi,gpay,,cue_row
₹592 to CCD via Paytm,592,food,upi,paytm,,english_natural
244 ka eye checkup bill pay kiya cash se HDFC Bank se kata,244,healthcare,cash,,hdfc,voice_transcript
Just paid INR 2661.71 to Netmeds through cash,2661.71,healthcare,cash,,,english_natural
222 rupay ride liyaa IRCTC ko card se,222,travel,card,,,hinglish_natural
"lab test
Net Amount 375.11
Paid via CARD",375.11,healthcare,card,,,ocr_receipt
flatmate rent share 2171 Phonepe Pooja,2171,friends,upi,phonepe,,friends_synthetic
3447 ₹ metro card se pay kia,3447,travel,card,,,hinglish_natural
roommate 349,349,friends,upi,cred,,english_natural
41459 rs mangwaya Haldirams pe via PayTM,41459,food,upi,paytm,,hinglish_natural
sent Rs.385 to Shreya on fi,385,friends,upi,fi,,friends_synthetic
rent maintenance gas connection ₹4357 Paytm,4357,utilities,upi,paytm,,cue_row
Payment of Rs2616 to friend was successful via PayTM UPI Ref No 2675457690941 IDFC First Account 1800,2616,friends,upi,paytm,idfc,ocr_upi
Nature's Basket 1219 rupaiye via CRED,1219,food,upi,cred,,hinglish_natural
yaar Tata CLiQ pe 1322 rupaiye ka saman liyaa credit card se,18134,shopping,card,,icici,source_hinglish
JioCinema ka movie dekhi 430 ₹ card se pay kar diya,430,entertainment,card,,sbi,hinglish_natural
Used SBI cash to pay 26637 for Priya,26637,friends,cash,,sbi,english_natural
2060 rupees stocks paytm,2060,investment,upi,paytm,,voice_transcript
sent money to Amit Rs282 on cash,282,friends,cash,,,friends_synthetic
food court INR 9469 jupiter,9469,food,upi,jupiter,axis,ocr_upi
Apollo Pharmacy 2134 rupees UPI se pay kr diya,2134,healthcare,upi,jupiter,,hinglish_natural
2357 rupaiye food order kya Chai Point ko debit card se,2357,food,card,,icici,hinglish_natural
257 mutual fund kiya FD ko debit card se,257,investment,card,,,hinglish_natural
Spent 327.80 on college fees using paytm,327.80,education,upi,paytm,,english_natural
petrol diesel fuel ₹11748 at pump cash,11748,travel,cash,,,cue_row
office se aate hue 240 rupaiye Groww Gpay pe,240,investment,upi,gpay,,hinglish_natural
Reliance Digital me 2767 ₹ ka order kar diya Slice pe,2767,shopping,upi,slice,,hinglish_natural
hospital doctor pharmacy medicine diagnostic Rs124 GPay,124,healthcare,upi,gpay,,cue_row
"BILL
Apollo Pharmacy
3066
GPay
Thank You Visit Again",3066,healthcare,upi,gpay,,ocr_receipt
Paid bhai ₹677 using Google Pay,677,friends,upi,gpay,,english_natural
1302 ticket le liya concert pe G Pay se pay kiyaa,1302,entertainment,upi,gpay,,hinglish_natural
maine 26823 rupaye mobile recharge ko diye SLICE se,26823,utilities,upi,slice,,voice_transcript
spent 477 rupees on Arjun via GPay,477,friends,upi,gpay,,voice_transcript
"D MUTUALFUND 39893 Completed 10Feb 2026,5:57 pm ICICI Bank 6435 UPI transaction ID 31494521258 TO:MUTUALFUND mutual fund.66785@icicibank Soogletransaction lD XYZabc098180 OPI PayTM",39893,investment,upi,paytm,icici,ocr_upi
INOX pe 369 rupaiye ka game liya card se pay kar diya,369,entertainment,card,,,hinglish_natural
Goibibo 11308 phonepe Completed axis 7934,11308,travel,upi,phonepe,axis,ocr_upi
abhi 613 rs. SIP bhara ET Money pe PayTM se,613,investment,upi,paytm,yes bank,hinglish_natural
home loan EMI Rs.93 Visa,93,emi,card,,,english_natural
bhai Divya ko udhar return kiya 289 rs card se,289,friends,card,,,friends_synthetic
ET Money ka 1125 rupees ka bill Phonepe se pay kiya,1125,investment,upi,phonepe,,voice_transcript
Bought Bajaj Finance EMI for 1618 with card,1618,emi,card,,,english_natural
367 rupees Netmeds card hdfc account,367,healthcare,card,,hdfc,voice_transcript
exam fee se course lya 29 rupees ka haath se diye,29,education,cash,,,hinglish_natural
"Receipt #2585
SonyLIV
Amount Paid: R 233
Mode: jupiter",233,entertainment,upi,jupiter,,ocr_receipt
Paid Rs 7298 for Bajaj Finance EMI via debit card,7298,emi,card,,hdfc,english_natural
6714 rs. books liya stationery pe Cred se,6714,education,upi,cred,,hinglish_natural
3685 debit card society maintenance,3685,utilities,card,,bandhan,english_natural
sent ₹4399 to dost on cash,4399,friends,cash,,,friends_synthetic
NEFT/TRANSFER/PRIYA/,32361,friends,cash,,,english_natural
paid 2333 to Croma through card,2333,shopping,card,,,voice_transcript
MakeMyTrip pe 983 ₹ ka ticket book kiyaa UPI se diyee,36320,travel,upi,gpay,,source_hinglish
lab test se doctor ko diye 234 rupees ka paytm se pay kiyaa,234,healthcare,upi,paytm,,hinglish_natural
ghar jaate waqt 2990 rs. shopping kr diya market pe debit card se ICICI card se,42220,shopping,card,,icici,source_hinglish
i did 381 expense on Zara using card,381,shopping,card,,slice,voice_transcript
crypto gold bonds NPS portfolio ?2474 CRED,2474,investment,upi,cred,,cue_row
3176 rupees IRCTC naqad,3176,travel,cash,,,hinglish_natural
bhai 357 ₹ UPI se pay kr diya achha deal mila,357,friends,upi,jupiter,,hinglish_natural
PVR ka ticket le liya 44385 ₹ cash me sbi se,44385,entertainment,cash,,sbi,hinglish_natural
₹38267 debited from your ICICI account for PharmEasy (Niyo UPI),38267,healthcare,upi,niyo,icici,ocr_upi
rent maintenance gas connection Rs.66 paytm,66,utilities,upi,paytm,,cue_row
Rs 1505.66 to Bewakoof via GPay,1505.66,shopping,upi,gpay,,english_natural
Bewakoof 3153 rupay credit card se,3153,shopping,card,,niyo,hinglish_natural
458 rs. Apple Music cash die,458,entertainment,cash,,icici,hinglish_natural
split bill 2632 Phone Pe se Neha ko diya,2632,friends,upi,phonepe,hdfc,friends_synthetic
32027 Flipkart UPI se,32027,shopping,upi,paytm,,hinglish_natural
3212 rs petrol bharaa Yatra ko UPI se zyada ho gaya,3212,travel,upi,bhim,icici,hinglish_natural
Bought auto for INR 341.60 with PhonePe,341.60,travel,upi,phonepe,pnb,english_natural
flight booking travel ticket ₹33900 bhim,33900,travel,upi,bhim,,cue_row
4577 rs tuition Paytm se pay kar diya,4577,education,upi,paytm,,hinglish_natural
office se aate hue Amazon Prime se subscription renew kiya 2375 rupees ka card se,34990,entertainment,card,,,source_hinglish
Bajaj Finance EMI 283.27 Visa,283.27,emi,card,,niyo,english_natural
raat ko Netflix ka movie dekhi 363 ₹ Gpay pe ICICI card se,363,entertainment,upi,gpay,icici,hinglish_natural
Paid 29 for Myntra via Slice,29,shopping,upi,slice,,english_natural
487 ka electricity bill bill pay kiya card se HDFC Bank se kata,487,utilities,card,,hdfc,voice_transcript
crypto gold bonds NPS portfolio ₹3303 PayTM,3303,investment,upi,paytm,,cue_row
raat ko water bill 128 rs. via Google Pay,128,utilities,upi,gpay,axis,hinglish_natural
petrol pump ka 1617 rupees ka bill card se pay kiya,1617,travel,card,,sbi,voice_transcript
3215 rupees Coin Bhim,3215,investment,upi,bhim,,voice_transcript
today i spent 2633 on HDFC loan via Phonepe from my hdfc bank,2633,emi,upi,phonepe,hdfc,voice_transcript
Cleartrip Rs30227 debited from Indusind Bank,30227,travel,card,,indusind,english_natural
1mg pe 9315 rupaiye ka checkup karaya card se,1,healthcare,card,,,hinglish_natural
DishTV ka bill pay kya 23294 UPI se,23294,utilities,upi,gpay,,hinglish_natural
yaar 3545 rs. stocks G Pay se budget tod diya,3545,investment,upi,gpay,,hinglish_natural
11941 ₹ movie dekhi JioCinema ko card se,11941,entertainment,card,,,hinglish_natural
Paid ₹44381.75 for Vedantu via gpay,44381.75,education,upi,gpay,,english_natural
split bill 953 G Pay se flatmate ko diya,953,friends,upi,gpay,pnb,friends_synthetic
aaj Apple Music pe 213 rupaye kharcha hua card se,213,entertainment,card,,sbi,voice_transcript
hospital doctor pharmacy medicine diagnostic 2255 GPay,2255,healthcare,upi,gpay,,cue_row
paid 45142 to Netmeds through cred,45142,healthcare,upi,cred,,voice_transcript
bhai Rohan ko udhar return kiya 3005 rs paytm se,3005,friends,upi,paytm,,friends_synthetic
UPI/64112450/SIP/RBL,31144,investment,upi,jupiter,rbl,english_natural
Lenskart me 2782 rupay ka saman lia UPI se de diye,2782,shopping,upi,jupiter,,hinglish_natural
coaching exam preparation study material t289 card,289,education,card,,,cue_row
bhai roommate ka split kiya 38 rupaiye G Pay pe,38,friends,upi,gpay,hdfc,hinglish_natural
"Zee5
Net Amount 35292
Paid via CARD",35292,entertainment,card,,,ocr_receipt
gpay payment Rs.4734.60 BSNL sbi 5143 done,4734.60,utilities,upi,gpay,sbi,ocr_upi
5423 ₹ PharmEasy UPI se pay kar diya,5423,healthcare,upi,gpay,,hinglish_natural
NEFT/TRANSFER/BSNL/,570.85,utilities,upi,jupiter,,english_natural
lunch dinner food order swiggy zomato restaurant meal INR 2403 card,2403,food,card,,,cue_row
"TAX INVOICE
DMart
Grand Total: Rs.242.75
Payment: CASH",242.75,food,cash,,axis,ocr_receipt
lunch dinner food order swiggy zomato restaurant meal 32337 Cred,32337,food,upi,cred,icici,cue_row
Paid ₹3067.23 for 1mg via Visa,3067.23,healthcare,card,,,english_natural
"Receipt #7267
Zara
Amount Paid: ₹14473
Mode: Phonepe",14473,shopping,upi,phonepe,,ocr_receipt
paid bhai ₹4529 via Fi Money,4529,friends,upi,fi,,friends_synthetic
kal electricity bill 2237 ₹ UPI se pay kar diya,2237,utilities,upi,gpay,,hinglish_natural
kal mutual fund ka mutual fund kia 147 UPI se,147,investment,upi,gpay,kotak,hinglish_natural
"PVR
Item 1 INR 372
Item 2 Rs 285
Total 3869
CASH",3869,entertainment,cash,,icici,ocr_receipt
Just paid INR 1405 to insurance premium through PhonePe,1405,utilities,upi,phonepe,,english_natural
Kuvera 399.31 gpay Completed YES BANK 5209,399.31,investment,upi,gpay,yes bank,ocr_upi
Zara pe 214 ₹ ka buy kia card se pay kya,214,shopping,card,,,hinglish_natural
medical checkup lab test health insurance ₹4235 Gpay,4235,healthcare,upi,gpay,hdfc,cue_row
Zee5 ka movie dekhi 2632 rupees G Pay pe,5,entertainment,upi,gpay,,hinglish_natural
4783.05 exam fee,4783.05,education,cash,,niyo,english_natural
amazon flipkart myntra online shopping order Rs.32 cash,32,shopping,cash,,,cue_row
kal books 449 rupaiye debit card se,449,education,card,,,hinglish_natural
maine 1618 rupaye Yatra ko diye cash se,1618,travel,cash,,,voice_transcript
books ₹13551 Mastercard,13551,education,card,,sbi,english_natural
Used Jupiter PayTM to pay Rs314 for FD,314,investment,upi,paytm,jupiter,english_natural
t343 paid to college fees via Fi Money UPI from HDFC Bank Bank ending 5671,343,education,upi,fi,hdfc,ocr_upi
Vi recharge 1043 G Pay se,1043,utilities,upi,gpay,,hinglish_natural
Spent INR 457 on cafe using cash,457,food,cash,,,english_natural
1746 to Priya GPay UPI,1746,friends,upi,gpay,,friends_synthetic
paid Vikram ₹5759 via paytm,5759,friends,upi,paytm,canara,friends_synthetic
TO:LENSKART lenskart.36722@icicibankbank From:RAHULKUMAR (ICICI Bank paytm : sender1911@okicicibankbank,852,shopping,upi,paytm,icici,ocr_upi
38 rupaye diagnostic debit card se,38,healthcare,card,,kotak,hinglish_natural
Practo 47185 rs. cred pe SBI card se sasta tha,47185,healthcare,upi,cred,sbi,hinglish_natural
i paid 662 rupees for diagnostic using card,662,healthcare,card,,kotak,voice_transcript
rent maintenance gas connection ?36324 bhim,36324,utilities,upi,bhim,,cue_row
coaching exam preparation study material INR 3846 Gpay,3846,education,upi,gpay,,cue_row
breakfast snacks chai coffee ₹243 bhim,243,food,upi,bhim,,cue_row
electricity water broadband mobile recharge bill Rs.45941 Phonepe,45941,utilities,upi,phonepe,,cue_row
PERSONAL LOAN EMI INR 401.28 ICICI,401.28,emi,card,,icici,english_natural
"JioCinema 3229.43 Completed 26Nov 2025,5:09 pm HDFC Bank 3238 UPI transaction ID 43299137807722",3229.43,entertainment,upi,gpay,hdfc,ocr_upi
upGrad me 2199 rs. ka tuition die UPI se pay kia,2199,education,upi,paytm,,hinglish_natural
IndiGo ka kiraya die 2980 rs card se,2980,travel,card,,axis,hinglish_natural
BYJU'S 30587.22 Bhim Completed IndusInd 1368,30587.22,education,upi,bhim,indusind,ocr_upi
personal loan installment EMI deduction Rs141 SLICE,141,emi,upi,slice,hdfc,cue_row
₹2491.81 charged for Angel One on card,2491.81,investment,card,,jupiter,english_natural
ATM/CASH/BANK/471,471,emi,card,,,english_natural
SBI loan ka EMI bharaa 37 rupay card se pay kiyaa,37,emi,card,,,hinglish_natural
today i spent 4066 on hospital via card,4066,healthcare,card,,,voice_transcript
Payment of Rs.20511 to Udemy was successful via gpay UPI Ref No 842467084504 Kotak Mahindra Account 5258,20511,education,upi,gpay,kotak,ocr_upi
"JioCinema
Net Amount 40710
Paid via jupiter",40710,entertainment,upi,jupiter,,ocr_receipt
spent 1094 rupees on Kuvera via card,1094,investment,card,,kotak,voice_transcript
2857 rupaiye installment die SBI loan pe Paytm pe,2857,emi,upi,paytm,,hinglish_natural
"hospital BILL
St: Rs 462
SLICE Approved",462,healthcare,upi,slice,,ocr_receipt
UPI/79739356/EXAM FEE/HDFC BANK,33146,education,card,,hdfc,english_natural
NEFT/TRANSFER/TATA CLIQ/,881,shopping,card,,,english_natural
maine 9289 rupaye Croma ko diye SLICE se,9289,shopping,upi,slice,,voice_transcript
"TAX INVOICE
INOX
Grand Total: Rs.33053.18
Payment: Phone Pe",33053.18,entertainment,upi,phonepe,,ocr_receipt
concert 3105,3105,entertainment,cash,,,english_natural
Spent ₹2829 on Goibibo using Mastercard,2829,travel,card,,,english_natural
Rs.4816 charged for Meesho on Gpay,4816,shopping,upi,gpay,,english_natural
1094 rupees dhaba UPI se die,1094,food,upi,paytm,,hinglish_natural
8746 ka ET Money bill pay kiya card se icici se kata,8746,investment,card,,icici,voice_transcript
rent maintenance gas connection ?76 G Pay,76,utilities,upi,gpay,,cue_row
Barbeque Nation ₹3213.54 Google Pay,3213.54,food,upi,gpay,,english_natural
ghar jaate waqt 299 dawai lya PharmEasy pe UPI se diye,299,healthcare,upi,cred,,hinglish_natural
"cafe BILL
St: ₹424
Slice Approved",424,food,upi,slice,,ocr_receipt
1308 rupaiye doctor ko de diya Lenskart ko Bhim se axis account se,1308,healthcare,upi,bhim,axis,hinglish_natural
Paid 4618.82 to Apple Music PayTM UPI sbi 1680 Successful,4618.82,entertainment,upi,paytm,sbi,ocr_upi
393 ka Meesho bill pay kiya gpay se,393,shopping,upi,gpay,,voice_transcript
DishTV pe 31262 rupees ka payment kr diya debit card se,31262,utilities,card,,,hinglish_natural
Bharat Petroleum me 29221 rupaiye ka petrol bharra UPI se,29221,travel,upi,phonepe,bandhan,hinglish_natural
"diagnostic 4983 Completed 9May 2026,12:44 am hdfc 6663 UPI transaction ID 095455491283117",4983,healthcare,upi,cred,hdfc,ocr_upi
Paid 42004 for FirstCry via debit card,42004,shopping,card,,,english_natural
i paid 362 rupees for eye checkup using card,362,healthcare,card,,,voice_transcript
Home loan EMI INR 18872,18872,emi,card,,icici,source_english
4881 rupees EatFit Phone Pe pe,4881,food,upi,phonepe,,hinglish_natural
Just paid Rs.3293.83 to SonyLIV through cash,3293.83,entertainment,cash,,,english_natural
"bro 375.75 Completed 6Aug 2026,12:44 pm icici 6469 UPI transaction ID 6067837039",375.75,friends,upi,gpay,icici,ocr_upi
office se aate hue rickshaw se ticket book kia 17027 rupay ka UPI se diye,17027,travel,upi,niyo,,hinglish_natural
aaj doctor pe 45815 rupaye kharcha hua card se,45815,healthcare,card,,,voice_transcript
12571.11 charged for Pizza Hut on BHIM,12571.11,food,upi,bhim,jupiter,english_natural
aaj Tata Play me 40409 rupaiye ka bill pay kr diya via Phonepe yaar,40409,utilities,upi,phonepe,,hinglish_natural
17867 rupees upGrad via Gpay sasta tha,17867,education,upi,gpay,,hinglish_natural
Netflix subscription INR 41242,41242,entertainment,cash,,,source_english
Paytm Money ₹1428.61 credit card,1428.61,investment,card,,niyo,english_natural
26793 rupaiye cab liyaa IndiGo pe card se,26793,travel,card,,,hinglish_natural
Groww me 36 ₹ ka SIP bhara Phonepe se,36,investment,upi,phonepe,slice,hinglish_natural
raat ko 2173 rs khana order kar diya DMart pe cash de diya sbi card se yaar,2173,food,cash,,sbi,hinglish_natural
Rs576 paid to IndiGo via bhim UPI from HDFC Bank Bank ending 7325,576,travel,upi,bhim,hdfc,ocr_upi
"BILL
concert
₹491.31
G Pay
Thank You Visit Again",491.31,entertainment,upi,gpay,,ocr_receipt
Bought Jio recharge for Rs338 with credit card,338,utilities,card,,,english_natural
Indian Oil ka ticket book kr diya 3273 rupees naqad Fi Money wale account se,3273,travel,cash,,fi,hinglish_natural
breakfast snacks chai coffee Rs 164 cash,164,food,cash,,,cue_row
"BILL
Subway
2664
SLICE
Thank You Visit Again",2664,food,upi,slice,,ocr_receipt
Bought dentist for Rs 20448 with debit card,20448,healthcare,card,,,english_natural
Airtel recharge 1916 rs debit card se,1916,utilities,card,,slice,hinglish_natural
aaj home loan EMI pe 1164 rupaye kharcha hua card se,1164,emi,card,,,voice_transcript
roommate se paise bheje 35862 rs. ka Cred se,35862,friends,upi,cred,,hinglish_natural
Paytm payment ₹2723 SBI loan IDFC First 9241 completed,2723,emi,upi,paytm,idfc,ocr_upi
spent 2443 rupees on home loan EMI via bhim,2443,emi,upi,bhim,,voice_transcript
gaming 1274.35,1274.35,entertainment,upi,gpay,,english_natural
MedPlus pe 1633 rupees ka dawai lya cash me,1633,healthcare,cash,,,hinglish_natural
"TAX INVOICE
Vi recharge
Grand Total: ₹43516
Payment: CARD",43516,utilities,card,,,ocr_receipt
abhi 11662 rupaye PVR via Cred,11662,entertainment,upi,cred,,hinglish_natural
IndiGo Rs.120 Gpay,120,travel,upi,gpay,icici,ocr_upi
dinner split 16505 rupaye Ananya Cred,16505,friends,upi,cred,,friends_synthetic
Bajaj Finance EMI ka EMI bhara 315 rs. card se pay kr diya Axis se bohot mehenga,315,emi,card,,axis,hinglish_natural
Burger King ka 2436 rupees ka bill card se pay kiya,2436,food,card,,,voice_transcript
amazon flipkart myntra online shopping order t459 card,459,shopping,card,,,cue_row
"BILL
doctor
INR 432
CARD
Thank You Visit Again",432,healthcare,card,,sbi,ocr_receipt
Paid eye checkup ₹287 using phonepe,287,healthcare,upi,phonepe,,english_natural
36884 flatmate,36884,friends,upi,paytm,bandhan,english_natural
Bajaj Finance EMI 3968.72,3968.72,emi,card,,,english_natural
stationery se course liyaa 750 rs. ka card se,750,education,card,,,hinglish_natural
101 rs. ride le liya Cleartrip pe haath se die,101,travel,cash,,hdfc,hinglish_natural
"CCD
Net Amount 4130
Paid via CASH",4130,food,cash,,,ocr_receipt
ghar jaate waqt Gaana se movie dekhi 289 rupaiye ka credit card se,43796,entertainment,card,,,source_hinglish
paid yaar ₹181 via cash,181,friends,cash,,kotak,friends_synthetic
41895 rupees bike loan EMI UPI se de diye bhai,41895,emi,upi,gpay,slice,hinglish_natural
dost Rahul ko 303 rupaye card se bheje,303,friends,card,,,friends_synthetic
coaching 2019 rupaiye naqad,2019,education,cash,,,hinglish_natural
Paytm Money 316 rupees card se pay kiya achha deal mila,316,investment,card,,indusind,hinglish_natural
"TAX INVOICE
Vi recharge
Grand Total: Rs3668
Payment: gpay",3668,utilities,upi,gpay,,ocr_receipt
mutual fund 2145 rupees card se Punjab National Bank se kata,2145,investment,card,,pnb,hinglish_natural
PharmEasy se dawai liya 341 rs ka card se pay kiya,341,healthcare,card,,bob,hinglish_natural
Angel One 24213 Visa,24213,investment,card,,slice,english_natural
4897 rupaiye gas bill card se pay kiyaa,4897,utilities,card,,,hinglish_natural
Just paid 105.07 to Rohan through bhim,105.07,friends,upi,bhim,jupiter,english_natural
Paid ₹3667 to ACT Fibernet Niyo UPI BOB 5573 Done,3667,utilities,upi,niyo,bob,ocr_upi
39370 rupaye Nykaa card se pay kya,39370,shopping,card,,jupiter,hinglish_natural
bhai hospital ka 12224 rupaye Cred se de diya,12224,healthcare,upi,cred,,voice_transcript
paid back friend lent money ₹350 cred,350,friends,upi,cred,,cue_row
abhi Swiggy pe 4799 rupay ka food order kia card se,4799,food,card,,hdfc,hinglish_natural
amazon flipkart myntra online shopping order INR 70 card,70,shopping,card,,,cue_row
430 rupees EatFit cash,430,food,cash,,,voice_transcript
home loan car loan credit card EMI monthly ₹32293 autopay card,32293,emi,card,,,cue_row
2768 rupaye loan payment kiya bike loan EMI pe card se,2768,emi,card,,,hinglish_natural
personal loan EMI ka loan payment kia 1423 rs card se pay kr diya,1423,emi,card,,,hinglish_natural
dopahar ko Cleartrip se petrol bhar diya 1843 rupaiye ka Paytm pe,1843,travel,upi,paytm,,hinglish_natural
kal Haldirams 22387 rs Cred pe,22387,food,upi,cred,sbi,hinglish_natural
11137 ka colleague bill pay kiya Paytm se axis se kata,11137,friends,upi,paytm,axis,voice_transcript
Divya ₹321 cred,321,friends,upi,cred,,english_natural
32620 ka SIP bill pay kiya card se,32620,investment,card,,,voice_transcript
raat ko CCD se khana kha liya 2280 rupees ka UPI se Bank of Baroda se kata budget tod diya,2280,food,upi,jupiter,bob,hinglish_natural
dentist 499 rupaye UPI se de diye,499,healthcare,upi,gpay,,hinglish_natural
INR 2885 to gold via card,2885,investment,card,,,english_natural
Rs144 paid to Uber via Visa from Federal Bank,144,travel,card,,federal bank,english_natural
4501.45 PhonePe FirstCry,4501.45,shopping,upi,phonepe,,english_natural
split bill 630 cash se Priya ko diya,630,friends,cash,,,friends_synthetic
MakeMyTrip 46905.85 Visa,46905.85,travel,card,,pnb,english_natural
library ka admission kya 24989 credit card se,24989,education,card,,,hinglish_natural
Library fee INR 16371,16371,education,cash,,,source_english
Just paid Rs.18578 to Airtel recharge through Visa,18578,utilities,card,,pnb,english_natural
flatmate 10408 rs Paytm pe hdfc wale account se,10408,friends,upi,paytm,hdfc,hinglish_natural
kal 3240 ₹ FD debit card se,3240,investment,card,,,hinglish_natural
RedBus se ride le liya 75 ka UPI se pay kr diya yaar,75,travel,upi,cred,,hinglish_natural
aaj 1mg pe 6166 rupaye kharcha hua card se,6166,healthcare,card,,,voice_transcript
coaching exam preparation study material Rs407 Phone Pe,407,education,upi,phonepe,,cue_row
202 CRED Amit,202,friends,upi,cred,icici,english_natural
₹4012 to Bajaj Finance EMI via bhim,4012,emi,upi,bhim,,english_natural
3209 rupaye EMI kat gayi HDFC loan ko UPI se,3209,emi,upi,slice,jupiter,hinglish_natural
Paid INR 1038 to Vedantu SLICE UPI Kotak 5748 Done,1038,education,upi,slice,kotak,ocr_upi
"colleague 2427 Completed 15Nov 2026,9:51 am ICICI 9944 UPI transaction ID 538106661281",2427,friends,upi,paytm,icici,ocr_upi
Paid 34246.71 to home loan EMI Paytm UPI Kotak 2123 Done,34246.71,emi,upi,paytm,kotak,ocr_upi
yaar se split kya 2820 rupaiye ka card se pay kya,2820,friends,card,,,hinglish_natural
eye checkup ka medicine lya 3263 rupees cash diyee zyada ho gaya,3263,healthcare,cash,,,hinglish_natural
1786 ka Netmeds bill pay kiya Gpay se,1786,healthcare,upi,gpay,,voice_transcript
crypto payment ₹25155.16 done via Phone Pe,25155.16,investment,upi,phonepe,,english_natural
aaj 2869 rupay dawai lia MedPlus pe haath se de diye,2869,healthcare,cash,,,hinglish_natural
paid back friend lent money Rs.627 card,627,friends,card,,axis,cue_row
Paid INR 226 for JioMart from my sbi account via Fi Money,226,food,upi,fi,sbi,english_natural
subah Udemy ka fees bharra 29107 rs. card se pay kya,29107,education,card,,,hinglish_natural
sent ₹4235 to Shreya on Phonepe,4235,friends,upi,phonepe,axis,friends_synthetic
"Receipt #2952
mobile recharge
Amount Paid: ₹253
Mode: Fi",253,utilities,upi,fi,,ocr_receipt
785 rs. crypto via SLICE,785,investment,upi,slice,,hinglish_natural
INR 2751 debited from your hdfc account for Blinkit (Phone Pe UPI),2751,food,upi,phonepe,hdfc,ocr_upi
Paid ₹2248 for Jio recharge via Visa,2248,utilities,card,,,english_natural
"CROMA
Item 1 INR 159
Item 2 Rs.465
Total INR 1920
CARD",1920,shopping,card,,,ocr_receipt
3041 rupay loan payment kya credit card EMI pe card se,3041,emi,card,,,hinglish_natural
1650 rs installment de diya Bajaj Finance EMI ko debit card se hdfc account se,45480,emi,card,,hdfc,source_hinglish
spent 23742 rupees on Amazon Prime via Phone Pe,23742,entertainment,upi,phonepe,,voice_transcript
Paid t291 for Lenskart via paytm,291,shopping,upi,paytm,,english_natural
netflix spotify hotstar subscription movie show Rs 1956 Paytm,1956,entertainment,upi,paytm,,cue_row
subah DMart pe 1033 rupay ka kha liya UPI se diye,1033,food,upi,cred,,hinglish_natural
subah dost 4348 rs via gpay,4348,friends,upi,gpay,,hinglish_natural
i paid 23768 rupees for CCD using Google Pay,23768,food,upi,gpay,axis,voice_transcript
Shreya 4372 rupay UPI se pay kar diya,4372,friends,upi,cred,,hinglish_natural
bhai NPS ka 198 rupaye Gpay se de diya,198,investment,upi,gpay,,voice_transcript
"DHABA RESTAURANT
Total 274
Cash Received
Change 0.00",274,food,cash,,,ocr_receipt
₹45429 to Udemy via cash sbi account,45429,education,cash,,sbi,english_natural
i did 1928 expense on tuition using card,1928,education,card,,,voice_transcript
TO:NATURE'SBASKET nature'sbasket.44618@sbibank From:AMITSINGH (sbi fi : sender8240@oksbibank,403,food,upi,fi,sbi,ocr_upi
coaching 2347 Phone Pe,2347,education,upi,phonepe,,english_natural
split bill 11825 Google Pay se Pooja ko diya,11825,friends,upi,gpay,,friends_synthetic
flatmate rent share 2530 Cred Ananya,2530,friends,upi,cred,,friends_synthetic
JioMart me 20351 ₹ ka kha liya Google Pay se pay kya sbi se,20351,food,upi,gpay,sbi,hinglish_natural
Paid 1481.48 for Jio recharge via Mastercard,1481.48,utilities,card,,,english_natural
upGrad 44848,44848,education,card,,,english_natural
9565 rupees ticket liyaa Spotify pe Google Pay se pay kiya bc,9565,entertainment,upi,gpay,,hinglish_natural
"Receipt #1850
Hotstar
Amount Paid: ?10891
Mode: CARD",10891,entertainment,card,,,ocr_receipt
Kuvera 218.94 jupiter Payment done Kotak 2124,218.94,investment,upi,jupiter,kotak,ocr_upi
UPI/28254916/SPICEJET/BANK,1902,travel,upi,cred,,english_natural
Paid ₹4678 to Coursera PhonePe UPI sbi 8154 Completed,4678,education,upi,phonepe,sbi,ocr_upi
Reliance Digital pe 385 rupees ka buy kya debit card se,385,shopping,card,,,hinglish_natural
diagnostic me 4410 rupaiye ka checkup karaya UPI se de diye,4410,healthcare,upi,paytm,,hinglish_natural
Rs23706 charged for Biryani Blues on cash,23706,food,cash,,axis,english_natural
dost Arjun ko 15474 rupaye slice se bheje,15474,friends,upi,slice,sbi,friends_synthetic
subah SIP me 94 rupaiye ka stock lia card se Niyo card se,94,investment,card,,niyo,hinglish_natural
81 ka Netflix bill pay kiya card se,81,entertainment,card,,,voice_transcript
FreshMenu 44144 rupaiye cred pe,44144,food,upi,cred,,hinglish_natural
spent 326 rupees on diagnostic via Cred,326,healthcare,upi,cred,icici,voice_transcript
"BILL
1mg
?2865.59
CARD
Thank You Visit Again",2865.59,healthcare,card,,,ocr_receipt
22771 rupaiye colleague PayTM pe budget tod diya,22771,friends,upi,paytm,,hinglish_natural
R 3215 paid to exam fee via card from IDFC,3215,education,card,,idfc,english_natural
kal 1322 rupaye transfer kr diya Rohan ko UPI se pay kia,1322,friends,upi,cred,,hinglish_natural
flatmate rent share 17059 cash Rohan,17059,friends,cash,,,friends_synthetic
gold 1833 ₹ cred se,1833,investment,upi,cred,,hinglish_natural
"SonyLIV
Net Amount 15043
Paid via CARD",15043,entertainment,card,,,ocr_receipt
106 ka Practo bill pay kiya cash se SBI se kata,106,healthcare,cash,,sbi,voice_transcript
i paid 186 rupees for hospital using Paytm,186,healthcare,upi,paytm,,voice_transcript
INR 10751 to Kuvera via Mastercard,10751,investment,card,,,english_natural
PPF contribution INR 32195,32195,investment,card,,icici,source_english
TO:BIKELOANEMI bikeloanemi.43599@hdfcbankbank From:UTSAVJANA (HDFC Bank Paytm : sender4703@okhdfcbankbank,2241.29,emi,upi,paytm,hdfc,ocr_upi
Paid 3473 for Vedantu from my ICICI Bank account via gpay,3473,education,upi,gpay,icici,english_natural
dopahar ko 31080 rupay colleague UPI se diyee,31080,friends,upi,slice,,hinglish_natural
Payment of R 4879 to car loan EMI was successful via GPay UPI Ref No 73952736741304 hdfc Account 9913,4879,emi,upi,gpay,hdfc,ocr_upi
FreshMenu 41076 rupay naqad,41076,food,cash,,,hinglish_natural
"D HDFCLOAN 353 Completed 19Jan 2026,8:44 pm Bank of Baroda Bank 2081 UPI transaction ID 31523499372699 TO:HDFCLOAN hdfc loan.58343@bank of barodabank Soogletransaction lD CICAgJjg205853 OPI Phone Pe",353,emi,upi,phonepe,bob,ocr_upi
tuition ka fees bharra 251 rupay card se pay kar diya,251,education,card,,,hinglish_natural
i did 20123 expense on lab test using card,20123,healthcare,card,,niyo,voice_transcript
bhai cafe ka 194 rupaye gpay se de diya,194,food,upi,gpay,icici,voice_transcript
Bought Shreya for ₹415 with cash,415,friends,cash,,hdfc,english_natural
YouTube Premium 969 rs. debit card se Punjab National Bank wale account se,969,entertainment,card,,pnb,hinglish_natural
Groww se stock liyaa 3481 ka card se,3481,investment,card,,,hinglish_natural
i paid 223 rupees for IndiGo using gpay,223,travel,upi,gpay,hdfc,voice_transcript
gaming concert event ticket Rs.187 NIYO,187,entertainment,upi,niyo,,cue_row
INR 14873.86 paid to restaurant via Paytm UPI from HDFC Bank ending 5932,14873.86,food,upi,paytm,hdfc,ocr_upi
Just paid Rs.56.51 to DishTV through PayTM,56.51,utilities,upi,paytm,,english_natural
Paid Rs.242 to Apollo Pharmacy BHIM UPI icici 9685 Successful,242,healthcare,upi,bhim,icici,ocr_upi
"TAX INVOICE
restaurant
Grand Total: ₹3288
Payment: Gpay",3288,food,upi,gpay,hdfc,ocr_receipt
bhai SonyLIV ka 31998 rupaye jupiter se de diya,31998,entertainment,upi,jupiter,jupiter,voice_transcript
lunch dinner food order swiggy zomato restaurant meal Rs 27227 fi,27227,food,upi,fi,,cue_row
838 rupees kiraya de diya Indian Oil ko haath se de diya,838,travel,cash,,,hinglish_natural
SonyLIV ka subscription renew kiya 2001 rs paytm se,2001,entertainment,upi,paytm,,hinglish_natural
maine 469 rupaye SIP ko diye card se,469,investment,card,,kotak,voice_transcript
Paid Rs.2569.63 for personal loan EMI via debit card,2569.63,emi,card,,idfc,english_natural
SBI loan 33783 phonepe Completed axis 5528,33783,emi,upi,phonepe,axis,ocr_upi
Payment of INR 3450 to Blinkit was successful via Paytm UPI Ref No 580099986692450 HDFC Account 5899,3450,food,upi,paytm,hdfc,ocr_upi
DUNKIN INR 4976,4976,food,upi,jupiter,,english_natural
"Receipt #4415
Spotify
Amount Paid: 26605
Mode: fi",26605,entertainment,upi,fi,,ocr_receipt
"Receipt #8413
Ajio
Amount Paid: INR 452
Mode: G Pay",452,shopping,upi,gpay,,ocr_receipt
"Receipt #2574
Airtel recharge
Amount Paid: INR 1344
Mode: SLICE",1344,utilities,upi,slice,,ocr_receipt
NEFT/TRANSFER/HDFC LOAN/UNION BANK,7468,emi,upi,gpay,union bank,english_natural
3176 rs Pizza Hut UPI se de diye zyada ho gaya,3176,food,upi,slice,,hinglish_natural
Paid Rs 7838 for rent from my slice account via debit card,7838,utilities,card,,slice,english_natural
coaching 4817.78 HDFC Bank,4817.78,education,upi,bhim,hdfc,english_natural
403 rupay gold credit card se,403,investment,card,,fi,hinglish_natural
Payment of 432 to Cleartrip was successful via jupiter UPI Ref No 4149286401810 State Bank Account 9155,432,travel,upi,jupiter,sbi,ocr_upi
Airtel recharge ₹21564.25 debited from jupiter,21564.25,utilities,card,,jupiter,english_natural
exam fee 3080 Paytm Completed SBI 7509,3080,education,upi,paytm,sbi,ocr_upi
2895 ka Vikram bill pay kiya jupiter se,2895,friends,upi,jupiter,,voice_transcript
R 3204 to dost Slice UPI,3204,friends,upi,slice,,friends_synthetic
personal loan installment EMI deduction Rs.1591 slice,1591,emi,upi,slice,,cue_row
YouTube Premium Rs.2160.50 BHIM,2160.50,entertainment,upi,bhim,,english_natural
4573 paid to SpiceJet via PhonePe UPI from HDFC Bank ending 4395,4573,travel,upi,phonepe,hdfc,ocr_upi
sent 1457 to Divya on Phonepe,1457,friends,upi,phonepe,,friends_synthetic
BookMyShow 146 NIYO,146,entertainment,upi,niyo,,english_natural
coaching exam preparation study material t421 gpay,421,education,upi,gpay,,cue_row
subah Tata CLiQ se buy kr diya 2240 rs ka slice se pay kr diya,2240,shopping,upi,slice,hdfc,hinglish_natural
kal Bewakoof ka order kiya 17636 rupaye credit card se,17636,shopping,card,,,hinglish_natural
office se aate hue Air India 41732 rupees slice se,41732,travel,upi,slice,yes bank,hinglish_natural
Paid Kuvera ?3112 using Gpay,3112,investment,upi,gpay,,english_natural
Paid Rs.30453 to PharmEasy CRED UPI Canara 9667 Completed,30453,healthcare,upi,cred,canara,ocr_upi
18603 rupaye mutual fund kya NPS ko credit card se,18603,investment,card,,fi,hinglish_natural
Groww se stock lia 40500 rupees ka debit card se budget tod diya,40500,investment,card,,hdfc,hinglish_natural
FD 103 slice Payment done PNB 5264,103,investment,upi,slice,pnb,ocr_upi
"HOSPITAL
Item 1 Rs 216
Item 2 Rs.319
Total 3992
PhonePe",3992,healthcare,upi,phonepe,,ocr_receipt
aaj broadband pe 47371 rupaye kharcha hua Cred se,47371,utilities,upi,cred,,voice_transcript
netflix spotify hotstar subscription movie show ₹2644 card,2644,entertainment,card,,,cue_row
BookMyShow me 298 ₹ ka show dekha cash me Indusind Bank se bc,298,entertainment,cash,,indusind,hinglish_natural
20325 charged for Indian Oil on Jupiter,20325,travel,upi,jupiter,,english_natural
46579 rupaye Dunkin credit card se,46579,food,card,,,hinglish_natural
UPI/63597509/BIKE LOAN EMI/FI MONEY,13770.80,emi,card,,fi,english_natural
paid back friend lent money ₹2270 G Pay,2270,friends,upi,gpay,hdfc,cue_row
Biryani Blues se kha liya 7960 rs. ka haath se die,7960,food,cash,,jupiter,hinglish_natural
i did 14944 expense on BSNL using Paytm,14944,utilities,upi,paytm,,voice_transcript
Paid library INR 4565.93 using GPay,4565.93,education,upi,gpay,,english_natural
split bill 16540 GPay se yaar ko diya,16540,friends,upi,gpay,,friends_synthetic
education loan EMI ka EMI kat gayi 1495 rs. UPI se pay kia,1495,emi,upi,niyo,,hinglish_natural
POS/CLINIC/BHIM/4817,451,healthcare,upi,bhim,,english_natural
car loan EMI Rs 322 phonepe,322,emi,upi,phonepe,idfc,english_natural
4899 Coin,4899,investment,card,,jupiter,english_natural
"D EXAMFEE 1370 Completed 19Jan 2026,3:08 pm sbi Bank 2588 UPI transaction ID 849370774420 TO:EXAMFEE exam fee.81566@sbibank Googletransaction lD XYZabc403710 OPI Phone Pe",1370,education,upi,phonepe,sbi,ocr_upi
3120 market,3120,shopping,upi,phonepe,,english_natural
POS/ELECTRICITY BILL/SLICE/2369,1590.61,utilities,upi,slice,,english_natural
tuition pe 3760 rupay ka tuition diye debit card se,3760,education,card,,,hinglish_natural
MedPlus 478.02 PhonePe Completed Canara Bank 5345,478.02,healthcare,upi,phonepe,canara,ocr_upi
"D DISHTV 437.64 Completed 22Jan 2026,3:27 pm Indusind Bank Bank 4297 UPI transaction ID 928031512265 TO:DISHTV dishtv.94193@indusind bankbank Goog1etransaction lD CICAgJjg772925 OPI Cred",437.64,utilities,upi,cred,indusind,ocr_upi
2168 rupaye Spotify cred se pay kiyaa bhai,2168,entertainment,upi,cred,,hinglish_natural
home loan car loan credit card EMI monthly t4532 autopay Cred,4532,emi,upi,cred,,cue_row
Vikram se dost ko diye 304 rupees ka cred se,304,friends,upi,cred,,hinglish_natural
"D RAPIDO 174.63 Completed 28Mar 2026,5:03 pm sbi Bank 2651 UPI transaction ID 00255878257313 TO:RAPIDO rapido.12912@sbibank Soogletransaction lD CICAgJjg373540 OPI Paytm",174.63,travel,upi,paytm,sbi,ocr_upi
netflix spotify hotstar subscription movie show ₹4448 Paytm,4448,entertainment,upi,paytm,,cue_row
credit card EMI 43.17 NIYO,43.17,emi,card,,niyo,english_natural
friend se transfer kia 162 rupay ka paytm se,162,friends,upi,paytm,,hinglish_natural
Netmeds se dawai lya 1603 ₹ ka card se pay kya YES BANK card se,1603,healthcare,card,,yes bank,hinglish_natural
gas bill ka bill pay kiyaa 481 rupaiye UPI se pay kar diya HDFC Bank se,35993,utilities,upi,gpay,hdfc,source_hinglish
Cleartrip ka ride liya 31466 rs cash diy bohot mehenga,31466,travel,cash,,,hinglish_natural
9290 rupaiye Paytm Money card se pay kiyaa zyada ho gaya,9290,investment,card,,fi,hinglish_natural
coaching exam preparation study material Rs.283 Bhim,283,education,upi,bhim,,cue_row
i did 6727 expense on BookMyShow using card,6727,entertainment,card,,slice,voice_transcript
electronics clothes shoes accessories purchase Rs.155 via card,155,shopping,card,,,cue_row
today i spent 1164 on car loan EMI via PhonePe from my HDFC Bank bank,1164,emi,upi,phonepe,hdfc,voice_transcript
368 rupees hospital paytm Kotak Mahindra account,368,healthcare,upi,paytm,kotak,voice_transcript
amazon flipkart myntra online shopping order ₹2607 card,2607,shopping,card,,,cue_row
Burger King se food order kia 28448 rupees ka UPI se diy IndusInd account se achha deal mila,28448,food,upi,gpay,indusind,hinglish_natural
kal YouTube Premium 46642 rs UPI se pay kr diya,46642,entertainment,upi,cred,,hinglish_natural
165 rupees SBI loan GPay,165,emi,upi,gpay,,voice_transcript
320 ₹ khana khaya Chai Point ko niyo pe,320,food,upi,niyo,bob,hinglish_natural
JioMart 41123 Phone Pe se achha deal mila,41123,food,upi,phonepe,niyo,hinglish_natural
Netflix 198.66 PayTM Completed hdfc 1259,198.66,entertainment,upi,paytm,hdfc,ocr_upi
"Vi recharge 40988 Completed 10Aug 2025,4:11 am hdfc 1242 UPI transaction ID 0088843913497",40988,utilities,upi,gpay,hdfc,ocr_upi
Paid Lenskart Rs.196.15 using debit card,196.15,healthcare,card,,,english_natural
"PharmEasy 4564 Completed 23Oct 2025,9:14 pm Axis 3537 UPI transaction ID 42495015280",4564,healthcare,upi,bhim,axis,ocr_upi
office se aate hue Netflix ka subscription renew kar diya 35092 rupaye jupiter pe,35092,entertainment,upi,jupiter,,hinglish_natural
Paid 953 for exam fee via cash,953,education,cash,,,english_natural
"D MYNTRA 4769 Completed 15Feb 2026,6:19 pm HDFC Bank 7650 UPI transaction ID 7748816820 TO:MYNTRA myntra.46554@hdfcbank Soogletransaction lD CICAgJjg127731 OPI jupiter",4769,shopping,upi,jupiter,hdfc,ocr_upi
Spent 1088 on Jio recharge using Bhim,1088,utilities,upi,bhim,,english_natural
"JIO RECHARGE RESTAURANT
Total 16311
Cash Received
Change 0.00",16311,utilities,cash,,,ocr_receipt
t776 to Rohan Phonepe UPI,776,friends,upi,phonepe,,friends_synthetic
yaar education loan EMI 341 rs. card se pay kiyaa,341,emi,card,,,hinglish_natural
"D FRESHMENU 128 Completed 27Apr 2026,3:51 pm ICICI Bank Bank 2075 UPI transaction ID 70345058820244 TO:FRESHMENU freshmenu.62401@icici bankbank Goog1etransaction lD XYZabc397422 OPI PhonePe",128,food,upi,phonepe,icici,ocr_upi
Paid Rs.1498 to Behrouz Paytm UPI sbi 5652 Successful,1498,food,upi,paytm,sbi,ocr_upi
medical checkup lab test health insurance 1244 phonepe,1244,healthcare,upi,phonepe,,cue_row
Bajaj Finance EMI ka EMI bharra 216 rs. credit card se idfc card se,216,emi,card,,idfc,hinglish_natural
INR 304 paid to Coursera via Phonepe UPI from ICICI Bank ending 7301,304,education,upi,phonepe,icici,ocr_upi
Reliance Digital Rs24452 paytm,24452,shopping,upi,paytm,union bank,ocr_upi
"Netflix BILL
St: Rs159
CARD APPROVED",159,entertainment,card,,,ocr_receipt
16914 rs. Lenskart debit card se,14764,healthcare,card,,axis,source_hinglish
1032 rupay Kuvera UPI se pay kiya,1032,investment,upi,gpay,slice,hinglish_natural
i did 2189 expense on clinic using card,2189,healthcare,card,,,voice_transcript
FD 32554 debited from icici,32554,investment,upi,paytm,icici,english_natural
colleague ko 23849 transfer kiya cash se,23849,friends,cash,,,friends_synthetic
hospital doctor pharmacy medicine diagnostic INR 854 Cred,854,healthcare,upi,cred,,cue_row
Mobile recharge INR 25505,25505,utilities,upi,cred,axis,source_english
DishTV 398,398,utilities,upi,phonepe,,english_natural
"MEESHO
Item 1 Rs 414
Item 2 ₹484
Total ₹2199
CARD",2199,shopping,card,,,ocr_receipt
ATM/CASH/BANK/43723.62,43723.62,emi,card,,,english_natural
HDFC LOAN INR 12542.14,12542.14,emi,card,,,english_natural
313 rupaiye buy kiyaa Myntra pe naqad,313,shopping,cash,,,hinglish_natural
Paytm Money ka SIP bhar diya 2338 rupaye UPI se,2338,investment,upi,slice,,hinglish_natural
aaj Practo ka dawai lya 124 rupees via GPay,39473,healthcare,upi,gpay,,source_hinglish
"HALDIRAMS
Item 1 Rs 99
Item 2 Rs359
Total INR 3636
CASH",3636,food,cash,,sbi,ocr_receipt
Rahul ko 24181 transfer kiya cred se,24181,friends,upi,cred,sbi,friends_synthetic
today i spent 249 on market via Google Pay from my sbi bank,249,shopping,upi,gpay,sbi,voice_transcript
hospital doctor pharmacy medicine diagnostic INR 389 Phonepe,389,healthcare,upi,phonepe,,cue_row
eye checkup ka checkup karaya 3092 rs debit card se,3092,healthcare,card,,hdfc,hinglish_natural
Zerodha se invest kiya 35 ka card se pay kiyaa bc,35,investment,card,,jupiter,hinglish_natural
dopahar ko roommate ka paise bheje 320 rupay cash me State Bank se kata,320,friends,cash,,sbi,hinglish_natural
Spotify ka subscription renew kiyaa 8547 rs haath se de diya SBI se,8547,entertainment,cash,,sbi,hinglish_natural
grocery vegetables milk bread fruits 3816 paid cash,3816,food,cash,,canara,cue_row
crypto gold bonds NPS portfolio 1322 PhonePe,1322,investment,upi,phonepe,hdfc,cue_row
28370 ₹ HP Petrol UPI se die,28370,travel,upi,niyo,,hinglish_natural
breakfast snacks chai coffee INR 49411 cash,49411,food,cash,,hdfc,cue_row
PharmEasy INR 2966 G Pay,2966,healthcare,upi,gpay,bob,ocr_upi
Yatra ka 1440 rupees ka bill cash se pay kiya,1440,travel,cash,,,voice_transcript
₹32959 to Angel One via credit card,32959,investment,card,,,english_natural
netflix spotify hotstar subscription movie show 2518 Cred,2518,entertainment,upi,cred,,cue_row
Spent ?2072.39 on Paytm Money using G Pay,2072.39,investment,upi,gpay,,english_natural
DishTV ka bill bhar diya 47764 UPI se de diye,47764,utilities,upi,phonepe,,hinglish_natural
"ACT Fibernet
Net Amount 3937
Paid via CASH",3937,utilities,cash,,,ocr_receipt
mutual fund me 392 rs. ka mutual fund kiyaa UPI se pay kia,392,investment,upi,paytm,,hinglish_natural
BSNL 4932 paytm,4932,utilities,upi,paytm,,english_natural
Rs.917.22 to JioMart via Mastercard sbi account,917.22,food,card,,sbi,english_natural
bhai car loan EMI pe 314 ₹ ka EMI kat gayi CRED se pay kar diya,314,emi,upi,cred,,hinglish_natural
ATM/CASH/BANK/3123,3123,investment,upi,cred,,english_natural
Hotel booking INR 40570,40570,travel,card,,sbi,source_english
940 Jupiter personal loan EMI,940,emi,upi,jupiter,,english_natural
MakeMyTrip 226.74,226.74,travel,card,,,english_natural
183.53 card Lenskart,183.53,healthcare,card,,,english_natural
Kuvera 28633 rupaye Cred se pay kiyaa yaar,29759,investment,upi,cred,,source_hinglish
Rs2355 debited from your icici account for H&M (PhonePe UPI),2355,shopping,upi,phonepe,icici,ocr_upi
16654 rupees EMI bhara HDFC loan ko credit card se bhai,16654,emi,card,,,hinglish_natural
"Receipt #6247
water bill
Amount Paid: Rs2172.71
Mode: CASH",2172.71,utilities,cash,,indusind,ocr_receipt
306 rupaiye checkup karaya 1mg ko via Google Pay,306,healthcare,upi,gpay,,hinglish_natural
JioMart 2637.47 paytm Successful HDFC Bank 9349,2637.47,food,upi,paytm,hdfc,ocr_upi
243 Apple Music debit card se,243,entertainment,card,,slice,hinglish_natural
uber ola cab ride airport train ticket ₹4267 card,4267,travel,card,,,cue_row
FirstCry se order kiyaa 4660 rupaiye ka UPI se de diye,4660,shopping,upi,bhim,,hinglish_natural
kal 4546 rupees EMI bhara HDFC loan ko Gpay pe,4546,emi,upi,gpay,fi,hinglish_natural
"diagnostic 2028.44 Completed 3Nov 2026,3:39 pm SBI 3658 UPI transaction ID 68546211670062",2028.44,healthcare,upi,paytm,sbi,ocr_upi
SBI loan 473 rupaye card se pay kar diya hdfc card se,473,emi,card,,hdfc,hinglish_natural
abhi 3435 rs loan payment kiyaa SBI loan ko card se pay kia,3435,emi,card,,,hinglish_natural
Coursera 276.48 hdfc,276.48,education,upi,slice,hdfc,english_natural
kal 3841 rupees concert card se,3841,entertainment,card,,fi,hinglish_natural
Hospital bill INR 31995,31995,healthcare,card,,pnb,source_english
Paid ₹3641.37 to insurance premium paytm UPI State Bank 3159 Completed,3641.37,utilities,upi,paytm,sbi,ocr_upi
Payment of Rs 234.36 to colleague was successful via Phonepe UPI Ref No 6155026134 RBL Account 1734,234.36,friends,upi,phonepe,rbl,ocr_upi
spent 375 rupees on rickshaw via cash,375,travel,cash,,,voice_transcript
Rs.12254.24 paid to IndiGo via gpay UPI from HDFC Bank ending 3142,12254.24,travel,upi,gpay,hdfc,ocr_upi
"Receipt #4466
PharmEasy
Amount Paid: Rs.281
Mode: PayTM",281,healthcare,upi,paytm,axis,ocr_receipt
4558 rupaiye khana order kiyaa Chai Point ko UPI se pay kar diya bhai,4558,food,upi,gpay,,hinglish_natural
subah cafe ka mangwaya 155 rupay via phonepe,155,food,upi,phonepe,,hinglish_natural
Vi recharge 4788 PayTM,4788,utilities,upi,paytm,icici,ocr_upi
7597 rs 1mg haath se de diya,7597,healthcare,cash,,jupiter,hinglish_natural
yaar Dominos 521 rupaye cash me,521,food,cash,,,hinglish_natural
jupiter payment ₹85 Subway Canara Bank 1655 completed,85,food,upi,jupiter,canara,ocr_upi
"YouTube Premium BILL
St: ₹1728
CARD Approved",1728,entertainment,card,,,ocr_receipt
₹202 paid to Starbucks via Google Pay UPI from Axis Bank Bank ending 2356,202,food,upi,gpay,axis,ocr_upi
gaming concert event ticket Rs.43922 card,43922,entertainment,card,,,cue_row
doctor 2770 ₹ debit card se Punjab National Bank se,31995,healthcare,card,,pnb,source_hinglish
2719 rupees paisa daala mutual fund ko UPI se pay kr diya,2719,investment,upi,gpay,,hinglish_natural
Pooja me 392 ka transfer kiyaa PayTM pe,392,friends,upi,paytm,,hinglish_natural
Rs 2844 paid to HP Petrol via cash from Jupiter,2844,travel,cash,,jupiter,english_natural
Apple Music payment Rs.266 done via phonepe,266,entertainment,upi,phonepe,rbl,english_natural
Udemy ka fees bharra 19866 rupees haath se diyee,1210,education,cash,,,source_hinglish
bhai 49053 rupees cab liya Cleartrip ko UPI se jupiter card se,49053,travel,upi,phonepe,jupiter,hinglish_natural
Spent 4516.65 on tuition using Gpay,4516.65,education,upi,gpay,hdfc,english_natural
Bought clinic for 4189 with phonepe,4189,healthcare,upi,phonepe,hdfc,english_natural
Air India 5839,5839,travel,cash,,hdfc,english_natural
CRED payment ₹346 market Axis Bank 6145 done,346,shopping,upi,cred,axis,ocr_upi
950 PhonePe colleague,950,friends,upi,phonepe,,english_natural
Paid SIP INR 288 using Slice from HDFC,288,investment,upi,slice,hdfc,english_natural
crypto gold bonds NPS portfolio ₹6854 card,6854,investment,card,,sbi,cue_row
raat ko BYJU'S ka admission kya 2334 rupees cash me,2334,education,cash,,,hinglish_natural
INR 4780 charged for friend on G Pay,4780,friends,upi,gpay,,english_natural
paid 36475 to MakeMyTrip through cash from NIYO,36475,travel,cash,,niyo,voice_transcript
aaj Angel One se SIP bharra 61 rs ka card se,5216,investment,card,,,source_hinglish
RedBus pe 43362 rs. ka petrol bhra credit card se,43362,travel,card,,,hinglish_natural
6733 ₹ buy kiya electronics store pe card se pay kr diya,6733,shopping,card,,,hinglish_natural
mutual fund SIP stocks PPF FD investment ₹2225 card,2225,investment,card,,yes bank,cue_row
Reliance Digital pe 10986 rupaiye ka saman liya cash de diye,10986,shopping,cash,,icici,hinglish_natural
mall ka saman le liya 13344 rupees card se NIYO se kata,13344,shopping,card,,niyo,hinglish_natural
BigBasket ka kha liya 23294 rupaye via GPay,23294,food,upi,gpay,,hinglish_natural
dost yaar ko 647 rupaye G Pay se bheje,647,friends,upi,gpay,hdfc,friends_synthetic
ghar jaate waqt 41616 rupaye checkup karaya Lenskart ko debit card se,41616,healthcare,card,,,hinglish_natural
"D YATRA 4796.69 Completed 2Apr 2026,7:35 pm icici Bank 8137 UPI transaction ID 9024464423598 TO:YATRA yatra.93064@icicibank Goog1etransaction lD XYZabc840927 OPI paytm",4796.69,travel,upi,paytm,icici,ocr_upi
Spent Rs30643.14 on Reliance Fresh using phonepe,30643.14,food,upi,phonepe,,english_natural
society maintenance ka payment kiyaa 272 haath se diyee,272,utilities,cash,,,hinglish_natural
mutual fund SIP stocks PPF FD investment Rs.2194 card,2194,investment,card,,,cue_row
4885 rs petrol bhra Goibibo pe Gpay pe,4885,travel,upi,gpay,sbi,hinglish_natural
"Receipt #3213
BSNL
Amount Paid: ₹3440.18
Mode: Slice",3440.18,utilities,upi,slice,,ocr_receipt
bike loan EMI se EMI kat gayi 76 rs. ka debit card se,76,emi,card,,,hinglish_natural
Electronics shopping INR 4429,4429,shopping,card,,kotak,source_english
dost Shreya ko 257 rupaye Fi se bheje,257,friends,upi,fi,axis,friends_synthetic
UPI/06018372/GAMING/SLICE,626,entertainment,upi,gpay,slice,english_natural
spent 444 rupees on books via card,444,education,card,,kotak,voice_transcript
Box8 mein 374 lag gaye GPay se bhara,374,food,upi,gpay,,voice_transcript
686 rs. paise bheje Rohan pe via phonepe zyada ho gaya,686,friends,upi,phonepe,,hinglish_natural
Divya 32706 Phonepe,32706,friends,upi,phonepe,bob,ocr_upi
1408 rupees roommate cash sbi account,1408,friends,cash,,sbi,voice_transcript
yaar dhaba ka mangwaya 3418 rs. UPI se,12376,food,upi,slice,,source_hinglish
DishTV 8765 rupay card se pay kya,8765,utilities,card,,,hinglish_natural
2938 rupaye doctor ko diyee diagnostic pe UPI se de diye jupiter se,2938,healthcare,upi,niyo,jupiter,hinglish_natural
coaching me 290 rupay ka tuition diyee haath se de diye,290,education,cash,,,hinglish_natural
personal loan EMI 165 rupay UPI se pay kar diya jupiter se,165,emi,upi,phonepe,jupiter,hinglish_natural
134 ka FreshMenu bill pay kiya slice se,134,food,upi,slice,,voice_transcript
abhi restaurant me 11852 rupaiye ka food order kia slice se,11852,food,upi,slice,,hinglish_natural
Snapdeal 249.35 G Pay Payment done HDFC Bank 3481,249.35,shopping,upi,gpay,hdfc,ocr_upi
Online course subscription INR 39601,39601,education,card,,,source_english
today i spent 49685 on mutual fund via Cred,49685,investment,upi,cred,,voice_transcript
Paid Rs 4564 for car loan EMI from my axis account via debit card,4564,emi,card,,axis,english_natural
4934 Vedantu,4934,education,upi,slice,,english_natural
3379 rupaye upGrad naqad,3379,education,cash,,,hinglish_natural
spent 4539 rupees on Myntra via PhonePe,4539,shopping,upi,phonepe,,voice_transcript
netflix spotify hotstar subscription movie show Rs.48713 PhonePe,48713,entertainment,upi,phonepe,,cue_row
raat ko SBI loan me 2317 rs. ka loan payment kya card se,2317,emi,card,,,hinglish_natural
"TAX INVOICE
FirstCry
Grand Total: ₹145
Payment: CARD",145,shopping,card,,,ocr_receipt
28622 ₹ saman le liya H&M ko via phonepe,28622,shopping,upi,phonepe,,hinglish_natural
4494 rupaye fees bhara Coursera ko credit card se,4494,education,card,,,hinglish_natural
SpiceJet mein 24291 lag gaye card se bhara,24291,travel,card,,,voice_transcript
Bought tuition for Rs.219 with Phonepe,219,education,upi,phonepe,,english_natural
343 diagnostic,343,healthcare,cash,,,english_natural
school fees Rs 421 Visa,421,education,card,,,english_natural
home loan car loan credit card EMI monthly Rs1154 autopay card,1154,emi,card,,,cue_row
IRCTC se petrol bharaa 491 rupees ka haath se diy,491,travel,cash,,,hinglish_natural
280 debit card Amazon Prime,280,entertainment,card,,,english_natural
Zerodha Rs 623.90 credit card,623.90,investment,card,,,english_natural
"D SHREYA 21646 Completed 17Apr 2026,12:58 pm State Bank Bank 1201 UPI transaction ID 688384916971576 TO:SHREYA shreya.28906@state bankbank Goog1etransaction lD XYZabc063351 OPI paytm",21646,friends,upi,paytm,sbi,ocr_upi
270 rupay petrol bharra Uber pe debit card se,270,travel,card,,,hinglish_natural
yaar Tata Play 33849 ₹ card se,39239,utilities,card,,,source_hinglish
home loan car loan credit card EMI monthly Rs31671 autopay card,31671,emi,card,,,cue_row
"TAX INVOICE
society maintenance
Grand Total: 3218
Payment: CARD",3218,utilities,card,,,ocr_receipt
37 rupay cab lia Cleartrip pe cash diye,37,travel,cash,,,hinglish_natural
"BLINKIT RESTAURANT
Total 33.13
Cash Received
Change 0.00",33.13,food,card,,kotak,ocr_receipt
"Unacademy 33690 Completed 18May 2025,9:02 am HDFC Bank 1290 UPI transaction ID 639937823691099",33690,education,upi,cred,hdfc,ocr_upi
Used BOB Jupiter to pay Rs.435.85 for Myntra,435.85,shopping,upi,jupiter,bob,english_natural
dinner split 21441 rupaye Arjun CRED,21441,friends,upi,cred,icici,friends_synthetic
raat ko Hotstar ka subscription renew kr diya 41977 UPI se pay kr diya,41977,entertainment,upi,gpay,,hinglish_natural
Rapido me 4229 rupaiye ka ride lia haath se diyee,4229,travel,cash,,,hinglish_natural
raat ko JioMart se khana khya 4118 rupay ka via Cred,4118,food,upi,cred,,hinglish_natural
"D MEDPLUS 4534 Completed 3Apr 2026,3:45 pm hdfc Bank 1455 UPI transaction ID 0761242044156 TO:MEDPLUS medplus.81097@hdfcbank Goog1etransaction lD CICAgJjg072799 OPI Phone Pe",4534,healthcare,upi,phonepe,hdfc,ocr_upi
Bought electronics store for Rs849.38 with jupiter,849.38,shopping,upi,jupiter,pnb,english_natural
42306 rupees FD Phonepe,42306,investment,upi,phonepe,,voice_transcript
35685 rupaye invest kr diya Angel One pe debit card se,35685,investment,card,,,hinglish_natural
Used Fi card to pay INR 2776 for Zee5,2776,entertainment,card,,fi,english_natural
yaar Lenskart me 134 rupaye ka shopping kr diya card se,134,shopping,card,,fi,hinglish_natural
335 rupees diagnostic bhim kotak account,335,healthcare,upi,bhim,kotak,voice_transcript
paid 332 to Angel One through GPay from Kotak Mahindra,332,investment,upi,gpay,kotak,voice_transcript
Payment of Rs38214 to Meesho was successful via PhonePe UPI Ref No 55745861805839 IDFC First Account 2617,38214,shopping,upi,phonepe,idfc,ocr_upi
today i spent 147 on mobile recharge via Paytm from my sbi bank,147,utilities,upi,paytm,sbi,voice_transcript
Shreya ko 1794 transfer kiya BHIM se,1794,friends,upi,bhim,,friends_synthetic
3966 ₹ kiraya diye Ola pe card se NIYO account se,3966,travel,card,,niyo,hinglish_natural
dost bro ko 398 rupaye G Pay se bheje,398,friends,upi,gpay,icici,friends_synthetic
113 NPS Bhim pe,113,investment,upi,bhim,,hinglish_natural
1842 ₹ education loan EMI debit card se,1842,emi,card,,hdfc,hinglish_natural
Paid 1mg ₹4578.01 using Visa,4578.01,healthcare,card,,,english_natural
paid Priya Rs 449 via card,449,friends,card,,,friends_synthetic
bhai Ajio se shopping kar diya 4249 rupaiye ka UPI se de diya,4249,shopping,upi,slice,,hinglish_natural
Bajaj Finance EMI se EMI bhara 3540 rs. ka card se pay kar diya,3540,emi,card,,,hinglish_natural
spent 17054 rupees on Netflix via Slice,17054,entertainment,upi,slice,indusind,voice_transcript
Just paid Rs 40572 to EatFit through cash,40572,food,cash,,,english_natural
BYJU'S ka course lia 3100 ₹ UPI se de diya,3100,education,upi,phonepe,,hinglish_natural
bhim payment INR 222.84 Tata Play HDFC Bank 8202 completed,222.84,utilities,upi,bhim,hdfc,ocr_upi
ghar jaate waqt 7357 rupaye loan payment kr diya education loan EMI ko UPI se diy,7357,emi,upi,slice,,hinglish_natural
"NATURE'S BASKET
Item 1 297
Item 2 Rs297
Total 60
CASH",60,food,cash,,,ocr_receipt
Reliance Digital mein 56 lag gaye card se bhara,56,shopping,card,,idfc,voice_transcript
spent 293 rupees on mall via PayTM,293,shopping,upi,paytm,,voice_transcript
car loan EMI 26322 sbi,26322,emi,upi,gpay,sbi,english_natural
BHIM payment t18838.83 SBI loan ICICI Bank 6407 completed,18838.83,emi,upi,bhim,icici,ocr_upi
INR 18063 charged for PharmEasy on Phonepe,18063,healthcare,upi,phonepe,,english_natural
PharmEasy 46647 rupaiye haath se diye,46647,healthcare,cash,,,hinglish_natural
HDFC loan se installment diy 981 rupay ka credit card se,981,emi,card,,,hinglish_natural
subah 7769 rs stocks Cred se pay kr diya,35463,investment,upi,cred,,source_hinglish
upGrad ka books liya 572 UPI se HDFC Bank se,572,education,upi,phonepe,hdfc,hinglish_natural
i paid 16833 rupees for stocks using gpay,16833,investment,upi,gpay,,voice_transcript
paid Vikram Rs.136 via slice,136,friends,upi,slice,,friends_synthetic
Just paid 45027.06 to Kuvera through credit card,45027.06,investment,card,,,english_natural
Rs459.13 to HDFC loan via Phonepe,459.13,emi,upi,phonepe,,english_natural
Paid Ajio ₹3765 using cred,3765,shopping,upi,cred,,english_natural
i did 4458 expense on dost using PayTM,4458,friends,upi,paytm,,voice_transcript
Just paid Rs.17467 to tuition through cash,17467,education,cash,,hdfc,english_natural
i did 1926 expense on Vikram using phonepe,1926,friends,upi,phonepe,,voice_transcript
ghar jaate waqt 3650 rupaye khana kha liya JioMart ko cash me,3650,food,cash,,sbi,hinglish_natural
bhai PPF ka 454 rupaye card se de diya,454,investment,card,,axis,voice_transcript
insurance premium se payment kya 1583 ₹ ka Slice pe,1583,utilities,upi,slice,niyo,hinglish_natural
Apollo Pharmacy 484 debited from SBI,484,healthcare,cash,,sbi,english_natural
sent money to Shreya 18421 on cash,18421,friends,cash,,,friends_synthetic
"TAX INVOICE
Amazon
Grand Total: t2372
Payment: CARD",2372,shopping,card,,,ocr_receipt
Paid INR 3139 for yaar via GPay,3139,friends,upi,gpay,sbi,english_natural
maine 11784 rupaye Tata Play ko diye Paytm se,11784,utilities,upi,paytm,hdfc,voice_transcript
1143.63 PVR,1143.63,entertainment,upi,gpay,sbi,english_natural
amazon flipkart myntra online shopping order Rs 461 cash,461,shopping,cash,,,cue_row
i paid 470 rupees for Behrouz using cash,470,food,cash,,,voice_transcript
Payment of INR 2977.43 to YouTube Premium was successful via Cred UPI Ref No 3242716186 IndusInd Account 7593,2977.43,entertainment,upi,cred,indusind,ocr_upi
Paid 330 to SonyLIV CRED UPI State Bank 9108 Done,330,entertainment,upi,cred,sbi,ocr_upi
Car loan EMI INR 16355,16355,emi,card,,,source_english
"TAX INVOICE
PVR
Grand Total: Rs 24855.50
Payment: Google Pay",24855.50,entertainment,upi,gpay,kotak,ocr_receipt
Amazon ka saman le liya 423 rupaiye card se,423,shopping,card,,,hinglish_natural
aaj Reliance Digital pe 20 rupaye kharcha hua Gpay se,20,shopping,upi,gpay,niyo,voice_transcript
spent 4053 rupees on gaming via cash,4053,entertainment,cash,,,voice_transcript
rent se recharge kya 20420 rupees ka UPI se,20420,utilities,upi,slice,,hinglish_natural
Gas bill payment INR 16348,16348,utilities,upi,bhim,hdfc,source_english
bhai HDFC loan ka 226 rupaye card se de diya,226,emi,card,,,voice_transcript
raat ko Neha se split kiyaa 11808 rs. ka Cred se pay kar diya Slice se kata bc,11808,friends,upi,cred,slice,hinglish_natural
RedBus 1835 rupees cash me,1835,travel,cash,,,hinglish_natural
Exam fee INR 14719,14719,education,card,,,source_english
concert ka game le liya 405 rs naqad,405,entertainment,cash,,,hinglish_natural
EatFit ka 4077 rupees ka bill phonepe se pay kiya,4077,food,upi,phonepe,,voice_transcript
college fees ka books liya 207 ₹ UPI se de diya,207,education,upi,gpay,,hinglish_natural
Rs.14556 paid to Netflix via Google Pay UPI from Bank of Baroda Bank ending 2657,14556,entertainment,upi,gpay,bob,ocr_upi
Rs.6509.28 to Netmeds via cash Fi account,6509.28,healthcare,cash,,fi,english_natural
Amazon Prime 1562.92 Gpay Completed HDFC 9126,1562.92,entertainment,upi,gpay,hdfc,ocr_upi
IRCTC mein 792 lag gaye Google Pay se bhara,792,travel,upi,gpay,,voice_transcript
TO:JIOCINEMA jiocinema.28698@kotakmahindrabank From:PRIYASHARMA (Kotak Mahindra paytm : sender9003@okkotakmahindrabank,333,entertainment,upi,paytm,kotak,ocr_upi
2035 rs. buy kr diya Croma ko via slice,2035,shopping,upi,slice,,hinglish_natural
paid 35225 to DishTV through Phonepe,35225,utilities,upi,phonepe,,voice_transcript
sent 164 to friend on gpay split bill UPI,164,friends,upi,gpay,,cue_row
"PharmEasy BILL
St: 8783
Jupiter approved",8783,healthcare,upi,jupiter,,ocr_receipt
Payment of 181.77 to Bharat Petroleum was successful via gpay UPI Ref No 30575437009 State Bank Account 5060,181.77,travel,upi,gpay,sbi,ocr_upi
FD mein 348 lag gaye card se bhara,348,investment,card,,,voice_transcript
Uber 461 rupees UPI se pay kia,461,travel,upi,gpay,,hinglish_natural
252 rupees FirstCry credit card se,30136,shopping,card,,icici,source_hinglish
i paid 2246 rupees for mobile recharge using Cred,2246,utilities,upi,cred,,voice_transcript
abhi 4950 rupaiye cafe UPI se die,4950,food,upi,cred,,hinglish_natural
spent 1514 rupees on crypto via card,1514,investment,card,,,voice_transcript
TO:LENSKART lenskart.79878@idfcbank From:PRIYASHARMA (idfc Phonepe : sender3837@okidfcbank,610,healthcare,upi,phonepe,idfc,ocr_upi
246 rupay mobile recharge Bhim se pay kar diya,246,utilities,upi,bhim,hdfc,hinglish_natural
SIP R 3249.96 gpay,3249.96,investment,upi,gpay,sbi,ocr_upi
INR 483.17 debited from your hdfc account for Apple Music (G Pay UPI),483.17,entertainment,upi,gpay,hdfc,ocr_upi
Gaana payment R 35109.82 done via SLICE,35109.82,entertainment,upi,slice,,english_natural
diagnostic mein 688 lag gaye Jupiter se bhara,688,healthcare,upi,jupiter,,voice_transcript
tuition se course liyaa 656 ₹ ka paytm se pay kiyaa,656,education,upi,paytm,,hinglish_natural
kal 10895 rupaiye stocks GPay pe,10895,investment,upi,gpay,sbi,hinglish_natural
340 rupees SIP bharaa PPF ko card se bc,340,investment,card,,,hinglish_natural
Paid Chai Point Rs.19308.74 using GPay,19308.74,food,upi,gpay,,english_natural
Spent 470.81 on Coin using Slice,470.81,investment,upi,slice,hdfc,english_natural
split bill 14740 PayTM se Divya ko diya,14740,friends,upi,paytm,,friends_synthetic
sent INR 6345 to friend on card split bill UPI,6345,friends,card,,,cue_row
kal 771 recharge kr diya DishTV pe haath se de diye,771,utilities,cash,,,hinglish_natural
"Receipt #7705
Flipkart
Amount Paid: 23645
Mode: Google Pay",23645,shopping,upi,gpay,,ocr_receipt
medical checkup lab test health insurance Rs 391 cash,391,healthcare,cash,,,cue_row
Vi recharge 4735 debit card se,4735,utilities,card,,,hinglish_natural
UPI/52934275/GAS BILL/BANK,2172,utilities,upi,gpay,,english_natural
Just paid 10078 to credit card EMI through Visa,10078,emi,card,,hdfc,english_natural
mess se food order kya 16405 rupees ka cash diye,16405,food,cash,,,hinglish_natural
hospital doctor pharmacy medicine diagnostic 136 Fi Money,136,healthcare,upi,fi,,cue_row
"MEDPLUS
Item 1 Rs 423
Item 2 493
Total ?70
CARD",70,healthcare,card,,,ocr_receipt
friend ko 24443 transfer kiya cash se,24443,friends,cash,,,friends_synthetic
paid 3852 to SBI loan through card from jupiter,3852,emi,card,,jupiter,voice_transcript
petrol diesel fuel ₹535 at pump Gpay,535,travel,upi,gpay,,cue_row
3707 rupay Air India via PayTM,3707,travel,upi,paytm,,hinglish_natural
38400 slice Pooja,38400,friends,upi,slice,,english_natural
Rs.4679 paid to JioMart via phonepe from hdfc,4679,food,upi,phonepe,hdfc,english_natural
mutual fund se invest kiya 4515 rupaiye ka UPI se pay kar diya,4515,investment,upi,phonepe,,hinglish_natural
Used Canara Bank G Pay to pay 4019 for Neha,4019,friends,upi,gpay,canara,english_natural
Exam fee INR 35334,35334,education,card,,,source_english
paid 256 to rent through Google Pay from hdfc,256,utilities,upi,gpay,hdfc,voice_transcript
office se aate hue 21465 ₹ Nykaa UPI se pay kia,21465,shopping,upi,gpay,sbi,hinglish_natural
Paid personal loan EMI Rs 193 using Visa from HDFC Bank,193,emi,card,,hdfc,english_natural
Lenskart ka saman liyaa 210 rupaye debit card se,210,shopping,card,,,hinglish_natural
358 ka H&M bill pay kiya Paytm se,358,shopping,upi,paytm,,voice_transcript
Rs 3440.78 paid to flatmate via Niyo UPI from HDFC Bank Bank ending 7481,3440.78,friends,upi,niyo,hdfc,ocr_upi
gaming concert event ticket Rs.452 card,452,entertainment,card,,,cue_row
mutual fund pe 42500 rs ka stock liyaa Gpay se State Bank card se,42500,investment,upi,gpay,sbi,hinglish_natural
PPF ka mutual fund kar diya 19997 credit card se,19997,investment,card,,,hinglish_natural
Just paid 61 to personal loan EMI through PayTM,61,emi,upi,paytm,,english_natural
dhaba 2214 rupaiye cred pe,2214,food,upi,cred,,hinglish_natural
t174.04 to Angel One via Cred,174.04,investment,upi,cred,,english_natural
bhai 67 rs Haldirams UPI se pay kiya,67,food,upi,niyo,sbi,hinglish_natural
hospital doctor pharmacy medicine diagnostic 24479 cash,24479,healthcare,cash,,kotak,cue_row
Payment of Rs.358.46 to FirstCry was successful via PayTM UPI Ref No 1045351356343 ICICI Account 9292,358.46,shopping,upi,paytm,icici,ocr_upi
today i spent 69 on water bill via Gpay,69,utilities,upi,gpay,,voice_transcript
705 ₹ PPF card se pay kia zyada ho gaya,43388,investment,card,,hdfc,source_hinglish
PhonePe payment ₹3405 exam fee hdfc 4623 successful,3405,education,upi,phonepe,hdfc,ocr_upi
POS/YOUTUBE PREMIUM/VISA/9443,5718.13,entertainment,card,,indusind,english_natural
today i spent 1135 on flatmate via cash,1135,friends,cash,,,voice_transcript
college fees pe 1105 rupaye ka fees bharaa credit card se,1105,education,card,,,hinglish_natural
Payment of R 12661 to Shreya was successful via gpay UPI Ref No 952405004510 icici Account 7809,12661,friends,upi,gpay,icici,ocr_upi
"ELECTRICITY BILL RESTAURANT
Total 3962.43
Cash Received
Change 0.00",3962.43,utilities,upi,fi,,ocr_receipt
paid 1942 to INOX through card,1942,entertainment,card,,,voice_transcript
aaj MakeMyTrip me 2848 ka kiraya diye haath se diye,2848,travel,cash,,,hinglish_natural
sent money to Arjun ₹4970 on Paytm,4970,friends,upi,paytm,,friends_synthetic
yaar se paise bheje 23304 rupaiye ka UPI se,23304,friends,upi,gpay,,hinglish_natural
i did 1243 expense on Lenskart using Phonepe,1243,healthcare,upi,phonepe,icici,voice_transcript
sent Rs.1479 to friend on Slice split bill UPI,1479,friends,upi,slice,,cue_row
medical checkup lab test health insurance 35730 BHIM,35730,healthcare,upi,bhim,,cue_row
"mess BILL
St: 44477
gpay approved",44477,food,upi,gpay,,ocr_receipt
Credit card EMI INR 43683,43683,emi,card,,hdfc,source_english
BYJU'S ka course lia 4767 UPI se die,29654,education,upi,gpay,,source_hinglish
Payment of ₹960 to doctor was successful via gpay UPI Ref No 60714987037 HDFC Bank Account 9152,960,healthcare,upi,gpay,hdfc,ocr_upi
Zee5 payment INR 232 done via Mastercard,232,entertainment,card,,sbi,english_natural
yaar Groww 25260 rs. UPI se zyada ho gaya,25260,investment,upi,cred,,hinglish_natural
TO:FRIEND friend.98352@axisbankbank From:UTSAVJANA (Axis Bank bhim : user9409@okaxisbankbank,194.02,friends,upi,bhim,axis,ocr_upi
Bought upGrad for Rs 2066.75 with cash,2066.75,education,cash,,,english_natural
home loan car loan credit card EMI monthly t4254 autopay card,4254,emi,card,,,cue_row
aaj upGrad pe 29170 rupaye kharcha hua Fi Money se,29170,education,upi,fi,,voice_transcript
maine 244 rupaye Reliance Fresh ko diye cred se,244,food,upi,cred,,voice_transcript
yaar Paytm Money 115 rs UPI se,115,investment,upi,gpay,,hinglish_natural
"TAX INVOICE
Airtel recharge
Grand Total: ₹267
Payment: GPay",267,utilities,upi,gpay,,ocr_receipt
Hotstar se movie dekhi 396 ₹ ka card se pay kiyaa,396,entertainment,card,,,hinglish_natural
spent 402 rupees on YouTube Premium via paytm,402,entertainment,upi,paytm,,voice_transcript
Neha me 3692 ka transfer kya UPI se die PNB card se budget tod diya,3692,friends,upi,paytm,pnb,hinglish_natural
paid back friend lent money Rs2955 card,2955,friends,card,,,cue_row
abhi 203 ₹ cafe PhonePe se pay kr diya,203,food,upi,phonepe,sbi,hinglish_natural
Just paid INR 373 to Zerodha through credit card,373,investment,card,,,english_natural
Paid Rs.19962 to SIP Gpay UPI hdfc 2109 Done,19962,investment,upi,gpay,hdfc,ocr_upi
UPI/58340176/INOX/FI,4350,entertainment,upi,paytm,fi,english_natural
EYE CHECKUP INR 24682.36,24682.36,healthcare,card,,,english_natural
paid 65 to society maintenance through Paytm,65,utilities,upi,paytm,,voice_transcript
office se aate hue 290 rupees kiraya diy IndiGo ko cash diyee,290,travel,cash,,,hinglish_natural
i did 479 expense on mobile recharge using cash,479,utilities,cash,,niyo,voice_transcript
kal 45483 rupay khana khaaya Chai Point pe naqad,6852,food,cash,,,source_hinglish
exam fee ka 2484 rupees ka bill GPay se pay kiya,2484,education,upi,gpay,,voice_transcript
food court se kha liya 43787 rupaiye ka card se,43787,food,card,,,hinglish_natural
aaj Lenskart pe 3954 rupaye kharcha hua card se,3954,shopping,card,,,voice_transcript
Behrouz 2614,2614,food,upi,gpay,,english_natural
Pooja Rs1171 debited from NIYO,1171,friends,upi,cred,niyo,english_natural
maine 3369 rupaye Pooja ko diye bhim se,3369,friends,upi,bhim,,voice_transcript
POS/COLLEAGUE/PHONEPE/3250,137,friends,upi,phonepe,,english_natural
gaming concert event ticket Rs.212 slice,212,entertainment,upi,slice,sbi,cue_row
HP Petrol ka 1051 rupees ka bill card se pay kiya,1051,travel,card,,hdfc,voice_transcript
213 khareed liya Lenskart ko slice pe,213,shopping,upi,slice,,hinglish_natural
paid Amit 3240 via card,3240,friends,card,,,friends_synthetic
Lenskart me 41028 rupaye ka dawai liyaa cash die kotak card se,41028,healthcare,cash,,kotak,hinglish_natural
cafe Rs 43052.25 Paytm,43052.25,food,upi,paytm,,english_natural
today i spent 22 on SBI loan via Fi Money,22,emi,upi,fi,,voice_transcript
"Receipt #4051
PharmEasy
Amount Paid: INR 1631.46
Mode: CASH",1631.46,healthcare,cash,,,ocr_receipt
kal Lenskart se shopping kia 27 rs ka Phonepe se pay kr diya BOB se kata,27,shopping,upi,phonepe,bob,hinglish_natural
stocks me 46912 rupees ka mutual fund kya credit card se,46912,investment,card,,icici,hinglish_natural
49714 rupay paisa daala crypto pe PayTM pe,49714,investment,upi,paytm,,hinglish_natural
221 rs Amazon card se,221,shopping,card,,,hinglish_natural
Bought Reliance Fresh for INR 17568 with Gpay,17568,food,upi,gpay,idfc,english_natural
"TAX INVOICE
Lenskart
Grand Total: Rs21598
Payment: BHIM",21598,healthcare,upi,bhim,,ocr_receipt
school college tuition course books fees ₹380 card,380,education,card,,sbi,cue_row
mutual fund SIP stocks PPF FD investment 25600 PayTM,25600,investment,upi,paytm,,cue_row
35975 ka stocks bill pay kiya gpay se,35975,investment,upi,gpay,,voice_transcript
today i spent 38471 on books via G Pay from my Fi bank,38471,education,upi,gpay,fi,voice_transcript
Bought crypto for ₹3370.98 with Visa,3370.98,investment,card,,,english_natural
PVR 2366 card se pay kia,2366,entertainment,card,,,hinglish_natural
Just paid 19415 to Apple Music through credit card,19415,entertainment,card,,slice,english_natural
18727 ₹ ACT Fibernet credit card se,18727,utilities,card,,,hinglish_natural
Ananya se paise bheje 542 rupaiye ka gpay pe,542,friends,upi,gpay,,hinglish_natural
aaj ET Money pe 431 rupaye kharcha hua card se,431,investment,card,,niyo,voice_transcript
sent Rs.18015 to Divya on cash,18015,friends,cash,,hdfc,friends_synthetic
subah Bajaj Finance EMI 4492 rupaye UPI se de diye axis se kata,4492,emi,upi,gpay,axis,hinglish_natural
library 6338 credit card se NIYO account se,6338,education,card,,niyo,hinglish_natural
SonyLIV 3665 ₹ niyo se pay kr diya budget tod diya,3665,entertainment,upi,niyo,hdfc,hinglish_natural
diagnostic 376.16,376.16,healthcare,card,,jupiter,english_natural
5148 rupay movie dekhi concert ko card se pay kiya Canara Bank card se,5148,entertainment,card,,canara,hinglish_natural
"TAX INVOICE
Apple Music
Grand Total: 451
Payment: CARD",451,entertainment,card,,,ocr_receipt
spent 11796 rupees on Karan via Phonepe,11796,friends,upi,phonepe,,voice_transcript
split bill 173 gpay se dost ko diya,173,friends,upi,gpay,,friends_synthetic
POS/H&M/DEBIT CARD/4553,2262.33,shopping,card,,,english_natural
eye checkup mein 388 lag gaye card se bhara,388,healthcare,card,,,voice_transcript
Payment of 275 to mutual fund was successful via Bhim UPI Ref No 61565887934048 ICICI Account 7167,275,investment,upi,bhim,icici,ocr_upi
maine 4482 rupaye BookMyShow ko diye jupiter se,4482,entertainment,upi,jupiter,,voice_transcript
medical checkup lab test health insurance ₹476 card,476,healthcare,card,,,cue_row
Bought dentist for Rs.8947.94 with slice,8947.94,healthcare,upi,slice,hdfc,english_natural
bhai 11322 ₹ paisa daala Groww ko via BHIM,11322,investment,upi,bhim,,hinglish_natural
aaj 1868 ₹ gold UPI se pay kr diya,1868,investment,upi,phonepe,,hinglish_natural
ATM/CASH/HDFC BANK/31172.49,31172.49,entertainment,card,,hdfc,english_natural
UPI/32524539/NPS/SLICE,2062.20,investment,card,,slice,english_natural
2262 Lenskart,2262,healthcare,card,,sbi,english_natural
Paid ₹152 for electricity bill from my Fi Money account via BHIM,152,utilities,upi,bhim,fi,english_natural
Hotel booking INR 6270,6270,travel,card,,,source_english
NEFT/TRANSFER/AMAZON/,22947.90,shopping,card,,,english_natural
aaj Divya pe 27032 rupaye kharcha hua Google Pay se,27032,friends,upi,gpay,,voice_transcript
maine 1814 rupaye Bajaj Finance EMI ko diye card se,1814,emi,card,,,voice_transcript
₹4120 paid to Ajio via PayTM UPI from hdfc Bank ending 5098,4120,shopping,upi,paytm,hdfc,ocr_upi
education loan EMI me 228 rupees ka EMI kat gayi card se,228,emi,card,,,hinglish_natural
aaj Lenskart me 4981 ka doctor ko de diye Slice pe,4981,healthcare,upi,slice,fi,hinglish_natural
200 rs. shopping kiyaa Myntra ko debit card se bohot mehenga,200,shopping,card,,hdfc,hinglish_natural
spent 279 rupees on college fees via Phonepe,279,education,upi,phonepe,bob,voice_transcript
gas bill 14918,14918,utilities,upi,gpay,,english_natural
"RESTAURANT RESTAURANT
Total 1461
Cash Received
Change 0.00",1461,food,upi,phonepe,,ocr_receipt
1639 ₹ Zee5 GPay se pay kia budget tod diya,1639,entertainment,upi,gpay,,hinglish_natural
tuition 1549,1549,education,card,,kotak,english_natural
Rapido 486 rs. card se,486,travel,card,,,hinglish_natural
subah Zee5 me 4112 ₹ ka movie dekhi CRED se IDFC wale account se achha deal mila,5,entertainment,upi,cred,idfc,hinglish_natural
school college tuition course books fees ₹53 gpay,53,education,upi,gpay,,cue_row
Angel One se stock liyaa 36 rupay ka UPI se,36,investment,upi,gpay,,hinglish_natural
Haldirams 1292 rs. UPI se pay kar diya,1292,food,upi,phonepe,,hinglish_natural
HDFC loan 3103 rupay card se kotak se,3103,emi,card,,kotak,hinglish_natural
"D TUITION 1251 Completed 15Jan 2026,3:11 pm Canara Bank Bank 3211 UPI transaction ID 40097511029394 TO:TUITION tuition.11480@canara bankbank Goog1etransaction lD XYZabc678956 OPI Paytm",1251,education,upi,paytm,canara,ocr_upi
21579 library gpay se pay kia,21579,education,upi,gpay,,hinglish_natural
Kuvera 313 rupees credit card se,313,investment,card,,,hinglish_natural
rent se recharge kia 316 ₹ ka Gpay se pay kr diya,316,utilities,upi,gpay,,hinglish_natural
aaj dost pe 28 rupaye kharcha hua PhonePe se,28,friends,upi,phonepe,,voice_transcript
334 rs broadband Phonepe se,334,utilities,upi,phonepe,axis,hinglish_natural
insurance premium mein 326 lag gaye G Pay se bhara,326,utilities,upi,gpay,,voice_transcript
Practo 2688 rupay UPI se Fi Money wale account se,2688,healthcare,upi,gpay,fi,hinglish_natural
sent money to yaar 13072 on bhim,13072,friends,upi,bhim,hdfc,friends_synthetic
medical checkup lab test health insurance 4949 cash,4949,healthcare,cash,,,cue_row
ghar jaate waqt books 457 rupay cash diye,457,education,cash,,,hinglish_natural
"D ELECTRONICSSTORE 449 Completed 8Feb 2026,10:07 pm Canara Bank Bank 3214 UPI transaction ID 38118740074 TO:ELECTRONICSSTORE electronics store.39288@canara bankbank Soogletransaction lD XYZabc843237 OPI Phone Pe",449,shopping,upi,phonepe,canara,ocr_upi
"doctor
Net Amount 154
Paid via Google Pay",154,healthcare,upi,gpay,,ocr_receipt
47854 rs. broadband slice se pay kar diya,47854,utilities,upi,slice,,hinglish_natural
gaming se ticket lia 299 rupaye ka UPI se pay kiya,299,entertainment,upi,phonepe,,hinglish_natural
Ananya se udhar return kr diya 489 rupay ka via Phone Pe,489,friends,upi,phonepe,,hinglish_natural
stationery ka course lia 3011 rupay credit card se,3011,education,card,,,hinglish_natural
231.97 Hotstar,231.97,entertainment,upi,paytm,,english_natural
spent 1438 rupees on lab test via card,1438,healthcare,card,,fi,voice_transcript
Car loan EMI INR 48406,48406,emi,card,,,source_english
coaching exam preparation study material 28728 card,28728,education,card,,,cue_row
"TAX INVOICE
Meesho
Grand Total: Rs.43348
Payment: CARD",43348,shopping,card,,,ocr_receipt
"Receipt #1534
FreshMenu
Amount Paid: Rs.4995
Mode: Paytm",4995,food,upi,paytm,,ocr_receipt
BookMyShow se movie dekhi 1135 rs. ka via Phonepe Bank of Baroda card se,1135,entertainment,upi,phonepe,bob,hinglish_natural
Paid Flipkart 478.85 using PayTM,478.85,shopping,upi,paytm,,english_natural
t368 to Lenskart via card,368,shopping,card,,,english_natural
electronics store se order kiyaa 17135 rupay ka Phonepe se,17135,shopping,upi,phonepe,sbi,hinglish_natural
Bike loan EMI INR 34820,34820,emi,card,,,source_english
bike loan EMI se EMI bharaa 4384 rs. ka UPI se pay kiyaa,4384,emi,upi,jupiter,,hinglish_natural
"BigBasket BILL
St: t11927
CARD Approved",11927,food,card,,,ocr_receipt
yaar ko 14843 transfer kiya CRED se,14843,friends,upi,cred,,friends_synthetic
14977 debited from your ICICI Bank account for car loan EMI (niyo UPI),14977,emi,upi,niyo,icici,ocr_upi
330 rupees stationery card se,330,education,card,,sbi,hinglish_natural
4547 rupay education loan EMI debit card se,18928,emi,card,,,source_hinglish
Tata CLiQ me 4571 rupaiye ka shopping kya UPI se diy,4571,shopping,upi,phonepe,jupiter,hinglish_natural
dost yaar ko 18428 rupaye SLICE se bheje,18428,friends,upi,slice,,friends_synthetic
2682 rupay bike loan EMI debit card se,2682,emi,card,,,hinglish_natural
ATM/CASH/BANK/4325.89,4325.89,healthcare,card,,,english_natural
BSNL ka bill bharaa 23239 rs. via PhonePe,23239,utilities,upi,phonepe,,hinglish_natural
Swiggy payment ₹996.53 done via cash,996.53,food,cash,,,english_natural
netflix spotify hotstar subscription movie show Rs 12412 GPay,12412,entertainment,upi,gpay,,cue_row
280 ka society maintenance bill pay kiya card se,280,utilities,card,,,voice_transcript
today i spent 16744 on Bewakoof via card from my Axis bank,16744,shopping,card,,axis,voice_transcript
MedPlus 29316 rs. debit card se,29316,healthcare,card,,,hinglish_natural
Internet recharge INR 48438,48438,utilities,upi,gpay,,source_english
₹4507 paid to mobile recharge via GPay from IndusInd,4507,utilities,upi,gpay,indusind,english_natural
POS/BEWAKOOF/CREDIT CARD/9688,15688,shopping,card,,,english_natural
Haldirams payment Rs.166 done via cred,166,food,upi,cred,,english_natural
SBI loan 85 CRED,85,emi,upi,cred,,english_natural
Library fee INR 39805,39805,education,card,,,source_english
"Nykaa
Net Amount 31045
Paid via CARD",31045,shopping,card,,,ocr_receipt
Starbucks mein 17605 lag gaye cash se bhara,17605,food,cash,,,voice_transcript
3893 rupaiye kha liya Dunkin ko UPI se diy,3893,food,upi,phonepe,,hinglish_natural
Vi recharge 2586.54 phonepe Payment done IndusInd 9595,2586.54,utilities,upi,phonepe,indusind,ocr_upi
dopahar ko Udemy ka tuition diyee 3733 rs. naqad,3733,education,cash,,,hinglish_natural
7293 rupees split kiyaa Amit ko via Fi,7293,friends,upi,fi,,hinglish_natural
yaar 4125 rupees ET Money UPI se de diye,20093,investment,upi,bhim,,source_hinglish
Meesho ka order kr diya 44 ₹ credit card se,49922,shopping,card,,,source_hinglish
i paid 3458 rupees for Zara using cred,3458,shopping,upi,cred,,voice_transcript
Amit 33596 rs. UPI se pay kya,33596,friends,upi,gpay,,hinglish_natural
medical checkup lab test health insurance Rs 466 PhonePe,466,healthcare,upi,phonepe,,cue_row
"BILL
Nykaa
Rs.1880
CARD
Thank You Visit Again",1880,shopping,card,,,ocr_receipt
mutual fund SIP stocks PPF FD investment Rs 339 niyo,339,investment,upi,niyo,,cue_row
269 PayTM Coursera,269,education,upi,paytm,axis,english_natural
raat ko Flipkart 4023 rupay UPI se de diye State Bank se,4023,shopping,upi,jupiter,sbi,hinglish_natural
Lenskart se order kiyaa 624 rupay ka card se pay kr diya,624,shopping,card,,,hinglish_natural
324 ka cafe bill pay kiya card se HDFC se kata,324,food,card,,hdfc,voice_transcript
2897 rupay YouTube Premium via Phone Pe achha deal mila,2897,entertainment,upi,phonepe,sbi,hinglish_natural
Paid R 444 to Yatra NIYO UPI hdfc 2675 Completed,444,travel,upi,niyo,hdfc,ocr_upi
office se aate hue 783 rupees mutual fund kya SIP pe Fi Money se pay kiyaa,783,investment,upi,fi,,hinglish_natural
Zerodha ka 388 rupees ka bill Gpay se pay kiya,388,investment,upi,gpay,niyo,voice_transcript
Mobile recharge INR 36946,36946,utilities,card,,,source_english
Flight ticket booking INR 24562,24562,travel,cash,,,source_english
Movie ticket booking INR 20566,20566,entertainment,upi,gpay,sbi,source_english
NIYO payment Rs.1047 Vedantu Axis Bank 9772 successful,1047,education,upi,niyo,axis,ocr_upi
Bajaj Finance EMI ka 200 rupees ka bill Paytm se pay kiya,200,emi,upi,paytm,niyo,voice_transcript
medical checkup lab test health insurance 23 card,23,healthcare,card,,,cue_row
dost flatmate ko 1538 rupaye cash se bheje,1538,friends,cash,,icici,friends_synthetic
Apple Music se movie dekhi 32508 rupaye ka credit card se,32630,entertainment,card,,,source_hinglish
14825 rupees Zara credit card se,14825,shopping,card,,,hinglish_natural
coaching exam preparation study material Rs 433 card,433,education,card,,,cue_row
273 debited from your HDFC Bank account for Kuvera (phonepe UPI),273,investment,upi,phonepe,hdfc,ocr_upi
ghar jaate waqt HDFC loan me 255 rs ka loan payment kya debit card se yaar,255,emi,card,,slice,hinglish_natural
i paid 129 rupees for Myntra using Slice,129,shopping,upi,slice,icici,voice_transcript
5762 rupaiye diagnostic debit card se,5762,healthcare,card,,niyo,hinglish_natural
Payment of Rs 173.31 to diagnostic was successful via Bhim UPI Ref No 0097418868287 icici Account 9758,173.31,healthcare,upi,bhim,icici,ocr_upi
415 rupaiye paise bheje roommate ko Paytm se pay kar diya SLICE account se,415,friends,upi,paytm,slice,hinglish_natural
yaar mess 132 ₹ via SLICE BOB account se bhai,132,food,upi,slice,bob,hinglish_natural
"YOUTUBE PREMIUM RESTAURANT
Total 4159
Cash Received
Change 0.00",4159,entertainment,upi,slice,,ocr_receipt
gaming pe 390 rupaye ka show dekha card se,25225,entertainment,card,,,source_hinglish
22367 rupaiye checkup karaya clinic pe card se hdfc account se,22367,healthcare,card,,hdfc,hinglish_natural
213 rs electricity bill card se pay kar diya,49627,utilities,card,,axis,source_hinglish
dinner split 6459 rupaye Shreya GPay,6459,friends,upi,gpay,,friends_synthetic
grocery vegetables milk bread fruits Rs.3297 paid card,3297,food,card,,,cue_row
Unacademy 1233 rs debit card se,1233,education,card,,,hinglish_natural
HDFC loan pe 336 ka EMI bharra UPI se pay kiya,10809,emi,upi,gpay,,source_hinglish
maine 385 rupaye Airtel recharge ko diye Gpay se,385,utilities,upi,gpay,hdfc,voice_transcript
lunch dinner food order swiggy zomato restaurant meal Rs.1764 cash,1764,food,cash,,icici,cue_row
spent 952 rupees on Apple Music via Phonepe,952,entertainment,upi,phonepe,,voice_transcript
netflix spotify hotstar subscription movie show Rs.4906 card,4906,entertainment,card,,,cue_row
mobile recharge me 321 rs ka payment kya UPI se de diya icici account se,321,utilities,upi,phonepe,icici,hinglish_natural
"Airtel recharge
Net Amount 1911
Paid via CARD",1911,utilities,card,,yes bank,ocr_receipt
eye checkup pe 26056 rs. ka test karaya UPI se,26056,healthcare,upi,cred,yes bank,hinglish_natural
abhi library pe 4767 ka tuition de diya haath se de diya,4767,education,cash,,kotak,hinglish_natural
"NPS 21484 Completed 27Aug 2025,1:34 pm Kotak 3848 UPI transaction ID 56589284881",21484,investment,upi,bhim,kotak,ocr_upi
uber ola cab ride airport train ticket 228 paytm,228,travel,upi,paytm,,cue_row
subah rent 223 rs naqad,223,utilities,cash,,,hinglish_natural
DENTIST INR 30872,30872,healthcare,card,,,english_natural
aaj metro pe 22176 rupaye kharcha hua phonepe se,22176,travel,upi,phonepe,,voice_transcript
spent 1752 rupees on hospital via gpay,1752,healthcare,upi,gpay,icici,voice_transcript
mutual fund 162.90 G Pay Successful kotak 5613,162.90,investment,upi,gpay,kotak,ocr_upi
flatmate rent share 306 cash Rohan,306,friends,cash,,,friends_synthetic
spent 35596 rupees on Groww via card,35596,investment,card,,,voice_transcript
lunch dinner food order swiggy zomato restaurant meal 379 cash,379,food,cash,,kotak,cue_row
31 rupaiye food order kia food court pe UPI se die,31,food,upi,gpay,,hinglish_natural
10020 rupay ticket lya SonyLIV pe via G Pay,10020,entertainment,upi,gpay,,hinglish_natural
"1MG RESTAURANT
Total 4514
Cash Received
Change 0.00",4514,healthcare,card,,icici,ocr_receipt
Hotstar pe 1239 rupaye ka ticket liya via Cred,1239,entertainment,upi,cred,hdfc,hinglish_natural
Bharat Petroleum 4901 rupay card se,4901,travel,card,,slice,hinglish_natural
CRED payment INR 13806.05 electricity bill SBI 4059 successful,13806.05,utilities,upi,cred,sbi,ocr_upi
flatmate se transfer kiya 4273 rupaiye ka paytm se pay kiyaa NIYO wale account se,4273,friends,upi,paytm,niyo,hinglish_natural
dost colleague ko 2880 rupaye PhonePe se bheje,2880,friends,upi,phonepe,,friends_synthetic
TO:GAMING gaming.21492@hdfcbankbank From:PRIYASHARMA (HDFC Bank Phonepe : user4909@okhdfcbankbank,482.95,entertainment,upi,phonepe,hdfc,ocr_upi
BookMyShow 2267.01 BHIM,2267.01,entertainment,upi,bhim,,english_natural
POS/COLLEAGUE/PAYTM/1134,433,friends,upi,paytm,bandhan,english_natural
FreshMenu ka kha liya 17067 rupaiye debit card se yaar,17067,food,card,,sbi,hinglish_natural
Fi payment Rs.380 Goibibo sbi 6695 completed,380,travel,upi,fi,sbi,ocr_upi
petrol diesel fuel Rs.14710 at pump paytm,14710,travel,upi,paytm,,cue_row
broadband 4519 rs. Fi Money pe,4519,utilities,upi,fi,,hinglish_natural
SIP INR 15374,15374,investment,upi,gpay,,english_natural
4271 BookMyShow card se,4271,entertainment,card,,,hinglish_natural
"Receipt #2505
Meesho
Amount Paid: R 1907
Mode: CARD",1907,shopping,card,,hdfc,ocr_receipt
150 rupees PVR phonepe,150,entertainment,upi,phonepe,,voice_transcript
Jio recharge ₹22986 debited from Axis Bank,22986,utilities,upi,paytm,axis,english_natural
Bought home loan EMI for 121.56 with phonepe,121.56,emi,upi,phonepe,,english_natural
34328 rupees mall card,34328,shopping,card,,,voice_transcript
RedBus pe 40723 ₹ ka petrol bharaa card se pay kia,40723,travel,card,,,hinglish_natural
coaching 17279 GPay,17279,education,upi,gpay,hdfc,ocr_upi
"Neha 4453.60 Completed 27Jan 2026,9:10 am idfc 3929 UPI transaction ID 35744181469507",4453.60,friends,upi,gpay,idfc,ocr_upi
Vedantu 1572 ₹ naqad,1572,education,cash,,,hinglish_natural
1011 rupees Netflix PayTM hdfc account,1011,entertainment,upi,paytm,hdfc,voice_transcript
Rahul ka udhar return kiya 315 rs. via Niyo,315,friends,upi,niyo,,hinglish_natural
CAR LOAN EMI INR 591 ICICI,591,emi,card,,icici,english_natural
Paid Rs.3576 for Tata Play from my Niyo account via slice,3576,utilities,upi,slice,niyo,english_natural
Paid Rs334.36 to lab test BHIM UPI IndusInd 6551 Done,334.36,healthcare,upi,bhim,indusind,ocr_upi
spent 190 rupees on rent via cash,190,utilities,cash,,,voice_transcript
PPF ka 3449 rupees ka bill card se pay kiya,3449,investment,card,,slice,voice_transcript
Rs 68 paid to friend via cash from Fi,68,friends,cash,,fi,english_natural
3380 ka Rahul bill pay kiya Slice se,3380,friends,upi,slice,,voice_transcript
Paid 1030 for Dominos via Slice,1030,food,upi,slice,sbi,english_natural
369 ka coaching bill pay kiya Slice se,369,education,upi,slice,,voice_transcript
bhai gold 35129 rs. debit card se matlab,35129,investment,card,,hdfc,hinglish_natural
school college tuition course books fees 337 cash,337,education,cash,,sbi,cue_row
"TAX INVOICE
society maintenance
Grand Total: INR 16515.84
Payment: CARD",16515.84,utilities,card,,,ocr_receipt
Rs19916 paid to Pizza Hut via cred from sbi,19916,food,upi,cred,sbi,english_natural
Paid INR 2911 for Spotify via Bhim,2911,entertainment,upi,bhim,,english_natural
Lenskart 841 rupay via Bhim Fi Money wale account se,841,healthcare,upi,bhim,fi,hinglish_natural
4649 rupaiye gas bill Google Pay pe,4649,utilities,upi,gpay,icici,hinglish_natural
FD 395,395,investment,upi,paytm,yes bank,english_natural
"LENSKART
Item 1 Rs337
Item 2 Rs.482
Total Rs.63
Phone Pe",63,shopping,upi,phonepe,,ocr_receipt
141 rupees broadband cash me yaar,141,utilities,cash,,,hinglish_natural
Netflix ka movie dekhi 12096 ₹ UPI se pay kia sbi wale account se,12096,entertainment,upi,paytm,sbi,hinglish_natural
bhai Yatra me 1120 rupaye ka petrol bhara Phonepe se pay kiyaa,1120,travel,upi,phonepe,niyo,hinglish_natural
"D SOCIETYMAINTENANCE 377 Completed 4Mar 2026,9:45 pm Punjab National Bank Bank 9295 UPI transaction ID 423422389367 TO:SOCIETYMAINTENANCE society maintenance.18050@punjab national bankbank Soogletransaction lD CICAgJjg904260 OPI Google Pay",377,utilities,upi,gpay,pnb,ocr_upi
subah credit card EMI me 20282 rupay ka loan payment kar diya card se HDFC wale account se,20282,emi,card,,hdfc,hinglish_natural
Payment of ₹1349 to Goibibo was successful via Phone Pe UPI Ref No 1861626456 ICICI Account 4536,1349,travel,upi,phonepe,icici,ocr_upi
SonyLIV me 488 rupaiye ka show dekha debit card se,488,entertainment,card,,,hinglish_natural
Divya 3293 BHIM Completed HDFC 2299,3293,friends,upi,bhim,hdfc,ocr_upi
3496 rupaiye kiraya de diya Rapido ko credit card se,38594,travel,card,,,source_hinglish
Bharat Petroleum payment INR 12895 done via cash,12895,travel,cash,,jupiter,english_natural
3753 rupaiye Bewakoof credit card se,3753,shopping,card,,sbi,hinglish_natural
FirstCry 5207.97 PayTM Completed HDFC 1428,5207.97,shopping,upi,paytm,hdfc,ocr_upi
crypto gold bonds NPS portfolio 44897 CRED,44897,investment,upi,cred,,cue_row
clinic se medicine lia 444 rupees ka cash me achha deal mila,444,healthcare,cash,,,hinglish_natural
Pooja ka split kiyaa 32705 G Pay se,32705,friends,upi,gpay,,hinglish_natural
ghar jaate waqt 4089 rs FreshMenu NIYO pe budget tod diya,4089,food,upi,niyo,,hinglish_natural
paid dost Rs2699 via BHIM,2699,friends,upi,bhim,,friends_synthetic
Paid Rs 456 for Box8 via jupiter,456,food,upi,jupiter,hdfc,english_natural
school fees ka 15881 rupees ka bill card se pay kiya,15881,education,card,,niyo,voice_transcript
2771 ₹ Udemy UPI se,2771,education,upi,cred,slice,hinglish_natural
spent 8873 rupees on SBI loan via card,8873,emi,card,,,voice_transcript
PPF ka invest kiya 29796 Bhim se sasta tha,29796,investment,upi,bhim,,hinglish_natural
dopahar ko 586 rupaiye khareed le liya Zara ko card se pay kiyaa bc,586,shopping,card,,,hinglish_natural
rent maintenance gas connection INR 374 Paytm,374,utilities,upi,paytm,,cue_row
UPI/27981914/TUITION/BANK,30057,education,cash,,,english_natural
grocery vegetables milk bread fruits 49 paid cash,49,food,cash,,,cue_row
dopahar ko DishTV ka bill bhara 1420 rupaye UPI se icici card se,1420,utilities,upi,phonepe,icici,hinglish_natural
Vi recharge se payment kar diya 4583 rupees ka UPI se diy Punjab National Bank wale account se,4583,utilities,upi,jupiter,pnb,hinglish_natural
Paid Neha Rs409 using paytm,409,friends,upi,paytm,,english_natural
PPF 57 rupay card se pay kiyaa,57,investment,card,,,hinglish_natural
personal loan installment EMI deduction ₹407 card,407,emi,card,,sbi,cue_row
sent ₹39296 to friend on Cred split bill UPI,39296,friends,upi,cred,,cue_row
22 ₹ shopping kia electronics store pe paytm pe,22,shopping,upi,paytm,,hinglish_natural
Rs.2055.78 charged for Amazon on debit card,2055.78,shopping,card,,icici,english_natural
Just paid ₹39632 to Lenskart through Google Pay,39632,healthcare,upi,gpay,,english_natural
bhai mall se order kiya 295 ₹ ka debit card se,295,shopping,card,,icici,hinglish_natural
464 rs MedPlus cash me,464,healthcare,cash,,,hinglish_natural
aaj library pe 233 rupaye kharcha hua Slice se,233,education,upi,slice,hdfc,voice_transcript
Paid Rs.169.49 for Practo via G Pay,169.49,healthcare,upi,gpay,sbi,english_natural
rent maintenance gas connection ₹32539 phonepe,32539,utilities,upi,phonepe,,cue_row
dinner split 4175 rupaye roommate cash,4175,friends,cash,,,friends_synthetic
maine 3651 rupaye mall ko diye Phone Pe se,3651,shopping,upi,phonepe,,voice_transcript
Paid Rs.24455.83 for Hotstar via phonepe,24455.83,entertainment,upi,phonepe,,english_natural
2371 rupaye bill bhar diya electricity bill ko via gpay BOB se kata,2371,utilities,upi,gpay,bob,hinglish_natural
MedPlus ka 32 rupees ka bill card se pay kiya,32,healthcare,card,,,voice_transcript
34320 rs. rickshaw UPI se pay kiyaa,34320,travel,upi,gpay,,hinglish_natural
spent 13122 rupees on gas bill via Cred,13122,utilities,upi,cred,niyo,voice_transcript
INR 1485 debited from your axis account for education loan EMI (phonepe UPI),1485,emi,upi,phonepe,axis,ocr_upi
SPOTIFY INR 4479,4479,entertainment,card,,,english_natural
spent 3691 rupees on IRCTC via slice,3691,travel,upi,slice,,voice_transcript
ghar jaate waqt 159 ₹ test karaya clinic pe credit card se,159,healthcare,card,,hdfc,hinglish_natural
PVR me 446 rupaiye ka game liyaa UPI se pay kya,446,entertainment,upi,gpay,,hinglish_natural
Just paid 20020.74 to dentist through Phonepe,20020.74,healthcare,upi,phonepe,hdfc,english_natural
Rs.703 debited from your hdfc account for college fees (Google Pay UPI),703,education,upi,gpay,hdfc,ocr_upi
eye checkup ka doctor ko diyee 4486 rs UPI se,4486,healthcare,upi,slice,kotak,hinglish_natural
ATM/CASH/BANK/442.94,442.94,education,card,,,english_natural
BYJU'S 321 rs Niyo se pay kia,321,education,upi,niyo,,hinglish_natural
"Receipt #4775
KFC
Amount Paid: ₹3681.88
Mode: GPay",3681.88,food,upi,gpay,idfc,ocr_receipt
85 rupay Gaana card se,85,entertainment,card,,,hinglish_natural
Ananya 32437.34 bhim Payment done SBI 8335,32437.34,friends,upi,bhim,sbi,ocr_upi
today i spent 47747 on YouTube Premium via SLICE,47747,entertainment,upi,slice,,voice_transcript
spent 784 rupees on Amit via GPay,784,friends,upi,gpay,,voice_transcript
aaj credit card EMI me 19195 rs ka EMI kat gayi card se,19195,emi,card,,hdfc,hinglish_natural
"restaurant BILL
St: 12939
CASH APPROVED",12939,food,cash,,,ocr_receipt
"DHABA RESTAURANT
Total 469
Cash Received
Change 0.00",469,food,upi,phonepe,kotak,ocr_receipt
Spent ₹129.24 on H&M using credit card,129.24,shopping,card,,,english_natural
petrol diesel fuel INR 45828 at pump CRED,45828,travel,upi,cred,axis,cue_row
Gaana 262 rupaiye via Google Pay PNB account se matlab,262,entertainment,upi,gpay,pnb,hinglish_natural
abhi Ananya pe 3903 rupaiye ka paise bheje UPI se pay kiya bc,3903,friends,upi,phonepe,slice,hinglish_natural
i did 170 expense on coaching using card,170,education,card,,sbi,voice_transcript
"Priya 1513 Completed 1Apr 2025,2:12 pm SBI 9453 UPI transaction ID 878077677583",1513,friends,upi,paytm,sbi,ocr_upi
BSNL pe 2964 rupaiye ka bill pay kiya Jupiter se,2964,utilities,upi,jupiter,,hinglish_natural
today i spent 4173 on BSNL via PhonePe from my ICICI bank,4173,utilities,upi,phonepe,icici,voice_transcript
rent se recharge kia 10535 rupees ka gpay se pay kia,10535,utilities,upi,gpay,sbi,hinglish_natural
Rs 16069 charged for Priya on Cred,16069,friends,upi,cred,icici,english_natural
paid bro INR 17532 via paytm,17532,friends,upi,paytm,sbi,friends_synthetic
exam fee me 1694 rupaiye ka course lya Phonepe se pay kr diya hdfc wale account se,1694,education,upi,phonepe,hdfc,hinglish_natural
Paid RedBus ₹818.41 using CRED,818.41,travel,upi,cred,,english_natural
"Receipt #9035
EatFit
Amount Paid: 571
Mode: Phonepe",571,food,upi,phonepe,,ocr_receipt
BSNL se payment kiya 2824 rupees ka Phone Pe pe,2824,utilities,upi,phonepe,icici,hinglish_natural
kal 6936 rupaye INOX credit card se,6936,entertainment,card,,pnb,hinglish_natural
colleague me 430 rupees ka transfer kiyaa cash diy,430,friends,cash,,,hinglish_natural
135 rupaye EMI kat gayi bike loan EMI ko Google Pay se achha deal mila,135,emi,upi,gpay,niyo,hinglish_natural
"Airtel recharge
Net Amount 362
Paid via CASH",362,utilities,cash,,idfc,ocr_receipt
Amazon mein 2693 lag gaye card se bhara,2693,shopping,card,,kotak,voice_transcript
ghar jaate waqt Angel One pe 31352 ka SIP bharra debit card se,31352,investment,card,,,hinglish_natural
personal loan installment EMI deduction Rs3002 card,3002,emi,card,,,cue_row
dost friend ko 213 rupaye cash se bheje,213,friends,cash,,,friends_synthetic
raat ko Spotify ka movie dekhi 22711 rupees debit card se,10561,entertainment,card,,,source_hinglish
sent money to dost Rs 4254 on Slice,4254,friends,upi,slice,hdfc,friends_synthetic
mobile recharge payment ₹19991.93 done via credit card,19991.93,utilities,card,,,english_natural
Paid Tata CLiQ Rs.265 using paytm from slice,265,shopping,upi,paytm,slice,english_natural
ET Money 2795 YES BANK,2795,investment,card,,yes bank,english_natural
car loan EMI me 27899 rs ka EMI bharaa GPay pe axis card se,27899,emi,upi,gpay,axis,hinglish_natural
Amazon purchase INR 14233,14233,shopping,upi,phonepe,hdfc,source_english
Payment of ?370 to stocks was successful via Phonepe UPI Ref No 31246767737 Axis Account 4383,370,investment,upi,phonepe,axis,ocr_upi
Gaana 2256,2256,entertainment,upi,paytm,,english_natural
Behrouz 798.17 niyo,798.17,food,upi,niyo,kotak,ocr_upi
EatFit mein 1305 lag gaye Google Pay se bhara,1305,food,upi,gpay,jupiter,voice_transcript
sent Rs 3726 to Priya on Phone Pe,3726,friends,upi,phonepe,sbi,friends_synthetic
crypto gold bonds NPS portfolio INR 2542 card,2542,investment,card,,,cue_row
"BILL
Apple Music
Rs403
CARD
Thank You Visit Again",403,entertainment,card,,,ocr_receipt
IRCTC pe 946 rs. ka ride liya naqad,946,travel,cash,,,hinglish_natural
paid Vikram 1198 via GPay,1198,friends,upi,gpay,,friends_synthetic
roommate ko 2205 transfer kiya PhonePe se,2205,friends,upi,phonepe,,friends_synthetic
"D CARLOANEMI 251 Completed 2Mar 2026,4:37 pm kotak Bank 2698 UPI transaction ID 69271769343175 TO:CARLOANEMI car loan emi.28679@kotakbank Soogletransaction lD CICAgJjg526024 OPI Phone Pe",251,emi,upi,phonepe,kotak,ocr_upi
raat ko Zee5 ka game lia 45 rs via gpay,5,entertainment,upi,gpay,rbl,hinglish_natural
262 rs. ticket book kr diya auto pe UPI se pay kia,262,travel,upi,phonepe,,hinglish_natural
electronics store 196 rs card se HDFC se kata,196,shopping,card,,hdfc,hinglish_natural
Rs.36688 charged for home loan EMI on credit card,36688,emi,card,,,english_natural
paid back friend lent money Rs401 card,401,friends,card,,,cue_row
Bought Zerodha for INR 2617 with credit card,2617,investment,card,,jupiter,english_natural
BYJU'S 33231 cash,33231,education,cash,,,english_natural
dinner split 214 rupaye Vikram cred,214,friends,upi,cred,,friends_synthetic
dhaba ka mangwaya 2054 rupaiye G Pay se hdfc account se,2054,food,upi,gpay,hdfc,hinglish_natural
POS/ZOMATO/CRED/4005,4217.19,food,upi,cred,,english_natural
diagnostic se checkup karaya 3129 rs. ka debit card se,3129,healthcare,card,,,hinglish_natural
office se aate hue Faasos 11520 UPI se Jupiter se achha deal mila,11520,food,upi,gpay,jupiter,hinglish_natural
"HOSPITAL RESTAURANT
Total 6823.67
Cash Received
Change 0.00",6823.67,healthcare,card,,,ocr_receipt
"TAX INVOICE
clinic
Grand Total: ₹162
Payment: CARD",162,healthcare,card,,,ocr_receipt
diagnostic pe 353 rs ka dawai le liya Phonepe pe bhai,353,healthcare,upi,phonepe,,hinglish_natural
Bought mutual fund for ₹1691.12 with Mastercard,1691.12,investment,card,,,english_natural
aaj credit card EMI pe 3954 rupaye kharcha hua card se,3954,emi,card,,,voice_transcript
i did 35321 expense on hospital using G Pay,35321,healthcare,upi,gpay,,voice_transcript
218 rupaye khareed liyaa FirstCry pe card se,218,shopping,card,,,hinglish_natural
flatmate rent share 17730 cash Divya,17730,friends,cash,,,friends_synthetic
Used PNB cash to pay INR 17791.97 for mobile recharge,17791.97,utilities,cash,,pnb,english_natural
sent ?1389 to roommate on GPay,1389,friends,upi,gpay,icici,friends_synthetic
today i spent 290 on Kuvera via card,290,investment,card,,,voice_transcript
₹40615 paid to society maintenance via gpay UPI from ICICI Bank Bank ending 4658,40615,utilities,upi,gpay,icici,ocr_upi
office se aate hue rickshaw me 3786 rs. ka kiraya diy cash die,3786,travel,cash,,,hinglish_natural
i paid 1334 rupees for crypto using Gpay,1334,investment,upi,gpay,slice,voice_transcript
Used icici Visa to pay Rs.353 for Bajaj Finance EMI,353,emi,card,,icici,english_natural
"DHABA RESTAURANT
Total 3899
Cash Received
Change 0.00",3899,food,cash,,,ocr_receipt
mutual fund 636 rupaiye GPay se pay kiyaa Slice account se,636,investment,upi,gpay,slice,hinglish_natural
464 rupees Amazon Prime UPI se pay kr diya,464,entertainment,upi,paytm,jupiter,hinglish_natural
i did 315 expense on college fees using card,315,education,card,,idfc,voice_transcript
4526 rs SIP UPI se pay kr diya,4526,investment,upi,gpay,,hinglish_natural
market ka buy kya 28966 rs UPI se pay kiyaa,28966,shopping,upi,paytm,,hinglish_natural
i did 489 expense on personal loan EMI using card,489,emi,card,,,voice_transcript
Paid ₹2022 for Coursera via debit card,2022,education,card,,,english_natural
Just paid 326 to market through debit card,326,shopping,card,,,english_natural
TO:LENSKART lenskart.21323@icicibankbank From:PRIYASHARMA (ICICI Bank PhonePe : user2050@okicicibankbank,4842,healthcare,upi,phonepe,icici,ocr_upi
Rs.25598.44 debited from your Bank of Baroda account for eye checkup (PayTM UPI),25598.44,healthcare,upi,paytm,bob,ocr_upi
Karan ko 107 transfer kiya Gpay se,107,friends,upi,gpay,,friends_synthetic
4306 ₹ education loan EMI credit card se,14361,emi,card,,sbi,source_hinglish
dost Rahul ko 346 rupaye Phone Pe se bheje,346,friends,upi,phonepe,,friends_synthetic
Hospital bill INR 16643,16643,healthcare,upi,phonepe,,source_english
INOX ka show dekha 40363 rupaye debit card se,40363,entertainment,card,,hdfc,hinglish_natural
Cleartrip 4639 cash,4639,travel,cash,,sbi,english_natural
bhai society maintenance se payment kr diya 281 rs. ka CRED se,281,utilities,upi,cred,,hinglish_natural
32979 paid to Apollo Pharmacy via card from slice,32979,healthcare,card,,slice,english_natural
46030 EMI bhra education loan EMI pe debit card se,46030,emi,card,,pnb,hinglish_natural
Shreya 34814 rs. cash diyee SBI se kata,34814,friends,cash,,sbi,hinglish_natural
₹4977 paid to EaseMyTrip via Visa from IDFC,4977,travel,card,,idfc,english_natural
"LENSKART RESTAURANT
Total 50.93
Cash Received
Change 0.00",50.93,shopping,upi,slice,,ocr_receipt
bhai Tata Play ka 388 rupaye Cred se de diya,388,utilities,upi,cred,slice,voice_transcript
kal 39007 rupees test karaya doctor pe haath se de diye,39007,healthcare,cash,,,hinglish_natural
paid 1046 to Vi recharge through Phone Pe,1046,utilities,upi,phonepe,,voice_transcript
aaj tuition pe 4713 rupaye kharcha hua cash se,4713,education,cash,,,voice_transcript
Zara mein 273 lag gaye Phone Pe se bhara,273,shopping,upi,phonepe,,voice_transcript
451 BSNL,451,utilities,upi,paytm,,english_natural
Paid INR 975 to Chai Point Phonepe UPI SBI 8624 Done,975,food,upi,phonepe,sbi,ocr_upi
MakeMyTrip 32066 GPay Payment done sbi 4281,32066,travel,upi,gpay,sbi,ocr_upi
₹450 debited from your HDFC account for DishTV (Cred UPI),450,utilities,upi,cred,hdfc,ocr_upi
mobile recharge ka payment kya 23129 rupees UPI se pay kia,23129,utilities,upi,phonepe,kotak,hinglish_natural
Rs 1395 charged for Snapdeal on Slice,1395,shopping,upi,slice,,english_natural
uber ola cab ride airport train ticket ₹471 PayTM,471,travel,upi,paytm,,cue_row
UPI/70681783/PHARMEASY/STATE BANK,45586,healthcare,card,,sbi,english_natural
HDFC loan payment Rs1132 done via card,1132,emi,card,,,english_natural
"ZARA RESTAURANT
Total 121.26
Cash Received
Change 0.00",121.26,shopping,card,,,ocr_receipt
amazon flipkart myntra online shopping order 1469 cash,1469,shopping,cash,,,cue_row
"TAX INVOICE
rent
Grand Total: Rs 1839.84
Payment: jupiter",1839.84,utilities,upi,jupiter,,ocr_receipt
Paytm Money se mutual fund kar diya 110 rupaye ka Google Pay pe,110,investment,upi,gpay,hdfc,hinglish_natural
Bajaj Finance EMI se EMI kat gayi 130 ka card se,130,emi,card,,slice,hinglish_natural
Vi recharge me 31248 rs. ka bill pay kiya UPI se diy,31248,utilities,upi,bhim,,hinglish_natural
maine 42745 rupaye Lenskart ko diye GPay se,42745,shopping,upi,gpay,kotak,voice_transcript
hospital Rs.1190.76 PhonePe,1190.76,healthcare,upi,phonepe,axis,ocr_upi
metro ka 491 rupees ka bill cash se pay kiya,491,travel,cash,,niyo,voice_transcript
Amazon Prime se game liyaa 43653 rupees ka via bhim,43653,entertainment,upi,bhim,,hinglish_natural
office se aate hue 38030 rupaiye khareed le liya Tata CLiQ ko debit card se achha deal mila,38030,shopping,card,,niyo,hinglish_natural
diagnostic ka 397 rupees ka bill Phone Pe se pay kiya,397,healthcare,upi,phonepe,,voice_transcript
TO:SPOTIFY spotify.98106@icicibank From:PRIYASHARMA (icici phonepe : user4452@okicicibank,344.15,entertainment,upi,phonepe,icici,ocr_upi
mobile recharge Rs.482.83 Bhim,482.83,utilities,upi,bhim,icici,ocr_upi
petrol diesel fuel ₹4578 at pump cash,4578,travel,cash,,,cue_row
bro 191 rupaiye UPI se HDFC Bank se kata,191,friends,upi,phonepe,hdfc,hinglish_natural
ACT Fibernet se bill pay kia 1769 rs. ka UPI se pay kiya,1769,utilities,upi,phonepe,,hinglish_natural
bhai SIP me 237 ka paisa daala UPI se pay kya,43862,investment,upi,paytm,,source_hinglish
Nykaa ₹54.04 Phonepe,54.04,shopping,upi,phonepe,kotak,ocr_upi
Payment of Rs 2024.83 to dhaba was successful via Slice UPI Ref No 00479046449405 sbi Account 2221,2024.83,food,upi,slice,sbi,ocr_upi
tuition pe 4010 ka books lia credit card se SBI se kata,4010,education,card,,sbi,hinglish_natural
abhi 35052 rupaiye paise bheje Vikram ko phonepe pe idfc card se,35052,friends,upi,phonepe,idfc,hinglish_natural
t187 charged for bike loan EMI on Visa,187,emi,card,,,english_natural
sent money to Rahul 11106 on Fi Money,11106,friends,upi,fi,,friends_synthetic
Angel One se SIP bharaa 4764 rupay ka credit card se SBI se,4764,investment,card,,sbi,hinglish_natural
4694 rupay SIP UPI se de diya,4694,investment,upi,gpay,kotak,hinglish_natural
i paid 156 rupees for Zomato using Slice,156,food,upi,slice,,voice_transcript
flatmate 4900,4900,friends,cash,,,english_natural
rickshaw me 3943 ka ticket book kiyaa debit card se budget tod diya,3943,travel,card,,,hinglish_natural
electricity water broadband mobile recharge bill R 39312 card,39312,utilities,card,,sbi,cue_row
Neha Rs.473.77 slice,473.77,friends,upi,slice,icici,ocr_upi
paid roommate ₹7120 via Google Pay,7120,friends,upi,gpay,hdfc,friends_synthetic
13439 rupaye Bewakoof UPI se,13439,shopping,upi,paytm,,hinglish_natural
29752 rs ticket book kiyaa Goibibo pe naqad,24562,travel,cash,,,source_hinglish
hospital doctor pharmacy medicine diagnostic ₹14730 CRED,14730,healthcare,upi,cred,,cue_row
43568 rupees ACT Fibernet UPI se,43568,utilities,upi,gpay,,hinglish_natural
dost bro ko 21676 rupaye paytm se bheje,21676,friends,upi,paytm,,friends_synthetic
aaj bhai pe 264 rupaye kharcha hua CRED se,264,friends,upi,cred,slice,voice_transcript
Doctor consultation INR 26410,26410,healthcare,cash,,,source_english
"BLINKIT RESTAURANT
Total 47140
Cash Received
Change 0.00",47140,food,upi,paytm,,ocr_receipt
uber ola cab ride airport train ticket R 2916 Phone Pe,2916,travel,upi,phonepe,,cue_row
Electricity bill payment INR 2602,2602,utilities,upi,cred,,source_english
coaching exam preparation study material Rs.4540 card,4540,education,card,,hdfc,cue_row
"BIRYANI BLUES RESTAURANT
Total 368
Cash Received
Change 0.00",368,food,upi,paytm,,ocr_receipt
1717 rupees Hotstar card SLICE account,1717,entertainment,card,,slice,voice_transcript
58 rupees JioMart card,58,food,card,,,voice_transcript
Ola 42667,42667,travel,card,,,english_natural
₹136 to Ola via Bhim HDFC Bank account,136,travel,upi,bhim,hdfc,english_natural
ghar jaate waqt 280 rs stocks card se,280,investment,card,,pnb,hinglish_natural
3532 ₹ Flipkart cash de diye,3532,shopping,cash,,sbi,hinglish_natural
"AJIO RESTAURANT
Total 2732.87
Cash Received
Change 0.00",2732.87,shopping,card,,,ocr_receipt
Rahul ko 15460 transfer kiya Google Pay se,15460,friends,upi,gpay,,friends_synthetic
subah 18573 rs. kiraya die petrol pump pe credit card se,18573,travel,card,,,hinglish_natural
PVR R 225 Slice,225,entertainment,upi,slice,kotak,ocr_upi
Used sbi phonepe to pay ₹26651 for BSNL,26651,utilities,upi,phonepe,sbi,english_natural
Bought gas bill for 2642 with PayTM,2642,utilities,upi,paytm,,english_natural
Paid 430 for Ola from my Fi Money account via G Pay,430,travel,upi,gpay,fi,english_natural
Exam fee INR 9321,9321,education,cash,,,source_english
TO:BEWAKOOF bewakoof.18898@hdfcbankbank From:RAHULKUMAR (HDFC Bank BHIM : user5583@okhdfcbankbank,2500,shopping,upi,bhim,hdfc,ocr_upi
subah Air India se cab liyaa 2290 rs ka credit card se ICICI wale account se,2290,travel,card,,icici,hinglish_natural
3283 ₹ petrol pump haath se de diya,3283,travel,cash,,kotak,hinglish_natural
Rapido 4293 ₹ cash diy,4293,travel,cash,,hdfc,hinglish_natural
23892 debited from your icici account for Pooja (jupiter UPI),23892,friends,upi,jupiter,icici,ocr_upi
583 rupees Practo UPI se bhai,583,healthcare,upi,fi,,hinglish_natural
water bill ka bill pay kya 36666 rupaye cash de diye,36666,utilities,cash,,,hinglish_natural
raat ko 28184 rupaiye diagnostic card se pay kiyaa,28184,healthcare,card,,sbi,hinglish_natural
Lenskart se buy kr diya 360 rupees ka naqad,360,shopping,cash,,,hinglish_natural
lab test ka test karaya 2237 rs. card se pay kia,2237,healthcare,card,,,hinglish_natural
doctor ka 2699 rupees ka bill Jupiter se pay kiya,2699,healthcare,upi,jupiter,,voice_transcript
clinic 1539 rs. cred se pay kar diya kotak se kata,1539,healthcare,upi,cred,kotak,hinglish_natural
Flipkart ka saman liyaa 436 card se,436,shopping,card,,sbi,hinglish_natural
"BILL
Spotify
Rs.2614
CASH
Thank You Visit Again",2614,entertainment,cash,,,ocr_receipt
spent 20723 rupees on tuition via cash,20723,education,cash,,,voice_transcript
yaar dentist 4380 rupay debit card se,4380,healthcare,card,,,hinglish_natural
"MCDONALD'S
Item 1 INR 118
Item 2 197
Total Rs.10039
Gpay",10039,food,upi,gpay,,ocr_receipt
split bill 1909 G Pay se Neha ko diya,1909,friends,upi,gpay,,friends_synthetic
raat ko Faasos pe 4453 rupaiye ka food order kya haath se die,4453,food,cash,,,hinglish_natural
today i spent 4717 on home loan EMI via Phonepe,4717,emi,upi,phonepe,,voice_transcript
TO:ZEE5 zee5.93596@idfcbank From:UTSAVJANA (idfc NIYO : sender8119@okidfcbank,27035.81,entertainment,upi,niyo,idfc,ocr_upi
water bill se bill pay kr diya 72 ka Cred se pay kar diya,72,utilities,upi,cred,,hinglish_natural
Rs.69 paid to BookMyShow via Slice UPI from Kotak Bank ending 8251,69,entertainment,upi,slice,kotak,ocr_upi
"BILL
Zee5
₹410.06
Phone Pe
Thank You Visit Again",410.06,entertainment,upi,phonepe,hdfc,ocr_receipt
"Receipt #8286
Nykaa
Amount Paid: ?4098
Mode: CARD",4098,shopping,card,,,ocr_receipt
Pizza delivery INR 46891,46891,food,upi,bhim,,source_english
raat ko flatmate me 3476 rs. ka udhar return kia PayTM se pay kiya bohot mehenga,3476,friends,upi,paytm,sbi,hinglish_natural
31134 rs. Netmeds credit card se,31134,healthcare,card,,axis,hinglish_natural
"BILL
Myntra
Rs 3172
CARD
Thank You Visit Again",3172,shopping,card,,,ocr_receipt
ghar jaate waqt Angel One me 7667 ₹ ka stock lya UPI se pay kar diya,7667,investment,upi,paytm,,hinglish_natural
aaj Amazon pe 114 rupaye kharcha hua card se,114,shopping,card,,,voice_transcript
today i spent 24858 on Cleartrip via gpay,24858,travel,upi,gpay,,voice_transcript
education loan EMI payment t4835 done via debit card,4835,emi,card,,hdfc,english_natural
sent money to Priya Rs241 on cash,241,friends,cash,,,friends_synthetic
bhai Zerodha ka 460 rupaye Paytm se de diya,460,investment,upi,paytm,,voice_transcript
Exam fee INR 19939,19939,education,upi,bhim,,source_english
"BILL
hospital
454
Niyo
Thank You Visit Again",454,healthcare,upi,niyo,,ocr_receipt
credit card EMI ₹44043 Phone Pe,44043,emi,upi,phonepe,hdfc,ocr_upi
Coursera 3008.18 NIYO,3008.18,education,cash,,niyo,english_natural
TO:EATFIT eatfit.66774@sbibank From:PRIYASHARMA (SBI paytm : sender1156@oksbibank,2809.96,food,upi,paytm,sbi,ocr_upi
₹47 charged for friend on phonepe,47,friends,upi,phonepe,,english_natural
Priya 125 via GPay,125,friends,upi,gpay,,hinglish_natural
school college tuition course books fees 1598 card,1598,education,card,,,cue_row
subah petrol pump 2903 card se pay kiyaa Bank of Baroda se,2903,travel,card,,bob,hinglish_natural
i paid 5924 rupees for books using NIYO,5924,education,upi,niyo,,voice_transcript
today i spent 46062 on Netflix via card,46062,entertainment,card,,,voice_transcript
TO:PAYTMMONEY paytmmoney.44086@kotakmahindrabank From:UTSAVJANA (Kotak Mahindra CRED : sender8693@okkotakmahindrabank,3837.88,investment,upi,cred,kotak,ocr_upi
paid back friend lent money 3508 cred,3508,friends,upi,cred,kotak,cue_row
Spent Rs 3470.95 on roommate using Phonepe,3470.95,friends,upi,phonepe,,english_natural
Paid t452 to Nykaa Fi Money UPI State Bank 2699 Successful,452,shopping,upi,fi,sbi,ocr_upi
ACT Fibernet 40024 rupees UPI se diy matlab,40024,utilities,upi,cred,,hinglish_natural
"BILL
DishTV
₹34619.18
Paytm
Thank You Visit Again",34619.18,utilities,upi,paytm,hdfc,ocr_receipt
Vi recharge se bill pay kr diya 4068 rupaiye ka SLICE se pay kiya,4068,utilities,upi,slice,,hinglish_natural
Bought Flipkart for INR 31868 with cred,31868,shopping,upi,cred,,english_natural
UPI/38222561/FIRSTCRY/BANK,990,shopping,card,,,english_natural
Rs 271 debited from your Indusind Bank account for SIP (cred UPI),271,investment,upi,cred,indusind,ocr_upi
paid Vikram R 500 via Bhim,500,friends,upi,bhim,,friends_synthetic
sent money to Arjun Rs10806 on PayTM,10806,friends,upi,paytm,,friends_synthetic
Snapdeal 451 rs credit card se,451,shopping,card,,,hinglish_natural
i paid 190 rupees for education loan EMI using card,190,emi,card,,,voice_transcript
UPI/55709408/MALL/PUNJAB NATIONAL BANK,1764.79,shopping,card,,pnb,english_natural
24226 rs. credit card EMI card se pay kia,24226,emi,card,,,hinglish_natural
flight booking travel ticket ₹1452 cash,1452,travel,cash,,,cue_row
today i spent 3444 on Chai Point via card,3444,food,card,,,voice_transcript
Karan pe 27569 rupay ka udhar return kiyaa cash diyee,27569,friends,cash,,yes bank,hinglish_natural
Snapdeal 36345,36345,shopping,upi,cred,,english_natural
PPF payment ?94.93 done via Gpay,94.93,investment,upi,gpay,pnb,english_natural
127 ACT Fibernet UPI se die,127,utilities,upi,phonepe,,hinglish_natural
flatmate rent share 147 G Pay bro,147,friends,upi,gpay,,friends_synthetic
Zee5 ka show dekha 20 rupaiye UPI se achha deal mila,5,entertainment,upi,cred,,hinglish_natural
dinner split 206 rupaye friend card,206,friends,card,,,friends_synthetic
subah 278 rs. personal loan EMI card se pay kar diya,278,emi,card,,,hinglish_natural
kal Flipkart pe 26058 rs. ka saman le liya credit card se,26058,shopping,card,,jupiter,hinglish_natural
3782 rs Air India card se pay kiyaa,3782,travel,card,,slice,hinglish_natural
dinner split 89 rupaye bro PayTM,89,friends,upi,paytm,,friends_synthetic
exam fee 2055 ₹ haath se diye matlab,2055,education,cash,,jupiter,hinglish_natural
i paid 1224 rupees for credit card EMI using card,1224,emi,card,,,voice_transcript
4712 ₹ stock lya Angel One pe card se,4712,investment,card,,,hinglish_natural
3039 charged for roommate on Phone Pe,3039,friends,upi,phonepe,,english_natural
spent 38598 rupees on Vikram via Phonepe,38598,friends,upi,phonepe,,voice_transcript
Vi recharge 225.49,225.49,utilities,upi,paytm,hdfc,english_natural
Paid Rapido INR 136 using Gpay,136,travel,upi,gpay,,english_natural
469 rs. bro UPI se pay kiyaa,469,friends,upi,cred,,hinglish_natural
kal 1852 rs. test karaya doctor pe card se sasta tha,35522,healthcare,card,,,source_hinglish
ghar jaate waqt SpiceJet se kiraya diyee 436 rs. ka cash me,436,travel,cash,,,hinglish_natural
maine 54 rupaye Zomato ko diye slice se,54,food,upi,slice,,voice_transcript
Croma 46434 rupees card se,46434,shopping,card,,sbi,hinglish_natural
dost 34926 rupay UPI se matlab,34926,friends,upi,niyo,,hinglish_natural
i paid 3991 rupees for Zara using slice,3991,shopping,upi,slice,hdfc,voice_transcript
split bill 10303 phonepe se Pooja ko diya,10303,friends,upi,phonepe,,friends_synthetic
"TAX INVOICE
clinic
Grand Total: ₹2504
Payment: CARD",2504,healthcare,card,,,ocr_receipt
raat ko BigBasket se food order kiyaa 4008 rupaiye ka card se pay kar diya,4008,food,card,,,hinglish_natural
raat ko petrol pump 3238 ₹ card se,3238,travel,card,,,hinglish_natural
subah SBI loan ka installment de diya 42 rs UPI se SLICE wale account se,42,emi,upi,gpay,slice,hinglish_natural
HDFC loan se EMI bhra 3009 rupay ka debit card se,3009,emi,card,,kotak,hinglish_natural
Payment of 2881.06 to Zomato was successful via GPay UPI Ref No 3888012212436 ICICI Account 4033,2881.06,food,upi,gpay,icici,ocr_upi
coaching ka books lya 388 rupaye card se HDFC card se,388,education,card,,hdfc,hinglish_natural
MakeMyTrip 7776 rupay UPI se hdfc se kata,4219,travel,upi,fi,hdfc,source_hinglish
66 movie dekhi BookMyShow pe cash me,66,entertainment,cash,,,hinglish_natural
Behrouz Rs.4162 debited from kotak,4162,food,cash,,kotak,english_natural
PharmEasy se doctor ko de diye 339 ₹ ka UPI se bohot mehenga,11279,healthcare,upi,cred,,source_hinglish
library se admission kar diya 6392 rupaiye ka UPI se de diye,6392,education,upi,slice,,hinglish_natural
Rs.43939 paid to insurance premium via GPay from Fi,43939,utilities,upi,gpay,fi,english_natural
366 Paytm Ajio,366,shopping,upi,paytm,slice,english_natural
home loan car loan credit card EMI monthly 28325 autopay card,28325,emi,card,,,cue_row
42305 debited from your hdfc account for Behrouz (cred UPI),42305,food,upi,cred,hdfc,ocr_upi
petrol pump 6212 debited from Kotak Mahindra,6212,travel,card,,kotak,english_natural
33063 rupees food order kr diya Box8 pe UPI se pay kar diya,33063,food,upi,bhim,axis,hinglish_natural
"BILL
dentist
INR 35103
CARD
Thank You Visit Again",35103,healthcare,card,,,ocr_receipt
GPay payment 394 JioCinema PNB 2048 successful,394,entertainment,upi,gpay,pnb,ocr_upi
personal loan installment EMI deduction ₹2484 Phone Pe,2484,emi,upi,phonepe,,cue_row
bhai doctor ka 4722 rupaye gpay se de diya,4722,healthcare,upi,gpay,,voice_transcript
276 PayTM Angel One,276,investment,upi,paytm,fi,english_natural
ghar jaate waqt 11512 transfer kr diya Priya ko PhonePe pe,11512,friends,upi,phonepe,hdfc,hinglish_natural
579 ka Neha bill pay kiya Google Pay se Axis se kata,579,friends,upi,gpay,axis,voice_transcript
Rs211.71 debited from your Bank of Baroda account for Pooja (Gpay UPI),211.71,friends,upi,gpay,bob,ocr_upi
subah Karan ka transfer kiya 3046 via Paytm,3046,friends,upi,paytm,,hinglish_natural
breakfast snacks chai coffee INR 944 cash,944,food,cash,,,cue_row
Bewakoof ka 2113 rupees ka bill paytm se pay kiya,2113,shopping,upi,paytm,kotak,voice_transcript
electricity water broadband mobile recharge bill ₹43058 fi,43058,utilities,upi,fi,,cue_row
SLICE payment ₹3080.16 MedPlus SBI 8884 successful,3080.16,healthcare,upi,slice,sbi,ocr_upi
school college tuition course books fees 33261 card,33261,education,card,,canara,cue_row
maine 19329 rupaye Coin ko diye Gpay se,19329,investment,upi,gpay,fi,voice_transcript
"AMAZON RESTAURANT
Total 3309
Cash Received
Change 0.00",3309,shopping,card,,icici,ocr_receipt
Zerodha INR 181 GPay,181,investment,upi,gpay,icici,ocr_upi
4513 rupaye fees bhra tuition pe haath se de diya,4513,education,cash,,axis,hinglish_natural
25914 rupees buy kya Myntra ko Google Pay se pay kia,25914,shopping,upi,gpay,,hinglish_natural
TO:FIRSTCRY firstcry.21979@idfcfirstbank From:AMITSINGH (IDFC First Gpay : user4106@okidfcfirstbank,4855,shopping,upi,gpay,idfc,ocr_upi
Box8 se khana order kr diya 388 ₹ ka naqad,8,food,cash,,,hinglish_natural
bhai Faasos ka 8537 rupaye PhonePe se de diya,8537,food,upi,phonepe,,voice_transcript
Spent Rs.54 on bro using cash,54,friends,cash,,niyo,english_natural
Netflix ₹1380 BHIM,1380,entertainment,upi,bhim,slice,english_natural
lab test ka checkup karaya 27528 ₹ UPI se pay kia,27528,healthcare,upi,slice,icici,hinglish_natural
uber ola cab ride airport train ticket Rs.189 cash,189,travel,cash,,,cue_row
PVR me 328 ka movie dekhi card se,328,entertainment,card,,,hinglish_natural
education loan EMI mein 36625 lag gaye Paytm se bhara,36625,emi,upi,paytm,niyo,voice_transcript
"TATA PLAY RESTAURANT
Total 3919
Cash Received
Change 0.00",3919,utilities,cash,,sbi,ocr_receipt
39034 rupaiye EMI bharaa education loan EMI ko card se pay kr diya,39034,emi,card,,,hinglish_natural
t3098 to Starbucks via Google Pay axis account,3098,food,upi,gpay,axis,english_natural
Bought MakeMyTrip for 27598.84 with debit card,27598.84,travel,card,,,english_natural
medical checkup lab test health insurance Rs.3675 cash,3675,healthcare,cash,,,cue_row
NEFT/TRANSFER/BHAI/JUPITER,2541,friends,upi,bhim,jupiter,english_natural
BSNL pe 42360 ka recharge kar diya via Google Pay Niyo se kata,42360,utilities,upi,gpay,niyo,hinglish_natural
bhai 465 rs. UPI se,465,friends,upi,paytm,,hinglish_natural
Pooja ko 573 transfer kiya CRED se,573,friends,upi,cred,,friends_synthetic
Bus ticket INR 42963,42963,travel,upi,paytm,,source_english
Karan se paise bheje 3067 rupaiye ka card se pay kiyaa,3067,friends,card,,,hinglish_natural
Game purchase INR 42388,42388,entertainment,card,,kotak,source_english
Used sbi credit card to pay 4840.95 for Bharat Petroleum,4840.95,travel,card,,sbi,english_natural
"Rohan 188 Completed 11Nov 2026,3:26 pm ICICI Bank 2047 UPI transaction ID 84615965439",188,friends,upi,gpay,icici,ocr_upi
TO:ETMONEY etmoney.77983@statebankbank From:RAHULKUMAR (State Bank G Pay : sender8164@okstatebankbank,430.78,investment,upi,gpay,sbi,ocr_upi
rickshaw 51 rupees card se,51,travel,card,,,hinglish_natural
736 ka home loan EMI bill pay kiya card se,736,emi,card,,,voice_transcript
subah PVR ka game le liya 2205 rupees card se pay kar diya,2205,entertainment,card,,,hinglish_natural
Netmeds 456 rupaiye via SLICE,456,healthcare,upi,slice,,hinglish_natural
"Biryani Blues BILL
St: ₹295.42
GPay approved",295.42,food,upi,gpay,,ocr_receipt
28093 ka Udemy bill pay kiya cred se,28093,education,upi,cred,,voice_transcript
18230 rupees Hotstar via Google Pay,18230,entertainment,upi,gpay,hdfc,hinglish_natural
exam fee 22665 rupees via CRED budget tod diya,22665,education,upi,cred,icici,hinglish_natural
Uber 31815 rupaye card se,31815,travel,card,,union bank,hinglish_natural
FLIPKART INR 25538,25538,shopping,card,,,english_natural
24693 rs medicine liya Practo pe haath se diy,24693,healthcare,cash,,,hinglish_natural
library ka admission kar diya 42835 rupaiye naqad hdfc se,42835,education,cash,,hdfc,hinglish_natural
electricity water broadband mobile recharge bill Rs 3479 phonepe,3479,utilities,upi,phonepe,,cue_row
NEFT/TRANSFER/MESS/,28482,food,cash,,,english_natural
JioCinema me 4467 rs. ka ticket liyaa NIYO pe,4467,entertainment,upi,niyo,,hinglish_natural
"GAMING
Item 1 319
Item 2 Rs.188
Total INR 49975.01
paytm",49975.01,entertainment,upi,paytm,,ocr_receipt
140 rupees FirstCry cash me,140,shopping,cash,,,hinglish_natural
split bill 2175 Jupiter se Priya ko diya,2175,friends,upi,jupiter,,friends_synthetic
Mobile recharge INR 5785,5785,utilities,upi,gpay,icici,source_english
HDFC loan 2591 Visa,2591,emi,card,,niyo,english_natural
Croma 27584 rs card se pay kiyaa ICICI Bank wale account se,27584,shopping,card,,icici,hinglish_natural
294 to flatmate PayTM UPI,294,friends,upi,paytm,axis,friends_synthetic
Used NIYO Mastercard to pay 4007 for gold,4007,investment,card,,niyo,english_natural
22352 rupees fees bhar diya books ko gpay pe,22352,education,upi,gpay,,hinglish_natural
subah IRCTC ka cab lia 979 rs via Phone Pe matlab,979,travel,upi,phonepe,,hinglish_natural
119 rupees order kiyaa Amazon ko debit card se ICICI Bank wale account se,119,shopping,card,,icici,hinglish_natural
Paid Rs3289 for SBI loan via credit card,3289,emi,card,,icici,english_natural
Vedantu se admission kiya 4955 rupaiye ka gpay se pay kya,4955,education,upi,gpay,,hinglish_natural
1738 rupay bike loan EMI credit card se,1738,emi,card,,,hinglish_natural
grocery vegetables milk bread fruits ₹46750 paid cash,46750,food,cash,,,cue_row
1748.93 G Pay Vedantu,1748.93,education,upi,gpay,,english_natural
sent Rs12543 to friend on cash split bill UPI,12543,friends,cash,,pnb,cue_row
Rs 2077 to bro G Pay UPI,2077,friends,upi,gpay,,friends_synthetic
471 rupees coaching card se,471,education,card,,,hinglish_natural
dopahar ko Zee5 se movie dekhi 188 ₹ ka card se pay kiya,5,entertainment,card,,icici,hinglish_natural
HP Petrol 19978 debit card,19978,travel,card,,sbi,english_natural
Bought Spotify for 52 with jupiter,52,entertainment,upi,jupiter,,english_natural
subah library ka tuition diyee 75 rupaiye UPI se die matlab,39733,education,upi,slice,,source_hinglish
BSNL ka bill bhara 263 rupaye via CRED,263,utilities,upi,cred,,hinglish_natural
29407 charged for rickshaw on Google Pay,29407,travel,upi,gpay,jupiter,english_natural
spent 370 rupees on Amazon Prime via card,370,entertainment,card,,kotak,voice_transcript
Udemy payment Rs.6097.76 done via Gpay,6097.76,education,upi,gpay,,english_natural
"clinic
Net Amount 3148
Paid via CASH",3148,healthcare,cash,,,ocr_receipt
flatmate rent share 23958 SLICE bhai,23958,friends,upi,slice,,friends_synthetic
"MEESHO RESTAURANT
Total 2098.89
Cash Received
Change 0.00",2098.89,shopping,upi,paytm,,ocr_receipt
today i spent 380 on RedBus via card,380,travel,card,,,voice_transcript
home loan EMI se EMI kat gayi 298 rupay ka credit card se,298,emi,card,,,hinglish_natural
Paid Zara Rs.1914 using phonepe,1914,shopping,upi,phonepe,,english_natural
gold 6270 rs. credit card se icici se kata,6270,investment,card,,icici,hinglish_natural
4748 rupees transfer kiyaa bro pe UPI se pay kr diya ICICI se kata,4748,friends,upi,fi,icici,hinglish_natural
aaj 3163 ₹ Arjun haath se de diya,3163,friends,cash,,,hinglish_natural
i did 45858 expense on Coin using Phone Pe,45858,investment,upi,phonepe,,voice_transcript
subah 39137 rupay cab le liya petrol pump pe Google Pay se Slice wale account se,39137,travel,upi,gpay,slice,hinglish_natural
bhai 139 rupaiye EMI kat gayi credit card EMI pe debit card se,139,emi,card,,slice,hinglish_natural
"Vi recharge 2750 Completed 25Jun 2025,12:42 pm ICICI 6066 UPI transaction ID 703547663077997",2750,utilities,upi,paytm,icici,ocr_upi
bhai Divya ko udhar return kiya 3735 rs card se,3735,friends,card,,,friends_synthetic
spent 239 rupees on Arjun via Gpay,239,friends,upi,gpay,,voice_transcript
aaj EaseMyTrip pe 30373 rupaye kharcha hua cash se,30373,travel,cash,,,voice_transcript
SpiceJet se ride lya 16592 rupaiye ka UPI se de diye slice card se,16592,travel,upi,phonepe,slice,hinglish_natural
education loan EMI 491,491,emi,card,,yes bank,english_natural
sent money to Vikram ₹4792 on cash,4792,friends,cash,,,friends_synthetic
Bought Ananya for 245 with cash,245,friends,cash,,,english_natural
"AMAZON PRIME RESTAURANT
Total 3039
Cash Received
Change 0.00",3039,entertainment,upi,fi,,ocr_receipt
PVR ₹381.61 debited from sbi,381.61,entertainment,cash,,sbi,english_natural
bhai Coin ka 2679 rupaye card se de diya,2679,investment,card,,hdfc,voice_transcript
flight booking travel ticket 3263 card,3263,travel,card,,,cue_row
Divya me 14698 rupaiye ka udhar return kya via paytm,14698,friends,upi,paytm,,hinglish_natural
today i spent 242 on Goibibo via cash,242,travel,cash,,,voice_transcript
dentist payment Rs 4918.63 done via Fi Money,4918.63,healthcare,upi,fi,,english_natural
"YOUTUBE PREMIUM
Item 1 Rs.323
Item 2 ₹113
Total INR 39990.45
CARD",39990.45,entertainment,card,,,ocr_receipt
Amazon purchase INR 44040,44040,shopping,upi,jupiter,,source_english
3504.24 Visa Tata Play,3504.24,utilities,card,,hdfc,english_natural
aaj Netflix pe 4507 rupaye kharcha hua Gpay se,4507,entertainment,upi,gpay,,voice_transcript
"Receipt #3142
food court
Amount Paid: ₹1695.52
Mode: SLICE",1695.52,food,upi,slice,,ocr_receipt
TO:BEWAKOOF bewakoof.36054@kotakbank From:AMITSINGH (Kotak Google Pay : user5266@okkotakbank,8518,shopping,upi,gpay,kotak,ocr_upi
"BILL
Apple Music
Rs 3590
phonepe
Thank You Visit Again",3590,entertainment,upi,phonepe,,ocr_receipt
"D BEHROUZ 9591 Completed 1Apr 2026,3:03 pm State Bank Bank 5604 UPI transaction ID 52795860725093 TO:BEHROUZ behrouz.34917@state bankbank Goog1etransaction lD CICAgJjg206822 OPI G Pay",9591,food,upi,gpay,sbi,ocr_upi
sent INR 203 to friend on Gpay split bill UPI,203,friends,upi,gpay,,cue_row
concert 42113 Axis Bank,42113,entertainment,upi,gpay,axis,english_natural
12525 rupay dawai liya lab test ko UPI se pay kiyaa,12525,healthcare,upi,cred,,hinglish_natural
BookMyShow pe 19301 rs ka ticket liyaa paytm pe,19301,entertainment,upi,paytm,hdfc,hinglish_natural
maine 37 rupaye Nykaa ko diye cash se,37,shopping,cash,,,voice_transcript
personal loan installment EMI deduction 14175 card,14175,emi,card,,,cue_row
dinner split 766 rupaye Priya GPay,766,friends,upi,gpay,,friends_synthetic
4061 to Divya via G Pay axis account,4061,friends,upi,gpay,axis,english_natural
Paid INR 959.75 to Vikram Paytm UPI Axis 5920 Done,959.75,friends,upi,paytm,axis,ocr_upi
Rs.3649 to electricity bill via Visa,3649,utilities,card,,,english_natural
Netmeds pe 264 rs ka medicine lya naqad,48731,healthcare,cash,,,source_hinglish
Just paid Rs579 to BYJU'S through cred,579,education,upi,cred,,english_natural
Rahul me 1041 ka udhar return kr diya GPay se Niyo card se,1041,friends,upi,gpay,niyo,hinglish_natural
Spent Rs.309 on IRCTC using cash,309,travel,cash,,,english_natural
sent money to Pooja ₹223 on card,223,friends,card,,,friends_synthetic
dopahar ko dhaba se mangwaya 31819 rupaye ka via SLICE,31819,food,upi,slice,,hinglish_natural
Just paid 1567 to canteen through SLICE,1567,food,upi,slice,fi,english_natural
ACT Fibernet ka payment kya 2442 ₹ UPI se de diya,2442,utilities,upi,gpay,kotak,hinglish_natural
NEFT/TRANSFER/ROOMMATE/PUNJAB NATIONAL BANK,36795,friends,upi,gpay,pnb,english_natural
Rs.3447 to SBI loan via debit card,3447,emi,card,,,english_natural
Spent Rs2017 on auto using card,2017,travel,card,,,english_natural
24556 credit card car loan EMI,24556,emi,card,,,english_natural
Spotify me 103 ₹ ka ticket le liya debit card se,103,entertainment,card,,,hinglish_natural
49402 rupay cab liya Goibibo pe cash me,49402,travel,cash,,hdfc,hinglish_natural
?3183.94 paid to SBI loan via slice UPI from sbi Bank ending 3056,3183.94,emi,upi,slice,sbi,ocr_upi
spent 67 rupees on Air India via cash,67,travel,cash,,,voice_transcript
home loan EMI ka installment diye 1977 ₹ credit card se axis se,1977,emi,card,,axis,hinglish_natural
bhai Arjun ko udhar return kiya 319 rs niyo se,319,friends,upi,niyo,icici,friends_synthetic
INR 119.48 paid to 1mg via Cred UPI from Kotak Mahindra Bank ending 2729,119.48,healthcare,upi,cred,kotak,ocr_upi
lunch dinner food order swiggy zomato restaurant meal INR 4582 PayTM,4582,food,upi,paytm,,cue_row
flatmate rent share 4892 cash Ananya,4892,friends,cash,,,friends_synthetic
"TAX INVOICE
Airtel recharge
Grand Total: Rs.14449
Payment: CASH",14449,utilities,cash,,,ocr_receipt
Paid 23383.93 for Uber via card,23383.93,travel,card,,,english_natural
raat ko 26848 ₹ paise bheje Arjun ko haath se die,26848,friends,cash,,icici,hinglish_natural
8186 rupaiye BSNL UPI se pay kiyaa,8186,utilities,upi,phonepe,,hinglish_natural
3482 PVR via SLICE,3482,entertainment,upi,slice,,hinglish_natural
3418 rupay stock liyaa Coin ko CRED pe kotak card se,29688,investment,upi,cred,kotak,source_hinglish
kal IndiGo se kiraya de diye 4307 rupay ka cash de diya,4307,travel,cash,,,hinglish_natural
split bill 4972 cash se roommate ko diya,4972,friends,cash,,hdfc,friends_synthetic
ghar jaate waqt society maintenance 293 cash me sasta tha,293,utilities,cash,,,hinglish_natural
personal loan EMI 374,374,emi,card,,kotak,english_natural
ghar jaate waqt Haldirams ka food order kr diya 107 rupees CRED se,107,food,upi,cred,icici,hinglish_natural
"ZARA
Item 1 96
Item 2 Rs 470
Total 493.39
Google Pay",493.39,shopping,upi,gpay,,ocr_receipt
Paid ₹4136 to Swiggy PayTM UPI sbi 8167 Completed,4136,food,upi,paytm,sbi,ocr_upi
"D CCD 24013 Completed 1Feb 2026,7:55 pm axis Bank 4091 UPI transaction ID 26763114310 TO:CCD ccd.70134@axisbank Googletransaction lD CICAgJjg871414 OPI Phonepe",24013,food,upi,phonepe,axis,ocr_upi
BSNL INR 1973.33 debited from sbi,1973.33,utilities,upi,slice,sbi,english_natural
dinner split 17203 rupaye colleague Jupiter,17203,friends,upi,jupiter,,friends_synthetic
₹12485 to Pooja cash UPI,12485,friends,cash,,,friends_synthetic
ghar jaate waqt Unacademy me 179 ka course liyaa credit card se,179,education,card,,,hinglish_natural
Paid 201 for metro via Mastercard,201,travel,card,,fi,english_natural
4648 to colleague via gpay,4648,friends,upi,gpay,,english_natural
dinner split 1909 rupaye Vikram Phone Pe,1909,friends,upi,phonepe,,friends_synthetic
rent maintenance gas connection Rs.3630 cash,3630,utilities,cash,,,cue_row
Bharat Petroleum 3083 rupay haath se diye,3083,travel,cash,,,hinglish_natural
bhai tuition pe 484 rs. ka books lya UPI se bohot mehenga,484,education,upi,gpay,,hinglish_natural
"Receipt #1154
PharmEasy
Amount Paid: ₹90.85
Mode: niyo",90.85,healthcare,upi,niyo,,ocr_receipt
2916 to Neha PhonePe UPI,2916,friends,upi,phonepe,sbi,friends_synthetic
NEFT/TRANSFER/CLINIC/,24167,healthcare,upi,paytm,,english_natural
flight booking travel ticket R 314 cash,314,travel,cash,,,cue_row
Neha ka udhar return kar diya 450 ₹ cash diye,450,friends,cash,,,hinglish_natural
H&M se buy kya 326 rupaye ka UPI se pay kr diya ICICI wale account se,326,shopping,upi,slice,icici,hinglish_natural
dopahar ko clinic 1320 rupaiye UPI se,1320,healthcare,upi,bhim,,hinglish_natural
Exam fee INR 9484,9484,education,upi,paytm,icici,source_english
408 ka diagnostic bill pay kiya bhim se sbi se kata,408,healthcare,upi,bhim,sbi,voice_transcript
₹59.61 paid to bike loan EMI via NIYO UPI from Yes Bank Bank ending 5198,59.61,emi,upi,niyo,yes bank,ocr_upi
raat ko home loan EMI pe 104 ₹ ka EMI kat gayi debit card se State Bank account se,104,emi,card,,sbi,hinglish_natural
roommate Rs 411.56 debited from SBI,411.56,friends,cash,,sbi,english_natural
"BILL
rent
Rs.3548
G Pay
Thank You Visit Again",3548,utilities,upi,gpay,,ocr_receipt
dost me 4000 ₹ ka dost ko diy via SLICE,4000,friends,upi,slice,,hinglish_natural
₹4507 debited from your Punjab National Bank account for Kuvera (Jupiter UPI),4507,investment,upi,jupiter,pnb,ocr_upi
mutual fund SIP stocks PPF FD investment 29 Phonepe,29,investment,upi,phonepe,,cue_row
flatmate rent share 24341 cash colleague,24341,friends,cash,,,friends_synthetic
10328 rs. Croma credit card se,10328,shopping,card,,niyo,hinglish_natural
9270 debit card auto,9270,travel,card,,,english_natural
SIP INR 2482.74,2482.74,investment,upi,bhim,,english_natural
i did 45493 expense on Meesho using card,45493,shopping,card,,,voice_transcript
BYJU'S me 14131 ka books liyaa Phonepe se,14131,education,upi,phonepe,,hinglish_natural
INR 45828.75 to doctor via Visa,45828.75,healthcare,card,,,english_natural
Spent INR 205.08 on Spotify using credit card,205.08,entertainment,card,,axis,english_natural
home loan EMI 1390 debited from Indusind Bank,1390,emi,card,,indusind,english_natural
3404.96 charged for society maintenance on GPay,3404.96,utilities,upi,gpay,slice,english_natural
"Receipt #4107
Amazon Prime
Amount Paid: Rs 4444
Mode: cred",4444,entertainment,upi,cred,,ocr_receipt
"1MG
Item 1 151
Item 2 ₹288
Total Rs.2377
PhonePe",2377,healthcare,upi,phonepe,,ocr_receipt
"Gaana 3335 Completed 15May 2026,4:03 am HDFC Bank 3021 UPI transaction ID 208140184186422",3335,entertainment,upi,paytm,hdfc,ocr_upi
paid friend Rs54 via PhonePe,54,friends,upi,phonepe,,friends_synthetic
Practo se checkup karaya 46237 rupaye ka card se,46237,healthcare,card,,,hinglish_natural
yaar Pooja me 18146 rs ka paise bheje via phonepe,18146,friends,upi,phonepe,,hinglish_natural
"Jio recharge BILL
St: Rs.37454.89
phonepe APPROVED",37454.89,utilities,upi,phonepe,,ocr_receipt
yaar concert 203 rs. credit card se,203,entertainment,card,,,hinglish_natural
rent maintenance gas connection ₹4323 Niyo,4323,utilities,upi,niyo,,cue_row
3322 ₹ EMI kat gayi Bajaj Finance EMI pe debit card se,3322,emi,card,,slice,hinglish_natural
kal electricity bill ka payment kia 4613 rs. Phone Pe se,4613,utilities,upi,phonepe,,hinglish_natural
BSNL ka payment kiya 38325 credit card se,38325,utilities,card,,hdfc,hinglish_natural
Spent ?371 on gaming using cash,371,entertainment,cash,,,english_natural
Rs.12441 paid to Dominos via Cred UPI from State Bank Bank ending 2046,12441,food,upi,cred,sbi,ocr_upi
breakfast snacks chai coffee R 824 PayTM,824,food,upi,paytm,,cue_row
IRCTC me 612 rs ka ticket book kya UPI se diye,612,travel,upi,phonepe,,hinglish_natural
360 rupaye ride liya Air India ko UPI se,360,travel,upi,cred,pnb,hinglish_natural
Snapdeal 107 Phone Pe Payment done Axis Bank 2783,107,shopping,upi,phonepe,axis,ocr_upi
Paid ₹16411.19 for stocks via Phonepe,16411.19,investment,upi,phonepe,,english_natural
dinner split 218 rupaye Pooja Cred,218,friends,upi,cred,axis,friends_synthetic
society maintenance pe 2767 ₹ ka recharge kiya UPI se,2767,utilities,upi,phonepe,,hinglish_natural
78 rupay bill bharra BSNL pe debit card se,78,utilities,card,,union bank,hinglish_natural
bhai pe 1378 rupay ka transfer kiya UPI se pay kiya sasta tha,1378,friends,upi,phonepe,,hinglish_natural
"BILL
lab test
25438.02
BHIM
Thank You Visit Again",25438.02,healthcare,upi,bhim,canara,ocr_receipt
1005 rupees NPS Jupiter icici account,1005,investment,upi,jupiter,icici,voice_transcript
RedBus ka ride liya 3006 rupees cash die zyada ho gaya,3006,travel,cash,,,hinglish_natural
PHARMEASY INR 408,408,healthcare,card,,,english_natural
GROWW INR 246,246,investment,card,,,english_natural
"ZARA RESTAURANT
Total 481
Cash Received
Change 0.00",481,shopping,card,,,ocr_receipt
paid 49597 to exam fee through phonepe from SBI,49597,education,upi,phonepe,sbi,voice_transcript
NIYO payment ₹34550.59 Jio recharge PNB 4804 successful,34550.59,utilities,upi,niyo,pnb,ocr_upi
TO:COURSERA coursera.48701@punjabnationalbankbank From:UTSAVJANA (Punjab National Bank Paytm : user9829@okpunjabnationalbankbank,347,education,upi,paytm,pnb,ocr_upi
229 rupees HP Petrol card,229,travel,card,,,voice_transcript
85.10 to BSNL via Paytm NIYO account,85.10,utilities,upi,paytm,niyo,english_natural
ghar jaate waqt Angel One se stock le liya 395 rs. ka credit card se,2934,investment,card,,,source_hinglish
28814 rupay bill pay kiya ACT Fibernet ko credit card se,28814,utilities,card,,,hinglish_natural
Unacademy ka fees bharaa 14584 rupees via Phone Pe,14584,education,upi,phonepe,,hinglish_natural
electronics clothes shoes accessories purchase INR 3960 via card,3960,shopping,card,,,cue_row
abhi 29065 rupaye Coursera card se pay kr diya bohot mehenga,29065,education,card,,,hinglish_natural
electronics clothes shoes accessories purchase ₹785 via cash,785,shopping,cash,,icici,cue_row
aaj BSNL pe 18041 rupaye kharcha hua card se,18041,utilities,card,,kotak,voice_transcript
office se aate hue Netflix se subscription renew kiyaa 3450 rupaiye ka UPI se pay kiyaa,3450,entertainment,upi,cred,,hinglish_natural
INR 3508.24 to gaming via gpay Fi Money account,3508.24,entertainment,upi,gpay,fi,english_natural
"INOX
Net Amount 2012
Paid via Paytm",2012,entertainment,upi,paytm,,ocr_receipt
abhi 3195 rupees show dekha BookMyShow pe card se Axis Bank card se,3195,entertainment,card,,axis,hinglish_natural
YouTube Premium 854 rupaiye card se pay kiya hdfc card se,854,entertainment,card,,hdfc,hinglish_natural
PPF payment R 3413 done via Phone Pe,3413,investment,upi,phonepe,,english_natural
Nykaa pe 22993 rupees ka buy kya UPI se,22993,shopping,upi,phonepe,,hinglish_natural
gold R 309 phonepe,309,investment,upi,phonepe,kotak,ocr_upi
POS/BARBEQUE NATION/VISA/9616,3105,food,card,,,english_natural
"D KFC 155 Completed 22Apr 2026,11:07 pm hdfc Bank 3379 UPI transaction ID 1856067148981 TO:KFC kfc.57813@hdfcbank Goog1etransaction lD CICAgJjg010735 OPI Gpay",155,food,upi,gpay,hdfc,ocr_upi
2236 rs mutual fund UPI se de diya,2236,investment,upi,paytm,,hinglish_natural
Medical test charges INR 1654,1654,healthcare,upi,gpay,,source_english
i paid 128 rupees for electronics store using card,128,shopping,card,,,voice_transcript
yaar car loan EMI pe 23608 rupaiye ka installment de diya Google Pay pe matlab,23608,emi,upi,gpay,,hinglish_natural
INR 298.17 to bike loan EMI via card IDFC First account,298.17,emi,card,,idfc,english_natural
32963 rs admission kr diya upGrad ko UPI se pay kr diya,32963,education,upi,paytm,rbl,hinglish_natural
personal loan EMI 2932 rupaye UPI se pay kiyaa,2932,emi,upi,phonepe,kotak,hinglish_natural
electronics clothes shoes accessories purchase ?31249 via GPay,31249,shopping,upi,gpay,,cue_row
SpiceJet me 133 rs ka petrol bhar diya credit card se HDFC se,133,travel,card,,hdfc,hinglish_natural
233 rs. EatFit via Google Pay,233,food,upi,gpay,fi,hinglish_natural
"Airtel recharge
Net Amount 2694
Paid via CARD",2694,utilities,card,,hdfc,ocr_receipt
t2820 debited from your SBI account for Burger King (PayTM UPI),2820,food,upi,paytm,sbi,ocr_upi
Paid R 469 for KFC via Visa,469,food,card,,,english_natural
"FRESHMENU
Item 1 R 138
Item 2 388
Total Rs.121
jupiter",121,food,upi,jupiter,,ocr_receipt
1164 diagnostic,1164,healthcare,card,,kotak,english_natural
society maintenance 28316 Mastercard,28316,utilities,card,,hdfc,english_natural
Paid Rs.417.84 for school fees from my HDFC account via phonepe,417.84,education,upi,phonepe,hdfc,english_natural
ghar jaate waqt water bill ka bill pay kya 384 rs. UPI se achha deal mila,384,utilities,upi,phonepe,hdfc,hinglish_natural
sent INR 2260 to friend on cash split bill UPI,2260,friends,cash,,,cue_row
Paid ₹2737 for college fees from my Jupiter account via cash,2737,education,cash,,jupiter,english_natural
Bought FirstCry for INR 156 with debit card,156,shopping,card,,,english_natural
bhai market ka 25314 rupaye PhonePe se de diya,25314,shopping,upi,phonepe,,voice_transcript
20494 kha liya cafe pe UPI se,20494,food,upi,cred,,hinglish_natural
1mg se checkup karaya 2094 rs. ka UPI se ICICI card se,1,healthcare,upi,gpay,icici,hinglish_natural
metro se kiraya diye 19116 rupees ka debit card se Jupiter se kata,19116,travel,card,,jupiter,hinglish_natural
CANTEEN INR 206,206,food,upi,cred,,english_natural
Paid exam fee Rs.34326 using SLICE,34326,education,upi,slice,,english_natural
213 rupees electricity bill UPI se pay kya,213,utilities,upi,paytm,,hinglish_natural
"Receipt #4371
Hotstar
Amount Paid: ₹63.21
Mode: CARD",63.21,entertainment,card,,,ocr_receipt
Rs 21903 to Vikram cash UPI,21903,friends,cash,,canara,friends_synthetic
car loan EMI pe 203 rs ka EMI kat gayi UPI se diyee State Bank se kata,203,emi,upi,niyo,sbi,hinglish_natural
library 2690 rupaye Gpay se Slice account se,2690,education,upi,gpay,slice,hinglish_natural
friend INR 26 GPay,26,friends,upi,gpay,hdfc,ocr_upi
office se aate hue dhaba 252 rupaiye Phone Pe se matlab,252,food,upi,phonepe,,hinglish_natural
Paid crypto 314.77 using PhonePe,314.77,investment,upi,phonepe,,english_natural
769 ₹ stock liya PPF pe debit card se achha deal mila,769,investment,card,,,hinglish_natural
KARAN INR 11893.18,11893.18,friends,cash,,,english_natural
Bought Priya for 34989.44 with Paytm,34989.44,friends,upi,paytm,,english_natural
MedPlus pe 3510 rupaye ka test karaya UPI se de diya,3510,healthcare,upi,slice,icici,hinglish_natural
POS/HDFC LOAN/DEBIT CARD/1389,982,emi,card,,,english_natural
maine 44 rupaye gaming ko diye card se,44,entertainment,card,,,voice_transcript
1546 rupees saman le liya Bewakoof ko cash me,1546,shopping,cash,,,hinglish_natural
mobile recharge ₹494 debited from SLICE,494,utilities,card,,slice,english_natural
"RELIANCE FRESH
Item 1 ₹245
Item 2 Rs.191
Total ₹27224
CASH",27224,food,cash,,,ocr_receipt
HDFC loan 29187,29187,emi,upi,slice,,english_natural
colleague ko 12220 transfer kiya PhonePe se,12220,friends,upi,phonepe,,friends_synthetic
lunch dinner food order swiggy zomato restaurant meal INR 2244 card,2244,food,card,,sbi,cue_row
i did 2239 expense on 1mg using BHIM,2239,healthcare,upi,bhim,sbi,voice_transcript
Neha 262 rupaiye UPI se diy,262,friends,upi,gpay,,hinglish_natural
colleague ka udhar return kar diya 281 rupaye via Gpay,281,friends,upi,gpay,,hinglish_natural
uber ola cab ride airport train ticket 3520 card,3520,travel,card,,,cue_row
electricity bill 1806 rupees card se HDFC Bank wale account se sasta tha,1806,utilities,card,,hdfc,hinglish_natural
Box8 453,453,food,upi,gpay,hdfc,english_natural
Spent R 231 on upGrad using Cred,231,education,upi,cred,kotak,english_natural
NPS 422 Visa,422,investment,card,,federal bank,english_natural
Just paid Rs.34369.26 to stocks through credit card,34369.26,investment,card,,slice,english_natural
aaj Zerodha me 4378 ka invest kiya Google Pay pe,4378,investment,upi,gpay,,hinglish_natural
3654 rupaye loan payment kar diya Bajaj Finance EMI pe credit card se,3654,emi,card,,,hinglish_natural
UPI/68969570/PAYTM MONEY/BANK,267,investment,upi,phonepe,,english_natural
uber ola cab ride airport train ticket t103 cash,103,travel,cash,,,cue_row
22874 rupay education loan EMI credit card se,22874,emi,card,,kotak,hinglish_natural
FirstCry INR 40145 Google Pay,40145,shopping,upi,gpay,hdfc,ocr_upi
school college tuition course books fees 512 gpay,512,education,upi,gpay,,cue_row
Box8 pe 1643 ka mangwaya PayTM se,8,food,upi,paytm,,hinglish_natural
flight booking travel ticket R 4700 card,4700,travel,card,,,cue_row
paid back friend lent money 3438 G Pay,3438,friends,upi,gpay,,cue_row
Train ticket IRCTC INR 9510,9510,travel,cash,,hdfc,source_english
Rs 7409 to Neha niyo UPI,7409,friends,upi,niyo,,friends_synthetic
"AIRTEL RECHARGE
Item 1 ?376
Item 2 ₹267
Total Rs 596
Gpay",596,utilities,upi,gpay,icici,ocr_receipt
Payment of Rs.39786 to Bajaj Finance EMI was successful via Phonepe UPI Ref No 20704310772 SBI Account 5433,39786,emi,upi,phonepe,sbi,ocr_upi
aaj gaming pe 48402 rupaye kharcha hua gpay se,48402,entertainment,upi,gpay,,voice_transcript
40825 rupees upGrad cred,40825,education,upi,cred,,voice_transcript
sent money to colleague Rs1739 on PayTM,1739,friends,upi,paytm,,friends_synthetic
"TAX INVOICE
Chai Point
Grand Total: ₹307
Payment: CASH",307,food,cash,,,ocr_receipt
R 49754 debited from your axis account for gas bill (G Pay UPI),49754,utilities,upi,gpay,axis,ocr_upi
"APOLLO PHARMACY RESTAURANT
Total 421
Cash Received
Change 0.00",421,healthcare,upi,fi,,ocr_receipt
Rs 40179.53 to Zee5 via card,40179.53,entertainment,card,,,english_natural
"Receipt #4480
dentist
Amount Paid: Rs.438.15
Mode: cred",438.15,healthcare,upi,cred,,ocr_receipt
flatmate ko 4005 transfer kiya card se,4005,friends,card,,,friends_synthetic
car loan EMI ka 461 rupees ka bill card se pay kiya,461,emi,card,,,voice_transcript
dinner split 22741 rupaye Ananya G Pay,22741,friends,upi,gpay,canara,friends_synthetic
bhai Lenskart ka test karaya 3314 rupaiye card se,3314,healthcare,card,,indusind,hinglish_natural
INOX mein 3586 lag gaye Phone Pe se bhara,3586,entertainment,upi,phonepe,,voice_transcript
Paid SIP Rs 4351 using Mastercard from Axis,4351,investment,card,,axis,english_natural
IndiGo payment 32877 done via cash,32877,travel,cash,,,english_natural
Payment of ?470.71 to home loan EMI was successful via GPay UPI Ref No 17422165981 HDFC Bank Account 6574,470.71,emi,upi,gpay,hdfc,ocr_upi
amazon flipkart myntra online shopping order ₹22006 Google Pay,22006,shopping,upi,gpay,,cue_row
1155 rs. dost ko de diye Ananya ko slice pe bhai,1155,friends,upi,slice,pnb,hinglish_natural
mutual fund SIP stocks PPF FD investment Rs 297 Phone Pe,297,investment,upi,phonepe,,cue_row
246 to Neha cash UPI,246,friends,cash,,,friends_synthetic
Rs33080 charged for Bajaj Finance EMI on Bhim,33080,emi,upi,bhim,,english_natural
bhai Tata CLiQ ka shopping kr diya 3405 rupaye debit card se,3405,shopping,card,,icici,hinglish_natural
"Gaana 452 Completed 23Apr 2026,6:39 pm hdfc 9734 UPI transaction ID 4219236466",452,entertainment,upi,cred,hdfc,ocr_upi
maine 15377 rupaye Lenskart ko diye cash se,15377,shopping,cash,,fi,voice_transcript
dopahar ko Practo 283 rs. gpay se,283,healthcare,upi,gpay,jupiter,hinglish_natural
aaj 45201 rupaiye installment diyee Bajaj Finance EMI ko UPI se pay kia,45201,emi,upi,gpay,,hinglish_natural
Paid Biryani Blues Rs.1013 using slice from SLICE,1013,food,upi,slice,slice,english_natural
split bill 23061 SLICE se Pooja ko diya,23061,friends,upi,slice,,friends_synthetic
sent money to Vikram INR 393 on cash,393,friends,cash,,sbi,friends_synthetic
13906 stock liyaa Groww ko card se pay kya,13906,investment,card,,,hinglish_natural
personal loan installment EMI deduction INR 158 card,158,emi,card,,,cue_row
paid back friend lent money ₹142 CRED,142,friends,upi,cred,,cue_row
"TAX INVOICE
Myntra
Grand Total: INR 1240.80
Payment: bhim",1240.80,shopping,upi,bhim,,ocr_receipt
breakfast snacks chai coffee Rs.3096 cash,3096,food,cash,,,cue_row
electronics clothes shoes accessories purchase 898 via card,898,shopping,card,,,cue_row
abhi Biryani Blues ka mangwaya 174 rupaye card se,174,food,card,,,hinglish_natural
Paid ₹137.60 for INOX via Mastercard,137.60,entertainment,card,,jupiter,english_natural
subah crypto me 165 ₹ ka stock le liya UPI se diyee Kotak se,165,investment,upi,phonepe,kotak,hinglish_natural
bhai Amit ka 2303 rupaye Paytm se de diya,2303,friends,upi,paytm,axis,voice_transcript
market mein 4232 lag gaye Niyo se bhara,4232,shopping,upi,niyo,,voice_transcript
Internet recharge INR 45866,45866,utilities,upi,paytm,,source_english
dost Divya ko 247 rupaye cash se bheje,247,friends,cash,,,friends_synthetic
Rs 17342 charged for BookMyShow on Mastercard,17342,entertainment,card,,,english_natural
3629 rupaiye Nykaa via Niyo,24728,shopping,upi,niyo,,source_hinglish
canteen pe 3902 rupay ka mangwaya niyo pe,3902,food,upi,niyo,,hinglish_natural
flatmate rent share 4504 cash Rohan,4504,friends,cash,,,friends_synthetic
subah books se books lia 357 ₹ ka haath se diyee Punjab National Bank se,357,education,cash,,pnb,hinglish_natural
maine 38083 rupaye Reliance Digital ko diye card se,38083,shopping,card,,,voice_transcript
i did 160 expense on doctor using card,160,healthcare,card,,jupiter,voice_transcript
sent Rs12193 to Rohan on cash,12193,friends,cash,,yes bank,friends_synthetic
gaming 3140 debit card se,3140,entertainment,card,,,hinglish_natural
spent 3049 rupees on PharmEasy via cash,3049,healthcare,cash,,,voice_transcript
"GAMING RESTAURANT
Total 3633.26
Cash Received
Change 0.00",3633.26,entertainment,upi,phonepe,,ocr_receipt
BSNL 136 rupaiye Jupiter se pay kiyaa,136,utilities,upi,jupiter,,hinglish_natural
"cafe BILL
St: ₹484.44
CASH APPROVED",484.44,food,cash,,,ocr_receipt
ATM/CASH/BANK/87,87,food,upi,phonepe,,english_natural
Indian Oil me 21411 rs. ka cab lia card se pay kar diya,21411,travel,card,,,hinglish_natural
mutual fund SIP stocks PPF FD investment ₹445 SLICE,445,investment,upi,slice,,cue_row
rent se payment kiyaa 1472 rupaiye ka UPI se,1472,utilities,upi,slice,,hinglish_natural
₹4655.90 paid to Netmeds via jupiter UPI from Bank of Baroda Bank ending 2502,4655.90,healthcare,upi,jupiter,bob,ocr_upi
SHREYA INR 6523.79,6523.79,friends,upi,phonepe,,english_natural
car loan EMI payment ₹171.36 done via CRED,171.36,emi,upi,cred,,english_natural
Paid Rs.662 for SpiceJet via cash,662,travel,cash,,,english_natural
breakfast snacks chai coffee ₹2045 PayTM,2045,food,upi,paytm,,cue_row
HDFC loan ka 386 rupees ka bill card se pay kiya,386,emi,card,,,voice_transcript
Rs.4685 charged for H&M on Visa,4685,shopping,card,,,english_natural
abhi Divya 2940 rupay via Fi yaar,2940,friends,upi,fi,jupiter,hinglish_natural
ghar jaate waqt PharmEasy pe 35634 rupay ka checkup karaya UPI se die,35634,healthcare,upi,phonepe,,hinglish_natural
insurance premium mein 43910 lag gaye Phonepe se bhara,43910,utilities,upi,phonepe,slice,voice_transcript
dost friend ko 296 rupaye Google Pay se bheje,296,friends,upi,gpay,,friends_synthetic
i did 37429 expense on HDFC loan using card,37429,emi,card,,,voice_transcript
40791.94 paid to electricity bill via G Pay UPI from icici Bank ending 1355,40791.94,utilities,upi,gpay,icici,ocr_upi
dost flatmate ko 3433 rupaye Google Pay se bheje,3433,friends,upi,gpay,hdfc,friends_synthetic
JioCinema me 484 ₹ ka show dekha UPI se pay kr diya,484,entertainment,upi,gpay,,hinglish_natural
today i spent 4059 on school fees via gpay,4059,education,upi,gpay,,voice_transcript
crypto 1891 debited from HDFC,1891,investment,upi,niyo,hdfc,english_natural
clinic 2386.16 Axis,2386.16,healthcare,card,,axis,english_natural
ghar jaate waqt dhaba me 4919 ka khana order kia cash diy,4919,food,cash,,,hinglish_natural
"MARKET
Item 1 t449
Item 2 Rs.118
Total Rs.3421
CARD",3421,shopping,card,,,ocr_receipt
raat ko Chai Point ka mangwaya 300 rs. UPI se diy,300,food,upi,gpay,niyo,hinglish_natural
Paid R 11101 for IndiGo via Mastercard,11101,travel,card,,,english_natural
paid roommate Rs762 via card,762,friends,card,,,friends_synthetic
₹23812 to YouTube Premium via Phone Pe,23812,entertainment,upi,phonepe,,english_natural
411.72 slice bro,411.72,friends,upi,slice,,english_natural
spent 31475 rupees on Paytm Money via Google Pay,31475,investment,upi,gpay,sbi,voice_transcript
9139 ka Rohan bill pay kiya cash se,9139,friends,cash,,,voice_transcript
yaar 4259 Apple Music credit card se,4259,entertainment,card,,slice,hinglish_natural
gpay payment ₹283 Amazon Prime icici 3633 completed,283,entertainment,upi,gpay,icici,ocr_upi
insurance premium payment Rs.23351 done via slice,23351,utilities,upi,slice,,english_natural
Netflix 383,383,entertainment,card,,,english_natural
1834 rupaiye Blinkit jupiter se,1834,food,upi,jupiter,niyo,hinglish_natural
"TAX INVOICE
mess
Grand Total: 642
Payment: CARD",642,food,card,,,ocr_receipt
"Receipt #6237
DishTV
Amount Paid: 18160
Mode: CRED",18160,utilities,upi,cred,,ocr_receipt
raat ko Apple Music 254 rupees G Pay se pay kya,254,entertainment,upi,gpay,,hinglish_natural
aaj Netmeds pe 13170 rupaye kharcha hua paytm se,13170,healthcare,upi,paytm,,voice_transcript
clinic me 201 rs. ka doctor ko diyee card se,201,healthcare,card,,,hinglish_natural
yaar Netflix 2325 card se zyada ho gaya,2325,entertainment,card,,,hinglish_natural
Burger King ₹3272 Mastercard,3272,food,card,,,english_natural
4306 rs. Amazon Prime credit card se,4306,entertainment,card,,,hinglish_natural
"Gaana
Net Amount 1438.77
Paid via Gpay",1438.77,entertainment,upi,gpay,,ocr_receipt
47820 rs. paisa daala Kuvera pe card se sbi wale account se,47820,investment,card,,sbi,hinglish_natural
41344 rupaiye Shreya paytm pe,41344,friends,upi,paytm,hdfc,hinglish_natural
aaj EaseMyTrip pe 174 rupaye kharcha hua card se,174,travel,card,,,voice_transcript
yaar 1913 rs saman liya Amazon ko via BHIM Axis wale account se,1913,shopping,upi,bhim,axis,hinglish_natural
Amit payment ₹4958 done via cash,4958,friends,cash,,,english_natural
Paid 295.33 for tuition via cash,295.33,education,cash,,niyo,english_natural
aaj Zee5 ka ticket lya 22263 rs. Bhim pe,5,entertainment,upi,bhim,,hinglish_natural
BSNL se recharge kiya 28732 ka via GPay,28732,utilities,upi,gpay,,hinglish_natural
today i spent 4140 on crypto via Phone Pe from my sbi bank,4140,investment,upi,phonepe,sbi,voice_transcript
Paid Rs4802.32 to MedPlus paytm UPI HDFC 5766 Successful,4802.32,healthcare,upi,paytm,hdfc,ocr_upi
auto ka petrol bhara 3404 rs debit card se,3404,travel,card,,bob,hinglish_natural
CCD 3985 rupees cash diy sbi se kata,3985,food,cash,,sbi,hinglish_natural
kal Zepto se mangwaya 13438 rupees ka UPI se bhai,13438,food,upi,fi,sbi,hinglish_natural
Paid INR 264.19 for Lenskart from my Fi Money account via SLICE,264.19,shopping,upi,slice,fi,english_natural
YouTube Premium ka 2688 rupees ka bill Jupiter se pay kiya,2688,entertainment,upi,jupiter,hdfc,voice_transcript
1721 Amazon Prime,1721,entertainment,upi,gpay,jupiter,english_natural
aaj crypto pe 335 rupaye kharcha hua card se,335,investment,card,,,voice_transcript
140 bill pay kr diya BSNL ko cred se pay kiya budget tod diya,140,utilities,upi,cred,axis,hinglish_natural
electricity water broadband mobile recharge bill 3523 phonepe,3523,utilities,upi,phonepe,,cue_row
McDonald's ₹45210 Slice,45210,food,upi,slice,canara,ocr_upi
2609 ₹ split kiya Karan pe via paytm,2609,friends,upi,paytm,,hinglish_natural
₹189.03 paid to Pooja via phonepe from IDFC First,189.03,friends,upi,phonepe,idfc,english_natural
JioCinema se show dekha 3951 rs ka via Phonepe yaar,3951,entertainment,upi,phonepe,,hinglish_natural
bhai YouTube Premium se show dekha 1081 rupaiye ka credit card se,1081,entertainment,card,,sbi,hinglish_natural
Unacademy me 194 rupaye ka fees bharaa UPI se,194,education,upi,phonepe,,hinglish_natural
ghar jaate waqt electronics store pe 3813 ₹ ka buy kya card se pay kiyaa,3813,shopping,card,,,hinglish_natural
medical checkup lab test health insurance ?439 Slice,439,healthcare,upi,slice,,cue_row
"1MG
Item 1 Rs 461
Item 2 354
Total ₹4766
jupiter",4766,healthcare,upi,jupiter,,ocr_receipt
179 cash hospital,179,healthcare,cash,,,english_natural
Paid Rs.477.26 for gold via card,477.26,investment,card,,,english_natural
479 rupay bill bhara gas bill ko debit card se sasta tha,479,utilities,card,,,hinglish_natural
yaar 3149 rupaye khana khayaa canteen pe card se pay kar diya,3149,food,card,,,hinglish_natural
Ananya ₹173.16 Google Pay,173.16,friends,upi,gpay,icici,ocr_upi
Paid INR 303 to Tata Play jupiter UPI Axis 1829 Done,303,utilities,upi,jupiter,axis,ocr_upi
Rs 235.04 charged for Spotify on cash,235.04,entertainment,cash,,,english_natural
maine 41712 rupaye education loan EMI ko diye Paytm se,41712,emi,upi,paytm,,voice_transcript
YouTube Premium se ticket lya 2427 ka gpay se HDFC Bank se,2427,entertainment,upi,gpay,hdfc,hinglish_natural
FreshMenu 925.50,925.50,food,card,,,english_natural
"AMAZON
Item 1 348
Item 2 Rs 152
Total t4395
phonepe",4395,shopping,upi,phonepe,,ocr_receipt
PPF Rs48367.38 debited from Slice,48367.38,investment,card,,slice,english_natural
electricity water broadband mobile recharge bill 3311 card,3311,utilities,card,,,cue_row
NEFT/TRANSFER/AMAZON PRIME/STATE BANK,153.49,entertainment,card,,sbi,english_natural
32023 rupaye Neha Cred pe,32023,friends,upi,cred,fi,hinglish_natural
BSNL ka bill pay kiyaa 8377 rupaye debit card se,8377,utilities,card,,,hinglish_natural
gaming 46480.38,46480.38,entertainment,upi,gpay,,english_natural
Stock purchase INR 43568,43568,investment,upi,cred,,source_english
crypto gold bonds NPS portfolio Rs 263 paytm,263,investment,upi,paytm,,cue_row
POS/EXAM FEE/VISA/2901,495.48,education,card,,,english_natural
Home loan EMI INR 41371,41371,emi,card,,bob,source_english
i did 3144 expense on Reliance Fresh using paytm,3144,food,upi,paytm,sbi,voice_transcript
yaar electricity bill me 146 rupay ka recharge kiya debit card se,146,utilities,card,,icici,hinglish_natural
"HOTSTAR RESTAURANT
Total 1458
Cash Received
Change 0.00",1458,entertainment,cash,,,ocr_receipt
388 rupees checkup karaya eye checkup pe NIYO se pay kr diya,388,healthcare,upi,niyo,axis,hinglish_natural
Zee5 3507.39,3507.39,entertainment,upi,bhim,,english_natural
i paid 2722 rupees for Myntra using GPay,2722,shopping,upi,gpay,yes bank,voice_transcript
paid 356 to Yatra through card,356,travel,card,,,voice_transcript
library ka tuition diy 115 rupees card se pay kiya,115,education,card,,,hinglish_natural
SonyLIV pe 2248 rupaiye ka subscription renew kya card se BOB se kata,2248,entertainment,card,,bob,hinglish_natural
netflix spotify hotstar subscription movie show Rs 8995 card,8995,entertainment,card,,,cue_row
Angel One 312 Gpay Completed hdfc 4200,312,investment,upi,gpay,hdfc,ocr_upi
dinner split 1736 rupaye Amit Bhim,1736,friends,upi,bhim,,friends_synthetic
ghar jaate waqt Practo 34710 UPI se diyee jupiter se,34710,healthcare,upi,phonepe,jupiter,hinglish_natural
sent money to Divya INR 413 on PhonePe,413,friends,upi,phonepe,,friends_synthetic
223 rupay IRCTC debit card se,223,travel,card,,,hinglish_natural
36448 rupay Snapdeal credit card se,36448,shopping,card,,axis,hinglish_natural
yaar 2933 rs game liya Spotify pe via G Pay,2933,entertainment,upi,gpay,,hinglish_natural
abhi insurance premium ka bill pay kiyaa 372 rs. UPI se idfc card se,372,utilities,upi,cred,idfc,hinglish_natural
Zee5 se show dekha 112 rupay ka UPI se pay kya,5,entertainment,upi,phonepe,,hinglish_natural
bhai 35355 rs. installment diy credit card EMI pe PayTM pe,35355,emi,upi,paytm,,hinglish_natural
school college tuition course books fees Rs 2032 card,2032,education,card,,sbi,cue_row
TO:PERSONALLOANEMI personalloanemi.20625@sbibank From:UTSAVJANA (SBI Cred : user2960@oksbibank,30648.18,emi,upi,cred,sbi,ocr_upi
dost Pooja ko 452 rupaye gpay se bheje,452,friends,upi,gpay,hdfc,friends_synthetic
67 paid to credit card EMI via Google Pay UPI from icici Bank ending 6675,67,emi,upi,gpay,icici,ocr_upi
gaming ka movie dekhi 11247 Paytm se,11247,entertainment,upi,paytm,,hinglish_natural
425 ka Nykaa bill pay kiya Gpay se,425,shopping,upi,gpay,,voice_transcript
Spent 15233 on petrol pump using debit card,15233,travel,card,,hdfc,english_natural
bhai flatmate ko udhar return kiya 279 rs PhonePe se,279,friends,upi,phonepe,,friends_synthetic
"dentist
Net Amount 4187
Paid via CASH",4187,healthcare,cash,,bob,ocr_receipt
Library fee INR 44452,44452,education,card,,,source_english
Rs41961.42 charged for dentist on paytm,41961.42,healthcare,upi,paytm,,english_natural
4355 rupaye kiraya de diye EaseMyTrip ko card se,4355,travel,card,,,hinglish_natural
spent 218 rupees on BookMyShow via Phonepe,218,entertainment,upi,phonepe,,voice_transcript
Doctor consultation INR 23984,23984,healthcare,upi,paytm,,source_english
Subway ka food order kar diya 20571 rupay card se,20571,food,card,,,hinglish_natural
sent t8324 to Vikram on Paytm,8324,friends,upi,paytm,,friends_synthetic
bhai Snapdeal ka 20595 rupaye Paytm se de diya,20595,shopping,upi,paytm,,voice_transcript
"EYE CHECKUP RESTAURANT
Total 374
Cash Received
Change 0.00",374,healthcare,cash,,,ocr_receipt
"Receipt #9479
Reliance Fresh
Amount Paid: Rs.80
Mode: PayTM",80,food,upi,paytm,,ocr_receipt
medical checkup lab test health insurance Rs.15354 paytm,15354,healthcare,upi,paytm,,cue_row
"Practo BILL
St: Rs224.79
bhim Approved",224.79,healthcare,upi,bhim,sbi,ocr_receipt
dinner split 12864 rupaye Divya Google Pay,12864,friends,upi,gpay,,friends_synthetic
medical checkup lab test health insurance 2861 Gpay,2861,healthcare,upi,gpay,,cue_row
raat ko 285 rs recharge kr diya DishTV pe UPI se,285,utilities,upi,slice,,hinglish_natural
Rohan ₹37750 Gpay,37750,friends,upi,gpay,icici,ocr_upi
NPS ka invest kr diya 481 rupaiye UPI se pay kar diya zyada ho gaya,481,investment,upi,paytm,,hinglish_natural
Flipkart order INR 34314,34314,shopping,upi,paytm,,source_english
"D AJIO 32877.66 Completed 8Apr 2026,6:35 pm HDFC Bank Bank 9739 UPI transaction ID 5459619022793 TO:AJIO ajio.49121@hdfc bankbank Goog1etransaction lD XYZabc488518 OPI Phone Pe",32877.66,shopping,upi,phonepe,hdfc,ocr_upi
Burger King se kha liya 1364 rs ka NIYO se pay kr diya,1364,food,upi,niyo,,hinglish_natural
Coin 39277.59,39277.59,investment,upi,paytm,,english_natural
Vi recharge ka recharge kia 1903 rs. credit card se,1903,utilities,card,,,hinglish_natural
Vikram ka transfer kr diya 341 phonepe se pay kia,341,friends,upi,phonepe,,hinglish_natural
779 rupees cafe naqad,19903,food,cash,,,source_hinglish
Faasos 1201 rupaiye credit card se,45435,food,card,,,source_hinglish
Tata Play ka payment kr diya 1443 rupees cash me IndusInd se,1443,utilities,cash,,indusind,hinglish_natural
NEFT/TRANSFER/BYJU'S/,13769,education,card,,,english_natural
coaching exam preparation study material Rs.21117 cash,21117,education,cash,,,cue_row
i paid 11237 rupees for Vikram using NIYO,11237,friends,upi,niyo,indusind,voice_transcript
Payment of Rs 1015.52 to Zerodha was successful via paytm UPI Ref No 905041737223 HDFC Account 8026,1015.52,investment,upi,paytm,hdfc,ocr_upi
"Nature's Basket
Net Amount 11318.78
Paid via CASH",11318.78,food,cash,,axis,ocr_receipt
UPI/07710233/ET MONEY/ICICI,301,investment,upi,gpay,icici,english_natural
Paid ₹1821 for car loan EMI from my kotak account via bhim,1821,emi,upi,bhim,kotak,english_natural
Amit se transfer kya 297 rupaye ka UPI se de diya,297,friends,upi,gpay,,hinglish_natural
NEFT/TRANSFER/TATA CLIQ/,37680,shopping,upi,paytm,,english_natural
Just paid Rs 131 to Coursera through bhim,131,education,upi,bhim,,english_natural
BookMyShow 56 rs slice se Axis Bank card se,56,entertainment,upi,slice,axis,hinglish_natural
Lenskart payment Rs.381 done via card,381,healthcare,card,,yes bank,english_natural
dopahar ko colleague pe 47 rupaiye ka dost ko diyee cash diy,47,friends,cash,,hdfc,hinglish_natural
"TAX INVOICE
Spotify
Grand Total: Rs243
Payment: cred",243,entertainment,upi,cred,kotak,ocr_receipt
SpiceJet mein 31466 lag gaye cash se bhara,31466,travel,cash,,,voice_transcript
1845.96 cash Udemy,1845.96,education,cash,,,english_natural
Amit 2550.23,2550.23,friends,cash,,,english_natural
school college tuition course books fees Rs39547 cash,39547,education,cash,,,cue_row
2247 rs ride liya EaseMyTrip pe card se,2247,travel,card,,,hinglish_natural
"Receipt #1065
INOX
Amount Paid: INR 2427
Mode: CARD",2427,entertainment,card,,,ocr_receipt
₹1605 paid to electricity bill via Google Pay from Kotak Mahindra,1605,utilities,upi,gpay,kotak,english_natural
t2387 paid to Vikram via BHIM from YES BANK,2387,friends,upi,bhim,yes bank,english_natural
electronics clothes shoes accessories purchase Rs9516 via card,9516,shopping,card,,,cue_row
paid 3811 to Neha through slice,3811,friends,upi,slice,,voice_transcript
Paid ?22 for Apple Music via Paytm,22,entertainment,upi,paytm,jupiter,english_natural
office se aate hue 17081 rupaiye HDFC loan card se,49895,emi,card,,,source_hinglish
NYKAA INR 181,181,shopping,card,,,english_natural
HP Petrol se ride le liya 837 rs ka UPI se de diye sasta tha,837,travel,upi,slice,,hinglish_natural
Mutual fund SIP INR 41835,41835,investment,upi,phonepe,,source_english
school college tuition course books fees Rs 16941 cash,16941,education,cash,,sbi,cue_row
gaming INR 673.80 credit card,673.80,entertainment,card,,,english_natural
2783.17 FirstCry,2783.17,shopping,cash,,,english_natural
metro me 5813 ka ride le liya CRED se HDFC Bank se kata,5813,travel,upi,cred,hdfc,hinglish_natural
TO:PVR pvr.42011@axisbankbank From:UTSAVJANA (Axis Bank gpay : sender6945@okaxisbankbank,2198,entertainment,upi,gpay,axis,ocr_upi
SBI loan se loan payment kiya 401 rupaiye ka card se,401,emi,card,,icici,hinglish_natural
Paid INR 3914 for Chai Point from my kotak account via cash,3914,food,cash,,kotak,english_natural
213 rupees Pooja cash die,213,friends,cash,,,hinglish_natural
Angel One 777.84 ICICI,777.84,investment,card,,icici,english_natural
Paid ₹4523 for hospital via credit card,4523,healthcare,card,,,english_natural
Bought Netflix for 2685 with Niyo,2685,entertainment,upi,niyo,,english_natural
gpay payment INR 457.24 rent icici 4768 done,457.24,utilities,upi,gpay,icici,ocr_upi
friend se transfer kya 390 ka PayTM se,390,friends,upi,paytm,,hinglish_natural
abhi Coursera 464 rupaiye credit card se,464,education,card,,,hinglish_natural
bhai colleague pe 2449 rupay ka split kar diya card se,2449,friends,card,,,hinglish_natural
uber ola cab ride airport train ticket 270 fi,270,travel,upi,fi,,cue_row
concert ka subscription renew kiya 631 haath se die,631,entertainment,cash,,,hinglish_natural
1179 ₹ mangwaya JioMart ko UPI se,1179,food,upi,gpay,,hinglish_natural
spent 4358 rupees on electricity bill via Fi Money,4358,utilities,upi,fi,,voice_transcript
Rs.412.70 charged for Bharat Petroleum on card,412.70,travel,card,,,english_natural
Unacademy pe 496 rupaiye ka fees bharaa card se HDFC Bank se budget tod diya,496,education,card,,hdfc,hinglish_natural
Apollo Pharmacy 146,146,healthcare,upi,gpay,,english_natural
gaming concert event ticket 493 card,493,entertainment,card,,,cue_row
raat ko BigBasket 2177 rupay Paytm pe,2177,food,upi,paytm,,hinglish_natural
Rs.348.27 paid to stationery via credit card from Axis,348.27,education,card,,axis,english_natural
education loan EMI ka loan payment kia 133 rupaiye card se pay kya,133,emi,card,,,hinglish_natural
t17636.54 paid to Zara via Mastercard from Niyo,17636.54,shopping,card,,niyo,english_natural
BookMyShow 44786 NIYO,44786,entertainment,card,,niyo,english_natural
"INSURANCE PREMIUM
Item 1 INR 235
Item 2 62
Total Rs.126
PayTM",126,utilities,upi,paytm,hdfc,ocr_receipt
62 rupees INOX cred,62,entertainment,upi,cred,,voice_transcript
Bought MakeMyTrip for t1513 with cash,1513,travel,cash,,pnb,english_natural
yaar food court 974 rs. naqad,974,food,cash,,,hinglish_natural
Rs 1458.86 charged for Box8 on niyo,1458.86,food,upi,niyo,,english_natural
crypto gold bonds NPS portfolio ₹4045 G Pay,4045,investment,upi,gpay,,cue_row
₹4503.32 to IRCTC via debit card,4503.32,travel,card,,,english_natural
3580 rs. payment kiya Vi recharge ko UPI se Slice se,3580,utilities,upi,gpay,slice,hinglish_natural
dinner split 126 rupaye friend gpay,126,friends,upi,gpay,,friends_synthetic
i did 32669 expense on Zepto using Paytm,32669,food,upi,paytm,,voice_transcript
home loan car loan credit card EMI monthly Rs3161 autopay card,3161,emi,card,,,cue_row
college fees se books lia 3733 ₹ ka Bhim pe,3733,education,upi,bhim,sbi,hinglish_natural
personal loan installment EMI deduction ₹47185 SLICE,47185,emi,upi,slice,bob,cue_row
Paid ₹4668.48 for electricity bill via phonepe,4668.48,utilities,upi,phonepe,,english_natural
sent Rs.19104 to colleague on paytm,19104,friends,upi,paytm,,friends_synthetic
paid 326 to car loan EMI through G Pay,326,emi,upi,gpay,,voice_transcript
subah 130 ₹ shopping kar diya H&M ko card se HDFC Bank card se bc,130,shopping,card,,hdfc,hinglish_natural
dopahar ko SBI loan 3834 rs. credit card se,3834,emi,card,,,hinglish_natural
Paid ?3265 for SBI loan from my Fi Money account via Visa,3265,emi,card,,fi,english_natural
sent Rs294 to Rohan on cash,294,friends,cash,,,friends_synthetic
Arjun pe 3120 rs. ka transfer kiya via gpay,3120,friends,upi,gpay,,hinglish_natural
auto me 2234 ka ticket book kiya credit card se,2234,travel,card,,,hinglish_natural
mutual fund SIP stocks PPF FD investment 4483 card,4483,investment,card,,sbi,cue_row
Restaurant bill INR 17154,17154,food,cash,,,source_english
PharmEasy me 226 rs. ka medicine lya debit card se NIYO se kata,226,healthcare,card,,niyo,hinglish_natural
Paid doctor Rs128.31 using cash,128.31,healthcare,cash,,,english_natural
abhi 27 rupaye admission kia Unacademy ko haath se de diya,27,education,cash,,,hinglish_natural
medical checkup lab test health insurance INR 2122 Cred,2122,healthcare,upi,cred,,cue_row
hospital se medicine liyaa 3099 rs. ka cash diy,3099,healthcare,cash,,,hinglish_natural
office se aate hue Unacademy se admission kr diya 4365 rupay ka UPI se de diye,4365,education,upi,niyo,,hinglish_natural
home loan EMI 1747.38,1747.38,emi,upi,gpay,,english_natural
i paid 20013 rupees for Tata Play using Jupiter,20013,utilities,upi,jupiter,,voice_transcript
UPI/56137531/SBI LOAN/BANK,1618,emi,card,,,english_natural
bhai INOX ka 18066 rupaye card se de diya,18066,entertainment,card,,,voice_transcript
Payment of Rs3248.01 to exam fee was successful via GPay UPI Ref No 58677546586 idfc Account 7930,3248.01,education,upi,gpay,idfc,ocr_upi
Udemy mein 3433 lag gaye card se bhara,3433,education,card,,,voice_transcript
Practo pe 490 rupaiye ka checkup karaya debit card se bc,490,healthcare,card,,,hinglish_natural
kal MedPlus se dawai lia 4291 rs. ka Paytm pe,4291,healthcare,upi,paytm,,hinglish_natural
UPI/12391787/NATURE'S BASKET/BANK,880,food,card,,,english_natural
466 ka PVR bill pay kiya card se,466,entertainment,card,,,voice_transcript
aaj Unacademy se admission kiyaa 2988 rupees ka via PayTM,2988,education,upi,paytm,,hinglish_natural
Vi recharge ka 30099 rupees ka bill Phonepe se pay kiya,30099,utilities,upi,phonepe,niyo,voice_transcript
jupiter payment 12239 H&M State Bank 5266 done,12239,shopping,upi,jupiter,sbi,ocr_upi
electronics store ka order kar diya 7503 rs. gpay se,7503,shopping,upi,gpay,,hinglish_natural
ghar jaate waqt Priya se split kr diya 12000 rupaiye ka phonepe pe bohot mehenga,12000,friends,upi,phonepe,,hinglish_natural
4468 rupaiye recharge kya society maintenance pe via gpay,5366,utilities,upi,gpay,,source_hinglish
Rs.521.50 charged for BYJU'S on cash,521.50,education,cash,,fi,english_natural
Paid t57.40 to MedPlus gpay UPI hdfc 5808 Successful,57.40,healthcare,upi,gpay,hdfc,ocr_upi
Rs.26952 to electronics store via debit card,26952,shopping,card,,,english_natural
Spent Rs.46 on ACT Fibernet using Google Pay,46,utilities,upi,gpay,,english_natural
Rs.229.99 charged for SBI loan on card,229.99,emi,card,,,english_natural
"INSURANCE PREMIUM RESTAURANT
Total 2527.13
Cash Received
Change 0.00",2527.13,utilities,upi,paytm,,ocr_receipt
ghar jaate waqt 19526 rs test karaya Lenskart pe debit card se Fi card se sasta tha,19526,healthcare,card,,fi,hinglish_natural
uber ola cab ride airport train ticket Rs3225 card,3225,travel,card,,,cue_row
bhai 1854 rupaiye show dekha Apple Music pe via Gpay,1854,entertainment,upi,gpay,,hinglish_natural
diagnostic 187 Paytm,187,healthcare,upi,paytm,,english_natural
today i spent 247 on Flipkart via card from my hdfc bank,247,shopping,card,,hdfc,voice_transcript
Shreya me 44168 rupay ka split kr diya UPI se,44168,friends,upi,gpay,,hinglish_natural
315 rs paise bheje Divya pe credit card se,315,friends,card,,slice,hinglish_natural
Vikram me 472 rs ka dost ko diye credit card se,472,friends,card,,,hinglish_natural
Paid Rs23861 to car loan EMI Slice UPI Axis 9828 Done,23861,emi,upi,slice,axis,ocr_upi
maine 1237 rupaye Lenskart ko diye card se,1237,healthcare,card,,slice,voice_transcript
electronics clothes shoes accessories purchase Rs 12832 via cash,12832,shopping,cash,,,cue_row
college fees ka fees bharaa 2054 rs card se,2054,education,card,,,hinglish_natural
Paid Rs.346.37 for Gaana from my HDFC account via debit card,346.37,entertainment,card,,hdfc,english_natural
office se aate hue crypto ka stock le liya 45594 ₹ UPI se pay kar diya,45594,investment,upi,gpay,,hinglish_natural
TO:AIRTELRECHARGE airtelrecharge.72711@hdfcbank From:UTSAVJANA (hdfc phonepe : sender7840@okhdfcbank,1243.17,utilities,upi,phonepe,hdfc,ocr_upi
Jupiter payment Rs.6504.21 insurance premium hdfc 8258 successful,6504.21,utilities,upi,jupiter,hdfc,ocr_upi
Paid Rs 2372 for Cleartrip via CRED,2372,travel,upi,cred,,english_natural
"BookMyShow BILL
St: INR 9083
SLICE approved",9083,entertainment,upi,slice,,ocr_receipt
"D MEDPLUS 1943.98 Completed 19Mar 2026,8:14 pm Kotak Bank 7269 UPI transaction ID 79309252390605 TO:MEDPLUS medplus.64103@kotakbank Soogletransaction lD XYZabc712413 OPI G Pay",1943.98,healthcare,upi,gpay,kotak,ocr_upi
Bought Arjun for ₹821.78 with Gpay,821.78,friends,upi,gpay,hdfc,english_natural
subah Amazon ka buy kr diya 24189 ₹ credit card se,23890,shopping,card,,,source_hinglish
rent maintenance gas connection Rs33192 phonepe,33192,utilities,upi,phonepe,,cue_row
HDFC loan ka 4330 rupees ka bill card se pay kiya,4330,emi,card,,kotak,voice_transcript
Netflix ka movie dekhi 3088 rupay Phonepe pe RBL wale account se,3088,entertainment,upi,phonepe,rbl,hinglish_natural
sent money to colleague t7578 on card,7578,friends,card,,,friends_synthetic
Paid t4278 for library via Mastercard,4278,education,card,,,english_natural
"ZEPTO
Item 1 Rs 66
Item 2 ₹379
Total ₹4621.06
CASH",4621.06,food,cash,,,ocr_receipt
coaching exam preparation study material Rs 322 Cred,322,education,upi,cred,pnb,cue_row
paid 246 to SpiceJet through card from Canara,246,travel,card,,canara,voice_transcript
31609 rupay YouTube Premium UPI se sasta tha,31609,entertainment,upi,gpay,,hinglish_natural
paid 35 to rickshaw through Cred from Fi,35,travel,upi,cred,fi,voice_transcript
"BILL
society maintenance
Rs.159
CASH
Thank You Visit Again",159,utilities,cash,,,ocr_receipt
ZERODHA INR 4040.96 NIYO,4040.96,investment,card,,niyo,english_natural
home loan EMI 2032 card se Bank of Baroda se,2032,emi,card,,bob,hinglish_natural
paid yaar Rs 2121 via Jupiter,2121,friends,upi,jupiter,,friends_synthetic
dinner split 14471 rupaye bro Bhim,14471,friends,upi,bhim,,friends_synthetic
GPay payment Rs.80.84 HP Petrol HDFC Bank 2491 successful,80.84,travel,upi,gpay,hdfc,ocr_upi
Just paid t164 to stationery through cash,164,education,cash,,,english_natural
40447 ₹ home loan EMI credit card se,40447,emi,card,,sbi,hinglish_natural
POS/UBER/PHONEPE/7559,2833,travel,upi,phonepe,axis,english_natural
Payment of ₹1950 to PPF was successful via Cred UPI Ref No 75470112143593 hdfc Account 7496,1950,investment,upi,cred,hdfc,ocr_upi
paid 1375 to bike loan EMI through NIYO,1375,emi,upi,niyo,,voice_transcript
spent 29206 rupees on bro via cash,29206,friends,cash,,,voice_transcript
raat ko personal loan EMI ka EMI bhra 735 rupay debit card se HDFC Bank card se,735,emi,card,,hdfc,hinglish_natural
34109 rupees gas bill cash,34109,utilities,cash,,,voice_transcript
Vi recharge 3863 Fi Money Payment done State Bank 4815,3863,utilities,upi,fi,sbi,ocr_upi
paid 3701 to BSNL through paytm,3701,utilities,upi,paytm,,voice_transcript
Zee5 se subscription renew kr diya 39 rupaye ka CRED se,7643,entertainment,upi,cred,,source_hinglish
office se aate hue SpiceJet pe 4344 rupay ka petrol bhra card se,4344,travel,card,,,hinglish_natural
Pooja Rs12375 Gpay,12375,friends,upi,gpay,sbi,ocr_upi
Apple Music ka ticket le liya 6735 rupaye paytm se pay kya,6735,entertainment,upi,paytm,,hinglish_natural
Spotify 20027,20027,entertainment,card,,,english_natural
"MARKET RESTAURANT
Total 342
Cash Received
Change 0.00",342,shopping,upi,slice,bandhan,ocr_receipt
6836 market,6836,shopping,card,,idfc,english_natural
aaj Coursera se course lia 24148 rs ka via paytm bc,24148,education,upi,paytm,,hinglish_natural
Bought water bill for ₹175.71 with phonepe,175.71,utilities,upi,phonepe,,english_natural
Rs 232 paid to metro via G Pay UPI from Kotak Bank ending 9072,232,travel,upi,gpay,kotak,ocr_upi
Zerodha se stock liyaa 383 rupay ka debit card se BOB se kata,383,investment,card,,bob,hinglish_natural
Rs 4605.17 paid to Rapido via Paytm UPI from hdfc Bank ending 3234,4605.17,travel,upi,paytm,hdfc,ocr_upi
"Behrouz
Net Amount 410
Paid via CASH",410,food,cash,,,ocr_receipt
office se aate hue Tata CLiQ ka order kiyaa 40467 rs cash diy,40467,shopping,cash,,sbi,hinglish_natural
Payment of INR 486 to petrol pump was successful via jupiter UPI Ref No 27049432740 HDFC Account 3733,486,travel,upi,jupiter,hdfc,ocr_upi
coaching exam preparation study material 2981 card,2981,education,card,,,cue_row
aaj 1125 rupaiye doctor ko diyee dentist ko haath se de diya,1125,healthcare,cash,,,hinglish_natural
office se aate hue doctor ka test karaya 3062 rupay UPI se de diye,3062,healthcare,upi,gpay,bob,hinglish_natural
"Shreya 2711 Completed 28Jun 2025,5:31 pm idfc 6834 UPI transaction ID 411602859538875",2711,friends,upi,phonepe,idfc,ocr_upi
"Rahul 1158 Completed 1Feb 2025,5:55 am axis 4976 UPI transaction ID 058067091446",1158,friends,upi,bhim,axis,ocr_upi
HDFC loan mein 4703 lag gaye card se bhara,4703,emi,card,,,voice_transcript
15539 rs EMI kat gayi education loan EMI pe card se,15539,emi,card,,,hinglish_natural
sent INR 5953 to friend on Phone Pe split bill UPI,5953,friends,upi,phonepe,,cue_row
2064 ₹ SIP bhara Kuvera pe UPI se,2064,investment,upi,cred,,hinglish_natural
3542.87 NPS,3542.87,investment,upi,fi,icici,english_natural
343 rupaiye invest kiya SIP ko card se,343,investment,card,,,hinglish_natural
"BILL
Pizza Hut
t1990
Gpay
Thank You Visit Again",1990,food,upi,gpay,sbi,ocr_receipt
bhai Flipkart ka 34130 rupaye phonepe se de diya,34130,shopping,upi,phonepe,slice,voice_transcript
Nature's Basket se khana khaaya 3111 rs. ka UPI se ICICI card se,3111,food,upi,paytm,icici,hinglish_natural
Zee5 me 33260 rupees ka movie dekhi card se,5,entertainment,card,,,hinglish_natural
aaj Coursera pe 3097 rupaye kharcha hua card se,3097,education,card,,,voice_transcript
Amazon Prime se game lia 366 rupaye ka via slice,366,entertainment,upi,slice,,hinglish_natural
ET Money R 1462 debited from Kotak Mahindra,1462,investment,upi,cred,kotak,english_natural
Spent 4534 on Lenskart using Visa,4534,shopping,card,,fi,english_natural
"BILL
Snapdeal
100
CARD
Thank You Visit Again",100,shopping,card,,,ocr_receipt
"Dominos
Net Amount 26369.51
Paid via paytm",26369.51,food,upi,paytm,hdfc,ocr_receipt
Paid 2601.18 to Vikram Paytm UPI IDFC 3856 Completed,2601.18,friends,upi,paytm,idfc,ocr_upi
Air India pe 537 ka cab lya card se,537,travel,card,,,hinglish_natural
school college tuition course books fees 2002 cred,2002,education,upi,cred,hdfc,cue_row
327 charged for HP Petrol on PayTM,327,travel,upi,paytm,slice,english_natural
bike loan EMI se EMI kat gayi 500 ₹ ka UPI se pay kiya,500,emi,upi,phonepe,,hinglish_natural
SonyLIV pe 20901 rupay ka show dekha card se pay kr diya sbi account se,20901,entertainment,card,,sbi,hinglish_natural
"Croma
Net Amount 32705
Paid via CASH",32705,shopping,cash,,,ocr_receipt
"concert 4465.60 Completed 24Sep 2026,1:04 pm SBI 8519 UPI transaction ID 065804695755",4465.60,entertainment,upi,fi,sbi,ocr_upi
Apollo Pharmacy ka dawai lia 6449 rupaiye UPI se yaar,6449,healthcare,upi,phonepe,,hinglish_natural
car loan EMI me 3135 rs ka installment diye card se,3135,emi,card,,,hinglish_natural
Internet recharge INR 16152,16152,utilities,upi,paytm,,source_english
crypto gold bonds NPS portfolio ₹20374 PayTM,20374,investment,upi,paytm,,cue_row
spent 324 rupees on Ajio via card,324,shopping,card,,,voice_transcript
crypto gold bonds NPS portfolio 288 card,288,investment,card,,idfc,cue_row
"doctor
Net Amount 315.51
Paid via Jupiter",315.51,healthcare,upi,jupiter,,ocr_receipt
lunch dinner food order swiggy zomato restaurant meal Rs 7225 phonepe,7225,food,upi,phonepe,hdfc,cue_row
NEFT/TRANSFER/SUBWAY/FI,44357,food,upi,gpay,fi,english_natural
Jio recharge Rs46187.00 debited from icici,46187.00,utilities,upi,fi,icici,english_natural
lunch dinner food order swiggy zomato restaurant meal ₹43495 fi,43495,food,upi,fi,,cue_row
Rs.1593 to bike loan EMI via Paytm,1593,emi,upi,paytm,,english_natural
BYJU'S 26991.20 PayTM,26991.20,education,upi,paytm,indusind,ocr_upi
"D INSURANCEPREMIUM 492.07 Completed 7Mar 2026,10:18 pm State Bank Bank 3243 UPI transaction ID 83527060771 TO:INSURANCEPREMIUM insurance premium.46049@state bankbank Goog1etransaction lD XYZabc423691 OPI GPay",492.07,utilities,upi,gpay,sbi,ocr_upi
electricity water broadband mobile recharge bill 143 cash,143,utilities,cash,,,cue_row
1780 ka DishTV bill pay kiya paytm se,1780,utilities,upi,paytm,,voice_transcript
dost friend ko 4431 rupaye card se bheje,4431,friends,card,,,friends_synthetic
ghar jaate waqt NPS se mutual fund kiya 1760 ka card se,1760,investment,card,,axis,hinglish_natural
Used Punjab National Bank cash to pay Rs.1611 for school fees,1611,education,cash,,pnb,english_natural
sent money to Rahul Rs.1596 on PhonePe,1596,friends,upi,phonepe,sbi,friends_synthetic
INR 2492 to MedPlus via jupiter,2492,healthcare,upi,jupiter,,english_natural
kal Udemy me 3397 rupees ka fees bharaa card se pay kr diya,3397,education,card,,,hinglish_natural
stocks mein 85 lag gaye Bhim se bhara,85,investment,upi,bhim,,voice_transcript
Bought Tata Play for 445.27 with Visa,445.27,utilities,card,,,english_natural
72 rupay hospital cash diye,72,healthcare,cash,,jupiter,hinglish_natural
293 ka Bajaj Finance EMI bill pay kiya card se,293,emi,card,,,voice_transcript
"Receipt #1496
Jio recharge
Amount Paid: INR 8010
Mode: jupiter",8010,utilities,upi,jupiter,icici,ocr_receipt
school college tuition course books fees 3639 card,3639,education,card,,,cue_row
Used ICICI PayTM to pay Rs.84 for Dunkin,84,food,upi,paytm,icici,english_natural
101 ₹ Ananya UPI se diyee,101,friends,upi,slice,,hinglish_natural
maine 3940 rupaye PPF ko diye GPay se,3940,investment,upi,gpay,,voice_transcript
Paid Rs1174 for Hotstar from my IDFC account via Jupiter,1174,entertainment,upi,jupiter,idfc,english_natural
RedBus 820 rupay card se pay kiya,820,travel,card,,niyo,hinglish_natural
15086.34 Netmeds,15086.34,healthcare,upi,jupiter,icici,english_natural
"BILL
Jio recharge
INR 9121.61
gpay
Thank You Visit Again",9121.61,utilities,upi,gpay,,ocr_receipt
?237.94 charged for stocks on Niyo,237.94,investment,upi,niyo,,english_natural
paid Divya Rs.377 via phonepe,377,friends,upi,phonepe,,friends_synthetic
aaj EaseMyTrip pe 46077 rupaye kharcha hua cash se,46077,travel,cash,,,voice_transcript
rent maintenance gas connection R 576 PayTM,576,utilities,upi,paytm,hdfc,cue_row
273 charged for Netmeds on Jupiter,273,healthcare,upi,jupiter,,english_natural
NEFT/TRANSFER/FOOD COURT/,1603,food,cash,,,english_natural
"Amazon
Net Amount 304
Paid via CARD",304,shopping,card,,,ocr_receipt
Just paid ₹2899 to Tata Play through cash,2899,utilities,cash,,,english_natural
Airtel recharge pe 136 rs ka payment kar diya SLICE se,20130,utilities,upi,slice,kotak,source_hinglish
rent maintenance gas connection t755 CRED,755,utilities,upi,cred,,cue_row
dost Vikram ko 2466 rupaye Gpay se bheje,2466,friends,upi,gpay,,friends_synthetic
Unacademy se fees bhara 3155 ka card se pay kia,3155,education,card,,,hinglish_natural
Car loan EMI INR 48569,48569,emi,card,,,source_english
i paid 22 rupees for insurance premium using card,22,utilities,card,,,voice_transcript
SpiceJet se cab liya 4819 ka card se,4819,travel,card,,,hinglish_natural
library pe 2176 rupaye ka tuition diy UPI se pay kar diya sbi card se,2176,education,upi,phonepe,sbi,hinglish_natural
CCD payment Rs.45 done via cash,45,food,cash,,,english_natural
4767 rupees Coin card State Bank account,4767,investment,card,,sbi,voice_transcript
bhai 260 rs 1mg credit card se,260,healthcare,card,,,hinglish_natural
BigBasket INR 2649 PayTM,2649,food,upi,paytm,sbi,ocr_upi
flatmate rent share 3799 Paytm flatmate,3799,friends,upi,paytm,,friends_synthetic
Rs 4484.98 to books via debit card sbi account,4484.98,education,card,,sbi,english_natural
SBI loan payment Rs.38596 done via Visa,38596,emi,card,,,english_natural
Used ICICI Bank paytm to pay INR 367 for Groww,367,investment,upi,paytm,icici,english_natural
NEFT/TRANSFER/TATA PLAY/HDFC,3939,utilities,upi,gpay,hdfc,english_natural
"TAX INVOICE
Reliance Digital
Grand Total: 10767.84
Payment: CARD",10767.84,shopping,card,,,ocr_receipt
yaar Air India se cab le liya 18726 rupaiye ka G Pay se pay kr diya,18726,travel,upi,gpay,,hinglish_natural
dopahar ko 497 ₹ Rahul credit card se,497,friends,card,,indusind,hinglish_natural
today i spent 41273 on electronics store via card,41273,shopping,card,,,voice_transcript
aaj Nykaa pe 134 rupaye kharcha hua card se,134,shopping,card,,,voice_transcript
Myntra me 46704 rupees ka order kiya Paytm se,9846,shopping,upi,paytm,,source_hinglish
Apollo Pharmacy 39170.29 Phone Pe,39170.29,healthcare,upi,phonepe,axis,ocr_upi
sent 2362 to friend on BHIM split bill UPI,2362,friends,upi,bhim,,cue_row
Reliance Fresh 733 naqad ICICI card se,733,food,cash,,icici,hinglish_natural
Practo 2562 Phonepe Successful YES BANK 9865,2562,healthcare,upi,phonepe,yes bank,ocr_upi
sent ₹394 to Amit on slice,394,friends,upi,slice,,friends_synthetic
YOUTUBE PREMIUM INR 15033.36 SLICE,15033.36,entertainment,upi,paytm,slice,english_natural
4435 rupees FD card,4435,investment,card,,,voice_transcript
Shreya se paise bheje 18344 ka credit card se,18344,friends,card,,bob,hinglish_natural
Just paid Rs.4049.43 to H&M through CRED,4049.43,shopping,upi,cred,,english_natural
upGrad 307 Mastercard,307,education,card,,,english_natural
Pizza Hut 403 Phonepe se,403,food,upi,phonepe,,hinglish_natural
Gaana ka movie dekhi 14381 rupay UPI se de diya Niyo se kata,14381,entertainment,upi,gpay,niyo,hinglish_natural
upGrad se course liyaa 1348 rupaiye ka credit card se ICICI Bank card se,1348,education,card,,icici,hinglish_natural
41023 rupaiye Lenskart debit card se,41023,healthcare,card,,federal bank,hinglish_natural
today i spent 628 on BookMyShow via Phonepe,628,entertainment,upi,phonepe,,voice_transcript
water bill 2958 rupaye naqad,25017,utilities,cash,,,source_hinglish
27968 rs. PPF credit card se,32195,investment,card,,icici,source_hinglish
electricity bill Rs.2508.20 Paytm,2508.20,utilities,upi,paytm,kotak,ocr_upi
INR 14855 to Rohan Phone Pe UPI,14855,friends,upi,phonepe,,friends_synthetic
kal Ola ka ride le liya 702 naqad,702,travel,cash,,jupiter,hinglish_natural
aaj Tata CLiQ se khareed liyaa 4604 ka debit card se,4604,shopping,card,,,hinglish_natural
3772 debited from your HDFC account for HP Petrol (PhonePe UPI),3772,travel,upi,phonepe,hdfc,ocr_upi
38259 rupaye khana order kr diya mess ko debit card se,38259,food,card,,,hinglish_natural
Bought flatmate for Rs.37118.73 with Paytm,37118.73,friends,upi,paytm,,english_natural
Netmeds se medicine lya 389 ka gpay pe achha deal mila,389,healthcare,upi,gpay,,hinglish_natural
290 rs. saman lya H&M ko card se pay kya bohot mehenga,290,shopping,card,,idfc,hinglish_natural
paid 63 to Bajaj Finance EMI through card from ICICI,63,emi,card,,icici,voice_transcript
Spent 47355 on MedPlus using Cred,47355,healthcare,upi,cred,,english_natural
kal 379 rs kha liya DMart ko slice se SBI se,379,food,upi,slice,sbi,hinglish_natural
Just paid 2535.43 to Box8 through Visa,2535.43,food,card,,,english_natural
flatmate rent share 441 jupiter Priya,441,friends,upi,jupiter,,friends_synthetic
aaj society maintenance pe 4670 rupaye kharcha hua cash se,4670,utilities,cash,,,voice_transcript
"PHARMEASY RESTAURANT
Total 549
Cash Received
Change 0.00",549,healthcare,upi,gpay,,ocr_receipt
spent 20 rupees on SIP via card,20,investment,card,,sbi,voice_transcript
"HOTSTAR
Item 1 ₹185
Item 2 Rs.234
Total ₹48982.57
Google Pay",48982.57,entertainment,upi,gpay,hdfc,ocr_receipt
flatmate Rs.3575 debited from BOB,3575,friends,upi,paytm,bob,english_natural
"DMart 1786.23 Completed 13Mar 2025,5:49 am HDFC Bank 3492 UPI transaction ID 49988934217",1786.23,food,upi,phonepe,hdfc,ocr_upi
Just paid Rs.287.48 to Zee5 through CRED,287.48,entertainment,upi,cred,,english_natural
"TAX INVOICE
mobile recharge
Grand Total: 45542.07
Payment: CARD",45542.07,utilities,card,,icici,ocr_receipt
flatmate rent share 3191 card friend,3191,friends,card,,,friends_synthetic
H&M 221 rupay card se pay kia slice card se,221,shopping,card,,slice,hinglish_natural
Just paid 476.18 to Apollo Pharmacy through cred,476.18,healthcare,upi,cred,yes bank,english_natural
ghar jaate waqt mutual fund 159 rupaye UPI se,159,investment,upi,paytm,,hinglish_natural
INOX pe 153 rs. ka movie dekhi Phone Pe se BOB se kata,26079,entertainment,upi,phonepe,bob,source_hinglish
Rahul mein 19064 lag gaye cash se bhara,19064,friends,cash,,,voice_transcript
Apple Music 151 rupay card se pay kr diya matlab,151,entertainment,card,,,hinglish_natural
Paid INR 461 for PPF via Jupiter,461,investment,upi,jupiter,,english_natural
3212 fees bhar diya library pe via paytm,3212,education,upi,paytm,,hinglish_natural
dopahar ko 4316 rupaiye admission kar diya BYJU'S pe card se,21794,education,card,,icici,source_hinglish
Paid Rs 40081 for SBI loan via credit card,40081,emi,card,,,english_natural
Gpay payment Rs 3896 HDFC loan Kotak 4062 done,3896,emi,upi,gpay,kotak,ocr_upi
bike loan EMI ka EMI kat gayi 692 rupaye card se pay kya,692,emi,card,,,hinglish_natural
sent Rs 19338 to Vikram on paytm,19338,friends,upi,paytm,,friends_synthetic
spent 38773 rupees on Ajio via card,38773,shopping,card,,hdfc,voice_transcript
office se aate hue Rapido 93 UPI se diyee,93,travel,upi,slice,,hinglish_natural
UPI/36775596/INDIGO/BANK,38781.16,travel,upi,bhim,,english_natural
paid back friend lent money Rs233 G Pay,233,friends,upi,gpay,,cue_row
8897 Priya,8897,friends,upi,cred,hdfc,english_natural
paid dost 1038 via cash,1038,friends,cash,,,friends_synthetic
Ananya 2178.78 Phonepe,2178.78,friends,upi,phonepe,kotak,english_natural
490 rs EMI bhara SBI loan pe via Cred,490,emi,upi,cred,,hinglish_natural
sent 4107 to friend on gpay split bill UPI,4107,friends,upi,gpay,,cue_row
SIP INR 632 STATE BANK,632,investment,upi,phonepe,sbi,english_natural
1913 rupees kiraya de diya rickshaw ko via CRED zyada ho gaya,1913,travel,upi,cred,,hinglish_natural
medical checkup lab test health insurance ₹438 paytm,438,healthcare,upi,paytm,,cue_row
Paid INR 2374 for Gaana via SLICE,2374,entertainment,upi,slice,hdfc,english_natural
hospital doctor pharmacy medicine diagnostic ₹47 Paytm,47,healthcare,upi,paytm,,cue_row
Paid Rs.1659.34 for education loan EMI via credit card,1659.34,emi,card,,,english_natural
Rs.17234.86 debited from your PNB account for Angel One (GPay UPI),17234.86,investment,upi,gpay,pnb,ocr_upi
bro se dost ko diy 2120 rs. ka UPI se pay kiya,2120,friends,upi,gpay,,hinglish_natural
SIP 3949 rupaiye UPI se,3949,investment,upi,slice,icici,hinglish_natural
medical checkup lab test health insurance R 317 card,317,healthcare,card,,,cue_row
"Receipt #1784
Zomato
Amount Paid: Rs438
Mode: CASH",438,food,cash,,,ocr_receipt
348 rupees dawai liya Apollo Pharmacy pe Paytm se IndusInd se,348,healthcare,upi,paytm,indusind,hinglish_natural
Jio recharge 3850 ₹ credit card se,3850,utilities,card,,,hinglish_natural
school college tuition course books fees Rs 3763 SLICE,3763,education,upi,slice,,cue_row
TO:INDIGO indigo.25882@icicibank From:AMITSINGH (icici BHIM : sender3398@okicicibank,271,travel,upi,bhim,icici,ocr_upi
Paid Rs282.48 for Coin via debit card,282.48,investment,card,,,english_natural
mutual fund 4941,4941,investment,card,,,english_natural
rent maintenance gas connection Rs265 card,265,utilities,card,,,cue_row
yaar 1773 rupees dawai liyaa hospital pe cash me bhai,1773,healthcare,cash,,,hinglish_natural
Zerodha 827 rupaye credit card se,827,investment,card,,,hinglish_natural
office se aate hue 32834 bill bharaa BSNL ko via gpay,32834,utilities,upi,gpay,,hinglish_natural
38505 ₹ cab liyaa Cleartrip ko Gpay se,28620,travel,upi,gpay,sbi,source_hinglish
"BILL
BookMyShow
INR 2235.37
Paytm
Thank You Visit Again",2235.37,entertainment,upi,paytm,,ocr_receipt
hospital doctor pharmacy medicine diagnostic 493 fi,493,healthcare,upi,fi,,cue_row
"BILL
Airtel recharge
Rs.283
fi
Thank You Visit Again",283,utilities,upi,fi,,ocr_receipt
4028 ka Coursera bill pay kiya paytm se,4028,education,upi,paytm,,voice_transcript
raat ko Snapdeal se khareed lia 37461 rupay ka debit card se,37461,shopping,card,,fi,hinglish_natural
RedBus 4432 ₹ via G Pay,4432,travel,upi,gpay,union bank,hinglish_natural
paid Priya INR 4133 via Google Pay,4133,friends,upi,gpay,,friends_synthetic
medical checkup lab test health insurance INR 34754 card,34754,healthcare,card,,,cue_row
dost Vikram ko 1830 rupaye PhonePe se bheje,1830,friends,upi,phonepe,,friends_synthetic
Bought electronics store for 214.98 with PhonePe,214.98,shopping,upi,phonepe,,english_natural
doctor me 441 rupaye ka doctor ko diye credit card se,441,healthcare,card,,,hinglish_natural
school college tuition course books fees Rs.4276 card,4276,education,card,,,cue_row
amazon flipkart myntra online shopping order Rs49387 Phone Pe,49387,shopping,upi,phonepe,,cue_row
rent maintenance gas connection INR 2653 Bhim,2653,utilities,upi,bhim,,cue_row
130 rupaiye EMI bhar diya education loan EMI ko via GPay,130,emi,upi,gpay,,hinglish_natural
split bill 496 Gpay se Priya ko diya,496,friends,upi,gpay,sbi,friends_synthetic
Paid 32647 for Burger King via paytm,32647,food,upi,paytm,,english_natural
Amazon purchase INR 39775,39775,shopping,upi,fi,hdfc,source_english
Karan ka paise bheje 4855 rs. credit card se,4855,friends,card,,,hinglish_natural
Spent ₹497 on Uber using Visa,497,travel,card,,fi,english_natural
Rs.23093 to Pooja NIYO UPI,23093,friends,upi,niyo,hdfc,friends_synthetic
344 rupees gaming Bhim Jupiter account,344,entertainment,upi,bhim,jupiter,voice_transcript
Payment of ₹309.28 to Zerodha was successful via BHIM UPI Ref No 521240062241748 IDFC Account 3504,309.28,investment,upi,bhim,idfc,ocr_upi
Rapido 35867 G Pay Successful Kotak 4683,35867,travel,upi,gpay,kotak,ocr_upi
"BILL
gaming
Rs.25081
CARD
Thank You Visit Again",25081,entertainment,card,,,ocr_receipt
College fees payment INR 20625,20625,education,upi,cred,,source_english
"BILL
Flipkart
₹14965
Paytm
Thank You Visit Again",14965,shopping,upi,paytm,,ocr_receipt
49463 rupees colleague card Yes Bank account,49463,friends,card,,yes bank,voice_transcript
insurance premium 3270 UPI se pay kr diya,3270,utilities,upi,paytm,,hinglish_natural
RedBus se ride liya 1217 rupaye ka UPI se,1217,travel,upi,phonepe,,hinglish_natural
Paytm payment ₹27092.59 FirstCry State Bank 7056 successful,27092.59,shopping,upi,paytm,sbi,ocr_upi
58 ka hospital bill pay kiya cash se,58,healthcare,cash,,,voice_transcript
car loan EMI se EMI bhra 1990 rupay ka debit card se,1990,emi,card,,,hinglish_natural
POS/BAJAJ FINANCE EMI/VISA/9602,17713,emi,card,,niyo,english_natural
Jio recharge ka bill bharra 17960 rs. PayTM se pay kiya,17960,utilities,upi,paytm,canara,hinglish_natural
coaching exam preparation study material 392 cash,392,education,cash,,,cue_row
subah 46589 rupaiye recharge kiya mobile recharge pe UPI se pay kar diya,46589,utilities,upi,gpay,,hinglish_natural
i paid 368 rupees for Meesho using card,368,shopping,card,,,voice_transcript
Paid broadband Rs.17836 using Jupiter,17836,utilities,upi,jupiter,,english_natural
sent Rs285 to friend on GPay split bill UPI,285,friends,upi,gpay,hdfc,cue_row
today i spent 83 on Behrouz via Cred,83,food,upi,cred,,voice_transcript
Pizza Hut ka khana khya 33572 rupaiye UPI se pay kiya,33572,food,upi,paytm,,hinglish_natural
kal colleague 1223 rupaye UPI se pay kiyaa State Bank card se,1223,friends,upi,cred,sbi,hinglish_natural
₹322.34 paid to BigBasket via cred from SBI,322.34,food,upi,cred,sbi,english_natural
paid Priya 20304 via Slice,20304,friends,upi,slice,,friends_synthetic
331 rupees Apple Music G Pay,331,entertainment,upi,gpay,,voice_transcript
t1870 to flatmate G Pay UPI,1870,friends,upi,gpay,,friends_synthetic
FirstCry ka saman liyaa 3611 ₹ Gpay pe,3611,shopping,upi,gpay,jupiter,hinglish_natural
yaar 201 ₹ food order kiyaa Swiggy ko haath se diye ICICI account se,201,food,cash,,icici,hinglish_natural
Just paid t4296 to INOX through Google Pay,4296,entertainment,upi,gpay,,english_natural
4170 rs. Zomato credit card se zyada ho gaya,4170,food,card,,,hinglish_natural
Pooja Rs.3266 Fi Money,3266,friends,upi,fi,,english_natural
petrol diesel fuel ₹918 at pump gpay,918,travel,upi,gpay,,cue_row
12725 ka PVR bill pay kiya G Pay se,12725,entertainment,upi,gpay,,voice_transcript
POS/GROWW/MASTERCARD/3472,258,investment,card,,,english_natural
Flipkart order INR 38485,38485,shopping,card,,,source_english
coaching exam preparation study material ?7616 paytm,7616,education,upi,paytm,,cue_row
ghar jaate waqt Myntra ka buy kiya 342 credit card se,342,shopping,card,,hdfc,hinglish_natural
1018 rs. doctor ko diy clinic ko card se bc,1018,healthcare,card,,hdfc,hinglish_natural
bhai colleague ko udhar return kiya 417 rs gpay se,417,friends,upi,gpay,,friends_synthetic
Lenskart 2880 rupees credit card se,2880,healthcare,card,,,hinglish_natural
2259 ₹ Dunkin debit card se,2259,food,card,,hdfc,hinglish_natural
bhai 19543 rupees paytm pe,19543,friends,upi,paytm,,hinglish_natural
4933 ₹ payment kiya DishTV ko UPI se pay kar diya,4933,utilities,upi,slice,,hinglish_natural
3111 ₹ mutual fund kiya Kuvera pe via GPay sasta tha,3111,investment,upi,gpay,kotak,hinglish_natural
Rs45.16 debited from your ICICI account for car loan EMI (gpay UPI),45.16,emi,upi,gpay,icici,ocr_upi
flight booking travel ticket 17465 Google Pay,17465,travel,upi,gpay,pnb,cue_row
crypto gold bonds NPS portfolio 4230 card,4230,investment,card,,,cue_row
eye checkup ka test karaya 545 ₹ debit card se,545,healthcare,card,,,hinglish_natural
Rs.39199 paid to INOX via cash from Slice,39199,entertainment,cash,,slice,english_natural
abhi broadband 163 via Slice,163,utilities,upi,slice,,hinglish_natural
493 ₹ Vi recharge UPI se diy,493,utilities,upi,gpay,,hinglish_natural
electricity water broadband mobile recharge bill 4613 card,4613,utilities,card,,,cue_row
INR 37133 to market via Mastercard ICICI account,37133,shopping,card,,icici,english_natural
society maintenance ka payment kya 202 rupaiye GPay se,202,utilities,upi,gpay,,hinglish_natural
home loan EMI ₹2669 debited from Canara,2669,emi,card,,canara,english_natural
INR 36540 paid to FirstCry via gpay UPI from IDFC Bank ending 3312,36540,shopping,upi,gpay,idfc,ocr_upi
Bus ticket INR 43845,43845,travel,card,,,source_english
Paid 4055.37 for Bharat Petroleum via debit card,4055.37,travel,card,,,english_natural
Bought ET Money for Rs.3678 with Gpay,3678,investment,upi,gpay,,english_natural
Bought bro for Rs.209 with Phone Pe,209,friends,upi,phonepe,,english_natural
flatmate rent share 456 cash flatmate,456,friends,cash,,,friends_synthetic
Payment of Rs.14349 to Lenskart was successful via Phone Pe UPI Ref No 985751225376984 Punjab National Bank Account 4886,14349,healthcare,upi,phonepe,pnb,ocr_upi
maine 3009 rupaye Haldirams ko diye Gpay se,3009,food,upi,gpay,,voice_transcript
Online shopping payment INR 37238,37238,shopping,card,,,source_english
"DMart
Net Amount 45633
Paid via CASH",45633,food,cash,,,ocr_receipt
Hospital bill INR 45616,45616,healthcare,card,,,source_english
Bought mess for ₹413 with Google Pay,413,food,upi,gpay,,english_natural
294 lab test card se pay kar diya,294,healthcare,card,,federal bank,hinglish_natural
electronics clothes shoes accessories purchase Rs.3565 via Phone Pe,3565,shopping,upi,phonepe,,cue_row
lunch dinner food order swiggy zomato restaurant meal Rs 44259 cash,44259,food,cash,,icici,cue_row
R 3573 to Rohan cash UPI,3573,friends,cash,,,friends_synthetic
Paid 7872 for Coin via CRED,7872,investment,upi,cred,hdfc,english_natural
food court se khana order kiyaa 20013 ka CRED se pay kia achha deal mila,20013,food,upi,cred,,hinglish_natural
Groww ka invest kar diya 355 rupaye via Google Pay,32700,investment,upi,gpay,axis,source_hinglish
Priya 31214 rupaye naqad,31214,friends,cash,,,hinglish_natural
"D RELIANCEFRESH 4496.27 Completed 18Jan 2026,8:18 pm HDFC Bank Bank 6274 UPI transaction ID 1204654565663 TO:RELIANCEFRESH reliance fresh.60524@hdfc bankbank Goog1etransaction lD CICAgJjg381392 OPI Phonepe",4496.27,food,upi,phonepe,hdfc,ocr_upi
Apollo Pharmacy mein 2606 lag gaye cash se bhara,2606,healthcare,cash,,fi,voice_transcript
"CCD RESTAURANT
Total 994.87
Cash Received
Change 0.00",994.87,food,upi,cred,,ocr_receipt
aaj concert pe 171 rupaye kharcha hua PhonePe se,171,entertainment,upi,phonepe,,voice_transcript
3851 rs. tuition de diya Udemy pe card se,3851,education,card,,bob,hinglish_natural
4166 rs stock lya stocks ko card se pay kr diya hdfc wale account se,4166,investment,card,,hdfc,hinglish_natural
office se aate hue Lenskart pe 82 rupees ka checkup karaya paytm se jupiter se kata,82,healthcare,upi,paytm,jupiter,hinglish_natural
Rs463.87 charged for education loan EMI on GPay,463.87,emi,upi,gpay,,english_natural
228 ₹ mangwaya restaurant ko via PhonePe matlab,9334,food,upi,phonepe,,source_hinglish
paid 10452 to Practo through PhonePe,10452,healthcare,upi,phonepe,,voice_transcript
Gas bill payment INR 35993,35993,utilities,upi,gpay,hdfc,source_english
i paid 3107 rupees for H&M using card,3107,shopping,card,,,voice_transcript
ghar jaate waqt Burger King 390 rs. cred se,390,food,upi,cred,,hinglish_natural
37708 ₹ Meesho credit card se,37708,shopping,card,,,hinglish_natural
45607 rs. Hotstar via Gpay,45607,entertainment,upi,gpay,,hinglish_natural
dopahar ko diagnostic pe 291 rs. ka checkup karaya UPI se pay kiya,291,healthcare,upi,gpay,axis,hinglish_natural
NEFT/TRANSFER/BAJAJ FINANCE EMI/NIYO,24733,emi,card,,niyo,english_natural
Spent INR 21.42 on Pooja using cash,21.42,friends,cash,,,english_natural
paid friend ₹11855 via Phonepe,11855,friends,upi,phonepe,,friends_synthetic
Divya 300 via Cred,300,friends,upi,cred,,hinglish_natural
79 rupees tuition diyee library ko CRED se,79,education,upi,cred,,hinglish_natural
Croma me 7182 rupaiye ka saman liyaa CRED pe,7182,shopping,upi,cred,,hinglish_natural
raat ko CCD se mangwaya 210 rupees ka paytm pe,210,food,upi,paytm,,hinglish_natural
stationery ka fees bharra 261 rs haath se de diye yaar,261,education,cash,,slice,hinglish_natural
ACT Fibernet ka recharge kia 112 rupaye UPI se die,112,utilities,upi,jupiter,,hinglish_natural
₹456 charged for IndiGo on card,456,travel,card,,,english_natural
Rahul ko 427 transfer kiya Phone Pe se,427,friends,upi,phonepe,,friends_synthetic
flight booking travel ticket Rs.13433 gpay,13433,travel,upi,gpay,hdfc,cue_row
Paid rent ₹253 using cash,253,utilities,cash,,,english_natural
MakeMyTrip payment R 197 done via phonepe,197,travel,upi,phonepe,,english_natural
doctor se doctor ko diyee 206 rupees ka credit card se,24687,healthcare,card,,,source_hinglish
₹319.42 charged for JioCinema on G Pay,319.42,entertainment,upi,gpay,,english_natural
electronics store 18958 haath se diyee,18958,shopping,cash,,,hinglish_natural
bhai 260 rupaye Udemy UPI se pay kiya,260,education,upi,gpay,canara,hinglish_natural
"DHABA RESTAURANT
Total 2704.53
Cash Received
Change 0.00",2704.53,food,upi,phonepe,icici,ocr_receipt
Ananya 36360 rupaiye jupiter se sasta tha,36360,friends,upi,jupiter,,hinglish_natural
NPS se SIP bharaa 1417 rupees ka UPI se pay kiyaa HDFC card se,23866,investment,upi,niyo,hdfc,source_hinglish
POS/SPICEJET/CREDIT CARD/3517,3273,travel,card,,,english_natural
mutual fund me 2412 rs ka invest kr diya debit card se,42304,investment,card,,,source_hinglish
Payment of Rs.1888.78 to mobile recharge was successful via PayTM UPI Ref No 90618456727 HDFC Bank Account 3442,1888.78,utilities,upi,paytm,hdfc,ocr_upi
sent 4096 to colleague on GPay,4096,friends,upi,gpay,,friends_synthetic
paid Pooja Rs.725 via CRED,725,friends,upi,cred,icici,friends_synthetic
Rapido me 35901 rupay ka kiraya die UPI se de diya,35901,travel,upi,phonepe,,hinglish_natural
breakfast snacks chai coffee Rs.477 Google Pay,477,food,upi,gpay,,cue_row
Jio recharge 2587 cash diy axis account se,2587,utilities,cash,,axis,hinglish_natural
insurance premium INR 246 debited from ICICI Bank,246,utilities,upi,phonepe,icici,english_natural
37939 rs dawai liyaa clinic ko UPI se diye,37939,healthcare,upi,phonepe,,hinglish_natural
₹41589.17 to Tata Play via GPay,41589.17,utilities,upi,gpay,,english_natural
petrol pump 43582 rupaye cash me,43582,travel,cash,,,hinglish_natural
Spent ₹36 on SpiceJet using credit card,36,travel,card,,,english_natural
232 rs gaming credit card se,232,entertainment,card,,,hinglish_natural
"TATA CLIQ RESTAURANT
Total 221
Cash Received
Change 0.00",221,shopping,upi,phonepe,,ocr_receipt
SIP INR 9061.19,9061.19,investment,upi,bhim,,english_natural
electronics clothes shoes accessories purchase Rs 426 via card,426,shopping,card,,sbi,cue_row
i did 34729 expense on electricity bill using card,34729,utilities,card,,,voice_transcript
20532 rupaye H&M Fi pe,20532,shopping,upi,fi,,hinglish_natural
"TAX INVOICE
dentist
Grand Total: ₹4342.08
Payment: CARD",4342.08,healthcare,card,,hdfc,ocr_receipt
₹771 debited from your State Bank account for EatFit (G Pay UPI),771,food,upi,gpay,sbi,ocr_upi
metro payment ₹16606 done via cash,16606,travel,cash,,axis,english_natural
26667 rupay mutual fund kr diya stocks ko UPI se,26667,investment,upi,gpay,,hinglish_natural
4661 rs. Amit via Bhim,4661,friends,upi,bhim,,hinglish_natural
bhai roommate ka 3570 rupaye cred se de diya,3570,friends,upi,cred,axis,voice_transcript
416.22 school fees,416.22,education,card,,,english_natural
Payment of 515.86 to Myntra was successful via Fi UPI Ref No 278451271053 hdfc Account 8277,515.86,shopping,upi,fi,hdfc,ocr_upi
"ELECTRICITY BILL RESTAURANT
Total 428
Cash Received
Change 0.00",428,utilities,upi,fi,,ocr_receipt
HDFC loan me 3122 rupaye ka installment die Jupiter se pay kiyaa,3122,emi,upi,jupiter,,hinglish_natural
2096 rupaye doctor ko de diya clinic ko PayTM pe,45967,healthcare,upi,paytm,,source_hinglish
Payment of Rs.493.00 to JioCinema was successful via G Pay UPI Ref No 052194050472 sbi Account 9171,493.00,entertainment,upi,gpay,sbi,ocr_upi
spent 311 rupees on Shreya via CRED,311,friends,upi,cred,,voice_transcript
439 Practo Phonepe se pay kr diya,439,healthcare,upi,phonepe,,hinglish_natural
287 rs ride le liya petrol pump ko card se pay kar diya bc,287,travel,card,,,hinglish_natural
personal loan EMI ka loan payment kia 8297 ₹ credit card se YES BANK card se,8297,emi,card,,yes bank,hinglish_natural
BookMyShow se show dekha 45691 rs ka card se ICICI wale account se,45691,entertainment,card,,icici,hinglish_natural
297 rupaye game liya PVR pe card se pay kar diya,297,entertainment,card,,,hinglish_natural
kal broadband se payment kiyaa 13228 ₹ ka card se pay kya Punjab National Bank account se,13228,utilities,card,,pnb,hinglish_natural
bhai KFC 355 rupees Fi Money pe,30530,food,upi,fi,sbi,source_hinglish
789 rs. Apple Music Google Pay pe,789,entertainment,upi,gpay,,hinglish_natural
ATM/CASH/BANK/380,380,education,upi,gpay,,english_natural
DishTV ka 4942 rupees ka bill Jupiter se pay kiya,4942,utilities,upi,jupiter,idfc,voice_transcript
paid back friend lent money 2895 BHIM,2895,friends,upi,bhim,,cue_row
29103 G Pay 1mg,29103,healthcare,upi,gpay,slice,english_natural
410 ka Nykaa bill pay kiya PayTM se,410,shopping,upi,paytm,,voice_transcript
Paytm payment ₹838 Blinkit HDFC 1820 completed,838,food,upi,paytm,hdfc,ocr_upi
BookMyShow se movie dekhi 4998 ka Gpay pe,4998,entertainment,upi,gpay,,hinglish_natural
Spent Rs40590 on Kuvera using credit card,40590,investment,card,,,english_natural
2406 ₹ ride lia petrol pump pe UPI se diyee ICICI Bank account se,2406,travel,upi,jupiter,icici,hinglish_natural
"Receipt #4030
Amazon
Amount Paid: Rs.1604.29
Mode: cred",1604.29,shopping,upi,cred,,ocr_receipt
1614 ₹ buy kia Myntra pe via G Pay budget tod diya,1614,shopping,upi,gpay,,hinglish_natural
doctor ka doctor ko diyee 42639 rupay via Google Pay,42639,healthcare,upi,gpay,,hinglish_natural
H&M INR 2419,2419,shopping,upi,jupiter,,english_natural
490 rs personal loan EMI debit card se,268,emi,card,,hdfc,source_hinglish
maine 427 rupaye auto ko diye cash se,427,travel,cash,,,voice_transcript
Crypto investment INR 23866,23866,investment,upi,niyo,hdfc,source_english
237 rupaiye khana order kr diya Behrouz pe credit card se,237,food,card,,hdfc,hinglish_natural
rickshaw 9492 debit card,9492,travel,card,,sbi,english_natural
DishTV ka payment kr diya 2408 G Pay pe,2408,utilities,upi,gpay,,hinglish_natural
flight booking travel ticket INR 3267 cash,3267,travel,cash,,,cue_row
coaching 40293 Fi,40293,education,upi,fi,indusind,english_natural
SpiceJet ka 3766 rupees ka bill card se pay kiya,3766,travel,card,,,voice_transcript
Zepto 267,267,food,card,,,english_natural
bhai 38040 rupaye paisa daala SIP pe card se pay kia,38040,investment,card,,,hinglish_natural
Bought Ola for INR 32855 with debit card,32855,travel,card,,slice,english_natural
paid back friend lent money ₹3846 card,3846,friends,card,,,cue_row
"college fees 3764 Completed 24Sep 2026,9:23 pm Canara 2067 UPI transaction ID 9393812401476",3764,education,upi,slice,canara,ocr_upi
Paid INR 326 for Unacademy via card,326,education,card,,,english_natural
Paid ₹2646 for Indian Oil via cash,2646,travel,cash,,,english_natural
market ka saman le liya 103 rupees UPI se diye,28217,shopping,upi,paytm,,source_hinglish
Zara ka order kr diya 5623 rupees UPI se,5623,shopping,upi,phonepe,slice,hinglish_natural
Hotstar ka game liyaa 12678 rs. GPay pe,12678,entertainment,upi,gpay,,hinglish_natural
Bajaj Finance EMI 2631.29 Slice Successful SBI 7620,2631.29,emi,upi,slice,sbi,ocr_upi
canteen se khana kha liya 4901 rupay ka UPI se ICICI wale account se,4901,food,upi,paytm,icici,hinglish_natural
"TAX INVOICE
Gaana
Grand Total: R 366
Payment: gpay",366,entertainment,upi,gpay,,ocr_receipt
society maintenance se recharge kiyaa 302 ka UPI se pay kiyaa,7893,utilities,upi,phonepe,,source_hinglish
i did 41776 expense on Croma using GPay,41776,shopping,upi,gpay,niyo,voice_transcript
mutual fund SIP stocks PPF FD investment INR 111 card,111,investment,card,,,cue_row
medical checkup lab test health insurance Rs 336 PayTM,336,healthcare,upi,paytm,,cue_row
sent money to Rahul Rs.402 on card,402,friends,card,,,friends_synthetic
Paid ₹717 to Pooja Gpay UPI HDFC 4399 Successful,717,friends,upi,gpay,hdfc,ocr_upi
Paid Rs 194.76 for credit card EMI via credit card,194.76,emi,card,,,english_natural
Box8 ka khana khaya 1603 rupees Phonepe pe zyada ho gaya,8,food,upi,phonepe,,hinglish_natural
Used ICICI cash to pay Rs.99.33 for auto,99.33,travel,cash,,icici,english_natural
t11471.56 paid to Hotstar via PhonePe UPI from SBI Bank ending 1579,11471.56,entertainment,upi,phonepe,sbi,ocr_upi
41067 Phone Pe mutual fund,41067,investment,upi,phonepe,,english_natural
4885 rupaye Bajaj Finance EMI card se pay kiyaa,46342,emi,card,,,source_hinglish
"TAX INVOICE
KFC
Grand Total: t4791
Payment: CASH",4791,food,cash,,,ocr_receipt
14542 rs. fees bhara Udemy ko debit card se,14542,education,card,,hdfc,hinglish_natural
90 ₹ Coursera UPI se,90,education,upi,cred,,hinglish_natural
"D PRACTO 8558.86 Completed 27Feb 2026,8:18 pm State Bank Bank 1276 UPI transaction ID 1981644337309 TO:PRACTO practo.16565@state bankbank Soogletransaction lD CICAgJjg299139 OPI Fi",8558.86,healthcare,upi,fi,sbi,ocr_upi
Movie ticket booking INR 2428,2428,entertainment,upi,cred,sbi,source_english
110 rupaiye society maintenance card se,110,utilities,card,,slice,hinglish_natural
Paid t13771 to mobile recharge gpay UPI SBI 4901 Successful,13771,utilities,upi,gpay,sbi,ocr_upi
bhai flatmate ko udhar return kiya 4876 rs Gpay se,4876,friends,upi,gpay,,friends_synthetic
bhai payment ₹3700 done via G Pay,3700,friends,upi,gpay,,english_natural
netflix spotify hotstar subscription movie show ₹1835 Cred,1835,entertainment,upi,cred,,cue_row
aaj 224 ₹ EMI kat gayi SBI loan pe UPI se pay kiyaa,224,emi,upi,cred,,hinglish_natural
"CCD
Net Amount 161
Paid via CASH",161,food,cash,,,ocr_receipt
Coin se invest kiya 2628 rupees ka card se SBI se,2628,investment,card,,sbi,hinglish_natural
paid 47250 to Groww through G Pay,47250,investment,upi,gpay,,voice_transcript
personal loan installment EMI deduction Rs.4073 Gpay,4073,emi,upi,gpay,,cue_row
NEFT/TRANSFER/FIRSTCRY/,470,shopping,card,,,english_natural
467 loan payment kya car loan EMI ko card se,467,emi,card,,icici,hinglish_natural
home loan car loan credit card EMI monthly Rs.3384 autopay card,3384,emi,card,,,cue_row
Cred payment Rs2418.04 ET Money Axis Bank 8795 completed,2418.04,investment,upi,cred,axis,ocr_upi
yaar Zara pe 21070 ka khareed lya card se,21070,shopping,card,,,hinglish_natural
electronics store 49665.13 Phonepe,49665.13,shopping,upi,phonepe,sbi,ocr_upi
colleague 2494.28 niyo Completed Kotak Mahindra 8477,2494.28,friends,upi,niyo,kotak,ocr_upi
Nature's Basket ka 200 rupees ka bill PayTM se pay kiya,200,food,upi,paytm,,voice_transcript
colleague payment ₹16972 done via cash,16972,friends,cash,,axis,english_natural
391 rupees installment de diye personal loan EMI pe debit card se,391,emi,card,,,hinglish_natural
paid 390 to INOX through card from hdfc,390,entertainment,card,,hdfc,voice_transcript
PVR ka 796 rupees ka bill card se pay kiya,796,entertainment,card,,,voice_transcript
CRED payment ₹455 Ajio Punjab National Bank 6489 successful,455,shopping,upi,cred,pnb,ocr_upi
"TAX INVOICE
Reliance Digital
Grand Total: 18012
Payment: CARD",18012,shopping,card,,,ocr_receipt
bhai 409 rs naqad,409,friends,cash,,,hinglish_natural
Paid Vikram 45.94 using CRED from Kotak,45.94,friends,upi,cred,kotak,english_natural
Karan ko 3488 transfer kiya Bhim se,3488,friends,upi,bhim,sbi,friends_synthetic
Paid R 906.60 to DMart CRED UPI HDFC 5077 Completed,906.60,food,upi,cred,hdfc,ocr_upi
maine 2076 rupaye Neha ko diye Cred se,2076,friends,upi,cred,,voice_transcript
Used icici cash to pay Rs.1591 for lab test,1591,healthcare,cash,,icici,english_natural
Spent Rs38.45 on home loan EMI using Visa,38.45,emi,card,,,english_natural
Home loan EMI INR 5257,5257,emi,card,,,source_english
rent maintenance gas connection 289 Jupiter,289,utilities,upi,jupiter,sbi,cue_row
eye checkup 21423,21423,healthcare,card,,,english_natural
Food court payment INR 3878,3878,food,upi,paytm,,source_english
Paid 1mg Rs3936 using BHIM,3936,healthcare,upi,bhim,,english_natural
today i spent 31718 on Croma via card from my jupiter bank,31718,shopping,card,,jupiter,voice_transcript
ATM/CASH/BANK/1531,1531,friends,cash,,,english_natural
Zee5 ka game lya 2723 rs. card se,5,entertainment,card,,,hinglish_natural
"D ELECTRONICSSTORE 2215 Completed 6Feb 2026,12:51 pm State Bank Bank 3255 UPI transaction ID 1954902948494 TO:ELECTRONICSSTORE electronics store.34865@state bankbank Goog1etransaction lD XYZabc577661 OPI gpay",2215,shopping,upi,gpay,sbi,ocr_upi
1mg mein 312 lag gaye gpay se bhara,312,healthcare,upi,gpay,,voice_transcript
grocery vegetables milk bread fruits Rs.2426 paid Gpay,2426,food,upi,gpay,sbi,cue_row
raat ko 21327 rupaye mobile recharge Phonepe pe,21327,utilities,upi,phonepe,kotak,hinglish_natural
Vedantu 27069 ₹ card se,27069,education,card,,hdfc,hinglish_natural
2535 rupaiye tuition diy Unacademy ko card se,2535,education,card,,,hinglish_natural
yaar pe 4435 rupay ka split kia debit card se,4435,friends,card,,rbl,hinglish_natural
4463 debit card 1mg,4463,healthcare,card,,,english_natural
dost Vikram ko 16461 rupaye CRED se bheje,16461,friends,upi,cred,sbi,friends_synthetic
Priya 7302 cash,7302,friends,cash,,icici,english_natural
abhi 481 mutual fund kiya Coin ko card se,481,investment,card,,,hinglish_natural
paid Pooja 364 via GPay,364,friends,upi,gpay,,friends_synthetic
home loan car loan credit card EMI monthly ?267 autopay card,267,emi,card,,icici,cue_row
ATM/CASH/BANK/36142,36142,friends,upi,slice,,english_natural
abhi Divya se split kiyaa 23953 ka naqad sbi wale account se,23953,friends,cash,,sbi,hinglish_natural
home loan EMI 25035 phonepe,25035,emi,upi,phonepe,,english_natural
subah Unacademy ka admission kiyaa 27117 rupay UPI se,27117,education,upi,gpay,,hinglish_natural
books ka admission kiya 160 rs card se,160,education,card,,,hinglish_natural
INR 1588.06 paid to PharmEasy via slice UPI from State Bank Bank ending 5211,1588.06,healthcare,upi,slice,sbi,ocr_upi
i paid 2923 rupees for Burger King using Slice,2923,food,upi,slice,bob,voice_transcript
MedPlus INR 141 Slice,141,healthcare,upi,slice,,english_natural
concert mein 370 lag gaye card se bhara,370,entertainment,card,,,voice_transcript
1mg pe 180 rupaiye ka doctor ko diy naqad,1,healthcare,cash,,,hinglish_natural
2129 ₹ eye checkup haath se die,2129,healthcare,cash,,sbi,hinglish_natural
44988 Indian Oil,44988,travel,card,,hdfc,english_natural
Rs28339 paid to Amazon Prime via Jupiter UPI from Bandhan Bank ending 5555,28339,entertainment,upi,jupiter,bandhan,ocr_upi
339 ka FirstCry bill pay kiya phonepe se,339,shopping,upi,phonepe,,voice_transcript
30041 ₹ payment kiyaa society maintenance pe UPI se pay kr diya,30041,utilities,upi,phonepe,,hinglish_natural
crypto gold bonds NPS portfolio Rs 117 gpay,117,investment,upi,gpay,,cue_row
dinner split 255 rupaye roommate paytm,255,friends,upi,paytm,yes bank,friends_synthetic
19358 Paytm Money UPI se pay kiya matlab,19358,investment,upi,gpay,axis,hinglish_natural
Lenskart 1727 cred,1727,shopping,upi,cred,,english_natural
spent 210 rupees on hospital via NIYO,210,healthcare,upi,niyo,fi,voice_transcript
amazon flipkart myntra online shopping order Rs4109 card,4109,shopping,card,,,cue_row
2084 rupaiye ET Money debit card se,2084,investment,card,,slice,hinglish_natural
electronics clothes shoes accessories purchase Rs 3828 via card,3828,shopping,card,,federal bank,cue_row
"mobile recharge 1935 Completed 18Feb 2026,5:45 pm BOB 5153 UPI transaction ID 53968527682",1935,utilities,upi,cred,bob,ocr_upi
ghar jaate waqt doctor pe 628 rupaiye ka medicine lya credit card se,628,healthcare,card,,,hinglish_natural
NPS se SIP bhar diya 3571 ₹ ka card se,3571,investment,card,,niyo,hinglish_natural
1mg se dawai lya 131 rupaiye ka card se,1,healthcare,card,,,hinglish_natural
KFC 251 rupay Google Pay pe,42755,food,upi,gpay,hdfc,source_hinglish
Just paid ₹373 to petrol pump through cash,373,travel,cash,,,english_natural
Rs.299.41 to Netflix via credit card HDFC account,299.41,entertainment,card,,hdfc,english_natural
Spent Rs2551 on Bewakoof using Mastercard,2551,shopping,card,,,english_natural
1464 rs KFC cash me budget tod diya,1464,food,cash,,fi,hinglish_natural
paid Pooja Rs4863 via Phonepe,4863,friends,upi,phonepe,,friends_synthetic
TO:PVR pvr.72395@axisbankbank From:PRIYASHARMA (Axis Bank phonepe : user6068@okaxisbankbank,147.43,entertainment,upi,phonepe,axis,ocr_upi
Rs2374 debited from your Axis Bank account for Air India (Phonepe UPI),2374,travel,upi,phonepe,axis,ocr_upi
"TAX INVOICE
1mg
Grand Total: 1358
Payment: paytm",1358,healthcare,upi,paytm,,ocr_receipt
412 rupay doctor paytm pe,412,healthcare,upi,paytm,,hinglish_natural
Spotify ka ticket lya 196 rupees paytm se,196,entertainment,upi,paytm,,hinglish_natural
"D NETFLIX 3045.72 Completed 9Mar 2026,11:22 pm Axis Bank Bank 9863 UPI transaction ID 36494110020 TO:NETFLIX netflix.80486@axis bankbank Goog1etransaction lD XYZabc604062 OPI PhonePe",3045.72,entertainment,upi,phonepe,axis,ocr_upi
TO:ROHAN rohan.38731@icicibank From:AMITSINGH (icici gpay : user7224@okicicibank,248.22,friends,upi,gpay,icici,ocr_upi
sent Rs.2992 to friend on cash split bill UPI,2992,friends,cash,,,cue_row
school fees 4189 rs. naqad,29683,education,cash,,,source_hinglish
i did 37222 expense on bhai using cash,37222,friends,cash,,,voice_transcript
FD Rs37938 paytm,37938,investment,upi,paytm,sbi,ocr_upi
Burger King se food order kiyaa 3482 rs ka phonepe se pay kiyaa,4655,food,upi,phonepe,,source_hinglish
SpiceJet se cab liyaa 326 ₹ ka gpay se,326,travel,upi,gpay,,hinglish_natural
Used NIYO cred to pay Rs.311 for DishTV,311,utilities,upi,cred,niyo,english_natural
"BILL
Meesho
Rs.880.40
CARD
Thank You Visit Again",880.40,shopping,card,,,ocr_receipt
aaj 1366 rs books lya Udemy pe haath se de diye,1366,education,cash,,sbi,hinglish_natural
"D RELIANCEDIGITAL 94.89 Completed 16Mar 2026,4:01 pm ICICI Bank 2545 UPI transaction ID 64742932683487 TO:RELIANCEDIGITAL reliance digital.13169@icicibank Goog1etransaction lD CICAgJjg516289 OPI G Pay",94.89,shopping,upi,gpay,icici,ocr_upi
maine 27796 rupaye Bajaj Finance EMI ko diye card se,27796,emi,card,,pnb,voice_transcript
sent money to Priya Rs.138 on Google Pay,138,friends,upi,gpay,,friends_synthetic
Bharat Petroleum 45937 ₹ debit card se,45937,travel,card,,,hinglish_natural
Netmeds me 30106 rupees ka medicine le liya Phone Pe se pay kr diya,30106,healthcare,upi,phonepe,,hinglish_natural
Amit ko 292 transfer kiya cash se,292,friends,cash,,,friends_synthetic
bhai Arjun ko udhar return kiya 1607 rs Slice se,1607,friends,upi,slice,,friends_synthetic
TO:PERSONALLOANEMI personalloanemi.74784@kotakbank From:UTSAVJANA (kotak Paytm : user1609@okkotakbank,49,emi,upi,paytm,kotak,ocr_upi
abhi 4409 rs. Udemy PhonePe se pay kiya,4409,education,upi,phonepe,fi,hinglish_natural
"PRACTO RESTAURANT
Total 235.83
Cash Received
Change 0.00",235.83,healthcare,upi,paytm,,ocr_receipt
Rs 1962 to Nykaa via Visa,1962,shopping,card,,,english_natural
986 rupaye Coursera CRED pe,26911,education,upi,cred,hdfc,source_hinglish
bhai 1472 rupay via Phonepe,1472,friends,upi,phonepe,,hinglish_natural
bhai 863 ₹ buy kia Croma pe credit card se,863,shopping,card,,,hinglish_natural
29877 rupees Myntra card State Bank account,29877,shopping,card,,sbi,voice_transcript
water bill se recharge kr diya 3343 rs. ka UPI se bc,3343,utilities,upi,gpay,,hinglish_natural
Rs 24476 to Amit G Pay UPI,24476,friends,upi,gpay,,friends_synthetic
BYJU'S INR 19156.49 Mastercard,19156.49,education,card,,slice,english_natural
45 to Lenskart via Bhim axis account,45,healthcare,upi,bhim,axis,english_natural
Lenskart ka dawai lia 217 rupees naqad,217,healthcare,cash,,,hinglish_natural
2325 rupaye gaming UPI se,2325,entertainment,upi,gpay,niyo,hinglish_natural
Rs 2577.64 to coaching via cred Axis account,2577.64,education,upi,cred,axis,english_natural
eye checkup payment Rs 7839.62 done via debit card,7839.62,healthcare,card,,,english_natural
crypto gold bonds NPS portfolio 417 cred,417,investment,upi,cred,,cue_row
UPI/65425293/COIN/JUPITER,15238,investment,card,,jupiter,english_natural
Practo ka checkup karaya 3088 rs. cash diyee,3088,healthcare,cash,,,hinglish_natural
187.13 Amazon Prime,187.13,entertainment,upi,paytm,bandhan,english_natural
home loan car loan credit card EMI monthly INR 47697 autopay card,47697,emi,card,,,cue_row
3440 rupay saman liyaa Croma ko Gpay se,3440,shopping,upi,gpay,,hinglish_natural
Paid Neha 20335 using slice from YES BANK,20335,friends,upi,slice,yes bank,english_natural
office se aate hue Angel One ka stock lia 889 rupay UPI se pay kiyaa,889,investment,upi,phonepe,,hinglish_natural
mutual fund SIP stocks PPF FD investment Rs.3814 card,3814,investment,card,,,cue_row
i did 326 expense on Amit using paytm,326,friends,upi,paytm,,voice_transcript
INR 245 charged for Meesho on credit card,245,shopping,card,,hdfc,english_natural
Food court payment INR 7764,7764,food,upi,gpay,,source_english
mobile recharge se recharge kiyaa 371 rupaiye ka UPI se die,371,utilities,upi,phonepe,,hinglish_natural
credit card EMI ka installment de diya 22452 card se pay kiya,22452,emi,card,,hdfc,hinglish_natural
MakeMyTrip ka ride liya 3934 rs. haath se diy,3934,travel,cash,,,hinglish_natural
office se aate hue 2962 rs. crypto credit card se,36799,investment,card,,,source_hinglish
3468 khana order kar diya Chai Point pe haath se diye,3468,food,cash,,slice,hinglish_natural
NEFT/TRANSFER/UDEMY/,5733,education,upi,cred,,english_natural
Divya me 3868 ka transfer kiya UPI se State Bank wale account se,3868,friends,upi,fi,sbi,hinglish_natural
Paid ₹2905 for Yatra via Phonepe,2905,travel,upi,phonepe,,english_natural
bhai mutual fund ka 4010 rupaye GPay se de diya,4010,investment,upi,gpay,,voice_transcript
4215 rupees SIP bharaa Groww ko Phone Pe pe,4215,investment,upi,phonepe,yes bank,hinglish_natural
school college tuition course books fees 1666 Cred,1666,education,upi,cred,,cue_row
spent 1033 rupees on SpiceJet via Bhim,1033,travel,upi,bhim,yes bank,voice_transcript
dinner split 471 rupaye Pooja paytm,471,friends,upi,paytm,,friends_synthetic
Paid 4587 to education loan EMI GPay UPI hdfc 8818 Completed,4587,emi,upi,gpay,hdfc,ocr_upi
₹3062 charged for IRCTC on Mastercard,3062,travel,card,,,english_natural
NEFT/TRANSFER/AMIT/UNION BANK,476,friends,upi,phonepe,union bank,english_natural
1819.16 Lenskart,1819.16,healthcare,upi,niyo,sbi,english_natural
SIP ka paisa daala 3705 ₹ debit card se Fi Money se,3705,investment,card,,fi,hinglish_natural
flatmate rent share 432 SLICE flatmate,432,friends,upi,slice,,friends_synthetic
Medical test charges INR 48991,48991,healthcare,card,,idfc,source_english
i did 111 expense on Amit using Slice,111,friends,upi,slice,,voice_transcript
Personal loan installment INR 10558,10558,emi,card,,,source_english
3933 rupees Udemy paytm PNB account,3933,education,upi,paytm,pnb,voice_transcript
40086 rupay Gaana debit card se,40086,entertainment,card,,,hinglish_natural
1mg me 3021 rupaye ka medicine lia haath se de diye,1,healthcare,cash,,kotak,hinglish_natural
bhai Pooja ko udhar return kiya 115 rs card se,115,friends,card,,,friends_synthetic
today i spent 1332 on tuition via Phone Pe from my hdfc bank,1332,education,upi,phonepe,hdfc,voice_transcript
SonyLIV se show dekha 4242 rs ka debit card se,4242,entertainment,card,,,hinglish_natural
abhi 4175 rupaye stocks Google Pay se pay kiya,4175,investment,upi,gpay,slice,hinglish_natural
auto 326,326,travel,upi,gpay,,english_natural
Rs.4060 paid to PharmEasy via phonepe UPI from hdfc Bank ending 8562,4060,healthcare,upi,phonepe,hdfc,ocr_upi
₹4707.93 charged for bike loan EMI on credit card,4707.93,emi,card,,hdfc,english_natural
sent money to Amit Rs.1730 on card,1730,friends,card,,,friends_synthetic
PVR mein 2397 lag gaye card se bhara,2397,entertainment,card,,fi,voice_transcript
"ACT Fibernet BILL
St: INR 24
CARD APPROVED",24,utilities,card,,,ocr_receipt
Paytm Money 36033 ICICI,36033,investment,upi,phonepe,icici,english_natural
eye checkup se test karaya 2944 ka Google Pay se pay kiyaa,2944,healthcare,upi,gpay,,hinglish_natural
Snapdeal se buy kiya 2507 ka via CRED,2507,shopping,upi,cred,,hinglish_natural
Paid ₹2672 to SonyLIV Google Pay UPI HDFC Bank 4708 Successful,2672,entertainment,upi,gpay,hdfc,ocr_upi
71 dost ko diy roommate pe cash me,71,friends,cash,,sbi,hinglish_natural
paid 5398 to Ajio through PhonePe,5398,shopping,upi,phonepe,,voice_transcript
"GAANA RESTAURANT
Total 465.92
Cash Received
Change 0.00",465.92,entertainment,card,,,ocr_receipt
2112 rs saman lia electronics store pe UPI se die bhai,2112,shopping,upi,paytm,,hinglish_natural
Spent INR 1132 on credit card EMI using GPay,1132,emi,upi,gpay,,english_natural
credit card EMI 29,29,emi,upi,paytm,,english_natural
NEFT/TRANSFER/EDUCATION LOAN EMI/,453,emi,card,,,english_natural
Shreya ka dost ko diyee 852 ₹ UPI se,852,friends,upi,cred,,hinglish_natural
coaching exam preparation study material INR 478 card,478,education,card,,sbi,cue_row
Ajio se saman le liya 383 rs. ka credit card se matlab,383,shopping,card,,,hinglish_natural
bhai dost ko udhar return kiya 17600 rs cash se,17600,friends,cash,,,friends_synthetic
today i spent 31744 on home loan EMI via paytm,31744,emi,upi,paytm,,voice_transcript
"BILL
rent
₹167.24
phonepe
Thank You Visit Again",167.24,utilities,upi,phonepe,,ocr_receipt
bhai BookMyShow ka 96 rupaye CRED se de diya,96,entertainment,upi,cred,,voice_transcript
Library fee INR 11055,11055,education,cash,,,source_english
paid 218 to car loan EMI through card from hdfc,218,emi,card,,hdfc,voice_transcript
"Apple Music 136.30 Completed 19Dec 2025,12:26 pm HDFC Bank 7208 UPI transaction ID 845769415867",136.30,entertainment,upi,gpay,hdfc,ocr_upi
POS/NPS/CARD/4134,40402.76,investment,card,,hdfc,english_natural
raat ko 1594 rupaiye Kuvera Gpay pe,1594,investment,upi,gpay,,hinglish_natural
Paid society maintenance 291 using PayTM,291,utilities,upi,paytm,,english_natural
Snapdeal 400,400,shopping,card,,niyo,english_natural
school college tuition course books fees ₹37550 card,37550,education,card,,,cue_row
Biryani Blues se khana kha liya 2586 ka UPI se diy,2586,food,upi,slice,,hinglish_natural
3699 rs dhaba haath se de diye,3699,food,cash,,pnb,hinglish_natural
Coursera 49583 rupay via CRED,49583,education,upi,cred,axis,hinglish_natural
Hotstar me 21105 rupaye ka subscription renew kiya credit card se,21105,entertainment,card,,,hinglish_natural
maine 148 rupaye Tata CLiQ ko diye card se,148,shopping,card,,,voice_transcript
bhai se dost ko diy 231 rs ka UPI se pay kar diya,231,friends,upi,paytm,jupiter,hinglish_natural
Paid Rs.329.96 for concert via cash,329.96,entertainment,cash,,,english_natural
Lenskart pe 414 rs. ka dawai liya debit card se bhai,414,healthcare,card,,,hinglish_natural
bhai colleague ka 3909 rupaye card se de diya,3909,friends,card,,,voice_transcript
spent 930 rupees on Udemy via Phonepe,930,education,upi,phonepe,,voice_transcript
489 rs. SpiceJet cash de diye bhai,489,travel,cash,,idfc,hinglish_natural
exam fee 502 SLICE Payment done ICICI Bank 4310,502,education,upi,slice,icici,ocr_upi
subah stocks me 1476 rs. ka invest kia card se HDFC se kata,1476,investment,card,,hdfc,hinglish_natural
NPS ₹383 Phone Pe,383,investment,upi,phonepe,slice,english_natural
college fees pe 1814 rs. ka fees bhar diya credit card se,1814,education,card,,,hinglish_natural
abhi gold pe 120 rs ka mutual fund kar diya debit card se,120,investment,card,,,hinglish_natural
Paid Rs 198 for Tata CLiQ via Mastercard,198,shopping,card,,,english_natural
gaming concert event ticket ₹20475 card,20475,entertainment,card,,,cue_row
3601 rupay recharge kiya Tata Play ko UPI se pay kiyaa,3601,utilities,upi,phonepe,canara,hinglish_natural
Electricity bill payment INR 20582,20582,utilities,upi,cred,,source_english
R 47429 charged for school fees on cash,47429,education,cash,,,english_natural
medical checkup lab test health insurance ₹4634 G Pay,4634,healthcare,upi,gpay,icici,cue_row
Payment of Rs.267.13 to Tata Play was successful via phonepe UPI Ref No 75673110176602 sbi Account 1410,267.13,utilities,upi,phonepe,sbi,ocr_upi
FD 4614 ₹ gpay pe,4614,investment,upi,gpay,,hinglish_natural
₹7661 to Rohan PayTM UPI,7661,friends,upi,paytm,,friends_synthetic
2843 rupees education loan EMI card se,40946,emi,card,,,source_hinglish
NPS mein 190 lag gaye card se bhara,190,investment,card,,,voice_transcript
Lenskart pe 2259 rs. ka shopping kar diya UPI se diy,48118,shopping,upi,niyo,,source_hinglish
Tata CLiQ me 1924 rupay ka order kar diya haath se diye bc,1924,shopping,cash,,,hinglish_natural
Rs 2298 paid to Gaana via card from jupiter,2298,entertainment,card,,jupiter,english_natural
Amit ko 176 transfer kiya Cred se,176,friends,upi,cred,,friends_synthetic
Rs.448 paid to market via PhonePe UPI from PNB Bank ending 5419,448,shopping,upi,phonepe,pnb,ocr_upi
Practo ka 42121 rupees ka bill gpay se pay kiya,42121,healthcare,upi,gpay,,voice_transcript
Jio recharge ka recharge kar diya 134 ₹ GPay se pay kr diya,134,utilities,upi,gpay,,hinglish_natural
dost Arjun ko 396 rupaye Bhim se bheje,396,friends,upi,bhim,sbi,friends_synthetic
"BILL
H&M
477
CARD
Thank You Visit Again",477,shopping,card,,,ocr_receipt
11802 auto UPI se de diye,11802,travel,upi,cred,,hinglish_natural
bhai Rapido ka 174 rupaye Fi se de diya,174,travel,upi,fi,hdfc,voice_transcript
315.64 Lenskart,315.64,healthcare,cash,,,english_natural
sent Rs.2195 to Rahul on Gpay,2195,friends,upi,gpay,,friends_synthetic
268 rupees SIP Jupiter se,268,investment,upi,jupiter,axis,hinglish_natural
"NETMEDS
Item 1 t228
Item 2 INR 102
Total Rs.42244.90
CASH",42244.90,healthcare,cash,,hdfc,ocr_receipt
dentist 24826 ₹ cash diye budget tod diya,24826,healthcare,cash,,slice,hinglish_natural
41861 charged for concert on Fi Money,41861,entertainment,upi,fi,,english_natural
DishTV me 356 rupay ka bill pay kya card se,356,utilities,card,,,hinglish_natural
TO:EASEMYTRIP easemytrip.33874@kotakbank From:AMITSINGH (Kotak PayTM : user6335@okkotakbank,701.38,travel,upi,paytm,kotak,ocr_upi
Paid Rs47809 for JioMart from my axis account via Niyo,47809,food,upi,niyo,axis,english_natural
credit card EMI se EMI kat gayi 1786 rs ka credit card se,1786,emi,card,,,hinglish_natural
"DISHTV
Item 1 R 198
Item 2 ?185
Total Rs 1854
CARD",1854,utilities,card,,,ocr_receipt
diagnostic mein 32393 lag gaye card se bhara,32393,healthcare,card,,sbi,voice_transcript
aaj FD pe 4850 rupees ka stock liya Jupiter se pay kr diya jupiter account se zyada ho gaya,4850,investment,upi,jupiter,jupiter,hinglish_natural
"D VIRECHARGE 6366.74 Completed 15Jan 2026,5:55 pm Axis Bank Bank 7763 UPI transaction ID 64697950804 TO:VIRECHARGE vi recharge.62091@axis bankbank Googletransaction lD CICAgJjg638285 OPI bhim",6366.74,utilities,upi,bhim,axis,ocr_upi
FD 240 jupiter,240,investment,upi,jupiter,bob,ocr_upi
i paid 3075 rupees for Amazon using cash,3075,shopping,cash,,,voice_transcript
Used SLICE credit card to pay ₹284.70 for personal loan EMI,284.70,emi,card,,slice,english_natural
Bought Myntra for INR 3741.05 with debit card,3741.05,shopping,card,,,english_natural
flatmate rent share 154 gpay friend,154,friends,upi,gpay,axis,friends_synthetic
spent 2297 rupees on yaar via Paytm,2297,friends,upi,paytm,,voice_transcript
home loan car loan credit card EMI monthly 2816 autopay PhonePe,2816,emi,upi,phonepe,,cue_row
Flipkart ₹285 debited from HDFC Bank,285,shopping,card,,hdfc,english_natural
41145 rupaye yaar paytm se,41145,friends,upi,paytm,,hinglish_natural
hospital 11016 rupaiye card se,11016,healthcare,card,,,hinglish_natural
2734 rupaye khana khayaa Faasos pe credit card se HDFC Bank account se,2734,food,card,,hdfc,hinglish_natural
Spent INR 129 on Bewakoof using card,129,shopping,card,,,english_natural
"Chai Point BILL
St: 218.10
slice approved",218.10,food,upi,slice,,ocr_receipt
Pooja ko 22275 transfer kiya PayTM se,22275,friends,upi,paytm,,friends_synthetic
Bajaj Finance EMI mein 21410 lag gaye card se bhara,21410,emi,card,,,voice_transcript
dopahar ko 3908 ₹ canteen debit card se,3908,food,card,,,hinglish_natural
Paid MedPlus ₹474 using Mastercard,474,healthcare,card,,,english_natural
Google Pay payment ?3001 Hotstar Union Bank 9047 done,3001,entertainment,upi,gpay,union bank,ocr_upi
education loan EMI se EMI kat gayi 1603 ka card se bohot mehenga,1603,emi,card,,icici,hinglish_natural
INOX 251,251,entertainment,card,,,english_natural
SBI loan pe 2834 rupay ka EMI kat gayi via Gpay budget tod diya,2834,emi,upi,gpay,,hinglish_natural
Angel One 248 rupaye credit card se achha deal mila,248,investment,card,,,hinglish_natural
NEFT/TRANSFER/UBER/NIYO,285.17,travel,card,,niyo,english_natural
Burger King se food order kar diya 444 rupees ka UPI se pay kr diya,444,food,upi,fi,,hinglish_natural
Yatra 13360 ₹ haath se de diya,13360,travel,cash,,,hinglish_natural
3166 niyo Rahul,3166,friends,upi,niyo,niyo,english_natural
265 water bill,265,utilities,upi,gpay,federal bank,english_natural
dopahar ko Air India se petrol bhra 18550 rs ka Google Pay pe,18550,travel,upi,gpay,,hinglish_natural
rickshaw INR 411.58 cash,411.58,travel,cash,,,english_natural
"PIZZA HUT
Item 1 Rs 398
Item 2 ₹446
Total ₹49.23
phonepe",49.23,food,upi,phonepe,icici,ocr_receipt
₹382 paid to Vikram via PayTM UPI from ICICI Bank Bank ending 5592,382,friends,upi,paytm,icici,ocr_upi
2150 rupees gas bill jupiter,2150,utilities,upi,jupiter,,voice_transcript
Paid Rs366 to 1mg Cred UPI ICICI 3995 Done,366,healthcare,upi,cred,icici,ocr_upi
MakeMyTrip ka 194 rupees ka bill cash se pay kiya,194,travel,cash,,,voice_transcript
ATM/CASH/SBI/19565,19565,investment,card,,sbi,english_natural
spent 1430 rupees on Pooja via cred,1430,friends,upi,cred,,voice_transcript
"NYKAA
Item 1 ₹329
Item 2 232
Total ?44
CARD",44,shopping,card,,,ocr_receipt
Jio recharge 35925 Mastercard,35925,utilities,card,,jupiter,english_natural
PPF contribution INR 10474,10474,investment,card,,hdfc,source_english
Spent Rs.27746 on concert using SLICE,27746,entertainment,upi,slice,sbi,english_natural
Rs.412 debited from your hdfc account for Tata Play (paytm UPI),412,utilities,upi,paytm,hdfc,ocr_upi
flatmate rent share 435 PhonePe Shreya,435,friends,upi,phonepe,,friends_synthetic
38070 ₹ cab liyaa IndiGo ko credit card se,38070,travel,card,,,hinglish_natural
gas bill 1053 rupaiye UPI se,1053,utilities,upi,gpay,,hinglish_natural
home loan EMI 4638.03 G Pay Successful RBL 6945,4638.03,emi,upi,gpay,rbl,ocr_upi
3101 rupaiye Vikram via GPay,3101,friends,upi,gpay,,hinglish_natural
gaming concert event ticket Rs2899 card,2899,entertainment,card,,,cue_row
48162.04 personal loan EMI,48162.04,emi,card,,,english_natural
home loan car loan credit card EMI monthly Rs.46520 autopay GPay,46520,emi,upi,gpay,,cue_row
"Receipt #2551
Blinkit
Amount Paid: ₹33183
Mode: cred",33183,food,upi,cred,,ocr_receipt
bhai se paise bheje 14554 rs ka cash de diye slice wale account se,14554,friends,cash,,slice,hinglish_natural
Rs 250 to Rahul Phone Pe UPI,250,friends,upi,phonepe,,friends_synthetic
maine 3151 rupaye education loan EMI ko diye card se,3151,emi,card,,slice,voice_transcript
PVR se game liya 3669 rupay ka UPI se pay kiya,3669,entertainment,upi,gpay,,hinglish_natural
electricity water broadband mobile recharge bill Rs35732 GPay,35732,utilities,upi,gpay,,cue_row
Lenskart payment Rs5713.61 done via GPay,5713.61,shopping,upi,gpay,,english_natural
Paid t303.66 to Vi recharge Paytm UPI sbi 3530 Successful,303.66,utilities,upi,paytm,sbi,ocr_upi
BookMyShow ka 694 rupees ka bill card se pay kiya,694,entertainment,card,,fi,voice_transcript
Goibibo 3287.32,3287.32,travel,card,,bob,english_natural
283 stocks,283,investment,card,,hdfc,english_natural
Spent Rs2492 on eye checkup using paytm,2492,healthcare,upi,paytm,hdfc,english_natural
Fixed deposit investment INR 43173,43173,investment,upi,jupiter,,source_english
₹263 to Shreya cash UPI,263,friends,cash,,sbi,friends_synthetic
Ananya 2491 rupay card se,2491,friends,card,,icici,hinglish_natural
library 92 rupaiye debit card se,92,education,card,,hdfc,hinglish_natural
Goibibo 308 rs. debit card se,308,travel,card,,,hinglish_natural
ghar jaate waqt 353 ₹ Amazon Prime debit card se,353,entertainment,card,,,hinglish_natural
"INSURANCE PREMIUM
Item 1 ₹149
Item 2 ₹193
Total ?30926
CASH",30926,utilities,cash,,,ocr_receipt
Rs346 paid to Burger King via card from ICICI Bank,346,food,card,,icici,english_natural
Paid ₹2694 to Gaana G Pay UPI RBL Bank 8925 Completed,2694,entertainment,upi,gpay,rbl,ocr_upi
IRCTC se ticket book kya 10409 rs. ka debit card se Kotak se kata,10409,travel,card,,kotak,hinglish_natural
mutual fund SIP stocks PPF FD investment Rs 37205 niyo,37205,investment,upi,niyo,,cue_row
"WATER BILL RESTAURANT
Total 4646
Cash Received
Change 0.00",4646,utilities,upi,phonepe,,ocr_receipt
home loan car loan credit card EMI monthly Rs.364 autopay cred,364,emi,upi,cred,sbi,cue_row
crypto gold bonds NPS portfolio ₹7174 Google Pay,7174,investment,upi,gpay,,cue_row
raat ko Rahul 19429 rupees jupiter se pay kar diya,19429,friends,upi,jupiter,,hinglish_natural
Spotify se show dekha 48625 ka via cred,48625,entertainment,upi,cred,,hinglish_natural
i paid 3733 rupees for petrol pump using Bhim,3733,travel,upi,bhim,,voice_transcript
home loan car loan credit card EMI monthly ₹579 autopay card,579,emi,card,,,cue_row
1432 YouTube Premium via jupiter zyada ho gaya,1432,entertainment,upi,jupiter,jupiter,hinglish_natural
167 rs petrol pump credit card se,167,travel,card,,,hinglish_natural
?358 debited from your SBI account for Flipkart (Jupiter UPI),358,shopping,upi,jupiter,sbi,ocr_upi
ET Money 2774 gpay Completed axis 1212,2774,investment,upi,gpay,axis,ocr_upi
grocery vegetables milk bread fruits R 314 paid PhonePe,314,food,upi,phonepe,rbl,cue_row
"BILL
Behrouz
34086
PayTM
Thank You Visit Again",34086,food,upi,paytm,icici,ocr_receipt
raat ko JioCinema pe 4725 rupees ka game liya Phone Pe se pay kiyaa,30807,entertainment,upi,phonepe,,source_hinglish
Airtel recharge 2861 phonepe Completed hdfc 5444,2861,utilities,upi,phonepe,hdfc,ocr_upi
UPI/86945794/H&M/BANK,28314,shopping,card,,,english_natural
459 rs. auto cred se pay kia,459,travel,upi,cred,,hinglish_natural
40639 rupees Faasos cash,40639,food,cash,,,voice_transcript
market ka shopping kr diya 258 ₹ card se,258,shopping,card,,,hinglish_natural
personal loan EMI me 1138 rs. ka loan payment kya credit card se,1138,emi,card,,,hinglish_natural
"FirstCry
Net Amount 4134
Paid via Google Pay",4134,shopping,upi,gpay,,ocr_receipt
485 ka credit card EMI bill pay kiya phonepe se,485,emi,upi,phonepe,,voice_transcript
TO:MUTUALFUND mutualfund.67511@sbibank From:PRIYASHARMA (sbi Paytm : user8100@oksbibank,370,investment,upi,paytm,sbi,ocr_upi
38923 rupaiye tuition diye Vedantu pe UPI se diy,38923,education,upi,gpay,,hinglish_natural
mutual fund 4763 ₹ card se,4763,investment,card,,,hinglish_natural
paid 37065 to PharmEasy through Google Pay,37065,healthcare,upi,gpay,,voice_transcript
PPF 38888 rupees Niyo se,38888,investment,upi,niyo,slice,hinglish_natural
college fees 3486.71 gpay,3486.71,education,upi,gpay,,english_natural
"TAX INVOICE
Gaana
Grand Total: 498.73
Payment: G Pay",498.73,entertainment,upi,gpay,,ocr_receipt
ATM/CASH/SLICE/30101.04,30101.04,investment,card,,slice,english_natural
3561 rupay payment kiya ACT Fibernet ko GPay se pay kia,3561,utilities,upi,gpay,slice,hinglish_natural
subah home loan EMI 19051 rupaye credit card se,19051,emi,card,,,hinglish_natural
Just paid INR 872.96 to education loan EMI through Mastercard,872.96,emi,card,,,english_natural
Paid Rs 2046 to dost Google Pay UPI ICICI 9649 Successful,2046,friends,upi,gpay,icici,ocr_upi
rent maintenance gas connection INR 40589 card,40589,utilities,card,,,cue_row
YouTube Premium me 277 rupay ka ticket lya card se,277,entertainment,card,,,hinglish_natural
bike loan EMI pe 16793 ₹ ka EMI bharra card se pay kia Niyo account se,16793,emi,card,,niyo,hinglish_natural
17089 rupaye 1mg credit card se,17089,healthcare,card,,idfc,hinglish_natural
breakfast snacks chai coffee ₹28845 CRED,28845,food,upi,cred,,cue_row
ZERODHA INR 1178.91,1178.91,investment,upi,jupiter,,english_natural
i paid 2337 rupees for EaseMyTrip using Phonepe,2337,travel,upi,phonepe,sbi,voice_transcript
Game purchase INR 47916,47916,entertainment,upi,paytm,,source_english
Bought Vi recharge for INR 197 with Phonepe,197,utilities,upi,phonepe,,english_natural
hospital doctor pharmacy medicine diagnostic ₹42 cash,42,healthcare,cash,,,cue_row
dinner split 132 rupaye yaar gpay,132,friends,upi,gpay,axis,friends_synthetic
paid 3113 to electricity bill through Cred,3113,utilities,upi,cred,,voice_transcript
TO:ETMONEY etmoney.96406@unionbankbank From:PRIYASHARMA (Union Bank Slice : user2681@okunionbankbank,3695.55,investment,upi,slice,union bank,ocr_upi
uber ola cab ride airport train ticket ₹45622 Jupiter,45622,travel,upi,jupiter,,cue_row
Bought gaming for 27 with PayTM,27,entertainment,upi,paytm,,english_natural
"Receipt #4317
PVR
Amount Paid: Rs46775
Mode: CASH",46775,entertainment,cash,,hdfc,ocr_receipt
office se aate hue 147 rupaye stock liya Zerodha pe UPI se,147,investment,upi,paytm,,hinglish_natural
i did 49920 expense on Karan using cash,49920,friends,cash,,,voice_transcript
Spent ₹40217 on Tata Play using cash,40217,utilities,cash,,,english_natural
Spent INR 1538.88 on ET Money using gpay,1538.88,investment,upi,gpay,hdfc,english_natural
17630 rupees dost ko diyee Divya pe PhonePe se hdfc card se,17630,friends,upi,phonepe,hdfc,hinglish_natural
Coursera ₹1307 Slice,1307,education,upi,slice,hdfc,ocr_upi
Just paid Rs350.49 to Paytm Money through Phone Pe,350.49,investment,upi,phonepe,,english_natural
Pharmacy medicine purchase INR 17345,17345,healthcare,upi,gpay,,source_english
"Receipt #6775
broadband
Amount Paid: ?3145.45
Mode: CARD",3145.45,utilities,card,,,ocr_receipt
Just paid ₹28417 to Ananya through SLICE,28417,friends,upi,slice,sbi,english_natural
INR 30537.11 debited from your HDFC account for Zerodha (Niyo UPI),30537.11,investment,upi,niyo,hdfc,ocr_upi
Paid ₹215 to Rohan paytm UPI Punjab National Bank 5318 Completed,215,friends,upi,paytm,pnb,ocr_upi
Fixed deposit investment INR 35463,35463,investment,upi,cred,,source_english
insurance premium 17260.95,17260.95,utilities,upi,paytm,hdfc,english_natural
tuition INR 311 Mastercard,311,education,card,,,english_natural
315 Spotify debit card se,315,entertainment,card,,jupiter,hinglish_natural
"D DUNKIN 172 Completed 17Jan 2026,11:50 pm State Bank Bank 1160 UPI transaction ID 189024462882 TO:DUNKIN dunkin.66653@state bankbank Soogletransaction lD XYZabc460873 OPI PhonePe",172,food,upi,phonepe,sbi,ocr_upi
Ananya me 2689 ₹ ka udhar return kiya PhonePe se SLICE wale account se,2689,friends,upi,phonepe,slice,hinglish_natural
sent money to dost R 7270 on cash,7270,friends,cash,,sbi,friends_synthetic
1701 rupees FirstCry card,1701,shopping,card,,,voice_transcript
canteen 130 rupees via Phonepe,130,food,upi,phonepe,,hinglish_natural
TO:DOMINOS dominos.74249@hdfcbank From:RAHULKUMAR (HDFC jupiter : sender7222@okhdfcbank,2998,food,upi,jupiter,hdfc,ocr_upi
i paid 1136 rupees for Groww using SLICE,1136,investment,upi,slice,jupiter,voice_transcript
Payment of 439.17 to concert was successful via Phone Pe UPI Ref No 5045196787 HDFC Bank Account 6233,439.17,entertainment,upi,phonepe,hdfc,ocr_upi
Rahul 703 ₹ niyo se pay kya,703,friends,upi,niyo,,hinglish_natural
378 rs khareed liyaa Myntra pe credit card se,378,shopping,card,,,hinglish_natural
Ajio 218 ₹ paytm se pay kr diya,218,shopping,upi,paytm,idfc,hinglish_natural
Cred payment Rs.1475 Jio recharge Kotak Mahindra 7624 done,1475,utilities,upi,cred,kotak,ocr_upi
4564 ₹ khana khya Faasos ko via PhonePe,4564,food,upi,phonepe,,hinglish_natural
maine 352 rupaye Reliance Fresh ko diye CRED se,352,food,upi,cred,,voice_transcript
bhai FreshMenu pe 6247 rs ka khana order kar diya UPI se YES BANK se,6247,food,upi,phonepe,yes bank,hinglish_natural
277 rupay DishTV bhim pe,277,utilities,upi,bhim,,hinglish_natural
Spent ₹46410 on Yatra using paytm,46410,travel,upi,paytm,kotak,english_natural
FirstCry 1021 rs via gpay,1021,shopping,upi,gpay,,hinglish_natural
"Receipt #7140
EatFit
Amount Paid: Rs3434.06
Mode: phonepe",3434.06,food,upi,phonepe,,ocr_receipt
abhi Groww 189 rs Bhim se,189,investment,upi,bhim,,hinglish_natural
TO:H&M h&m.17422@kotakmahindrabank From:UTSAVJANA (Kotak Mahindra jupiter : user1125@okkotakmahindrabank,38286,shopping,upi,jupiter,kotak,ocr_upi
INR 4281 to electronics store via credit card Slice account,4281,shopping,card,,slice,english_natural
Spent ?2147 on Priya using cred,2147,friends,upi,cred,,english_natural
raat ko 4282 rs. order kya market ko CRED pe,4282,shopping,upi,cred,,hinglish_natural
389.97 SonyLIV,389.97,entertainment,upi,niyo,,english_natural
46553 SIP bhar diya stocks ko UPI se diy,46553,investment,upi,fi,,hinglish_natural
college fees pe 361 rupay ka tuition diyee via paytm,31424,education,upi,paytm,hdfc,source_hinglish
Phonepe payment ₹41422 insurance premium HDFC 7076 completed,41422,utilities,upi,phonepe,hdfc,ocr_upi
17721 debited from your icici account for Spotify (Phonepe UPI),17721,entertainment,upi,phonepe,icici,ocr_upi
abhi Snapdeal 2607 rupay UPI se diyee,2607,shopping,upi,gpay,kotak,hinglish_natural
479 rs. Lenskart UPI se,27285,shopping,upi,phonepe,,source_hinglish
Pharmacy medicine purchase INR 34356,34356,healthcare,cash,,axis,source_english
583 rupaiye bhai UPI se diyee,583,friends,upi,cred,,hinglish_natural
449.00 NIYO Zee5,449.00,entertainment,upi,niyo,,english_natural
Credit card EMI INR 13425,13425,emi,card,,,source_english
Vi recharge se bill bhar diya 1939 rupaiye ka Paytm se,1939,utilities,upi,paytm,,hinglish_natural
i paid 131 rupees for exam fee using cash,131,education,cash,,icici,voice_transcript
Amazon ka buy kiyaa 2251 rs. cash me,2251,shopping,cash,,,hinglish_natural
BookMyShow mein 27928 lag gaye card se bhara,27928,entertainment,card,,,voice_transcript
aaj ACT Fibernet pe 141 rupaye kharcha hua Gpay se,141,utilities,upi,gpay,axis,voice_transcript
gpay payment INR 361.25 Netmeds HDFC Bank 3819 completed,361.25,healthcare,upi,gpay,hdfc,ocr_upi
society maintenance 4049 GPay Successful Kotak Mahindra 6966,4049,utilities,upi,gpay,kotak,ocr_upi
Paid Rs4365 for market via card,4365,shopping,card,,hdfc,english_natural
4592 rs tuition UPI se de diye,4592,education,upi,jupiter,,hinglish_natural
subah Groww ka paisa daala 5958 ₹ UPI se pay kiyaa,5958,investment,upi,phonepe,,hinglish_natural
yaar 317 rupees fees bhra books pe naqad,317,education,cash,,,hinglish_natural
office se aate hue Jio recharge ka payment kr diya 4460 rupees credit card se matlab,4460,utilities,card,,,hinglish_natural
i did 182 expense on rent using card,182,utilities,card,,pnb,voice_transcript
today i spent 3195 on McDonald's via card from my HDFC bank,3195,food,card,,hdfc,voice_transcript
aaj exam fee ka course le liya 771 haath se diye,771,education,cash,,,hinglish_natural
Library fee INR 46201,46201,education,cash,,,source_english
uber ola cab ride airport train ticket Rs.2457 card,2457,travel,card,,idfc,cue_row
stationery se books lia 16081 ka credit card se slice card se,16081,education,card,,slice,hinglish_natural
5070 rupaiye khareed liya Meesho pe card se pay kya,5070,shopping,card,,,hinglish_natural
Spotify pe 4270 rupees ka movie dekhi debit card se zyada ho gaya,4270,entertainment,card,,,hinglish_natural
Paid Rs.38099.25 to college fees BHIM UPI Axis 1844 Done,38099.25,education,upi,bhim,axis,ocr_upi
sent money to Amit ?18234 on cash,18234,friends,cash,,pnb,friends_synthetic
Netflix ₹254.45 Visa,254.45,entertainment,card,,,english_natural
Lenskart 16787 ₹ card se,16787,shopping,card,,,hinglish_natural
aaj 260 loan payment kya home loan EMI pe UPI se de diya,260,emi,upi,phonepe,kotak,hinglish_natural
Goibibo mein 246 lag gaye cash se bhara,246,travel,cash,,,voice_transcript
4025 ₹ fees bharra Unacademy pe cred se,4025,education,upi,cred,jupiter,hinglish_natural
17349 rs. ticket book kia Cleartrip pe cash me,17349,travel,cash,,sbi,hinglish_natural
Doctor consultation INR 35787,35787,healthcare,upi,slice,,source_english
155 rupay ET Money jupiter se,155,investment,upi,jupiter,slice,hinglish_natural
Amazon mein 156 lag gaye slice se bhara,156,shopping,upi,slice,hdfc,voice_transcript
Rs 48414 charged for water bill on GPay,48414,utilities,upi,gpay,,english_natural
sent 4053 to colleague on card,4053,friends,card,,,friends_synthetic
gaming concert event ticket 37262 Phone Pe,37262,entertainment,upi,phonepe,,cue_row
Paid ₹5990 for stocks via Google Pay,5990,investment,upi,gpay,,english_natural
FreshMenu 3094 rupaiye credit card se State Bank wale account se,3094,food,card,,sbi,hinglish_natural
"Lenskart BILL
St: Rs48125
PayTM approved",48125,shopping,upi,paytm,,ocr_receipt
Rs44531 debited from your Axis account for broadband (Fi UPI),44531,utilities,upi,fi,axis,ocr_upi
Bought Bharat Petroleum for ₹2973.88 with BHIM,2973.88,travel,upi,bhim,niyo,english_natural
200 rupaiye SIP bhra Zerodha ko debit card se,200,investment,card,,,hinglish_natural
Vedantu ₹33758 cash,33758,education,cash,,,english_natural
today i spent 2708 on Vikram via Paytm,2708,friends,upi,paytm,,voice_transcript
hospital doctor pharmacy medicine diagnostic 2329 cash,2329,healthcare,cash,,,cue_row
flatmate rent share 4098 Fi Rahul,4098,friends,upi,fi,,friends_synthetic
Food court payment INR 6853,6853,food,card,,,source_english
Air India pe 219 rs. ka ride liya haath se die,219,travel,cash,,,hinglish_natural
Shreya 3775 rupaiye slice pe,3775,friends,upi,slice,,hinglish_natural
Google Pay payment ₹1880.64 YouTube Premium HDFC Bank 8544 completed,1880.64,entertainment,upi,gpay,hdfc,ocr_upi
Paid 41758.95 for INOX from my SBI account via cash,41758.95,entertainment,cash,,sbi,english_natural
coaching exam preparation study material ₹3986 slice,3986,education,upi,slice,,cue_row
9641 to Arjun PhonePe UPI,9641,friends,upi,phonepe,yes bank,friends_synthetic
Bharat Petroleum 970 rs via PayTM Axis se kata bc,970,travel,upi,paytm,axis,hinglish_natural
electronics clothes shoes accessories purchase Rs.231 via card,231,shopping,card,,rbl,cue_row
tuition se admission kiyaa 624 rupees ka naqad,624,education,cash,,,hinglish_natural
NEFT/TRANSFER/EXAM FEE/,417.74,education,upi,phonepe,,english_natural
"TAX INVOICE
MedPlus
Grand Total: Rs.42343.77
Payment: gpay",42343.77,healthcare,upi,gpay,,ocr_receipt
petrol diesel fuel 4377 at pump Google Pay,4377,travel,upi,gpay,,cue_row
Groww me 637 ₹ ka paisa daala via Phone Pe,637,investment,upi,phonepe,,hinglish_natural
SIP me 2092 rs. ka paisa daala UPI se bhai,2092,investment,upi,gpay,,hinglish_natural
"concert BILL
St: INR 123.70
CASH APPROVED",123.70,entertainment,cash,,hdfc,ocr_receipt
bike loan EMI ka EMI kat gayi 205 rs gpay se,205,emi,upi,gpay,hdfc,hinglish_natural
Apollo Pharmacy payment ₹3675 done via GPay,3675,healthcare,upi,gpay,axis,english_natural
491 water bill,491,utilities,card,,sbi,english_natural
WATER BILL INR 9320 PNB,9320,utilities,card,,pnb,english_natural
breakfast snacks chai coffee ₹8641 Phonepe,8641,food,upi,phonepe,,cue_row
18451.27 debited from your SBI account for diagnostic (Paytm UPI),18451.27,healthcare,upi,paytm,sbi,ocr_upi
maine 372 rupaye PharmEasy ko diye bhim se,372,healthcare,upi,bhim,,voice_transcript
TO:ARJUN arjun.39467@axisbank From:RAHULKUMAR (axis Google Pay : sender4718@okaxisbank,465,friends,upi,gpay,axis,ocr_upi
Paytm Money se paisa daala 146 rupees ka debit card se,146,investment,card,,,hinglish_natural
Bought HDFC loan for Rs 93 with debit card,93,emi,card,,,english_natural
32022 ₹ RedBus cash de diya,32022,travel,cash,,,hinglish_natural
split bill 2230 phonepe se Shreya ko diya,2230,friends,upi,phonepe,,friends_synthetic
Hotstar mein 1314 lag gaye card se bhara,1314,entertainment,card,,,voice_transcript
raat ko 366 rupaye Bajaj Finance EMI debit card se,366,emi,card,,bob,hinglish_natural
17875 rs. Karan via gpay,17875,friends,upi,gpay,,hinglish_natural
bhai Hotstar se show dekha 4249 rupaiye ka UPI se,4249,entertainment,upi,gpay,,hinglish_natural
BYJU'S me 226 rs. ka fees bharra card se pay kiya SBI se,226,education,card,,sbi,hinglish_natural
4835 rs books via paytm,4835,education,upi,paytm,bob,hinglish_natural
sent ?478 to Shreya on Google Pay,478,friends,upi,gpay,,friends_synthetic
Paid Rs.93.98 for Faasos via Slice,93.98,food,upi,slice,,english_natural
3708 ₹ Uber debit card se,3708,travel,card,,,hinglish_natural
crypto gold bonds NPS portfolio Rs 170 Cred,170,investment,upi,cred,,cue_row
"D ELECTRONICSSTORE 72 Completed 3Feb 2026,9:43 pm HDFC Bank 3504 UPI transaction ID 038364251179 TO:ELECTRONICSSTORE electronics store.11506@hdfcbank Goog1etransaction lD XYZabc777744 OPI SLICE",72,shopping,upi,slice,hdfc,ocr_upi
gas bill 395.65,395.65,utilities,upi,slice,slice,english_natural
3328 rupees EMI bharaa Bajaj Finance EMI ko card se pay kar diya zyada ho gaya,3328,emi,card,,slice,hinglish_natural
Spent ₹2523 on mobile recharge using jupiter,2523,utilities,upi,jupiter,icici,english_natural
"BILL
INOX
Rs 7982
CASH
Thank You Visit Again",7982,entertainment,cash,,,ocr_receipt
BSNL pe 4391 rs ka payment kar diya UPI se de diya,4391,utilities,upi,phonepe,niyo,hinglish_natural
clinic 36939 Fi Money,36939,healthcare,upi,phonepe,fi,english_natural
2665.49 Visa stationery,2665.49,education,card,,,english_natural
Bought electricity bill for ?36436.23 with Phonepe,36436.23,utilities,upi,phonepe,,english_natural
Paid Rs.47845.09 to ACT Fibernet Slice UPI IDFC 7616 Done,47845.09,utilities,upi,slice,idfc,ocr_upi
electricity water broadband mobile recharge bill Rs 2418 PhonePe,2418,utilities,upi,phonepe,,cue_row
Paid ₹2977 for Vedantu via debit card,2977,education,card,,,english_natural
Unacademy se fees bharaa 305 rs. ka card se,305,education,card,,jupiter,hinglish_natural
crypto gold bonds NPS portfolio ₹311 PayTM,311,investment,upi,paytm,,cue_row
library pe 36078 rupees ka books lia UPI se de diya,29029,education,upi,paytm,,source_hinglish
26155 charged for mutual fund on debit card,26155,investment,card,,,english_natural
dinner split 17374 rupaye Shreya Phonepe,17374,friends,upi,phonepe,sbi,friends_synthetic
petrol diesel fuel t10399 at pump card,10399,travel,card,,,cue_row
upGrad ka admission kr diya 4850 ₹ UPI se,21924,education,upi,cred,,source_hinglish
Vi recharge ka bill pay kiya 487 rs UPI se,487,utilities,upi,slice,,hinglish_natural
diagnostic ka medicine le liya 187 rupaye G Pay pe,187,healthcare,upi,gpay,icici,hinglish_natural
home loan EMI 18603.33 icici,18603.33,emi,card,,icici,english_natural
yaar Netmeds se test karaya 440 rupees ka cash de diya,440,healthcare,cash,,,hinglish_natural
tuition 1724 rs Paytm se,1724,education,upi,paytm,axis,hinglish_natural
₹1248.75 debited from your Kotak Mahindra account for education loan EMI (paytm UPI),1248.75,emi,upi,paytm,kotak,ocr_upi
abhi education loan EMI pe 3526 ka installment de diye UPI se diyee,3526,emi,upi,bhim,slice,hinglish_natural
897 rupees EMI bhar diya Bajaj Finance EMI ko card se,897,emi,card,,pnb,hinglish_natural
37 rs Behrouz Paytm pe,37,food,upi,paytm,,hinglish_natural
"LAB TEST RESTAURANT
Total 4036.54
Cash Received
Change 0.00",4036.54,healthcare,card,,sbi,ocr_receipt
school college tuition course books fees INR 2459 cred,2459,education,upi,cred,,cue_row
bhai insurance premium 27545 rupaye CRED se,27545,utilities,upi,cred,,hinglish_natural
11823 paid to Pizza Hut via cred UPI from Kotak Mahindra Bank ending 5684,11823,food,upi,cred,kotak,ocr_upi
dost colleague ko 526 rupaye Phonepe se bheje,526,friends,upi,phonepe,,friends_synthetic
497 rupees McDonald's PayTM Kotak account,497,food,upi,paytm,kotak,voice_transcript
Arjun se udhar return kr diya 29185 rs. ka cred se bhai,29185,friends,upi,cred,axis,hinglish_natural
i paid 4803 rupees for Flipkart using cash,4803,shopping,cash,,,voice_transcript
upGrad 455 card,455,education,card,,slice,english_natural
home loan car loan credit card EMI monthly 3237 autopay card,3237,emi,card,,,cue_row
157 rs bill pay kiyaa broadband ko Cred pe,157,utilities,upi,cred,,hinglish_natural
aaj 3755 rupees fees bhara college fees pe naqad,3755,education,cash,,,hinglish_natural
"D YAAR 1179 Completed 2Apr 2026,10:02 pm Federal Bank Bank 9201 UPI transaction ID 143735740012263 TO:YAAR yaar.40468@federal bankbank Goog1etransaction lD CICAgJjg192988 OPI Fi",1179,friends,upi,fi,federal bank,ocr_upi
abhi exam fee me 9573 ₹ ka books le liya cash me Jupiter se kata,9573,education,cash,,jupiter,hinglish_natural
TO:HOMELOANEMI homeloanemi.10629@axisbankbank From:RAHULKUMAR (Axis Bank Slice : user1827@okaxisbankbank,960,emi,upi,slice,axis,ocr_upi
35 to FirstCry via Mastercard,35,shopping,card,,,english_natural
"clinic BILL
St: Rs.1943.72
GPay approved",1943.72,healthcare,upi,gpay,sbi,ocr_receipt
lab test ka test karaya 44381 rs. PayTM se,44381,healthcare,upi,paytm,,hinglish_natural
dost flatmate ko 283 rupaye cash se bheje,283,friends,cash,,,friends_synthetic
376 card Goibibo,376,travel,card,,fi,english_natural
Paid ₹97.01 to friend phonepe UPI axis 2326 Successful,97.01,friends,upi,phonepe,axis,ocr_upi
NEFT/TRANSFER/AMIT/INDUSIND,1038.60,friends,cash,,indusind,english_natural
i paid 301 rupees for Zee5 using card,301,entertainment,card,,,voice_transcript
amazon flipkart myntra online shopping order R 296 PayTM,296,shopping,upi,paytm,axis,cue_row
tuition me 2044 rs. ka fees bhar diya card se pay kia,2044,education,card,,,hinglish_natural
crypto gold bonds NPS portfolio INR 274 card,274,investment,card,,,cue_row
electronics store Rs.1089 jupiter,1089,shopping,upi,jupiter,,english_natural
i paid 3606 rupees for Coursera using Gpay,3606,education,upi,gpay,icici,voice_transcript
Zomato ka khana order kya 1147 rupay jupiter se pay kiya YES BANK account se,1147,food,upi,jupiter,yes bank,hinglish_natural
"Amazon
Net Amount 4509.31
Paid via CARD",4509.31,shopping,card,,,ocr_receipt
1491 Jupiter BSNL,1491,utilities,upi,jupiter,slice,english_natural
upGrad se admission kiya 2357 ka card se pay kar diya jupiter se kata,2357,education,card,,jupiter,hinglish_natural
stationery 369 debit card se,369,education,card,,,hinglish_natural
raat ko 2485 rs ticket liya Apple Music pe Gpay se pay kar diya,2485,entertainment,upi,gpay,,hinglish_natural
sent Rs.1088 to bhai on Paytm,1088,friends,upi,paytm,,friends_synthetic
roommate ko 68 transfer kiya cash se,68,friends,cash,,bob,friends_synthetic
35022 Snapdeal debit card se,35022,shopping,card,,fi,hinglish_natural
coaching exam preparation study material ₹184 card,184,education,card,,hdfc,cue_row
101 Goibibo debit card se bohot mehenga,101,travel,card,,hdfc,hinglish_natural
Paid 32497 for canteen via paytm,32497,food,upi,paytm,,english_natural
paid 3227 to dost through NIYO,3227,friends,upi,niyo,,voice_transcript
4403 Vikram phonepe se pay kr diya,4403,friends,upi,phonepe,,hinglish_natural
spent 259 rupees on Airtel recharge via card,259,utilities,card,,hdfc,voice_transcript
Home loan EMI INR 24266,24266,emi,card,,sbi,source_english
grocery vegetables milk bread fruits Rs 12433 paid PhonePe,12433,food,upi,phonepe,,cue_row
"CCD RESTAURANT
Total 17842.82
Cash Received
Change 0.00",17842.82,food,cash,,,ocr_receipt
exam fee ?392.13 debited from IDFC,392.13,education,upi,paytm,idfc,english_natural
Paid R 46098 for ET Money from my sbi account via PayTM,46098,investment,upi,paytm,sbi,english_natural
Netflix se show dekha 2914 ka credit card se,2914,entertainment,card,,icici,hinglish_natural
Paid INR 180.34 for electricity bill from my HDFC Bank account via Visa,180.34,utilities,card,,hdfc,english_natural
UPI/04475159/BIKE LOAN EMI/ICICI BANK,39395,emi,card,,icici,english_natural
paid Amit 306 via PhonePe,306,friends,upi,phonepe,,friends_synthetic
Payment of Rs3061 to doctor was successful via G Pay UPI Ref No 8085542060 axis Account 7176,3061,healthcare,upi,gpay,axis,ocr_upi
personal loan EMI 17354 rs card se pay kiya,17354,emi,card,,,hinglish_natural
gaming concert event ticket ₹2034 slice,2034,entertainment,upi,slice,,cue_row
today i spent 1087 on library via cash from my hdfc bank,1087,education,cash,,hdfc,voice_transcript
Used icici paytm to pay Rs.1528 for mobile recharge,1528,utilities,upi,paytm,icici,english_natural
aaj gold se SIP bhara 2238 rs. ka credit card se,2238,investment,card,,kotak,hinglish_natural
TO:COIN coin.20992@sbibank From:AMITSINGH (sbi gpay : sender8219@oksbibank,3914,investment,upi,gpay,sbi,ocr_upi
friend me 89 ka transfer kiya cash me HDFC card se,89,friends,cash,,hdfc,hinglish_natural
"Receipt #6609
clinic
Amount Paid: ?9969
Mode: CARD",9969,healthcare,card,,,ocr_receipt
Nature's Basket se food order kya 3253 rupaye ka via CRED,3253,food,upi,cred,,hinglish_natural
office se aate hue Vedantu ka course lya 240 rupaye credit card se,240,education,card,,,hinglish_natural
netflix spotify hotstar subscription movie show 3508 cred,3508,entertainment,upi,cred,icici,cue_row
credit card EMI me 356 rupees ka EMI bhra card se,356,emi,card,,,hinglish_natural
ATM/CASH/BANK/243,243,entertainment,upi,gpay,,english_natural
1041.45 to H&M via cash,1041.45,shopping,cash,,,english_natural
bike loan EMI ka loan payment kar diya 275 rs. Gpay pe axis se kata,275,emi,upi,gpay,axis,hinglish_natural
Paid Nykaa 1731 using Slice from HDFC Bank,1731,shopping,upi,slice,hdfc,english_natural
spent 76 rupees on broadband via card,76,utilities,card,,icici,voice_transcript
"Amazon BILL
St: 301
Bhim APPROVED",301,shopping,upi,bhim,icici,ocr_receipt
abhi 2807 ₹ movie dekhi BookMyShow ko UPI se,2807,entertainment,upi,gpay,,hinglish_natural
Paid ₹4521.61 to Groww PhonePe UPI ICICI Bank 7941 Successful,4521.61,investment,upi,phonepe,icici,ocr_upi
insurance premium se payment kr diya 82 ₹ ka debit card se,82,utilities,card,,,hinglish_natural
₹118 to Divya PayTM UPI,118,friends,upi,paytm,,friends_synthetic
4070 rupaiye broadband UPI se de diye,4070,utilities,upi,gpay,,hinglish_natural
bhai Divya ko udhar return kiya 1995 rs cash se,1995,friends,cash,,,friends_synthetic
Bought Practo for 4341.11 with GPay,4341.11,healthcare,upi,gpay,,english_natural
bro 184.63 Paytm Payment done Axis Bank 1918,184.63,friends,upi,paytm,axis,ocr_upi
Tata Play me 313 ka recharge kr diya GPay pe,313,utilities,upi,gpay,,hinglish_natural
ghar jaate waqt 11723 ₹ lab test cash me,11723,healthcare,cash,,slice,hinglish_natural
"D HDFCLOAN 3785 Completed 18Feb 2026,1:55 pm icici Bank 3237 UPI transaction ID 02875740589 TO:HDFCLOAN hdfc loan.34340@icicibank Soogletransaction lD CICAgJjg606778 OPI Phonepe",3785,emi,upi,phonepe,icici,ocr_upi
hospital payment Rs 28152 done via debit card,28152,healthcare,card,,,english_natural
BYJU'S payment Rs.1536.94 done via slice,1536.94,education,upi,slice,,english_natural
24702 phonepe Amazon,24702,shopping,upi,phonepe,canara,english_natural
17971 Visa SpiceJet,17971,travel,card,,kotak,english_natural
Paid Rs 444.82 for Spotify from my axis account via phonepe,444.82,entertainment,upi,phonepe,axis,english_natural
kal 2575 rupay subscription renew kia SonyLIV ko G Pay pe,2575,entertainment,upi,gpay,,hinglish_natural
maine 374 rupaye FirstCry ko diye card se,374,shopping,card,,,voice_transcript
2558 ₹ saman liyaa Zara ko UPI se diyee,2558,shopping,upi,jupiter,,hinglish_natural
INR 469.19 to bro via NIYO State Bank account,469.19,friends,upi,niyo,sbi,english_natural
"Dominos BILL
St: Rs.1601.15
CARD Approved",1601.15,food,card,,,ocr_receipt
exam fee pe 84 ₹ ka books lya cash de diye HDFC Bank card se yaar,8233,education,cash,,hdfc,source_hinglish
grocery vegetables milk bread fruits ₹13288 paid paytm,13288,food,upi,paytm,,cue_row
"BIRYANI BLUES
Item 1 Rs.387
Item 2 ₹404
Total ₹278
CASH",278,food,cash,,hdfc,ocr_receipt
"D HOTSTAR 4310.88 Completed 15Feb 2026,9:28 pm hdfc Bank 5957 UPI transaction ID 394358621318 TO:HOTSTAR hotstar.93888@hdfcbank Googletransaction lD CICAgJjg807178 OPI Cred",4310.88,entertainment,upi,cred,hdfc,ocr_upi
₹3218.91 paid to car loan EMI via phonepe UPI from hdfc Bank ending 5036,3218.91,emi,upi,phonepe,hdfc,ocr_upi
ATM/CASH/BANK/21792,21792,education,cash,,,english_natural
Rahul me 4505 ka transfer kr diya credit card se Union Bank wale account se,4505,friends,card,,union bank,hinglish_natural
499 rs school fees UPI se,42264,education,upi,paytm,icici,source_hinglish
flight booking travel ticket ₹51 card,51,travel,card,,,cue_row
"FirstCry 113 Completed 24May 2025,11:09 am axis 1739 UPI transaction ID 420338738453500",113,shopping,upi,slice,axis,ocr_upi
"Hotstar
Net Amount 3808
Paid via Slice",3808,entertainment,upi,slice,,ocr_receipt
SBI loan se EMI bharaa 36229 ₹ ka debit card se,36229,emi,card,,hdfc,hinglish_natural
23330 paid to lab test via Slice from HDFC,23330,healthcare,upi,slice,hdfc,english_natural
TO:GAMING gaming.64591@hdfcbank From:AMITSINGH (HDFC PayTM : sender7819@okhdfcbank,47263.09,entertainment,upi,paytm,hdfc,ocr_upi
i did 488 expense on flatmate using Google Pay,488,friends,upi,gpay,,voice_transcript
dopahar ko 10909 rs Amazon card se,10909,shopping,card,,,hinglish_natural
22047 rupaiye Bharat Petroleum Gpay se,22047,travel,upi,gpay,jupiter,hinglish_natural
yaar 35817 rs BHIM se kotak account se,35817,friends,upi,bhim,kotak,hinglish_natural
i did 1197 expense on friend using gpay,1197,friends,upi,gpay,hdfc,voice_transcript
dost Pooja ko 236 rupaye Slice se bheje,236,friends,upi,slice,,friends_synthetic
"ACT Fibernet
Net Amount 2086
Paid via CASH",2086,utilities,cash,,,ocr_receipt
Paid INR 17045.43 to doctor gpay UPI HDFC Bank 5340 Successful,17045.43,healthcare,upi,gpay,hdfc,ocr_upi
Paid ?44069 for stocks from my Jupiter account via Mastercard,44069,investment,card,,jupiter,english_natural
"Receipt #2497
Pizza Hut
Amount Paid: ₹13769
Mode: CASH",13769,food,cash,,,ocr_receipt
crypto gold bonds NPS portfolio ₹48160 phonepe,48160,investment,upi,phonepe,,cue_row
cafe se khana khayaa 3434 rupay ka jupiter se pay kiyaa,3434,food,upi,jupiter,slice,hinglish_natural
3392 rupees MedPlus card,3392,healthcare,card,,,voice_transcript
i paid 447 rupees for Zerodha using Gpay,447,investment,upi,gpay,,voice_transcript
home loan car loan credit card EMI monthly Rs19864 autopay card,19864,emi,card,,,cue_row
3309 rupees recharge kya BSNL pe credit card se Slice wale account se,3309,utilities,card,,slice,hinglish_natural
medical checkup lab test health insurance 3644 Phone Pe,3644,healthcare,upi,phonepe,,cue_row
"H&M 306 Completed 26May 2025,9:57 pm Kotak 9262 UPI transaction ID 309797568421818",306,shopping,upi,gpay,kotak,ocr_upi
maine 88 rupaye RedBus ko diye Google Pay se,88,travel,upi,gpay,,voice_transcript
grocery vegetables milk bread fruits R 32119 paid Gpay,32119,food,upi,gpay,,cue_row
Just paid Rs428 to Vi recharge through Fi Money,428,utilities,upi,fi,,english_natural
235 concert credit card se,235,entertainment,card,,,hinglish_natural
3827 rupay order kiya Zara ko credit card se bohot mehenga,3827,shopping,card,,,hinglish_natural
concert se movie dekhi 313 rupees ka Phone Pe se pay kar diya,313,entertainment,upi,phonepe,,hinglish_natural
284 rs. H&M card se pay kar diya,284,shopping,card,,,hinglish_natural
paid 19212 to Coin through gpay,19212,investment,upi,gpay,,voice_transcript
i did 1178 expense on BSNL using cash,1178,utilities,cash,,,voice_transcript
128.81 INOX,128.81,entertainment,upi,phonepe,,english_natural
300 rupaiye DMart card se pay kia,300,food,card,,icici,hinglish_natural
Paid 45779 for PPF from my BOB account via paytm,45779,investment,upi,paytm,bob,english_natural
"hospital BILL
St: ₹4806
G Pay APPROVED",4806,healthcare,upi,gpay,,ocr_receipt
dinner split 1140 rupaye flatmate Slice,1140,friends,upi,slice,,friends_synthetic
stationery 1831 rupaye haath se diye,1831,education,cash,,,hinglish_natural
"gaming BILL
St: Rs45860
CARD approved",45860,entertainment,card,,,ocr_receipt
"Receipt #5340
BSNL
Amount Paid: Rs.2642
Mode: Slice",2642,utilities,upi,slice,,ocr_receipt
"Behrouz
Net Amount 2259
Paid via cred",2259,food,upi,cred,,ocr_receipt
50 rs. library card se,50,education,card,,,hinglish_natural
ZARA INR 228 SBI,228,shopping,upi,gpay,sbi,english_natural
13095 Indian Oil,13095,travel,card,,,english_natural
Bharat Petroleum ka kiraya de diya 2254 rupaiye cash de diya HDFC se kata,2254,travel,cash,,hdfc,hinglish_natural
dost Amit ko 23220 rupaye cash se bheje,23220,friends,cash,,,friends_synthetic
society maintenance se bill pay kar diya 33067 rupees ka Gpay se pay kiyaa,33067,utilities,upi,gpay,,hinglish_natural
raat ko 934 ₹ movie dekhi Gaana ko GPay se pay kar diya,934,entertainment,upi,gpay,niyo,hinglish_natural
electricity water broadband mobile recharge bill 15225 paytm,15225,utilities,upi,paytm,,cue_row
petrol diesel fuel INR 270 at pump GPay,270,travel,upi,gpay,,cue_row
bhai Flipkart 7297 rs. UPI se zyada ho gaya,7297,shopping,upi,cred,sbi,hinglish_natural
Haldirams Rs.3449 debited from HDFC,3449,food,upi,phonepe,hdfc,english_natural
dopahar ko Behrouz ka kha liya 390 ₹ credit card se,390,food,card,,,hinglish_natural
mutual fund mein 27767 lag gaye G Pay se bhara,27767,investment,upi,gpay,hdfc,voice_transcript
bike loan EMI ka loan payment kr diya 474 ₹ card se pay kr diya,474,emi,card,,,hinglish_natural
H&M R 681 credit card,681,shopping,card,,,english_natural
office se aate hue HP Petrol ka petrol bhar diya 717 rs naqad,717,travel,cash,,,hinglish_natural
Tata Play me 233 rupaiye ka bill bhara naqad HDFC Bank account se yaar,233,utilities,cash,,hdfc,hinglish_natural
McDonald's ₹4833 Paytm,4833,food,upi,paytm,,english_natural
"TAX INVOICE
mess
Grand Total: Rs 85.87
Payment: gpay",85.87,food,upi,gpay,,ocr_receipt
3856 rupaye movie dekhi BookMyShow pe card se,3856,entertainment,card,,,hinglish_natural
Ananya ka paise bheje 55 ₹ UPI se pay kar diya,55,friends,upi,gpay,sbi,hinglish_natural
aaj Lenskart 2912 rs credit card se,2912,healthcare,card,,,hinglish_natural
dinner split 1222 rupaye Rahul card,1222,friends,card,,,friends_synthetic
SIP ka SIP bhar diya 978 credit card se,978,investment,card,,,hinglish_natural
Dominos mein 824 lag gaye card se bhara,824,food,card,,,voice_transcript
gaming ka game lia 4744 rs. credit card se,4744,entertainment,card,,,hinglish_natural
Paid car loan EMI Rs.66 using card from PNB,66,emi,card,,pnb,english_natural
"Subway BILL
St: 474.58
phonepe APPROVED",474.58,food,upi,phonepe,axis,ocr_receipt
home loan car loan credit card EMI monthly ₹12273 autopay SLICE,12273,emi,upi,slice,,cue_row
950 rupaiye khana khaya Burger King pe credit card se budget tod diya,950,food,card,,,hinglish_natural
272.70 gas bill,272.70,utilities,upi,gpay,,english_natural
36459 rs. kiraya de diye MakeMyTrip ko card se pay kya,14784,travel,card,,sbi,source_hinglish
Shreya pe 233 rs. ka transfer kiya naqad bhai,233,friends,cash,,federal bank,hinglish_natural
Ajio pe 411 rs. ka khareed liya card se,411,shopping,card,,,hinglish_natural
mutual fund SIP stocks PPF FD investment ₹197 card,197,investment,card,,,cue_row
office se aate hue 120 rs Apollo Pharmacy credit card se,120,healthcare,card,,fi,hinglish_natural
bike loan EMI 149 rupaye card se pay kiya,149,emi,card,,bandhan,hinglish_natural
Paid 489 for Zee5 from my Fi account via cash,489,entertainment,cash,,fi,english_natural
crypto gold bonds NPS portfolio Rs7994 GPay,7994,investment,upi,gpay,,cue_row
Bajaj Finance EMI payment ?22722.74 done via Visa,22722.74,emi,card,,,english_natural
maine 6525 rupaye crypto ko diye Paytm se,6525,investment,upi,paytm,sbi,voice_transcript
rent se recharge kiya 21376 rs ka UPI se die,21376,utilities,upi,gpay,,hinglish_natural
raat ko college fees se admission kiyaa 1081 rs ka card se pay kia Union Bank account se,1081,education,card,,union bank,hinglish_natural
Bought home loan EMI for R 3660 with paytm,3660,emi,upi,paytm,,english_natural
today i spent 998 on Vikram via cash from my Fi Money bank,998,friends,cash,,fi,voice_transcript
Electronics shopping INR 12276,12276,shopping,upi,gpay,,source_english
2607 charged for Bajaj Finance EMI on Jupiter,2607,emi,upi,jupiter,,english_natural
sent ₹76 to Pooja on Paytm,76,friends,upi,paytm,,friends_synthetic
home loan EMI ka loan payment kiya 14813 ₹ debit card se,14813,emi,card,,,hinglish_natural
Air India se petrol bharra 3863 rupees ka Phone Pe se,3863,travel,upi,phonepe,sbi,hinglish_natural
4758 rupaye loan payment kar diya education loan EMI ko card se,4758,emi,card,,,hinglish_natural
4402 rupay Blinkit UPI se pay kar diya,37644,food,upi,slice,,source_hinglish
exam fee mein 1981 lag gaye card se bhara,1981,education,card,,sbi,voice_transcript
NEFT/TRANSFER/ZARA/,17045,shopping,upi,gpay,,english_natural
27949 rs cab liyaa rickshaw ko via slice,27949,travel,upi,slice,sbi,hinglish_natural
today i spent 4718 on restaurant via CRED,4718,food,upi,cred,,voice_transcript
39459 rupees game liyaa Zee5 pe card se zyada ho gaya,39459,entertainment,card,,,hinglish_natural
dopahar ko crypto me 2876 rupaye ka paisa daala UPI se,2876,investment,upi,niyo,pnb,hinglish_natural
Apple Music Rs 392 Gpay,392,entertainment,upi,gpay,axis,ocr_upi
today i spent 357 on Zerodha via card,357,investment,card,,,voice_transcript
46374.77 Gpay insurance premium,46374.77,utilities,upi,gpay,icici,english_natural
33491 rupay recharge kar diya Tata Play pe niyo pe Axis Bank se,33491,utilities,upi,niyo,axis,hinglish_natural
BSNL se recharge kya 3846 rupaiye ka UPI se die,16963,utilities,upi,fi,,source_hinglish
SonyLIV se movie dekhi 70 ka card se pay kya,70,entertainment,card,,yes bank,hinglish_natural
Coin ka mutual fund kr diya 34221 via PhonePe,34221,investment,upi,phonepe,,hinglish_natural
Spent 96 on college fees using Gpay,96,education,upi,gpay,sbi,english_natural
slice payment ₹4929 Neha Punjab National Bank 2221 done,4929,friends,upi,slice,pnb,ocr_upi
4161 rupaiye stationery haath se de diye,4161,education,cash,,axis,hinglish_natural
education loan EMI payment INR 43 done via Cred,43,emi,upi,cred,,english_natural
454 rupaye Reliance Fresh UPI se pay kr diya,454,food,upi,paytm,kotak,hinglish_natural
"D H&M 2296 Completed 23Mar 2026,11:32 pm Axis Bank Bank 5267 UPI transaction ID 4152031475488 TO:H&M h&m.13227@axis bankbank Googletransaction lD CICAgJjg473836 OPI Google Pay",2296,shopping,upi,gpay,axis,ocr_upi
gaming concert event ticket Rs 45124 card,45124,entertainment,card,,,cue_row
Neha 2945 UPI se diye,2945,friends,upi,paytm,kotak,hinglish_natural
Used NIYO PhonePe to pay Rs307.68 for gas bill,307.68,utilities,upi,phonepe,niyo,english_natural
1253 rupees education loan EMI card,1253,emi,card,,,voice_transcript
Paid Rs1521.66 to Zepto Gpay UPI Canara Bank 5694 Successful,1521.66,food,upi,gpay,canara,ocr_upi
ghar jaate waqt CCD 45500 ₹ via niyo,45500,food,upi,niyo,,hinglish_natural
i did 38 expense on Netflix using paytm,38,entertainment,upi,paytm,,voice_transcript
sent t3502 to friend on PhonePe split bill UPI,3502,friends,upi,phonepe,,cue_row
"TAX INVOICE
Behrouz
Grand Total: R 187
Payment: SLICE",187,food,upi,slice,sbi,ocr_receipt
42028 rupay BYJU'S phonepe se pay kya,42028,education,upi,phonepe,jupiter,hinglish_natural
Myntra me 116 ka buy kya debit card se,17441,shopping,card,,,source_hinglish
paid back friend lent money 220 slice,220,friends,upi,slice,,cue_row
i paid 13813 rupees for Rapido using cash,13813,travel,cash,,icici,voice_transcript
aaj rent ka payment kr diya 213 rupees cash diye,213,utilities,cash,,,hinglish_natural
Groww 151 rs Gpay se,151,investment,upi,gpay,hdfc,hinglish_natural
Paid Rs983 for Nature's Basket via bhim,983,food,upi,bhim,,english_natural
INR 101 charged for clinic on cash,101,healthcare,cash,,,english_natural
Lenskart ka 458 rupees ka bill Paytm se pay kiya,458,healthcare,upi,paytm,,voice_transcript
water bill pe 30297 ₹ ka bill pay kya UPI se die,29403,utilities,upi,paytm,,source_hinglish
netflix spotify hotstar subscription movie show t2917 phonepe,2917,entertainment,upi,phonepe,icici,cue_row
Kuvera 49008.32 NIYO,49008.32,investment,upi,niyo,,english_natural
Barbeque Nation me 23600 rupaye ka mangwaya Google Pay se pay kya,23600,food,upi,gpay,,hinglish_natural
Rs 211 charged for Rapido on Niyo,211,travel,upi,niyo,,english_natural
i did 561 expense on Priya using Phone Pe,561,friends,upi,phonepe,,voice_transcript
home loan car loan credit card EMI monthly t123 autopay G Pay,123,emi,upi,gpay,,cue_row
dost Shreya ko 697 rupaye cash se bheje,697,friends,cash,,,friends_synthetic
Rs.4784 paid to Pooja via Gpay from sbi,4784,friends,upi,gpay,sbi,english_natural
"BILL
mess
t474
Slice
Thank You Visit Again",474,food,upi,slice,,ocr_receipt
coaching exam preparation study material R 290 cash,290,education,cash,,,cue_row
3893 to Ajio via PhonePe,3893,shopping,upi,phonepe,,english_natural
Pharmacy medicine purchase INR 22644,22644,healthcare,card,,,source_english
₹3889 to bro Fi Money UPI,3889,friends,upi,fi,rbl,friends_synthetic
ATM/CASH/NIYO/192,192,utilities,cash,,niyo,english_natural
clinic 3052 Phonepe se jupiter se,3052,healthcare,upi,phonepe,jupiter,hinglish_natural
Paid 591.24 for YouTube Premium via Gpay,591.24,entertainment,upi,gpay,kotak,english_natural
Crypto investment INR 2409,2409,investment,upi,phonepe,hdfc,source_english
abhi HP Petrol se ride liya 279 rs. ka cash me Yes Bank card se bc,279,travel,cash,,yes bank,hinglish_natural
mutual fund ka invest kar diya 28631 rupay debit card se,28631,investment,card,,,hinglish_natural
Rs30555 charged for dhaba on PhonePe,30555,food,upi,phonepe,,english_natural
Just paid 286.91 to FD through credit card,286.91,investment,card,,,english_natural
home loan EMI 27499.77 card,27499.77,emi,card,,yes bank,english_natural
994 rupay EMI kat gayi SBI loan pe card se,994,emi,card,,,hinglish_natural
today i spent 3139 on JioMart via cash from my Slice bank,3139,food,cash,,slice,voice_transcript
"Reliance Digital 232 Completed 23May 2026,4:30 pm Kotak 9483 UPI transaction ID 2700210058",232,shopping,upi,paytm,kotak,ocr_upi
uber ola cab ride airport train ticket 418 cash,418,travel,cash,,,cue_row
spent 360 rupees on Bajaj Finance EMI via Bhim,360,emi,upi,bhim,,voice_transcript
POS/FLATMATE/MASTERCARD/4844,19442,friends,card,,axis,english_natural
"Receipt #8011
KFC
Amount Paid: Rs.2244.03
Mode: Niyo",2244.03,food,upi,niyo,,ocr_receipt
raat ko 2238 Meesho UPI se diy,2238,shopping,upi,gpay,icici,hinglish_natural
yaar Spotify pe 46951 rupees ka game liyaa credit card se,46951,entertainment,card,,,hinglish_natural
dost Pooja ko 335 rupaye Paytm se bheje,335,friends,upi,paytm,icici,friends_synthetic
raat ko Coursera se tuition die 3996 ka gpay pe,3996,education,upi,gpay,,hinglish_natural
Zara pe 4041 rs. ka buy kia UPI se diy,4041,shopping,upi,phonepe,,hinglish_natural
bhai 466 SIP UPI se,11349,investment,upi,slice,,source_hinglish
Bought personal loan EMI for t117 with niyo,117,emi,upi,niyo,,english_natural
mobile recharge 19500.71 NIYO,19500.71,utilities,cash,,niyo,english_natural
office se aate hue Apollo Pharmacy se checkup karaya 309 rupees ka card se pay kar diya,309,healthcare,card,,jupiter,hinglish_natural
today i spent 437 on Priya via PhonePe,437,friends,upi,phonepe,,voice_transcript
home loan EMI pe 4201 ₹ ka EMI kat gayi niyo se,4201,emi,upi,niyo,,hinglish_natural
dopahar ko 24462 rupaye personal loan EMI credit card se,24462,emi,card,,,hinglish_natural
16308 rupees kha liya Pizza Hut pe via Phone Pe,16308,food,upi,phonepe,hdfc,hinglish_natural
3328 rupaye payment kia insurance premium ko haath se diye,3328,utilities,cash,,,hinglish_natural
128 debited from your Punjab National Bank account for gold (Slice UPI),128,investment,upi,slice,pnb,ocr_upi
3435 rupees Gaana Phone Pe se,3435,entertainment,upi,phonepe,,hinglish_natural
rent maintenance gas connection INR 43156 phonepe,43156,utilities,upi,phonepe,,cue_row
today i spent 18551 on mess via Cred,18551,food,upi,cred,,voice_transcript
dinner split 14056 rupaye Vikram cash,14056,friends,cash,,,friends_synthetic
Croma mein 4128 lag gaye Niyo se bhara,4128,shopping,upi,niyo,jupiter,voice_transcript
maine 501 rupaye gold ko diye card se,501,investment,card,,,voice_transcript
"AIRTEL RECHARGE
Item 1 R 128
Item 2 INR 118
Total Rs.6837
phonepe",6837,utilities,upi,phonepe,hdfc,ocr_receipt
441 rs. checkup karaya clinic ko credit card se,441,healthcare,card,,,hinglish_natural
sent money to colleague 4563 on phonepe,4563,friends,upi,phonepe,,friends_synthetic
sent ₹2833 to Karan on SLICE,2833,friends,upi,slice,,friends_synthetic
"D APPLEMUSIC 3082.77 Completed 27Apr 2026,2:23 pm HDFC Bank Bank 8312 UPI transaction ID 533317931347561 TO:APPLEMUSIC apple music.90774@hdfc bankbank Googletransaction lD CICAgJjg650210 OPI cred",3082.77,entertainment,upi,cred,hdfc,ocr_upi
Priya 14705 GPay pe,14705,friends,upi,gpay,icici,hinglish_natural
"D FRIEND 4339.62 Completed 22Jan 2026,6:46 pm Axis Bank Bank 4272 UPI transaction ID 50942816836257 TO:FRIEND friend.74465@axis bankbank Soogletransaction lD CICAgJjg872741 OPI Gpay",4339.62,friends,upi,gpay,axis,ocr_upi
today i spent 31799 on HP Petrol via cash from my icici bank,31799,travel,cash,,icici,voice_transcript
R 19852.06 to BookMyShow via gpay jupiter account,19852.06,entertainment,upi,gpay,jupiter,english_natural
30831 paid to dost via jupiter UPI from Canara Bank ending 3679,30831,friends,upi,jupiter,canara,ocr_upi
stocks Rs 4202 G Pay,4202,investment,upi,gpay,,english_natural
20385 rupaiye Yatra card se,39555,travel,card,,,source_hinglish
lab test se doctor ko diy 372 rupaiye ka via Gpay NIYO account se,372,healthcare,upi,gpay,niyo,hinglish_natural
sent 283 to Priya on PayTM,283,friends,upi,paytm,,friends_synthetic
Rs125 paid to upGrad via paytm UPI from ICICI Bank Bank ending 6505,125,education,upi,paytm,icici,ocr_upi
kal 2214 rs. INOX card se pay kr diya,2214,entertainment,card,,,hinglish_natural
"mutual fund 869 Completed 16Apr 2026,3:09 pm Punjab National Bank 4661 UPI transaction ID 5848363917013",869,investment,upi,paytm,pnb,ocr_upi
2681 rupees electricity bill PhonePe,2681,utilities,upi,phonepe,,voice_transcript
"Lenskart
Net Amount 701.47
Paid via Gpay",701.47,healthcare,upi,gpay,,ocr_receipt
Rs3584 charged for Udemy on debit card,3584,education,card,,hdfc,english_natural
i did 3278 expense on credit card EMI using card,3278,emi,card,,,voice_transcript
Box8 Rs.38712 G Pay,38712,food,upi,gpay,pnb,ocr_upi
raat ko 384 rupay market card se pay kya,7029,shopping,card,,sbi,source_hinglish
42746 rupay home loan EMI credit card se,42746,emi,card,,,hinglish_natural
Paid R 3518 to water bill PhonePe UPI Indusind Bank 9985 Done,3518,utilities,upi,phonepe,indusind,ocr_upi
4482 PVR,4482,entertainment,upi,slice,,english_natural
BYJU'S 956 Google Pay Completed ICICI 5905,956,education,upi,gpay,icici,ocr_upi
PPF se invest kiyaa 47407 rupaiye ka debit card se,47407,investment,card,,,hinglish_natural
bhai Divya ko udhar return kiya 3226 rs Cred se,3226,friends,upi,cred,,friends_synthetic
bhai coaching 374 rupaiye credit card se,374,education,card,,,hinglish_natural
₹733.42 paid to Amazon Prime via PhonePe UPI from Kotak Mahindra Bank ending 8375,733.42,entertainment,upi,phonepe,kotak,ocr_upi
flatmate rent share 9511 cred flatmate,9511,friends,upi,cred,,friends_synthetic
spent 15926 rupees on doctor via Google Pay,15926,healthcare,upi,gpay,,voice_transcript
paid 53 to mutual fund through Gpay from HDFC Bank,53,investment,upi,gpay,hdfc,voice_transcript
143 ka Zomato bill pay kiya Phonepe se,143,food,upi,phonepe,,voice_transcript
36469.34 Spotify,36469.34,entertainment,upi,phonepe,slice,english_natural
DishTV ka recharge kar diya 88 Cred se slice card se,88,utilities,upi,cred,slice,hinglish_natural
Apollo Pharmacy ka medicine liyaa 4388 rupees CRED se,4388,healthcare,upi,cred,,hinglish_natural
Spent Rs.46783 on IRCTC using Paytm,46783,travel,upi,paytm,,english_natural
Paid diagnostic ₹36664 using debit card,36664,healthcare,card,,,english_natural
Behrouz 4247 UPI se,4247,food,upi,phonepe,sbi,hinglish_natural
3292 rupees Rapido card ICICI Bank account,3292,travel,card,,icici,voice_transcript
INR 3040 debited from your Bank of Baroda account for BYJU'S (G Pay UPI),3040,education,upi,gpay,bob,ocr_upi
2937 rupay paise bheje roommate ko card se pay kiyaa,2937,friends,card,,,hinglish_natural
lunch dinner food order swiggy zomato restaurant meal Rs2109 Phone Pe,2109,food,upi,phonepe,,cue_row
Spent Rs2974 on colleague using G Pay,2974,friends,upi,gpay,icici,english_natural
Payment of ?25 to Chai Point was successful via Gpay UPI Ref No 89480373610 ICICI Account 1531,25,food,upi,gpay,icici,ocr_upi
33602 paid to diagnostic via Phonepe UPI from Kotak Bank ending 5754,33602,healthcare,upi,phonepe,kotak,ocr_upi
society maintenance ka 617 rupees ka bill card se pay kiya,617,utilities,card,,,voice_transcript
224 ka personal loan EMI bill pay kiya card se SLICE se kata,224,emi,card,,slice,voice_transcript
Phone Pe payment ₹419 Yatra hdfc 6229 successful,419,travel,upi,phonepe,hdfc,ocr_upi
dost bro ko 5412 rupaye Cred se bheje,5412,friends,upi,cred,,friends_synthetic
PPF se paisa daala 303 ₹ ka Paytm pe,303,investment,upi,paytm,,hinglish_natural
i did 67 expense on colleague using cash,67,friends,cash,,,voice_transcript
9940 rupaiye YouTube Premium PayTM se,9940,entertainment,upi,paytm,axis,hinglish_natural
electricity water broadband mobile recharge bill INR 261 card,261,utilities,card,,,cue_row
"INOX RESTAURANT
Total 36109
Cash Received
Change 0.00",36109,entertainment,upi,phonepe,idfc,ocr_receipt
ghar jaate waqt Croma 437 rupaiye credit card se,437,shopping,card,,,hinglish_natural
Tata CLiQ ka saman le liya 34670 rs. naqad,34670,shopping,cash,,,hinglish_natural
aaj 2608 rupaiye Hotstar via Google Pay,2608,entertainment,upi,gpay,,hinglish_natural
i did 2556 expense on Ananya using card,2556,friends,card,,,voice_transcript
3759 rs. HP Petrol cash me,3759,travel,cash,,,hinglish_natural
"Dunkin BILL
St: Rs.311
CASH approved",311,food,cash,,,ocr_receipt
paid roommate t16492 via niyo,16492,friends,upi,niyo,,friends_synthetic
flight booking travel ticket INR 3746 phonepe,3746,travel,upi,phonepe,,cue_row
Paid Rs.3937.51 for MedPlus via Mastercard,3937.51,healthcare,card,,,english_natural
i did 19406 expense on Vikram using card,19406,friends,card,,,voice_transcript
114 rupaiye doctor ko de diye diagnostic pe credit card se,114,healthcare,card,,,hinglish_natural
Jio recharge ka 2165 rupees ka bill paytm se pay kiya,2165,utilities,upi,paytm,,voice_transcript
stationery 151 ₹ card se matlab,151,education,card,,,hinglish_natural
"D INDIGO 4611 Completed 10Jan 2026,9:06 pm Indusind Bank Bank 3072 UPI transaction ID 69692344405572 TO:INDIGO indigo.50512@indusind bankbank Googletransaction lD XYZabc139636 OPI GPay",4611,travel,upi,gpay,indusind,ocr_upi
Electronics shopping INR 43265,43265,shopping,upi,gpay,,source_english
Crypto investment INR 39986,39986,investment,card,,hdfc,source_english
breakfast snacks chai coffee ₹218 PhonePe,218,food,upi,phonepe,,cue_row
41322 rs. Vi recharge card se pay kya,41322,utilities,card,,sbi,hinglish_natural
College fees payment INR 22947,22947,education,card,,,source_english
170 Apple Music card se,170,entertainment,card,,,hinglish_natural
ACT Fibernet se bill pay kya 447 rupay ka via PayTM,447,utilities,upi,paytm,icici,hinglish_natural
broadband se bill pay kya 4058 rs. ka UPI se pay kya slice wale account se,4058,utilities,upi,cred,slice,hinglish_natural
mutual fund SIP stocks PPF FD investment Rs 470 fi,470,investment,upi,fi,,cue_row
today i spent 4545 on Vedantu via card,4545,education,card,,,voice_transcript
Payment of ₹4158 to colleague was successful via Phone Pe UPI Ref No 10703247271 Axis Account 2568,4158,friends,upi,phonepe,axis,ocr_upi
Hotel booking INR 32224,32224,travel,card,,,source_english
ghar jaate waqt education loan EMI me 4419 rs ka EMI bharaa debit card se,4419,emi,card,,,hinglish_natural
584 cash Gaana,584,entertainment,cash,,niyo,english_natural
office se aate hue 301 rupees Netmeds naqad,301,healthcare,cash,,,hinglish_natural
Bought stationery for Rs 2726.84 with card,2726.84,education,card,,hdfc,english_natural
education loan EMI 266 rupaye credit card se bhai,266,emi,card,,hdfc,hinglish_natural
electricity water broadband mobile recharge bill Rs.86 paytm,86,utilities,upi,paytm,,cue_row
4362 rs. tuition diye Udemy ko card se,4362,education,card,,,hinglish_natural
canteen me 2205 ka kha liya UPI se sasta tha,2205,food,upi,gpay,sbi,hinglish_natural
mutual fund SIP stocks PPF FD investment Rs103 card,103,investment,card,,,cue_row
ghar jaate waqt petrol pump se cab le liya 839 rupees ka debit card se,839,travel,card,,,hinglish_natural
Just paid 4620.61 to Hotstar through Phone Pe,4620.61,entertainment,upi,phonepe,,english_natural
bhai bro ko udhar return kiya 107 rs G Pay se,107,friends,upi,gpay,,friends_synthetic
2745 rs. HDFC loan credit card se,2745,emi,card,,,hinglish_natural
"D ELECTRICITYBILL 219.65 Completed 25Jan 2026,7:17 pm sbi Bank 7054 UPI transaction ID 996318871879 TO:ELECTRICITYBILL electricity bill.79351@sbibank Goog1etransaction lD CICAgJjg519609 OPI Gpay",219.65,utilities,upi,gpay,sbi,ocr_upi
netflix spotify hotstar subscription movie show ₹768 phonepe,768,entertainment,upi,phonepe,,cue_row
Paid gaming 287 using cash,287,entertainment,cash,,,english_natural
"BARBEQUE NATION
Item 1 Rs.127
Item 2 Rs.331
Total 4987
Paytm",4987,food,upi,paytm,,ocr_receipt
Spent t34957.30 on Karan using PhonePe,34957.30,friends,upi,phonepe,hdfc,english_natural
amazon flipkart myntra online shopping order ₹319 Fi,319,shopping,upi,fi,,cue_row
"BigBasket BILL
St: t133
paytm APPROVED",133,food,upi,paytm,,ocr_receipt
37 rupaiye installment de diya credit card EMI pe gpay se pay kya sbi wale account se budget tod diya,37,emi,upi,gpay,sbi,hinglish_natural
aaj Vi recharge pe 1732 rupaye kharcha hua cash se,1732,utilities,cash,,,voice_transcript
MakeMyTrip ka cab liyaa 438 debit card se hdfc card se,8532,travel,card,,hdfc,source_hinglish
"D BSNL 33343 Completed 24Jan 2026,4:59 pm Axis Bank Bank 4983 UPI transaction ID 7230079154606 TO:BSNL bsnl.95511@axis bankbank Soogletransaction lD CICAgJjg482722 OPI Phonepe",33343,utilities,upi,phonepe,axis,ocr_upi
NEFT/TRANSFER/SPICEJET/FI,28683,travel,card,,fi,english_natural
ghar jaate waqt electricity bill 6221 haath se diy,6221,utilities,cash,,,hinglish_natural
paid 10950 to Faasos through Bhim from SBI,10950,food,upi,bhim,sbi,voice_transcript
Arjun 102 PhonePe Payment done HDFC 9222,102,friends,upi,phonepe,hdfc,ocr_upi
maine 88 rupaye BYJU'S ko diye card se,88,education,card,,,voice_transcript
Paid concert INR 3871.97 using Phone Pe,3871.97,entertainment,upi,phonepe,,english_natural
Biryani Blues 5892.54 debited from sbi,5892.54,food,upi,slice,sbi,english_natural
"MedPlus
Net Amount 1209
Paid via PhonePe",1209,healthcare,upi,phonepe,hdfc,ocr_receipt
bhai car loan EMI me 248 ka EMI bhra card se pay kia sasta tha,29995,emi,card,,,source_hinglish
hospital doctor pharmacy medicine diagnostic 2985 slice,2985,healthcare,upi,slice,,cue_row
2023 rupees Unacademy card BOB account,2023,education,card,,bob,voice_transcript
?3043 paid to Kuvera via niyo from Fi Money,3043,investment,upi,niyo,fi,english_natural
medical checkup lab test health insurance R 2804 card,2804,healthcare,card,,canara,cue_row
"D BOOKMYSHOW 2695 Completed 21Jan 2026,7:24 pm kotak Bank 1712 UPI transaction ID 3634091616 TO:BOOKMYSHOW bookmyshow.84153@kotakbank Soogletransaction lD CICAgJjg336345 OPI gpay",2695,entertainment,upi,gpay,kotak,ocr_upi
dost friend ko 21416 rupaye phonepe se bheje,21416,friends,upi,phonepe,,friends_synthetic
bhai Udemy ka 1609 rupaye phonepe se de diya,1609,education,upi,phonepe,slice,voice_transcript
POS/YOUTUBE PREMIUM/PAYTM/9148,1313,entertainment,upi,paytm,,english_natural
268 rupaye paise bheje Arjun ko card se pay kr diya,268,friends,card,,,hinglish_natural
dinner split 4073 rupaye flatmate slice,4073,friends,upi,slice,,friends_synthetic
4446 Zee5,4446,entertainment,card,,,english_natural
POS/HDFC LOAN/DEBIT CARD/2298,4759,emi,card,,sbi,english_natural
?47127.36 charged for Behrouz on Visa,47127.36,food,card,,,english_natural
"TAX INVOICE
Vi recharge
Grand Total: Rs88
Payment: BHIM",88,utilities,upi,bhim,,ocr_receipt
SpiceJet payment INR 354 done via cash,354,travel,cash,,,english_natural
4545 rupaiye doctor ko diyee Netmeds ko via Gpay,4545,healthcare,upi,gpay,sbi,hinglish_natural
yaar BookMyShow 3356 ₹ card se pay kia,3356,entertainment,card,,,hinglish_natural
Paid Flipkart Rs 3791.58 using Mastercard from HDFC,3791.58,shopping,card,,hdfc,english_natural
2004 rupay bill pay kya mobile recharge pe UPI se die jupiter se achha deal mila,2004,utilities,upi,paytm,jupiter,hinglish_natural
"D TATAPLAY 301.37 Completed 5Mar 2026,12:28 pm Axis Bank Bank 1103 UPI transaction ID 079434441756 TO:TATAPLAY tata play.66261@axis bankbank Googletransaction lD CICAgJjg621323 OPI Paytm",301.37,utilities,upi,paytm,axis,ocr_upi
Chai Point pe 491 rupees ka khana khaaya jupiter se ICICI account se bohot mehenga,491,food,upi,jupiter,icici,hinglish_natural
64 ₹ society maintenance GPay se,64,utilities,upi,gpay,,hinglish_natural
eye checkup Rs.2762.12 Slice,2762.12,healthcare,upi,slice,sbi,ocr_upi
"TAX INVOICE
Meesho
Grand Total: INR 218.82
Payment: Google Pay",218.82,shopping,upi,gpay,,ocr_receipt
crypto gold bonds NPS portfolio 446 Cred,446,investment,upi,cred,,cue_row
split bill 3141 phonepe se Karan ko diya,3141,friends,upi,phonepe,,friends_synthetic
10692 rs Lenskart UPI se de diya sasta tha,10692,healthcare,upi,phonepe,,hinglish_natural
FD payment ?2825 done via Visa,2825,investment,card,,,english_natural
today i spent 17556 on Amazon Prime via card,17556,entertainment,card,,,voice_transcript
"BILL
canteen
INR 45369.75
G Pay
Thank You Visit Again",45369.75,food,upi,gpay,,ocr_receipt
Used HDFC Bank Visa to pay ₹5041 for Spotify,5041,entertainment,card,,hdfc,english_natural
"TAX INVOICE
water bill
Grand Total: ₹48364.73
Payment: Phonepe",48364.73,utilities,upi,phonepe,kotak,ocr_receipt
bike loan EMI 44705,44705,emi,card,,,english_natural
"TATA PLAY RESTAURANT
Total 229
Cash Received
Change 0.00",229,utilities,upi,phonepe,axis,ocr_receipt
1736 ₹ kiraya diy Ola pe UPI se diyee,1736,travel,upi,gpay,,hinglish_natural
45842 rupees Snapdeal card,45842,shopping,card,,,voice_transcript
Spent Rs.4373.20 on PharmEasy using jupiter,4373.20,healthcare,upi,jupiter,niyo,english_natural
spent 31 rupees on gold via PayTM,31,investment,upi,paytm,hdfc,voice_transcript
367 to Arjun GPay UPI,367,friends,upi,gpay,,friends_synthetic
408 rupaye Reliance Digital UPI se pay kya,408,shopping,upi,cred,,hinglish_natural
INR 2017.79 paid to MedPlus via Phonepe UPI from Punjab National Bank Bank ending 3174,2017.79,healthcare,upi,phonepe,pnb,ocr_upi
Behrouz ₹31843 debited from Axis Bank,31843,food,card,,axis,english_natural
paid back friend lent money Rs.45560 slice,45560,friends,upi,slice,,cue_row
Spent t3858 on home loan EMI using Visa,3858,emi,card,,kotak,english_natural
lunch dinner food order swiggy zomato restaurant meal Rs 40774 jupiter,40774,food,upi,jupiter,,cue_row
"EATFIT
Item 1 ₹465
Item 2 Rs.476
Total Rs 20
CASH",20,food,cash,,sbi,ocr_receipt
TO:HDFCLOAN hdfcloan.80370@axisbankbank From:UTSAVJANA (Axis Bank PhonePe : user8352@okaxisbankbank,439,emi,upi,phonepe,axis,ocr_upi
"DOCTOR RESTAURANT
Total 5625
Cash Received
Change 0.00",5625,healthcare,card,,,ocr_receipt
paid back friend lent money INR 152 card,152,friends,card,,,cue_row
raat ko mall se khareed lya 29090 ka UPI se de diye,29090,shopping,upi,phonepe,,hinglish_natural
Rs 1892 to NPS via debit card,1892,investment,card,,,english_natural
kal ET Money me 4027 rupay ka mutual fund kia card se pay kya SBI se zyada ho gaya,4027,investment,card,,sbi,hinglish_natural
aaj credit card EMI pe 447 rupaye kharcha hua card se,447,emi,card,,kotak,voice_transcript
paid 47465 to PPF through Bhim,47465,investment,upi,bhim,,voice_transcript
spent 417 rupees on Ajio via Fi Money,417,shopping,upi,fi,hdfc,voice_transcript
Concert ticket INR 46522,46522,entertainment,card,,,source_english
Bought market for 89.62 with Gpay,89.62,shopping,upi,gpay,kotak,english_natural
INOX ka subscription renew kiyaa 1362 rs. card se HDFC wale account se,1362,entertainment,card,,hdfc,hinglish_natural
4299 rs ticket book kya HP Petrol ko debit card se sbi card se,5976,travel,card,,sbi,source_hinglish
Lenskart payment Rs79 done via cash,79,healthcare,cash,,jupiter,english_natural
ACT Fibernet payment 3545 done via Cred,3545,utilities,upi,cred,,english_natural
HP Petrol mein 4955 lag gaye cash se bhara,4955,travel,cash,,,voice_transcript
paid back friend lent money INR 481 jupiter,481,friends,upi,jupiter,,cue_row
Concert ticket INR 3974,3974,entertainment,upi,gpay,sbi,source_english
44231 roommate,44231,friends,upi,phonepe,,english_natural
"BigBasket BILL
St: Rs40530.72
CASH APPROVED",40530.72,food,cash,,,ocr_receipt
ET Money 328 card se pay kar diya Punjab National Bank card se bohot mehenga,32070,investment,card,,pnb,source_hinglish
Rs.2605.38 to water bill via cash,2605.38,utilities,cash,,,english_natural
Used jupiter credit card to pay 40269.63 for Coin,40269.63,investment,card,,jupiter,english_natural
flight booking travel ticket Rs 322 Cred,322,travel,upi,cred,,cue_row
Zee5 398 rs cred se pay kiya,5,entertainment,upi,cred,,hinglish_natural
aaj 2867 ₹ books Paytm se pay kar diya,2867,education,upi,paytm,,hinglish_natural
coaching exam preparation study material t2061 card,2061,education,card,,,cue_row
Rs 376 to Cleartrip via debit card,376,travel,card,,,english_natural
"Receipt #5756
eye checkup
Amount Paid: Rs 879
Mode: Phone Pe",879,healthcare,upi,phonepe,,ocr_receipt
NEFT/TRANSFER/IRCTC/,26112,travel,upi,phonepe,,english_natural
Used PNB Visa to pay 3120 for Meesho,3120,shopping,card,,pnb,english_natural
Paid ₹372 to clinic cred UPI ICICI 4680 Done,372,healthcare,upi,cred,icici,ocr_upi
"Barbeque Nation
Net Amount 1707
Paid via CASH",1707,food,cash,,,ocr_receipt
Rs4800 debited from your sbi account for eye checkup (gpay UPI),4800,healthcare,upi,gpay,sbi,ocr_upi
Gaana 4909 rs. via Phone Pe IDFC First account se,4909,entertainment,upi,phonepe,idfc,hinglish_natural
maine 208 rupaye YouTube Premium ko diye card se,208,entertainment,card,,sbi,voice_transcript
2879 rs bill bharra insurance premium ko card se pay kya,2879,utilities,card,,,hinglish_natural
paid 4430 to Neha through slice,4430,friends,upi,slice,,voice_transcript
school college tuition course books fees t2231 Cred,2231,education,upi,cred,,cue_row
Myntra payment 4230.32 done via Paytm,4230.32,shopping,upi,paytm,,english_natural
gaming ₹33468.28 debited from HDFC,33468.28,entertainment,upi,cred,hdfc,english_natural
Paid Rs.48246.91 for gas bill from my YES BANK account via Paytm,48246.91,utilities,upi,paytm,yes bank,english_natural
Bought Amit for Rs 2814 with Visa,2814,friends,card,,,english_natural
Chai Point 272 Visa,272,food,card,,,english_natural
ATM/CASH/NIYO/4045,4045,investment,upi,phonepe,niyo,english_natural
POS/LAB TEST/CREDIT CARD/6397,1823,healthcare,card,,,english_natural
Used NIYO gpay to pay 46884 for Shreya,46884,friends,upi,gpay,niyo,english_natural
"DISHTV RESTAURANT
Total 37578
Cash Received
Change 0.00",37578,utilities,card,,,ocr_receipt
sent ₹326 to bhai on slice,326,friends,upi,slice,,friends_synthetic
Paid ₹249 to Coin phonepe UPI State Bank 2850 Completed,249,investment,upi,phonepe,sbi,ocr_upi
i paid 339 rupees for Burger King using card,339,food,card,,,voice_transcript
Doctor consultation INR 18296,18296,healthcare,upi,gpay,,source_english
"TAX INVOICE
concert
Grand Total: 21353
Payment: fi",21353,entertainment,upi,fi,,ocr_receipt
"D YAAR 2426 Completed 7Feb 2026,10:44 pm HDFC Bank Bank 9878 UPI transaction ID 3044615563702 TO:YAAR yaar.70270@hdfc bankbank Googletransaction lD CICAgJjg538152 OPI G Pay",2426,friends,upi,gpay,hdfc,ocr_upi
NEFT/TRANSFER/COLLEGE FEES/JUPITER,43266,education,upi,phonepe,jupiter,english_natural
i did 100 expense on ACT Fibernet using CRED,100,utilities,upi,cred,,voice_transcript
medical checkup lab test health insurance ₹1087 card,1087,healthcare,card,,,cue_row
Spent ₹688 on personal loan EMI using Visa,688,emi,card,,,english_natural
split bill 1764 cash se Vikram ko diya,1764,friends,cash,,icici,friends_synthetic
IRCTC 43589 slice Payment done State Bank 2518,43589,travel,upi,slice,sbi,ocr_upi
"Receipt #7755
Meesho
Amount Paid: 4729
Mode: CASH",4729,shopping,cash,,,ocr_receipt
"SonyLIV 1992 Completed 27Aug 2025,12:46 am Axis 3119 UPI transaction ID 57890355081996",1992,entertainment,upi,jupiter,axis,ocr_upi
gpay payment 107 education loan EMI HDFC Bank 9294 completed,107,emi,upi,gpay,hdfc,ocr_upi
aaj stocks 908 rupaiye UPI se,9520,investment,upi,cred,,source_hinglish
3392 rupaiye bill bharaa rent pe UPI se pay kiya,3392,utilities,upi,phonepe,,hinglish_natural
raat ko 469 rupaiye EMI kat gayi personal loan EMI pe UPI se,469,emi,upi,phonepe,,hinglish_natural
Paid ₹3107 for Unacademy via Phone Pe,3107,education,upi,phonepe,pnb,english_natural
Neha pe 4067 rupaiye ka split kiya cred se pay kia,4067,friends,upi,cred,,hinglish_natural
"Receipt #3157
insurance premium
Amount Paid: 6640.31
Mode: Gpay",6640.31,utilities,upi,gpay,,ocr_receipt
aaj IndiGo pe 21314 rupaye kharcha hua CRED se,21314,travel,upi,cred,,voice_transcript
aaj 34276 rupaiye HDFC loan UPI se de diye,34276,emi,upi,cred,hdfc,hinglish_natural
Used Jupiter card to pay ₹2580.22 for car loan EMI,2580.22,emi,card,,jupiter,english_natural
mutual fund SIP stocks PPF FD investment 399 card,399,investment,card,,,cue_row
BYJU'S 25280 rs. card se pay kiyaa,25280,education,card,,,hinglish_natural
dopahar ko McDonald's se khana khaya 24688 ₹ ka UPI se de diya,24688,food,upi,slice,,hinglish_natural
PPF 2547 ₹ BHIM se pay kiyaa,2547,investment,upi,bhim,,hinglish_natural
25207 rupees movie dekhi JioCinema pe credit card se,25207,entertainment,card,,,hinglish_natural
sent money to flatmate Rs 4055 on CRED,4055,friends,upi,cred,,friends_synthetic
Paid ₹3202 for canteen from my BOB account via cash,3202,food,cash,,bob,english_natural
31473 rupees recharge kya Tata Play ko Phonepe se sasta tha,31473,utilities,upi,phonepe,pnb,hinglish_natural
i paid 47186 rupees for exam fee using card,47186,education,card,,,voice_transcript
dost Vikram ko 3300 rupaye paytm se bheje,3300,friends,upi,paytm,,friends_synthetic
Zomato se food order kiya 4812 rs ka slice pe,4812,food,upi,slice,,hinglish_natural
food court 2787.48 Phonepe,2787.48,food,upi,phonepe,kotak,ocr_upi
bhai home loan EMI 2059 rs credit card se,2059,emi,card,,,hinglish_natural
breakfast snacks chai coffee 53 cash,53,food,cash,,,cue_row
personal loan EMI ka EMI kat gayi 1370 rupees Bhim se,1370,emi,upi,bhim,,hinglish_natural
TO:PETROLPUMP petrolpump.63258@hdfcbank From:AMITSINGH (HDFC Cred : user3665@okhdfcbank,4442,travel,upi,cred,hdfc,ocr_upi
bhai Rohan ka udhar return kiyaa 2481 rupees paytm se bohot mehenga,2481,friends,upi,paytm,,hinglish_natural
433 rs. subscription renew kr diya Amazon Prime pe Google Pay se zyada ho gaya,433,entertainment,upi,gpay,,hinglish_natural
Paid 3028 to Ola Niyo UPI RBL 5823 Done,3028,travel,upi,niyo,rbl,ocr_upi
sent Rs 4227 to friend on GPay split bill UPI,4227,friends,upi,gpay,,cue_row
4055 rs installment die home loan EMI pe debit card se,4055,emi,card,,,hinglish_natural
"BILL
eye checkup
Rs 3174
CARD
Thank You Visit Again",3174,healthcare,card,,,ocr_receipt
abhi tuition ka books liyaa 4367 rupees card se,4367,education,card,,,hinglish_natural
office se aate hue Netmeds 69 rupaiye credit card se,69,healthcare,card,,,hinglish_natural
dost Divya ko 921 rupaye Phone Pe se bheje,921,friends,upi,phonepe,,friends_synthetic
365 rupaiye paisa daala NPS pe card se bc,365,investment,card,,icici,hinglish_natural
dopahar ko electricity bill ka bill bhra 2504 rs paytm se pay kar diya,2504,utilities,upi,paytm,,hinglish_natural
Vedantu se fees bhar diya 3089 rupaye ka phonepe se Fi Money se,3089,education,upi,phonepe,fi,hinglish_natural
Bought BookMyShow for 442.85 with cash,442.85,entertainment,cash,,,english_natural
Chai Point Rs.30967 GPay,30967,food,upi,gpay,,english_natural
Faasos ka khana khayaa 26328 cash me,7034,food,cash,,,source_hinglish
"EatFit BILL
St: Rs 17768.26
CARD approved",17768.26,food,card,,,ocr_receipt
₹19382.37 paid to Lenskart via paytm UPI from icici Bank ending 1721,19382.37,healthcare,upi,paytm,icici,ocr_upi
maine 2722 rupaye doctor ko diye cash se,2722,healthcare,cash,,icici,voice_transcript
aaj rickshaw pe 462 rupaye kharcha hua card se,462,travel,card,,,voice_transcript
ghar jaate waqt gas bill 3897 ₹ UPI se pay kiya,3897,utilities,upi,phonepe,,hinglish_natural
exam fee ka 23249 rupees ka bill Paytm se pay kiya,23249,education,upi,paytm,,voice_transcript
Spent 3279 on Coin using credit card,3279,investment,card,,axis,english_natural
Bought Burger King for ₹1947 with cash,1947,food,cash,,,english_natural
personal loan installment EMI deduction ₹4602 card,4602,emi,card,,,cue_row
aaj Starbucks pe 567 rupaye kharcha hua Paytm se,567,food,upi,paytm,,voice_transcript
maine 28441 rupaye Reliance Fresh ko diye cash se,28441,food,cash,,,voice_transcript
sent ?401 to friend on PayTM split bill UPI,401,friends,upi,paytm,,cue_row
Paid dhaba Rs.31.82 using bhim,31.82,food,upi,bhim,,english_natural
"D GROWW 1784 Completed 13Jan 2026,7:11 pm HDFC Bank 7161 UPI transaction ID 361381848786 TO:GROWW groww.75460@hdfcbank Googletransaction lD XYZabc109093 OPI PhonePe",1784,investment,upi,phonepe,hdfc,ocr_upi
petrol diesel fuel ₹450 at pump card,450,travel,card,,,cue_row
bhai car loan EMI ka 27966 rupaye Phone Pe se de diya,27966,emi,upi,phonepe,,voice_transcript
society maintenance 496,496,utilities,cash,,,english_natural
netflix spotify hotstar subscription movie show Rs 48310 G Pay,48310,entertainment,upi,gpay,,cue_row
4783 rupees PharmEasy Google Pay pe,4783,healthcare,upi,gpay,fi,hinglish_natural
lunch dinner food order swiggy zomato restaurant meal 40188 Paytm,40188,food,upi,paytm,pnb,cue_row
abhi Flipkart 629 rupees debit card se,629,shopping,card,,,hinglish_natural
Spent Rs4940 on dentist using Paytm,4940,healthcare,upi,paytm,,english_natural
428 market,428,shopping,card,,jupiter,english_natural
1766 EatFit,1766,food,upi,fi,,english_natural
BookMyShow 30567 rupaiye debit card se,30567,entertainment,card,,,hinglish_natural
150 rs. bill bharaa broadband pe UPI se diyee,150,utilities,upi,gpay,,hinglish_natural
"INOX BILL
St: R 71
CASH Approved",71,entertainment,cash,,,ocr_receipt
home loan car loan credit card EMI monthly ₹18480 autopay card,18480,emi,card,,,cue_row
4232 rs invest kiya Zerodha ko UPI se diyee,4232,investment,upi,phonepe,,hinglish_natural
bhai Divya ka paise bheje 4222 Gpay se pay kiya budget tod diya,4222,friends,upi,gpay,,hinglish_natural
₹2686 to Karan Phonepe UPI,2686,friends,upi,phonepe,icici,friends_synthetic
Rs.40685 paid to library via Google Pay UPI from Canara Bank Bank ending 2009,40685,education,upi,gpay,canara,ocr_upi
Paid Kuvera ₹33595 using jupiter from Kotak Mahindra,33595,investment,upi,jupiter,kotak,english_natural
Crypto investment INR 37992,37992,investment,card,,,source_english
Kuvera ka mutual fund kiyaa 13590 rs. Paytm se,13590,investment,upi,paytm,,hinglish_natural
"TAX INVOICE
insurance premium
Grand Total: ₹3962
Payment: CARD",3962,utilities,card,,hdfc,ocr_receipt
aaj INOX pe 23616 rupaye kharcha hua card se,23616,entertainment,card,,,voice_transcript
dentist 29728 rupees cash diy,29728,healthcare,cash,,niyo,hinglish_natural
INR 57 charged for SonyLIV on cash,57,entertainment,cash,,,english_natural
₹4234 paid to crypto via Google Pay from Axis,4234,investment,upi,gpay,axis,english_natural
Tata Play me 45994 rupees ka bill bhara UPI se sbi card se,45994,utilities,upi,phonepe,sbi,hinglish_natural
Rs 3472 paid to Bajaj Finance EMI via Mastercard from Slice,3472,emi,card,,slice,english_natural
Concert ticket INR 27093,27093,entertainment,upi,phonepe,,source_english
Cleartrip t3160 gpay,3160,travel,upi,gpay,,english_natural
"MESS RESTAURANT
Total 649
Cash Received
Change 0.00",649,food,cash,,,ocr_receipt
Paid 1242.69 for stocks via PhonePe,1242.69,investment,upi,phonepe,,english_natural
Bought Zerodha for ₹17974 with card,17974,investment,card,,hdfc,english_natural
lunch dinner food order swiggy zomato restaurant meal Rs 1523 card,1523,food,card,,,cue_row
Spent 4108.96 on Gaana using Visa,4108.96,entertainment,card,,,english_natural
i paid 3541 rupees for personal loan EMI using phonepe,3541,emi,upi,phonepe,niyo,voice_transcript
aaj mutual fund pe 4842 rupaye kharcha hua phonepe se,4842,investment,upi,phonepe,icici,voice_transcript
aaj SIP pe 22104 rupaye kharcha hua Phonepe se,22104,investment,upi,phonepe,,voice_transcript
sent Rs.4155 to flatmate on niyo,4155,friends,upi,niyo,indusind,friends_synthetic
Rs.4510 to friend cred UPI,4510,friends,upi,cred,kotak,friends_synthetic
Pizza Hut Rs.201 GPay,201,food,upi,gpay,indusind,ocr_upi
coaching exam preparation study material Rs 3981 cash,3981,education,cash,,,cue_row
"D NETFLIX 214.67 Completed 23Mar 2026,7:38 pm HDFC Bank Bank 7431 UPI transaction ID 2512180240516 TO:NETFLIX netflix.30929@hdfc bankbank Goog1etransaction lD XYZabc271959 OPI Phonepe",214.67,entertainment,upi,phonepe,hdfc,ocr_upi
Paid 4736.38 for flatmate via PhonePe,4736.38,friends,upi,phonepe,fi,english_natural
electricity water broadband mobile recharge bill INR 164 card,164,utilities,card,,,cue_row
gas bill 4811.27,4811.27,utilities,cash,,,english_natural
ACT Fibernet payment Rs139.30 done via cred,139.30,utilities,upi,cred,jupiter,english_natural
paid 339 to doctor through paytm,339,healthcare,upi,paytm,,voice_transcript
Paid ₹2471 for Faasos from my sbi account via GPay,2471,food,upi,gpay,sbi,english_natural
275 ₹ home loan EMI credit card se matlab,41802,emi,card,,,source_hinglish
Bought Ajio for ₹16260.75 with paytm,16260.75,shopping,upi,paytm,,english_natural
R 4970.08 debited from your Axis Bank account for water bill (phonepe UPI),4970.08,utilities,upi,phonepe,axis,ocr_upi
office se aate hue home loan EMI me 2076 rupaye ka installment diyee debit card se slice wale account se,2076,emi,card,,slice,hinglish_natural
hospital doctor pharmacy medicine diagnostic INR 29254 card,29254,healthcare,card,,,cue_row
2270 rupay Indian Oil naqad,2270,travel,cash,,,hinglish_natural
Just paid INR 36002 to INOX through G Pay,36002,entertainment,upi,gpay,,english_natural
kal Zerodha se stock lia 4440 rupees ka credit card se,4440,investment,card,,hdfc,hinglish_natural
BSNL ka bill pay kar diya 29051 rupaye UPI se de diye,29051,utilities,upi,slice,,hinglish_natural
"TAX INVOICE
mess
Grand Total: 380.85
Payment: SLICE",380.85,food,upi,slice,,ocr_receipt
Spent INR 338 on Arjun using Jupiter,338,friends,upi,jupiter,axis,english_natural
car loan EMI Rs.278.77 debit card,278.77,emi,card,,,english_natural
sent INR 2346 to Rahul on Cred,2346,friends,upi,cred,,friends_synthetic
₹4409.96 to FreshMenu via cred,4409.96,food,upi,cred,,english_natural
Tata CLiQ 4507 rs PayTM se pay kia ICICI se,46189,shopping,upi,paytm,icici,source_hinglish
FirstCry ka khareed liya 2508 rupaye card se pay kia,1407,shopping,card,,,source_hinglish
auto se ride lya 1056 rupaiye ka credit card se,12308,travel,card,,,source_hinglish
kal broadband ka bill bhra 225 card se pay kr diya,225,utilities,card,,,hinglish_natural
yaar Paytm Money me 1608 rupaye ka SIP bhara debit card se,1608,investment,card,,niyo,hinglish_natural
2582 Udemy cash me,2582,education,cash,,,hinglish_natural
paid 383 to books through card from Niyo,383,education,card,,niyo,voice_transcript
paid 3384 to dhaba through GPay from State Bank,3384,food,upi,gpay,sbi,voice_transcript
Used HDFC Bank G Pay to pay 429 for diagnostic,429,healthcare,upi,gpay,hdfc,english_natural
dinner split 14669 rupaye colleague cred,14669,friends,upi,cred,,friends_synthetic
t3255 paid to Tata CLiQ via card from Jupiter,3255,shopping,card,,jupiter,english_natural
NEFT/TRANSFER/KARAN/,285,friends,upi,gpay,,english_natural
abhi Neha se split kr diya 479 ₹ ka via Paytm,479,friends,upi,paytm,,hinglish_natural
yaar FD me 193 rupaye ka paisa daala credit card se sasta tha,193,investment,card,,,hinglish_natural
POS/TUITION/PAYTM/1506,366.58,education,upi,paytm,fi,english_natural
Kuvera se stock lia 480 rupees ka debit card se,480,investment,card,,,hinglish_natural
education loan EMI ka EMI bhara 136 rupaiye debit card se,136,emi,card,,,hinglish_natural
Cred payment Rs20032 bike loan EMI SBI 8436 done,20032,emi,upi,cred,sbi,ocr_upi
slice payment Rs.132 insurance premium Yes Bank 2723 done,132,utilities,upi,slice,yes bank,ocr_upi
"Apollo Pharmacy 2453.33 Completed 16Feb 2025,7:44 pm Yes Bank 1037 UPI transaction ID 910618355496944",2453.33,healthcare,upi,gpay,yes bank,ocr_upi
"H&M BILL
St: Rs.4791.48
Paytm approved",4791.48,shopping,upi,paytm,,ocr_receipt
POS/AMAZON PRIME/PHONEPE/4523,1738,entertainment,upi,phonepe,,english_natural
TO:GAANA gaana.69781@kotakbank From:UTSAVJANA (kotak SLICE : sender7401@okkotakbank,2307,entertainment,upi,slice,kotak,ocr_upi
Cred payment Rs.46214 upGrad HDFC Bank 5155 successful,46214,education,upi,cred,hdfc,ocr_upi
mutual fund 940 rupees UPI se pay kar diya,940,investment,upi,paytm,,hinglish_natural
Rs 3385 paid to FD via Visa from sbi,3385,investment,card,,sbi,english_natural
208 slice Amit,208,friends,upi,slice,,english_natural
"Tata Play BILL
St: Rs 3205
cred approved",3205,utilities,upi,cred,,ocr_receipt
ATM/CASH/BANK/2943.18,2943.18,food,upi,phonepe,,english_natural
CCD se khana khaya 918 rupaye ka debit card se,918,food,card,,,hinglish_natural
Paid ₹263 for 1mg from my hdfc account via Phone Pe,263,healthcare,upi,phonepe,hdfc,english_natural
aaj car loan EMI pe 1471 rupaye kharcha hua card se,1471,emi,card,,icici,voice_transcript
2212 G Pay Hotstar,2212,entertainment,upi,gpay,,english_natural
381 ₹ Rahul phonepe pe,381,friends,upi,phonepe,,hinglish_natural
₹192 paid to Groww via Paytm UPI from hdfc Bank ending 9801,192,investment,upi,paytm,hdfc,ocr_upi
Rohan 1223.36 paytm Completed hdfc 5101,1223.36,friends,upi,paytm,hdfc,ocr_upi
Payment of 352 to Bewakoof was successful via cred UPI Ref No 992331289985 HDFC Bank Account 2686,352,shopping,upi,cred,hdfc,ocr_upi
4191 rs stock le liya PPF pe credit card se,4191,investment,card,,,hinglish_natural
Yatra se ticket book kiya 3161 rupees ka haath se diy Kotak Mahindra card se,3161,travel,cash,,kotak,hinglish_natural
today i spent 373 on bike loan EMI via phonepe,373,emi,upi,phonepe,,voice_transcript
kal Rohan 3210 ₹ UPI se pay kar diya,3210,friends,upi,jupiter,,hinglish_natural
lunch dinner food order swiggy zomato restaurant meal 340 card,340,food,card,,,cue_row
amazon flipkart myntra online shopping order 201 CRED,201,shopping,upi,cred,,cue_row
Just paid ₹2599 to Jio recharge through card,2599,utilities,card,,,english_natural
Just paid ₹3997.93 to electricity bill through paytm,3997.93,utilities,upi,paytm,,english_natural
Used Niyo Paytm to pay Rs 535 for Bewakoof,535,shopping,upi,paytm,niyo,english_natural
Reliance Digital pe 20196 ₹ ka khareed lya cash diye,20196,shopping,cash,,,hinglish_natural
Doctor consultation INR 33024,33024,healthcare,card,,,source_english
Paid ?2051 to SonyLIV Phone Pe UPI Axis Bank 2725 Completed,2051,entertainment,upi,phonepe,axis,ocr_upi
raat ko Coin 3673 rupaiye via phonepe bc,3673,investment,upi,phonepe,,hinglish_natural
Paid ₹2116.55 for upGrad via niyo,2116.55,education,upi,niyo,,english_natural
"Goibibo 3858.51 Completed 18May 2025,10:50 pm ICICI Bank 4869 UPI transaction ID 7702368104",3858.51,travel,upi,jupiter,icici,ocr_upi
440 rupay petrol pump debit card se,440,travel,card,,icici,hinglish_natural
₹24171 paid to BookMyShow via cash from Canara Bank,24171,entertainment,cash,,canara,english_natural
11611 rupees Reliance Fresh bhim State Bank account,11611,food,upi,bhim,sbi,voice_transcript
i did 4618 expense on FreshMenu using cash,4618,food,cash,,sbi,voice_transcript
Snapdeal ka khareed liya 22312 ₹ naqad,22312,shopping,cash,,axis,hinglish_natural
SIP se paisa daala 1821 rupees ka credit card se,1821,investment,card,,,hinglish_natural
"MedPlus BILL
St: Rs.120
Google Pay approved",120,healthcare,upi,gpay,federal bank,ocr_receipt
1852 rupay EMI kat gayi credit card EMI pe UPI se pay kar diya,1852,emi,upi,jupiter,,hinglish_natural
maine 1906 rupaye Pooja ko diye Paytm se,1906,friends,upi,paytm,,voice_transcript
744.82 debited from your ICICI account for roommate (Paytm UPI),744.82,friends,upi,paytm,icici,ocr_upi
flatmate rent share 11665 Paytm Rahul,11665,friends,upi,paytm,,friends_synthetic
Netflix subscription INR 3489,3489,entertainment,upi,phonepe,,source_english
dopahar ko MedPlus 2824 rupaiye card se pay kr diya,2824,healthcare,card,,,hinglish_natural
429 ka Air India bill pay kiya Paytm se,429,travel,upi,paytm,,voice_transcript
Payment of ₹497 to Ananya was successful via gpay UPI Ref No 19756832670456 hdfc Account 8934,497,friends,upi,gpay,hdfc,ocr_upi
aaj Zomato pe 44652 rupaye kharcha hua PhonePe se,44652,food,upi,phonepe,,voice_transcript
yaar Ananya me 21 rupaye ka transfer kr diya UPI se pay kiyaa,21,friends,upi,gpay,,hinglish_natural
"TAX INVOICE
BSNL
Grand Total: ?787.69
Payment: PhonePe",787.69,utilities,upi,phonepe,,ocr_receipt
paid bro ₹7938 via card,7938,friends,card,,,friends_synthetic
stationery 27110.46,27110.46,education,upi,paytm,niyo,english_natural
sent ₹2819 to Karan on phonepe,2819,friends,upi,phonepe,,friends_synthetic
bhai Hotstar 3518 ₹ card se,3518,entertainment,card,,,hinglish_natural
i did 2054 expense on Vi recharge using card,2054,utilities,card,,axis,voice_transcript
Rahul 122 rs Google Pay se pay kya jupiter account se,122,friends,upi,gpay,jupiter,hinglish_natural
8294 rupay bike loan EMI card se pay kia,8294,emi,card,,,hinglish_natural
"INSURANCE PREMIUM
Item 1 315
Item 2 Rs 409
Total INR 382.47
CRED",382.47,utilities,upi,cred,,ocr_receipt
385 rs. colleague card se pay kia yaar,385,friends,card,,,hinglish_natural
368 ₹ Burger King UPI se pay kya,368,food,upi,gpay,slice,hinglish_natural
kal 10603 ₹ Subway naqad,10603,food,cash,,,hinglish_natural
school college tuition course books fees 367 Paytm,367,education,upi,paytm,,cue_row
UPI/33975430/STOCKS/ICICI,14160.71,investment,card,,icici,english_natural
"AMAZON PRIME
Item 1 Rs283
Item 2 ₹367
Total ₹8638
Gpay",8638,entertainment,upi,gpay,,ocr_receipt
Train ticket IRCTC INR 22566,22566,travel,cash,,icici,source_english
ghar jaate waqt 3938 ₹ Bajaj Finance EMI card se pay kya,3938,emi,card,,sbi,hinglish_natural
sent Rs2634 to yaar on cash,2634,friends,cash,,,friends_synthetic
Vedantu payment 2770 done via cash,2770,education,cash,,,english_natural
grocery vegetables milk bread fruits 3122 paid cash,3122,food,cash,,,cue_row
Paid Rs 4087.02 to gas bill phonepe UPI HDFC 7460 Completed,4087.02,utilities,upi,phonepe,hdfc,ocr_upi
359 rupaye stock liyaa gold ko debit card se,359,investment,card,,icici,hinglish_natural
lunch dinner food order swiggy zomato restaurant meal INR 3430 cred,3430,food,upi,cred,,cue_row
47 rs. dhaba cash diyee,47,food,cash,,federal bank,hinglish_natural
"Receipt #5289
dentist
Amount Paid: 26802
Mode: phonepe",26802,healthcare,upi,phonepe,,ocr_receipt
Bajaj Finance EMI 4476 PhonePe Payment done Bank of Baroda 7914,4476,emi,upi,phonepe,bob,ocr_upi
7285 rupaye Amazon Prime card se pay kar diya,7285,entertainment,card,,federal bank,hinglish_natural
BYJU'S 175 ₹ Phone Pe se pay kar diya HDFC se,5290,education,upi,phonepe,hdfc,source_hinglish
INR 1106.12 debited from your Federal Bank account for JioCinema (PayTM UPI),1106.12,entertainment,upi,paytm,federal bank,ocr_upi
POOJA INR 34.56 ICICI,34.56,friends,card,,icici,english_natural
home loan car loan credit card EMI monthly 3733 autopay card,3733,emi,card,,,cue_row
"Ananya 316 Completed 12Aug 2025,11:19 am hdfc 6165 UPI transaction ID 4832254538006",316,friends,upi,phonepe,hdfc,ocr_upi
"BILL
Tata CLiQ
INR 2314
CARD
Thank You Visit Again",2314,shopping,card,,,ocr_receipt
personal loan installment EMI deduction INR 1080 Niyo,1080,emi,upi,niyo,,cue_row
22730 rickshaw cash me,22730,travel,cash,,niyo,hinglish_natural
abhi Paytm Money pe 17962 ₹ ka SIP bhar diya card se sasta tha,17962,investment,card,,,hinglish_natural
"BILL
Reliance Digital
13021
CARD
Thank You Visit Again",13021,shopping,card,,sbi,ocr_receipt
"JIOCINEMA
Item 1 Rs.254
Item 2 Rs.84
Total ₹3302
CARD",3302,entertainment,card,,,ocr_receipt
UPI/50026052/PAYTM MONEY/HDFC BANK,40.63,investment,upi,slice,hdfc,english_natural
raat ko metro me 345 rupaye ka cab le liya credit card se,345,travel,card,,,hinglish_natural
1079 rupaiye diagnostic phonepe se pay kar diya,1079,healthcare,upi,phonepe,,hinglish_natural
1973 rs. PharmEasy via GPay,1973,healthcare,upi,gpay,,hinglish_natural
aaj dhaba se kha liya 1052 rupay ka UPI se diye,1052,food,upi,gpay,icici,hinglish_natural
Library fee INR 38387,38387,education,upi,cred,axis,source_english
gas bill 174 UPI se diyee,174,utilities,upi,jupiter,,hinglish_natural
Paid PPF INR 40551.95 using card,40551.95,investment,card,,,english_natural
4164 ₹ Lenskart card se pay kiya,4164,healthcare,card,,,hinglish_natural
yaar broadband ka recharge kar diya 4670 rupay UPI se die Fi se,4670,utilities,upi,jupiter,fi,hinglish_natural
abhi bhai ka udhar return kr diya 10047 rs UPI se,10047,friends,upi,gpay,,hinglish_natural
140 fees bhara Udemy pe card se pay kiya,140,education,card,,canara,hinglish_natural
Zara ka buy kr diya 1366 rs credit card se ICICI Bank card se,1366,shopping,card,,icici,hinglish_natural
32071 rupaye college fees naqad,32071,education,cash,,niyo,hinglish_natural
Lenskart pe 2328 ka test karaya via slice,2328,healthcare,upi,slice,,hinglish_natural
Hotstar 2192 Visa,2192,entertainment,card,,,english_natural
mall pe 74 ka order kiyaa Phonepe se pay kr diya,74,shopping,upi,phonepe,,hinglish_natural
260 to Arjun paytm UPI,260,friends,upi,paytm,,friends_synthetic
abhi dentist se doctor ko diye 2217 rs ka card se pay kiyaa,2217,healthcare,card,,,hinglish_natural
Just paid INR 158 to Rapido through cash,158,travel,cash,,slice,english_natural
paid Shreya Rs5959 via CRED,5959,friends,upi,cred,icici,friends_synthetic
upGrad 3103 ₹ card se hdfc se kata,3103,education,card,,hdfc,hinglish_natural
Paid ET Money ₹391.28 using Phone Pe,391.28,investment,upi,phonepe,,english_natural
Just paid ₹896 to ET Money through Paytm,896,investment,upi,paytm,,english_natural
Apple Music 213.27 GPay,213.27,entertainment,upi,gpay,,english_natural
aaj Netflix 44817 ₹ naqad,44817,entertainment,cash,,,hinglish_natural
Rs.260.29 paid to stocks via Gpay from Kotak,260.29,investment,upi,gpay,kotak,english_natural
29875.15 charged for Bajaj Finance EMI on Gpay,29875.15,emi,upi,gpay,,english_natural
education loan EMI 293.37,293.37,emi,card,,,english_natural
Paid ₹50 for canteen via gpay,50,food,upi,gpay,,english_natural
Paid Rs11856.26 for 1mg via credit card,11856.26,healthcare,card,,axis,english_natural
bhai yaar ko udhar return kiya 3349 rs Cred se,3349,friends,upi,cred,,friends_synthetic
"D APPLEMUSIC 2792 Completed 26Feb 2026,2:56 pm IDFC Bank 2105 UPI transaction ID 425603518373391 TO:APPLEMUSIC apple music.75771@idfcbank Googletransaction lD XYZabc615048 OPI Niyo",2792,entertainment,upi,niyo,idfc,ocr_upi
Rs153 debited from your hdfc account for rent (Phonepe UPI),153,utilities,upi,phonepe,hdfc,ocr_upi
Phone Pe payment Rs.19411.61 Amazon Prime ICICI 1114 successful,19411.61,entertainment,upi,phonepe,icici,ocr_upi
654 ka Karan bill pay kiya paytm se State Bank se kata,654,friends,upi,paytm,sbi,voice_transcript
Blinkit se khana khaya 32705 ₹ ka haath se de diya,32705,food,cash,,jupiter,hinglish_natural
212 doctor ko de diya Lenskart ko niyo se pay kiya,212,healthcare,upi,niyo,,hinglish_natural
Bought bike loan EMI for Rs9081 with card,9081,emi,card,,,english_natural
Paid Rs4452.87 for credit card EMI via credit card,4452.87,emi,card,,,english_natural
school college tuition course books fees ₹42 card,42,education,card,,,cue_row
subah Ananya se transfer kiya 205 rupay ka GPay pe sasta tha,205,friends,upi,gpay,sbi,hinglish_natural
kal 393 rupaiye admission kr diya BYJU'S ko debit card se Jupiter se,393,education,card,,jupiter,hinglish_natural
382 rupees upGrad debit card se,382,education,card,,,hinglish_natural
"Burger King BILL
St: ₹45356.29
CASH APPROVED",45356.29,food,cash,,,ocr_receipt
Coursera 102 rs. haath se de diya sasta tha,102,education,cash,,,hinglish_natural
i paid 324 rupees for PPF using CRED,324,investment,upi,cred,,voice_transcript
bro me 228 rupees ka paise bheje cash diye NIYO se kata,228,friends,cash,,niyo,hinglish_natural
concert se show dekha 221 rs. ka UPI se,221,entertainment,upi,phonepe,,hinglish_natural
mutual fund SIP stocks PPF FD investment ?10132 card,10132,investment,card,,,cue_row
14121 rupaye Jio recharge UPI se,14121,utilities,upi,cred,,hinglish_natural
dopahar ko personal loan EMI 270 rs card se pay kia,270,emi,card,,,hinglish_natural
"market
Net Amount 1821
Paid via CASH",1821,shopping,cash,,,ocr_receipt
dopahar ko Angel One se SIP bhar diya 6210 rs. ka UPI se de diye,6210,investment,upi,phonepe,,hinglish_natural
amazon flipkart myntra online shopping order ₹415 card,415,shopping,card,,,cue_row
Reliance Digital Rs.9270.82 Google Pay,9270.82,shopping,upi,gpay,axis,ocr_upi
amazon flipkart myntra online shopping order t330 card,330,shopping,card,,,cue_row
Paid 4860 to Bewakoof bhim UPI ICICI Bank 2961 Completed,4860,shopping,upi,bhim,icici,ocr_upi
1708 rupay khana khaaya mess pe niyo se pay kia,1708,food,upi,niyo,hdfc,hinglish_natural
paid 31574 to Biryani Blues through Paytm from ICICI,31574,food,upi,paytm,icici,voice_transcript
Goibibo 2370 NIYO,2370,travel,upi,niyo,,english_natural
bhai Shreya ko udhar return kiya 1574 rs Jupiter se,1574,friends,upi,jupiter,axis,friends_synthetic
dost me 1762 rupees ka udhar return kiyaa naqad,1762,friends,cash,,pnb,hinglish_natural
clinic 4159 rupay UPI se sbi card se,4159,healthcare,upi,paytm,sbi,hinglish_natural
Zee5 mein 161 lag gaye card se bhara,161,entertainment,card,,,voice_transcript
ATM/CASH/AXIS/372.09,372.09,utilities,card,,axis,english_natural
abhi PVR se movie dekhi 1546 rs ka card se pay kiya HDFC se,1546,entertainment,card,,hdfc,hinglish_natural
4773 to colleague via Gpay,4773,friends,upi,gpay,,english_natural
gold me 452 rupees ka stock le liya UPI se pay kiya bc,452,investment,upi,gpay,,hinglish_natural
298.25 upGrad,298.25,education,cash,,slice,english_natural
books payment ₹46 done via CRED,46,education,upi,cred,,english_natural
25321 EMI kat gayi credit card EMI ko card se,25321,emi,card,,jupiter,hinglish_natural
Priya 179 rupees via G Pay,179,friends,upi,gpay,,hinglish_natural
paid 733 to personal loan EMI through card,733,emi,card,,,voice_transcript
bhai Arjun pe 1805 ka split kiya PayTM se pay kar diya Fi card se budget tod diya,1805,friends,upi,paytm,fi,hinglish_natural
flatmate ka split kiya 81 rupay phonepe pe,81,friends,upi,phonepe,,hinglish_natural
1136 rs. subscription renew kiya Apple Music pe G Pay se pay kya ICICI Bank se,1136,entertainment,upi,gpay,icici,hinglish_natural
MakeMyTrip 311.22,311.22,travel,card,,idfc,english_natural
"TAX INVOICE
doctor
Grand Total: Rs3849.92
Payment: CARD",3849.92,healthcare,card,,bob,ocr_receipt
385 ka Pooja bill pay kiya bhim se,385,friends,upi,bhim,,voice_transcript
"NYKAA RESTAURANT
Total 72.49
Cash Received
Change 0.00",72.49,shopping,card,,,ocr_receipt
Used Jupiter fi to pay Rs 43482 for DishTV,43482,utilities,upi,fi,jupiter,english_natural
"BILL
ACT Fibernet
₹298.75
CARD
Thank You Visit Again",298.75,utilities,card,,icici,ocr_receipt
INR 36832 to flatmate via bhim,36832,friends,upi,bhim,,english_natural
gaming 361 debit card se,361,entertainment,card,,,hinglish_natural
Paid INR 10419 to rickshaw Paytm UPI PNB 8564 Successful,10419,travel,upi,paytm,pnb,ocr_upi
"TAX INVOICE
Gaana
Grand Total: INR 259.45
Payment: CARD",259.45,entertainment,card,,,ocr_receipt
440 Apple Music,440,entertainment,cash,,hdfc,english_natural
grocery vegetables milk bread fruits Rs418 paid jupiter,418,food,upi,jupiter,,cue_row
electronics clothes shoes accessories purchase Rs46570 via phonepe,46570,shopping,upi,phonepe,,cue_row
Rs211 to Ananya via debit card,211,friends,card,,,english_natural
car loan EMI se installment diye 275 rupay ka Google Pay se pay kia,275,emi,upi,gpay,icici,hinglish_natural
dinner split 174 rupaye Arjun cash,174,friends,cash,,,friends_synthetic
ATM/CASH/BANK/1372.14,1372.14,shopping,upi,phonepe,,english_natural
"Receipt #7939
Hotstar
Amount Paid: Rs 3220.38
Mode: CASH",3220.38,entertainment,cash,,,ocr_receipt
kal Goibibo 875 rupees credit card se,875,travel,card,,,hinglish_natural
spent 3611 rupees on dentist via Gpay,3611,healthcare,upi,gpay,,voice_transcript
today i spent 3331 on market via cash,3331,shopping,cash,,,voice_transcript
school college tuition course books fees 9919 G Pay,9919,education,upi,gpay,,cue_row
bhai bro ko udhar return kiya 430 rs Fi Money se,430,friends,upi,fi,kotak,friends_synthetic
abhi 17426 metro debit card se,17426,travel,card,,union bank,hinglish_natural
breakfast snacks chai coffee ?17216 cash,17216,food,cash,,,cue_row
kal yaar se udhar return kya 219 rupay ka phonepe pe,219,friends,upi,phonepe,,hinglish_natural
"ELECTRONICS STORE RESTAURANT
Total 3101.70
Cash Received
Change 0.00",3101.70,shopping,upi,gpay,,ocr_receipt
rent maintenance gas connection Rs 35260 PhonePe,35260,utilities,upi,phonepe,,cue_row
stocks 342 rs. Phonepe se pay kiyaa bohot mehenga,342,investment,upi,phonepe,,hinglish_natural
dinner split 12317 rupaye Shreya Phone Pe,12317,friends,upi,phonepe,,friends_synthetic
bhai friend ko udhar return kiya 419 rs Google Pay se,419,friends,upi,gpay,,friends_synthetic
Credit card EMI INR 32186,32186,emi,card,,,source_english
yaar ko 4907 transfer kiya cash se,4907,friends,cash,,,friends_synthetic
Ola me 2993 ka kiraya die credit card se,2993,travel,card,,,hinglish_natural
"doctor
Net Amount 2890
Paid via CASH",2890,healthcare,cash,,,ocr_receipt
i did 4868 expense on Netflix using Niyo,4868,entertainment,upi,niyo,,voice_transcript
today i spent 4791 on personal loan EMI via card,4791,emi,card,,,voice_transcript
bhai stationery 21351 rupay debit card se,21351,education,card,,,hinglish_natural
sent money to bro ?11253 on phonepe,11253,friends,upi,phonepe,,friends_synthetic
hospital doctor pharmacy medicine diagnostic Rs478 G Pay,478,healthcare,upi,gpay,,cue_row
sent t6142 to bro on cred,6142,friends,upi,cred,hdfc,friends_synthetic
today i spent 1817 on Spotify via PhonePe,1817,entertainment,upi,phonepe,,voice_transcript
Lenskart ka 450 rupees ka bill cash se pay kiya,450,shopping,cash,,hdfc,voice_transcript
Spent Rs24696 on ACT Fibernet using CRED,24696,utilities,upi,cred,sbi,english_natural
split bill 3942 slice se bro ko diya,3942,friends,upi,slice,,friends_synthetic
dost ₹1033 phonepe,1033,friends,upi,phonepe,,english_natural
HDFC loan 392 rupay card se,392,emi,card,,,hinglish_natural
electronics clothes shoes accessories purchase 2858 via jupiter,2858,shopping,upi,jupiter,sbi,cue_row
grocery vegetables milk bread fruits Rs46 paid card,46,food,card,,sbi,cue_row
25257 rupees Flipkart cash,25257,shopping,cash,,,voice_transcript
Paid Rs.34594 to exam fee PayTM UPI Kotak 4307 Completed,34594,education,upi,paytm,kotak,ocr_upi
mobile recharge ka payment kiyaa 4366 rs card se pay kiyaa,4366,utilities,card,,,hinglish_natural
"TAX INVOICE
Snapdeal
Grand Total: Rs.267
Payment: CARD",267,shopping,card,,icici,ocr_receipt
raat ko 3644 rupay stock liya Paytm Money ko card se matlab,3644,investment,card,,,hinglish_natural
Bharat Petroleum se ride lya 164 rupaiye ka via Google Pay sbi wale account se,164,travel,upi,gpay,sbi,hinglish_natural
Home loan EMI INR 15972,15972,emi,card,,,source_english
Paid 4624 for Bajaj Finance EMI from my Indusind Bank account via PayTM,4624,emi,upi,paytm,indusind,english_natural
rent maintenance gas connection 71 GPay,71,utilities,upi,gpay,icici,cue_row
yaar SIP ka SIP bhar diya 1647 rupay card se,1647,investment,card,,,hinglish_natural
food court 32255.97 jupiter Payment done Bandhan 3395,32255.97,food,upi,jupiter,bandhan,ocr_upi
"Receipt #4135
DMart
Amount Paid: Rs.33918.16
Mode: Jupiter",33918.16,food,upi,jupiter,axis,ocr_receipt
sent INR 22535 to Rohan on PhonePe,22535,friends,upi,phonepe,,friends_synthetic
yaar EaseMyTrip se petrol bharaa 378 ka debit card se ICICI se,378,travel,card,,icici,hinglish_natural
medical checkup lab test health insurance 1372 card,1372,healthcare,card,,,cue_row
ghar jaate waqt ACT Fibernet me 2187 rupees ka recharge kr diya UPI se pay kiya,2187,utilities,upi,gpay,,hinglish_natural
Water bill INR 39239,39239,utilities,card,,,source_english
"BILL
DMart
R 217
paytm
Thank You Visit Again",217,food,upi,paytm,,ocr_receipt
subah tuition me 30874 rupay ka course liya G Pay pe,30874,education,upi,gpay,,hinglish_natural
sent ₹47787 to friend on CRED split bill UPI,47787,friends,upi,cred,icici,cue_row
"BSNL BILL
St: ₹2447.85
phonepe approved",2447.85,utilities,upi,phonepe,,ocr_receipt
bhai car loan EMI 1711 Google Pay se zyada ho gaya,1711,emi,upi,gpay,,hinglish_natural
Paid R 234 to Box8 Gpay UPI Canara 7176 Completed,234,food,upi,gpay,canara,ocr_upi
dopahar ko SIP se invest kiyaa 314 rupaiye ka UPI se pay kiya NIYO card se,314,investment,upi,paytm,niyo,hinglish_natural
TO:BROADBAND broadband.54495@axisbank From:UTSAVJANA (Axis Cred : sender9921@okaxisbank,202.93,utilities,upi,cred,axis,ocr_upi
Unacademy 2407 rs. credit card se,2407,education,card,,,hinglish_natural
33 ka mess bill pay kiya Gpay se,33,food,upi,gpay,,voice_transcript
46640 doctor ko de diya Apollo Pharmacy pe PhonePe se pay kiya hdfc account se,46640,healthcare,upi,phonepe,hdfc,hinglish_natural
gaming concert event ticket ?265 Phonepe,265,entertainment,upi,phonepe,,cue_row
Dominos payment Rs 269.02 done via card,269.02,food,card,,,english_natural
Coursera ka tuition de diye 4129 rs. credit card se bohot mehenga,4129,education,card,,,hinglish_natural
NEFT/TRANSFER/SNAPDEAL/,80.93,shopping,card,,,english_natural
3984 market,3984,shopping,upi,phonepe,kotak,english_natural
mutual fund 474 rupay credit card se,474,investment,card,,,hinglish_natural
Pizza Hut Rs170 BHIM,170,food,upi,bhim,kotak,ocr_upi
2564 Box8,2564,food,cash,,niyo,english_natural
1133 ka Goibibo bill pay kiya Cred se icici se kata,1133,travel,upi,cred,icici,voice_transcript
SIP pe 1786 rupaiye ka paisa daala CRED se pay kiya,1786,investment,upi,cred,,hinglish_natural
netflix spotify hotstar subscription movie show Rs296 G Pay,296,entertainment,upi,gpay,,cue_row
"D CARLOANEMI 9929 Completed 24Apr 2026,5:37 pm sbi Bank 5929 UPI transaction ID 009262886580 TO:CARLOANEMI car loan emi.74651@sbibank Goog1etransaction lD CICAgJjg080570 OPI gpay",9929,emi,upi,gpay,sbi,ocr_upi
electronics clothes shoes accessories purchase ₹1862 via cash,1862,shopping,cash,,,cue_row
23480 ka HDFC loan bill pay kiya BHIM se,23480,emi,upi,bhim,,voice_transcript
maine 342 rupaye society maintenance ko diye cash se,342,utilities,cash,,,voice_transcript
895 rs. mangwaya Haldirams pe cash me hdfc wale account se,895,food,cash,,hdfc,hinglish_natural
colleague ko 83 transfer kiya SLICE se,83,friends,upi,slice,sbi,friends_synthetic
717 rupay admission kiya books ko card se pay kia sbi card se,717,education,card,,sbi,hinglish_natural
H&M se buy kiya 394 rs ka credit card se State Bank wale account se,394,shopping,card,,sbi,hinglish_natural
bike loan EMI ka installment die 1537 rupay debit card se hdfc card se,1537,emi,card,,hdfc,hinglish_natural
Car loan EMI INR 27259,27259,emi,upi,phonepe,,source_english
auto 35643 rs. UPI se pay kya,35643,travel,upi,gpay,kotak,hinglish_natural
"CONCERT
Item 1 INR 210
Item 2 Rs 133
Total INR 194
CARD",194,entertainment,card,,,ocr_receipt
sent money to Rahul Rs 4458 on slice,4458,friends,upi,slice,,friends_synthetic
breakfast snacks chai coffee INR 3901 cash,3901,food,cash,,,cue_row
i did 45594 expense on stationery using card,45594,education,card,,,voice_transcript
yaar society maintenance se bill bhra 253 rupees ka GPay pe,253,utilities,upi,gpay,idfc,hinglish_natural
Paid 11454 to Zepto paytm UPI Axis Bank 2480 Successful,11454,food,upi,paytm,axis,ocr_upi
stationery ka admission kiya 54 rs phonepe se,54,education,upi,phonepe,,hinglish_natural
201 rupay installment de diye SBI loan pe Google Pay se pay kya,201,emi,upi,gpay,indusind,hinglish_natural
auto pe 38108 ka petrol bhra credit card se,38108,travel,card,,,hinglish_natural
rent maintenance gas connection 185 PayTM,185,utilities,upi,paytm,,cue_row
Just paid INR 1770.36 to RedBus through debit card,1770.36,travel,card,,,english_natural
Vi recharge INR 28126 Visa,28126,utilities,card,,,english_natural
4014 paid to Uber via Phonepe UPI from ICICI Bank ending 4228,4014,travel,upi,phonepe,icici,ocr_upi
239 rupaiye checkup karaya Practo ko BHIM se pay kar diya,239,healthcare,upi,bhim,,hinglish_natural
FirstCry 4909 rupaiye UPI se,4909,shopping,upi,gpay,yes bank,hinglish_natural
bhai NPS 24374 UPI se diy,24374,investment,upi,bhim,,hinglish_natural
Bajaj Finance EMI 77 Google Pay,77,emi,upi,gpay,hdfc,ocr_upi
"SBI loan 2362 Completed 21Mar 2026,11:08 am Indusind Bank 4876 UPI transaction ID 633640976282",2362,emi,upi,gpay,indusind,ocr_upi
1276 rs mangwaya JioMart pe via Bhim,1276,food,upi,bhim,,hinglish_natural
65 rs Coursera UPI se,65,education,upi,jupiter,,hinglish_natural
"BILL
electronics store
25639
phonepe
Thank You Visit Again",25639,shopping,upi,phonepe,kotak,ocr_receipt
"Receipt #4546
Subway
Amount Paid: ₹447
Mode: GPay",447,food,upi,gpay,,ocr_receipt
Rohan ko 306 transfer kiya paytm se,306,friends,upi,paytm,,friends_synthetic
dost Ananya ko 745 rupaye card se bheje,745,friends,card,,,friends_synthetic
ACT Fibernet mein 10527 lag gaye card se bhara,10527,utilities,card,,,voice_transcript
bhai Reliance Digital ka 47752 rupaye Google Pay se de diya,47752,shopping,upi,gpay,,voice_transcript
SonyLIV ka show dekha 410 rs debit card se yaar,31421,entertainment,card,,,source_hinglish
"TAX INVOICE
McDonald's
Grand Total: Rs178
Payment: CARD",178,food,card,,,ocr_receipt
i paid 3934 rupees for gas bill using PhonePe,3934,utilities,upi,phonepe,,voice_transcript
Lenskart ka checkup karaya 29862 rs. UPI se,18296,healthcare,upi,gpay,,source_hinglish
Bought tuition for 385 with cash,385,education,cash,,,english_natural
personal loan EMI se loan payment kiyaa 892 ka via Paytm axis account se,892,emi,upi,paytm,axis,hinglish_natural
Bought Groww for ₹224 with PhonePe,224,investment,upi,phonepe,,english_natural
Paid Rs.38441 for education loan EMI via debit card,38441,emi,card,,,english_natural
bhai society maintenance se recharge kiya 115 rupay ka naqad icici se,115,utilities,cash,,icici,hinglish_natural
YouTube Premium pe 4823 rupay ka ticket lya UPI se diyee,4823,entertainment,upi,paytm,,hinglish_natural
256 Amit,256,friends,cash,,,english_natural
Tata CLiQ INR 416.29 CRED,416.29,shopping,upi,cred,icici,ocr_upi
33421 rupay SBI loan PhonePe se,4236,emi,upi,phonepe,,source_hinglish
"WATER BILL
Item 1 ₹414
Item 2 INR 346
Total 194
CARD",194,utilities,card,,,ocr_receipt
ATM/CASH/BANK/1434,1434,food,upi,niyo,,english_natural
Paid INR 43002 for library via cash,43002,education,cash,,,english_natural
friend mein 4892 lag gaye card se bhara,4892,friends,card,,niyo,voice_transcript
tuition payment 1829.06 done via credit card,1829.06,education,card,,niyo,english_natural
Paid INR 406 for 1mg via phonepe,406,healthcare,upi,phonepe,,english_natural
bike loan EMI 34573 card se,34573,emi,card,,,hinglish_natural
Croma ka buy kar diya 26 rs debit card se,34818,shopping,card,,,source_hinglish
Reliance Digital mein 3440 lag gaye card se bhara,3440,shopping,card,,hdfc,voice_transcript
Paid R 9180.68 for restaurant from my NIYO account via cash,9180.68,food,cash,,niyo,english_natural
paid back friend lent money ₹147 cash,147,friends,cash,,,cue_row
gaming 15463 card se,15463,entertainment,card,,,hinglish_natural
Credit card EMI INR 8141,8141,emi,upi,gpay,,source_english
bhai friend ko udhar return kiya 3751 rs gpay se,3751,friends,upi,gpay,kotak,friends_synthetic
"CONCERT
Item 1 ₹500
Item 2 Rs 480
Total Rs 72.95
Phone Pe",72.95,entertainment,upi,phonepe,,ocr_receipt
education loan EMI pe 1379 rupees ka installment die debit card se,1379,emi,card,,,hinglish_natural
concert 3843,3843,entertainment,upi,slice,,english_natural
dopahar ko 2760 ₹ course lya Vedantu pe Jupiter se pay kr diya,2760,education,upi,jupiter,,hinglish_natural
21 rs stationery UPI se die,20705,education,upi,paytm,,source_hinglish
medical checkup lab test health insurance Rs19721 BHIM,19721,healthcare,upi,bhim,,cue_row
cafe payment Rs.288 done via BHIM,288,food,upi,bhim,,english_natural
ghar jaate waqt Amazon 7449 rupaye debit card se,7449,shopping,card,,,hinglish_natural
Spotify me 1408 ₹ ka movie dekhi card se,1408,entertainment,card,,hdfc,hinglish_natural
1326 ₹ SonyLIV debit card se,1326,entertainment,card,,,hinglish_natural
college fees se fees bhar diya 2502 ₹ ka credit card se,2502,education,card,,,hinglish_natural
dost Ananya ko 1079 rupaye Paytm se bheje,1079,friends,upi,paytm,,friends_synthetic
aaj 39720 rupaiye ride lia EaseMyTrip pe debit card se slice se kata,39720,travel,card,,slice,hinglish_natural
Netmeds ₹3427 debited from Axis,3427,healthcare,upi,gpay,axis,english_natural
maine 28 rupaye Meesho ko diye card se,28,shopping,card,,,voice_transcript
29262 ka Flipkart bill pay kiya card se,29262,shopping,card,,,voice_transcript
paid back friend lent money Rs.2716 BHIM,2716,friends,upi,bhim,,cue_row
gaming ka show dekha 3829 rupay haath se diye sbi se kata,3829,entertainment,cash,,sbi,hinglish_natural
JioMart se food order kiya 888 rupaiye ka UPI se diy Niyo se bc,888,food,upi,gpay,niyo,hinglish_natural
bhai Blinkit ka 33862 rupaye card se de diya,33862,food,card,,,voice_transcript
₹4666 paid to stocks via cred UPI from hdfc Bank ending 3986,4666,investment,upi,cred,hdfc,ocr_upi
split bill 15115 Paytm se Priya ko diya,15115,friends,upi,paytm,,friends_synthetic
raat ko Amazon ka buy kar diya 41933 rs paytm se pay kia HDFC Bank wale account se,41933,shopping,upi,paytm,hdfc,hinglish_natural
gold ka invest kar diya 46806 rupaiye card se,46806,investment,card,,,hinglish_natural
"TAX INVOICE
Vi recharge
Grand Total: Rs 31118.71
Payment: Fi",31118.71,utilities,upi,fi,,ocr_receipt
subah 1701 car loan EMI card se pay kiya budget tod diya,1701,emi,card,,,hinglish_natural
eye checkup se medicine lia 34478 rs ka UPI se diye,34478,healthcare,upi,phonepe,,hinglish_natural
Divya ka transfer kia 4042 rupaye PayTM se,4042,friends,upi,paytm,,hinglish_natural
Dunkin pe 194 rupaye ka kha liya card se matlab,194,food,card,,sbi,hinglish_natural
INR 88.59 to Coursera via card,88.59,education,card,,,english_natural
"TAX INVOICE
Faasos
Grand Total: Rs.15159.11
Payment: CARD",15159.11,food,card,,,ocr_receipt
Zara ka order kiyaa 22301 rs credit card se,27442,shopping,card,,,source_hinglish
Paid R 275.02 to cafe Google Pay UPI Kotak 2912 Done,275.02,food,upi,gpay,kotak,ocr_upi
DMart ka mangwaya 2432 rupay UPI se pay kiyaa,2432,food,upi,bhim,,hinglish_natural
aaj 326 rupaiye Practo haath se de diye,326,healthcare,cash,,icici,hinglish_natural
Just paid Rs 363.33 to Tata CLiQ through card,363.33,shopping,card,,,english_natural
college fees ka fees bhar diya 380 rupees card se HDFC card se,380,education,card,,hdfc,hinglish_natural
restaurant me 1910 rs ka khana khaaya credit card se bohot mehenga,1910,food,card,,,hinglish_natural
40423 rupaiye HDFC loan GPay se pay kya,40423,emi,upi,gpay,,hinglish_natural
Spent 2905.84 on IndiGo using credit card,2905.84,travel,card,,,english_natural
ATM/CASH/PUNJAB NATIONAL BANK/731.90,731.90,investment,upi,gpay,pnb,english_natural
maine 2598 rupaye EaseMyTrip ko diye phonepe se,2598,travel,upi,phonepe,,voice_transcript
i did 359 expense on Bajaj Finance EMI using card,359,emi,card,,hdfc,voice_transcript
i paid 4813 rupees for BigBasket using Paytm,4813,food,upi,paytm,,voice_transcript
"D SPOTIFY 443.95 Completed 25Mar 2026,1:09 pm State Bank Bank 6079 UPI transaction ID 461016810713779 TO:SPOTIFY spotify.74189@state bankbank Soogletransaction lD CICAgJjg514607 OPI slice",443.95,entertainment,upi,slice,sbi,ocr_upi
Udemy ka books liya 462 rupaiye debit card se Fi Money card se,462,education,card,,fi,hinglish_natural
Amazon Prime ka movie dekhi 444 rs. via Paytm,444,entertainment,upi,paytm,,hinglish_natural
ghar jaate waqt 364 ₹ rent cash diy,364,utilities,cash,,,hinglish_natural
Library fee INR 18561,18561,education,card,,,source_english
sent Rs.5878 to dost on PhonePe,5878,friends,upi,phonepe,,friends_synthetic
dost Shreya ko 146 rupaye Paytm se bheje,146,friends,upi,paytm,hdfc,friends_synthetic
Paid ₹3747 to Zara G Pay UPI hdfc 2402 Successful,3747,shopping,upi,gpay,hdfc,ocr_upi
mobile recharge 174 ₹ UPI se pay kya,174,utilities,upi,paytm,icici,hinglish_natural
bhai Pooja ko udhar return kiya 320 rs GPay se,320,friends,upi,gpay,kotak,friends_synthetic
160.24 paid to clinic via Phonepe UPI from State Bank Bank ending 2771,160.24,healthcare,upi,phonepe,sbi,ocr_upi
raat ko 20292 rupaiye personal loan EMI card se pay kiyaa,44640,emi,card,,,source_hinglish
ghar jaate waqt Indian Oil 1957 debit card se,1957,travel,card,,,hinglish_natural
Spent Rs 2239.01 on broadband using Paytm,2239.01,utilities,upi,paytm,,english_natural
Gaana me 35098 rs. ka game liyaa UPI se diye,35098,entertainment,upi,paytm,,hinglish_natural
upGrad 249,249,education,upi,gpay,,english_natural
1754 home loan EMI cred se,1754,emi,upi,cred,,hinglish_natural
i paid 1608 rupees for colleague using phonepe,1608,friends,upi,phonepe,,voice_transcript
upGrad se books lia 1820 ₹ ka credit card se,1820,education,card,,,hinglish_natural
Paid ₹332 for dhaba via debit card,332,food,card,,hdfc,english_natural
Haldirams ka 479 rupees ka bill Gpay se pay kiya,479,food,upi,gpay,,voice_transcript
paid Priya Rs.4161 via PayTM,4161,friends,upi,paytm,,friends_synthetic
31957 rupay Behrouz naqad,6943,food,cash,,hdfc,source_hinglish
Pizza delivery INR 45435,45435,food,card,,,source_english
i did 4358 expense on SpiceJet using cash,4358,travel,cash,,,voice_transcript
i did 201 expense on cafe using card,201,food,card,,,voice_transcript
BookMyShow payment ?163 done via credit card,163,entertainment,card,,sbi,english_natural
abhi 4110 Apollo Pharmacy UPI se die,4110,healthcare,upi,gpay,jupiter,hinglish_natural
PPF 31127 rs. via PayTM,31127,investment,upi,paytm,jupiter,hinglish_natural
Rs.3633 to friend SLICE UPI,3633,friends,upi,slice,,friends_synthetic
NEFT/TRANSFER/FD/,2227,investment,card,,,english_natural
2791 rupay education loan EMI UPI se diy,2791,emi,upi,niyo,,hinglish_natural
gpay payment 4496 Udemy PNB 3100 successful,4496,education,upi,gpay,pnb,ocr_upi
kal Reliance Digital 34688 rupees credit card se,34688,shopping,card,,,hinglish_natural
Myntra 12789,12789,shopping,cash,,,english_natural
1938 rupaye buy kia Snapdeal pe UPI se,1938,shopping,upi,niyo,,hinglish_natural
school college tuition course books fees ₹36981 G Pay,36981,education,upi,gpay,,cue_row
personal loan EMI ka installment die 4532 ₹ gpay se pay kr diya,4532,emi,upi,gpay,,hinglish_natural
bhai 156 rs mangwaya Box8 ko UPI se,156,food,upi,jupiter,,hinglish_natural
"GAANA
Item 1 ₹169
Item 2 ₹414
Total t1612
CARD",1612,entertainment,card,,,ocr_receipt
1732 rupay doctor ko diye Netmeds ko Paytm se,1732,healthcare,upi,paytm,,hinglish_natural
Rs 707 paid to eye checkup via Cred UPI from HDFC Bank Bank ending 6402,707,healthcare,upi,cred,hdfc,ocr_upi
today i spent 2588 on PPF via card,2588,investment,card,,,voice_transcript
subah 27046 rupaye credit card EMI Cred pe,27046,emi,upi,cred,,hinglish_natural
bhai JioCinema ka 3554 rupaye PhonePe se de diya,3554,entertainment,upi,phonepe,,voice_transcript
163 rs payment kar diya society maintenance ko UPI se pay kar diya,163,utilities,upi,slice,sbi,hinglish_natural
rent maintenance gas connection INR 2912 card,2912,utilities,card,,,cue_row
?155 paid to electricity bill via Google Pay UPI from hdfc Bank ending 3940,155,utilities,upi,gpay,hdfc,ocr_upi
3723 rupees kha liya Subway ko UPI se pay kiyaa,3723,food,upi,slice,,hinglish_natural
"Receipt #5691
SonyLIV
Amount Paid: Rs 9127
Mode: CASH",9127,entertainment,cash,,,ocr_receipt
bhai 1mg ka 18406 rupaye cash se de diya,18406,healthcare,cash,,,voice_transcript
today i spent 82 on auto via card from my Fi bank,82,travel,card,,fi,voice_transcript
office se aate hue Blinkit pe 1763 rupaye ka khana khayaa UPI se,1763,food,upi,phonepe,sbi,hinglish_natural
paid 4393 to Rapido through Jupiter,4393,travel,upi,jupiter,,voice_transcript
kal 986 rupaiye kha liya cafe pe naqad,986,food,cash,,,hinglish_natural
Uber se ticket book kiyaa 239 rupaye ka naqad,239,travel,cash,,,hinglish_natural
home loan EMI se installment de diya 91 rs. ka card se pay kiyaa NIYO se,91,emi,card,,niyo,hinglish_natural
ACT Fibernet ?6809.73 debited from jupiter,6809.73,utilities,upi,jupiter,jupiter,english_natural
"D DUNKIN 18044.56 Completed 24Apr 2026,4:55 pm Axis Bank Bank 5749 UPI transaction ID 201306533239691 TO:DUNKIN dunkin.22810@axis bankbank Goog1etransaction lD XYZabc411516 OPI Phone Pe",18044.56,food,upi,phonepe,axis,ocr_upi
paid back friend lent money Rs.42251 G Pay,42251,friends,upi,gpay,,cue_row
broadband 972.09,972.09,utilities,upi,paytm,,english_natural
989 Coursera credit card se,989,education,card,,,hinglish_natural
flatmate rent share 3864 Gpay bro,3864,friends,upi,gpay,,friends_synthetic
Coursera 10594 rs. card se pay kr diya,10594,education,card,,sbi,hinglish_natural
"TAX INVOICE
dentist
Grand Total: ?53.52
Payment: CARD",53.52,healthcare,card,,,ocr_receipt
"ZARA
Item 1 Rs 50
Item 2 225
Total ₹136
CARD",136,shopping,card,,axis,ocr_receipt
POS/NYKAA/CREDIT CARD/6442,24721,shopping,card,,,english_natural
sent 144 to friend on CRED split bill UPI,144,friends,upi,cred,,cue_row
Paid Rs.4896.57 for stationery from my icici account via PayTM,4896.57,education,upi,paytm,icici,english_natural
water bill se bill pay kia 2234 ₹ ka UPI se die,2234,utilities,upi,phonepe,,hinglish_natural
Behrouz 13603 cash,13603,food,cash,,fi,english_natural
457 rupees Yatra card icici account,457,travel,card,,icici,voice_transcript
sent INR 2420 to Shreya on card,2420,friends,card,,,friends_synthetic
BSNL se recharge kiyaa 380 rs ka UPI se diye zyada ho gaya,46698,utilities,upi,cred,,source_hinglish
TO:BAJAJFINANCEEMI bajajfinanceemi.11384@axisbank From:RAHULKUMAR (Axis Phone Pe : user9446@okaxisbank,298,emi,upi,phonepe,axis,ocr_upi
education loan EMI payment INR 208 done via Visa,208,emi,card,,hdfc,english_natural
medical checkup lab test health insurance Rs.9227 cash,9227,healthcare,cash,,,cue_row
maine 1172 rupaye H&M ko diye card se,1172,shopping,card,,hdfc,voice_transcript
hospital doctor pharmacy medicine diagnostic Rs.4604 card,4604,healthcare,card,,,cue_row
bike loan EMI se EMI kat gayi 457 rs ka cred se,457,emi,upi,cred,,hinglish_natural
bhai gold 373 rs debit card se,373,investment,card,,,hinglish_natural
"D IRCTC 3239 Completed 2Mar 2026,8:38 pm Union Bank Bank 1067 UPI transaction ID 490515848882581 TO:IRCTC irctc.34240@union bankbank Goog1etransaction lD CICAgJjg272581 OPI PhonePe",3239,travel,upi,phonepe,union bank,ocr_upi
Rs.166 paid to Starbucks via PayTM UPI from Punjab National Bank Bank ending 1095,166,food,upi,paytm,pnb,ocr_upi
"Meesho BILL
St: 1245.97
CARD APPROVED",1245.97,shopping,card,,,ocr_receipt
flatmate rent share 392 cash Rohan,392,friends,cash,,,friends_synthetic
Spent ₹1299.60 on tuition using cash,1299.60,education,cash,,,english_natural
NEFT/TRANSFER/UNACADEMY/,171.67,education,cash,,,english_natural
INR 279 charged for Uber on cash,279,travel,cash,,,english_natural
doctor ka checkup karaya 147 rs via Fi Money bc,147,healthcare,upi,fi,,hinglish_natural
MakeMyTrip 2288 rupay credit card se State Bank se kata yaar,2288,travel,card,,sbi,hinglish_natural
dopahar ko Reliance Fresh ka kha liya 21842 rupay PhonePe se kotak card se,21842,food,upi,phonepe,kotak,hinglish_natural
MARKET INR 40,40,shopping,upi,niyo,,english_natural
Bajaj Finance EMI 2039 rs credit card se,2039,emi,card,,,hinglish_natural
3264 rupaye YouTube Premium card se pay kr diya,3264,entertainment,card,,niyo,hinglish_natural
Behrouz 184.09 PayTM,184.09,food,upi,paytm,bob,ocr_upi
UPI/67894934/PRACTO/AXIS,15644,healthcare,card,,axis,english_natural
maine 4633 rupaye SpiceJet ko diye slice se,4633,travel,upi,slice,sbi,voice_transcript
Jio recharge se bill pay kya 40838 rupaye ka G Pay pe,40838,utilities,upi,gpay,sbi,hinglish_natural
Paid Croma 134 using Mastercard from NIYO,134,shopping,card,,niyo,english_natural
Reliance Fresh 4732.12 Bhim Payment done ICICI 4109,4732.12,food,upi,bhim,icici,ocr_upi
432 rupaye course le liya Udemy pe card se pay kr diya bhai,432,education,card,,,hinglish_natural
aaj 2177 rupay dawai lya clinic ko credit card se,2177,healthcare,card,,,hinglish_natural
"GAMING RESTAURANT
Total 21021.83
Cash Received
Change 0.00",21021.83,entertainment,upi,phonepe,,ocr_receipt
18129 paid to upGrad via PhonePe UPI from HDFC Bank ending 7684,18129,education,upi,phonepe,hdfc,ocr_upi
hospital doctor pharmacy medicine diagnostic 4357 PhonePe,4357,healthcare,upi,phonepe,,cue_row
mutual fund SIP stocks PPF FD investment INR 4376 card,4376,investment,card,,,cue_row
"D SIP 4934 Completed 22Mar 2026,2:38 pm idfc Bank 2659 UPI transaction ID 68327628908237 TO:SIP sip.24365@idfcbank Soogletransaction lD XYZabc602339 OPI slice",4934,investment,upi,slice,idfc,ocr_upi
Groww ka paisa daala 3122 rupees PayTM se,3122,investment,upi,paytm,,hinglish_natural
POS/DMART/PHONEPE/5354,48682.21,food,upi,phonepe,,english_natural
35263 rupees PharmEasy PayTM,35263,healthcare,upi,paytm,,voice_transcript
"insurance premium BILL
St: 48084
Gpay APPROVED",48084,utilities,upi,gpay,,ocr_receipt
Vi recharge payment 880 done via GPay,880,utilities,upi,gpay,,english_natural
raat ko 4490 rupaye tuition de diye school fees pe cred pe,4490,education,upi,cred,icici,hinglish_natural
639 rupaye game lya gaming pe via G Pay,639,entertainment,upi,gpay,,hinglish_natural
Just paid 1386 to ET Money through Google Pay,1386,investment,upi,gpay,idfc,english_natural
Just paid Rs.3615.39 to concert through credit card,3615.39,entertainment,card,,niyo,english_natural
"D UNACADEMY 4093 Completed 26Feb 2026,4:08 pm Axis Bank Bank 3960 UPI transaction ID 83562737119 TO:UNACADEMY unacademy.20847@axis bankbank Goog1etransaction lD CICAgJjg604540 OPI paytm",4093,education,upi,paytm,axis,ocr_upi
352 rupees kha liya BigBasket pe card se sbi se,352,food,card,,sbi,hinglish_natural
Paid ₹2114.92 to college fees Phonepe UPI sbi 4970 Completed,2114.92,education,upi,phonepe,sbi,ocr_upi
office se aate hue Croma ka order kya 13542 ₹ card se pay kya,13542,shopping,card,,,hinglish_natural
mobile recharge ka bill pay kiya 1404 rupaiye card se pay kar diya Canara Bank se,1404,utilities,card,,canara,hinglish_natural
aaj flatmate pe 1060 rupaye kharcha hua phonepe se,1060,friends,upi,phonepe,,voice_transcript
"Chai Point
Net Amount 270
Paid via CARD",270,food,card,,icici,ocr_receipt
Coin 3864 rupaye UPI se diyee,3864,investment,upi,jupiter,,hinglish_natural
Paid Amit t57 using PhonePe,57,friends,upi,phonepe,,english_natural
TO:APPLEMUSIC applemusic.24708@punjabnationalbankbank From:PRIYASHARMA (Punjab National Bank GPay : sender8804@okpunjabnationalbankbank,41553,entertainment,upi,gpay,pnb,ocr_upi
13207 rupees FD via slice,13207,investment,upi,slice,,hinglish_natural
paid back friend lent money Rs 4218 cash,4218,friends,cash,,,cue_row
INR 6518.71 paid to RedBus via G Pay UPI from sbi Bank ending 6007,6518.71,travel,upi,gpay,sbi,ocr_upi
Meesho 261 rupaiye credit card se,261,shopping,card,,,hinglish_natural
Spotify se subscription renew kia 45096 rs. ka card se pay kiyaa,45096,entertainment,card,,hdfc,hinglish_natural
dopahar ko 296 rs loan payment kar diya Bajaj Finance EMI ko debit card se,296,emi,card,,hdfc,hinglish_natural
33487 rupees water bill Bhim Kotak Mahindra account,33487,utilities,upi,bhim,kotak,voice_transcript
SpiceJet me 607 rupaiye ka kiraya diye haath se diy,607,travel,cash,,,hinglish_natural
Bought YouTube Premium for Rs.3653 with cash,3653,entertainment,cash,,,english_natural
raat ko DishTV pe 4726 rs. ka bill pay kia credit card se,4726,utilities,card,,,hinglish_natural
friend ko 21590 transfer kiya Phone Pe se,21590,friends,upi,phonepe,,friends_synthetic
home loan EMI 3869,3869,emi,upi,paytm,,english_natural
gaming concert event ticket ₹2105 jupiter,2105,entertainment,upi,jupiter,,cue_row
upGrad pe 11530 rupaye ka books liya card se pay kya,11530,education,card,,,hinglish_natural
Electricity bill payment INR 7348,7348,utilities,upi,paytm,,source_english
"TAX INVOICE
Lenskart
Grand Total: ₹105.89
Payment: CASH",105.89,shopping,cash,,,ocr_receipt
15652 to Yatra via G Pay,15652,travel,upi,gpay,,english_natural
Rs.1271 debited from your Kotak account for Netmeds (gpay UPI),1271,healthcare,upi,gpay,kotak,ocr_upi
ATM/CASH/BANK/11747.24,11747.24,friends,upi,paytm,,english_natural
2884 rs mangwaya Starbucks pe UPI se pay kiya matlab,2884,food,upi,jupiter,pnb,hinglish_natural
paid 3814 to Pooja through Fi from ICICI Bank,3814,friends,upi,fi,icici,voice_transcript
subah Coursera se admission kar diya 2452 rupees ka card se matlab,2452,education,card,,sbi,hinglish_natural
Paid Rs 456 for dost via PhonePe,456,friends,upi,phonepe,,english_natural
Practo se doctor ko diye 1170 rupaye ka haath se de diya,1170,healthcare,cash,,,hinglish_natural
Zomato 4973 rupay card se pay kiyaa,4973,food,card,,,hinglish_natural
paid 2584 to Kuvera through card from ICICI,2584,investment,card,,icici,voice_transcript
Payment of Rs 23695 to flatmate was successful via phonepe UPI Ref No 5947910999937 SBI Account 4690,23695,friends,upi,phonepe,sbi,ocr_upi
Bought gold for Rs3850 with Visa,3850,investment,card,,fi,english_natural
school fees ka fees bhara 457 via phonepe budget tod diya,457,education,upi,phonepe,,hinglish_natural
POS/PVR/CREDIT CARD/4988,173,entertainment,card,,,english_natural
POS/HOSPITAL/PHONEPE/6206,46899,healthcare,upi,phonepe,pnb,english_natural
electronics store pe 12843 ka order kia UPI se diye,12843,shopping,upi,gpay,sbi,hinglish_natural
32107 ₹ Paytm Money gpay se pay kia,32107,investment,upi,gpay,,hinglish_natural
3716 rupaiye Snapdeal card se,3716,shopping,card,,,hinglish_natural
"Receipt #8050
broadband
Amount Paid: ₹47211
Mode: CARD",47211,utilities,card,,sbi,ocr_receipt
i paid 2166 rupees for coaching using cash,2166,education,cash,,,voice_transcript
Rs 44451 paid to Rapido via slice UPI from hdfc Bank ending 4830,44451,travel,upi,slice,hdfc,ocr_upi
Paytm Money 38299,38299,investment,upi,jupiter,,english_natural
maine 173 rupaye Uber ko diye cash se,173,travel,cash,,slice,voice_transcript
4005 rupay HDFC loan card se,4005,emi,card,,icici,hinglish_natural
yaar 4512 rupees Amazon Prime UPI se pay kia,4512,entertainment,upi,fi,,hinglish_natural
"TAX INVOICE
Meesho
Grand Total: Rs.466.27
Payment: CARD",466.27,shopping,card,,axis,ocr_receipt
ghar jaate waqt Indian Oil 422 rupaiye cash diy achha deal mila,35701,travel,cash,,,source_hinglish
Hospital bill INR 11279,11279,healthcare,upi,cred,,source_english
480 rupaiye roommate Slice se pay kar diya,480,friends,upi,slice,,hinglish_natural
split bill 1202 jupiter se Divya ko diya,1202,friends,upi,jupiter,hdfc,friends_synthetic
214 ka Ananya bill pay kiya paytm se,214,friends,upi,paytm,,voice_transcript
paid 110 to BookMyShow through card,110,entertainment,card,,,voice_transcript
"MedPlus 20238.28 Completed 20May 2025,4:40 am State Bank 6161 UPI transaction ID 58140101190",20238.28,healthcare,upi,cred,sbi,ocr_upi
gas bill payment INR 3358 done via Slice,3358,utilities,upi,slice,,english_natural
Just paid Rs 46942 to food court through cash,46942,food,cash,,,english_natural
PharmEasy ₹20781 cash,20781,healthcare,cash,,,english_natural
TO:POOJA pooja.33001@axisbank From:RAHULKUMAR (Axis phonepe : sender5309@okaxisbank,20507.59,friends,upi,phonepe,axis,ocr_upi
GPay payment Rs.115 Yatra IDFC First 1201 done,115,travel,upi,gpay,idfc,ocr_upi
467 ₹ course lya college fees pe credit card se hdfc se,467,education,card,,hdfc,hinglish_natural
NEFT/TRANSFER/TUITION/,10959,education,upi,phonepe,,english_natural
Spent 1582.94 on Groww using PhonePe,1582.94,investment,upi,phonepe,,english_natural
subah EatFit 2892 PayTM se pay kia,2892,food,upi,paytm,fi,hinglish_natural
i did 563 expense on Gaana using card,563,entertainment,card,,sbi,voice_transcript
PPF pe 1433 rupaye ka paisa daala debit card se,3326,investment,card,,icici,source_hinglish
society maintenance 2227 CRED,2227,utilities,upi,cred,hdfc,ocr_upi
split bill 172 G Pay se Ananya ko diya,172,friends,upi,gpay,,friends_synthetic
"TAX INVOICE
Tata Play
Grand Total: ₹1851
Payment: GPay",1851,utilities,upi,gpay,,ocr_receipt
"IndiGo 739 Completed 13Mar 2025,11:07 pm Yes Bank 8913 UPI transaction ID 94260320039029",739,travel,upi,jupiter,yes bank,ocr_upi
437 ka Hotstar bill pay kiya card se,437,entertainment,card,,,voice_transcript
sent money to Amit Rs.19582 on GPay,19582,friends,upi,gpay,,friends_synthetic
office se aate hue flatmate 497 rupay via slice Kotak Mahindra account se,497,friends,upi,slice,kotak,hinglish_natural
46532 rs khana khya Haldirams ko UPI se,46532,food,upi,paytm,sbi,hinglish_natural
"TAX INVOICE
JioMart
Grand Total: 41070
Payment: CASH",41070,food,cash,,icici,ocr_receipt
ACT Fibernet pe 12847 rupay ka bill pay kiya Phonepe pe NIYO wale account se achha deal mila,12847,utilities,upi,phonepe,niyo,hinglish_natural
1368 rupees school fees cash,1368,education,cash,,,voice_transcript
"H&M BILL
St: 4031.24
Google Pay APPROVED",4031.24,shopping,upi,gpay,,ocr_receipt
dost Rs 34396 bhim,34396,friends,upi,bhim,kotak,ocr_upi
rent maintenance gas connection INR 129 paytm,129,utilities,upi,paytm,hdfc,cue_row
grocery vegetables milk bread fruits t2120 paid card,2120,food,card,,,cue_row
amazon flipkart myntra online shopping order Rs42513 Phonepe,42513,shopping,upi,phonepe,,cue_row
"H&M
Net Amount 37
Paid via CARD",37,shopping,card,,yes bank,ocr_receipt
Rs.497 to YouTube Premium via Visa Kotak Mahindra account,497,entertainment,card,,kotak,english_natural
office se aate hue YouTube Premium 301 rupay Gpay se Fi se kata,301,entertainment,upi,gpay,fi,hinglish_natural
sent t271 to Pooja on Slice,271,friends,upi,slice,,friends_synthetic
bhai Zara ka 4323 rupaye gpay se de diya,4323,shopping,upi,gpay,,voice_transcript
4519.60 debited from your State Bank account for Arjun (gpay UPI),4519.60,friends,upi,gpay,sbi,ocr_upi
lunch dinner food order swiggy zomato restaurant meal 4825 jupiter,4825,food,upi,jupiter,,cue_row
Ajio 1308 rs. Gpay se pay kia,1308,shopping,upi,gpay,,hinglish_natural
POS/UNACADEMY/VISA/2241,4994.25,education,card,,icici,english_natural
Car loan EMI INR 1982,1982,emi,card,,,source_english
petrol diesel fuel ₹11712 at pump card,11712,travel,card,,,cue_row
37156 Hotstar card se pay kya,37156,entertainment,card,,idfc,hinglish_natural
Just paid Rs 8479 to food court through PayTM,8479,food,upi,paytm,,english_natural
aaj YouTube Premium 4044 ₹ via PayTM yaar,4044,entertainment,upi,paytm,sbi,hinglish_natural
"D EYECHECKUP 35637 Completed 24Feb 2026,1:52 pm sbi Bank 8063 UPI transaction ID 342299785321 TO:EYECHECKUP eye checkup.10438@sbibank Soogletransaction lD CICAgJjg989309 OPI PayTM",35637,healthcare,upi,paytm,sbi,ocr_upi
subah 194 rupay Paytm Money Phone Pe pe,194,investment,upi,phonepe,hdfc,hinglish_natural
bike loan EMI 41576 rupaiye UPI se pay kya yaar,41576,emi,upi,gpay,,hinglish_natural
UPI/55987329/LIBRARY/SBI,41990,education,card,,sbi,english_natural
bhai Faasos ka 4336 rupaye PhonePe se de diya,4336,food,upi,phonepe,hdfc,voice_transcript
aaj MedPlus pe 3428 rupaye kharcha hua cash se,3428,healthcare,cash,,niyo,voice_transcript
Divya 4038 rupaiye GPay se pay kr diya HDFC Bank wale account se,4038,friends,upi,gpay,hdfc,hinglish_natural
dinner split 4333 rupaye Neha Phone Pe,4333,friends,upi,phonepe,,friends_synthetic
"FIRSTCRY
Item 1 ₹438
Item 2 215
Total ₹2192
CARD",2192,shopping,card,,sbi,ocr_receipt
BookMyShow ka game lia 220 rupaye CRED pe,220,entertainment,upi,cred,,hinglish_natural
YouTube Premium 9938.18 cash,9938.18,entertainment,cash,,,english_natural
"Netmeds BILL
St: ₹10354
PayTM APPROVED",10354,healthcare,upi,paytm,icici,ocr_receipt
Paid ₹23606 for Amazon via debit card,23606,shopping,card,,,english_natural
772 rupaiye installment diyee HDFC loan ko card se,772,emi,card,,,hinglish_natural
BookMyShow Rs910.59 debited from Axis,910.59,entertainment,card,,axis,english_natural
Haldirams 3405 cash me,3405,food,cash,,,hinglish_natural
423 rupaiye Bharat Petroleum card se pay kia,423,travel,card,,,hinglish_natural
18815 rupees hospital paytm pe zyada ho gaya,18815,healthcare,upi,paytm,,hinglish_natural
medical checkup lab test health insurance INR 4579 card,4579,healthcare,card,,,cue_row
kal 82 rupaiye Spotify card se pay kr diya,24221,entertainment,card,,,source_hinglish
Spent ₹4374 on Jio recharge using cash,4374,utilities,cash,,,english_natural
Paid SonyLIV INR 4314 using gpay from Kotak Mahindra,4314,entertainment,upi,gpay,kotak,english_natural
TO:SIP sip.12704@hdfcbankbank From:RAHULKUMAR (HDFC Bank gpay : user6110@okhdfcbankbank,437,investment,upi,gpay,hdfc,ocr_upi
421 cab le liya Air India pe debit card se,421,travel,card,,,hinglish_natural
ACT Fibernet ka bill pay kia 215 ₹ card se pay kr diya,215,utilities,card,,,hinglish_natural
KUVERA INR 29824.47,29824.47,investment,upi,phonepe,,english_natural
flight booking travel ticket Rs 49 cash,49,travel,cash,,,cue_row
Amazon Prime se game lia 54 ₹ ka credit card se sasta tha,54,entertainment,card,,axis,hinglish_natural
i paid 3690 rupees for IndiGo using cash,3690,travel,cash,,,voice_transcript
hospital se medicine lya 16844 rupaiye ka Phone Pe pe,16844,healthcare,upi,phonepe,,hinglish_natural
Rahul se dost ko die 48529 rupaiye ka UPI se diy Axis wale account se,48529,friends,upi,niyo,axis,hinglish_natural
Water bill INR 30372,30372,utilities,upi,gpay,,source_english
H&M pe 318 rupaye ka saman le liya credit card se,318,shopping,card,,jupiter,hinglish_natural
ATM/CASH/BANK/3643,3643,education,upi,paytm,,english_natural
2666.71 debited from your Indusind Bank account for gold (BHIM UPI),2666.71,investment,upi,bhim,indusind,ocr_upi
3492 CRED ET Money,3492,investment,upi,cred,bob,english_natural
bhai Vikram ko udhar return kiya 3586 rs Phone Pe se,3586,friends,upi,phonepe,,friends_synthetic
abhi JioCinema ka game liyaa 80 haath se de diye,80,entertainment,cash,,,hinglish_natural
today i spent 276 on BSNL via cash from my SBI bank,276,utilities,cash,,sbi,voice_transcript
Angel One 1030 PhonePe se,16129,investment,upi,phonepe,sbi,source_hinglish
Doctor consultation INR 22665,22665,healthcare,cash,,bandhan,source_english
paid 26417 to YouTube Premium through cash,26417,entertainment,cash,,,voice_transcript
electricity water broadband mobile recharge bill Rs.3282 Cred,3282,utilities,upi,cred,axis,cue_row
paid yaar 734 via Cred,734,friends,upi,cred,,friends_synthetic
PharmEasy pe 3927 rupees ka test karaya card se pay kya bhai,3927,healthcare,card,,,hinglish_natural
Online course subscription INR 43497,43497,education,card,,,source_english
Just paid Rs 183 to college fees through Mastercard,183,education,card,,,english_natural
aaj 481 rs. Dominos cash die yaar,481,food,cash,,,hinglish_natural
Paid 1694 for Netflix via paytm,1694,entertainment,upi,paytm,,english_natural
"GAANA RESTAURANT
Total 13206
Cash Received
Change 0.00",13206,entertainment,upi,phonepe,,ocr_receipt
flatmate rent share 409 cash Pooja,409,friends,cash,,,friends_synthetic
mutual fund SIP stocks PPF FD investment ₹128 card,128,investment,card,,,cue_row
mutual fund SIP stocks PPF FD investment Rs.8957 bhim,8957,investment,upi,bhim,,cue_row
1mg ka 350 rupees ka bill card se pay kiya,350,healthcare,card,,,voice_transcript
SBI loan 37588 Bhim,37588,emi,upi,bhim,hdfc,english_natural
Spent Rs.50 on IndiGo using card,50,travel,card,,,english_natural
paid Neha 211 via jupiter,211,friends,upi,jupiter,,friends_synthetic
i did 896 expense on friend using bhim,896,friends,upi,bhim,slice,voice_transcript
INOX se game liyaa 3125 rs. ka UPI se,3125,entertainment,upi,paytm,hdfc,hinglish_natural
phonepe payment R 107.69 NPS Axis 4530 done,107.69,investment,upi,phonepe,axis,ocr_upi
36240 ka water bill bill pay kiya phonepe se,36240,utilities,upi,phonepe,,voice_transcript
electricity water broadband mobile recharge bill ₹27543 card,27543,utilities,card,,sbi,cue_row
TO:EYECHECKUP eyecheckup.32813@axisbank From:UTSAVJANA (Axis Phonepe : sender9190@okaxisbank,3764,healthcare,upi,phonepe,axis,ocr_upi
"Shreya 33935.91 Completed 22Jan 2025,11:23 am hdfc 5444 UPI transaction ID 44576883351",33935.91,friends,upi,gpay,hdfc,ocr_upi
Payment of Rs 1364 to Indian Oil was successful via Gpay UPI Ref No 534764144271974 Federal Bank Account 1489,1364,travel,upi,gpay,federal bank,ocr_upi
POS/HOSPITAL/NIYO/5825,46653,healthcare,upi,niyo,icici,english_natural
₹26681.32 paid to Netmeds via Mastercard from SLICE,26681.32,healthcare,card,,slice,english_natural
Paid ?118.87 for electronics store via cred,118.87,shopping,upi,cred,,english_natural
spent 1814 rupees on EatFit via GPay,1814,food,upi,gpay,,voice_transcript
raat ko Reliance Digital ka buy kiya 200 ₹ debit card se,200,shopping,card,,,hinglish_natural
coaching exam preparation study material Rs.3989 cash,3989,education,cash,,,cue_row
Meesho ₹48064 debited from kotak,48064,shopping,cash,,kotak,english_natural
college fees payment INR 3789 done via PayTM,3789,education,upi,paytm,,english_natural
bhai Arjun ko udhar return kiya 1919 rs card se,1919,friends,card,,,friends_synthetic
rickshaw INR 32163.86 cash,32163.86,travel,cash,,,english_natural
home loan EMI 18441 rs card se pay kar diya,18441,emi,card,,,hinglish_natural
Spent Rs73 on stocks using Visa,73,investment,card,,,english_natural
Bought Zee5 for 340 with Mastercard,340,entertainment,card,,,english_natural
mobile recharge ka bill pay kr diya 1861 rupaye naqad,1861,utilities,cash,,fi,hinglish_natural
27424 rs. books lya stationery ko card se pay kr diya,27424,education,card,,sbi,hinglish_natural
breakfast snacks chai coffee 2476 card,2476,food,card,,icici,cue_row
Paid INR 16705 for Paytm Money via debit card,16705,investment,card,,jupiter,english_natural
Paid t83.39 for Reliance Fresh via PayTM,83.39,food,upi,paytm,,english_natural
"BILL
1mg
₹2301
GPay
Thank You Visit Again",2301,healthcare,upi,gpay,,ocr_receipt
₹437 to MedPlus via PhonePe,437,healthcare,upi,phonepe,,english_natural
11768 charged for Neha on GPay,11768,friends,upi,gpay,,english_natural
office se aate hue 2842 rs. doctor UPI se,2842,healthcare,upi,gpay,,hinglish_natural
Just paid Rs 30614.98 to Bajaj Finance EMI through debit card,30614.98,emi,card,,sbi,english_natural
"D SPOTIFY 44755 Completed 14Mar 2026,5:53 pm ICICI Bank Bank 4200 UPI transaction ID 80684145795 TO:SPOTIFY spotify.55516@icici bankbank Goog1etransaction lD XYZabc815679 OPI PayTM",44755,entertainment,upi,paytm,icici,ocr_upi
37 ₹ Paytm Money SLICE pe,37,investment,upi,slice,,hinglish_natural
sent money to Priya 23969 on Niyo,23969,friends,upi,niyo,rbl,friends_synthetic
flatmate rent share 431 GPay bro,431,friends,upi,gpay,,friends_synthetic
maine 18851 rupaye Haldirams ko diye cash se,18851,food,cash,,hdfc,voice_transcript
hospital doctor pharmacy medicine diagnostic ₹36134 card,36134,healthcare,card,,rbl,cue_row
POS/MAKEMYTRIP/DEBIT CARD/2187,28253.40,travel,card,,,english_natural
crypto gold bonds NPS portfolio Rs.477 paytm,477,investment,upi,paytm,,cue_row
Subway ?19990 Mastercard,19990,food,card,,,english_natural
H&M 300 rupaye card se sasta tha,300,shopping,card,,jupiter,hinglish_natural
SonyLIV ka show dekha 181 rupaiye card se,181,entertainment,card,,,hinglish_natural
TO:ANANYA ananya.21766@icicibank From:RAHULKUMAR (ICICI Jupiter : sender3198@okicicibank,5061,friends,upi,jupiter,icici,ocr_upi
Paytm Money pe 36006 ka SIP bharra credit card se,43713,investment,card,,yes bank,source_hinglish
uber ola cab ride airport train ticket INR 362 GPay,362,travel,upi,gpay,,cue_row
eye checkup ka medicine le liya 1572 GPay se matlab,1572,healthcare,upi,gpay,sbi,hinglish_natural
Spent INR 19680 on credit card EMI using debit card,19680,emi,card,,slice,english_natural
Unacademy pe 33953 rs ka tuition de diye via BHIM,33953,education,upi,bhim,,hinglish_natural
aaj FreshMenu pe 4316 rupaye kharcha hua card se,4316,food,card,,,voice_transcript
coaching exam preparation study material ₹417 cash,417,education,cash,,,cue_row
maine 2903 rupaye Arjun ko diye Phone Pe se,2903,friends,upi,phonepe,niyo,voice_transcript
Zara Rs.525.84 card,525.84,shopping,card,,,english_natural
"SPOTIFY
Item 1 Rs.64
Item 2 Rs 84
Total Rs3731
GPay",3731,entertainment,upi,gpay,sbi,ocr_receipt
Paid broadband ₹318.76 using Gpay,318.76,utilities,upi,gpay,,english_natural
SBI loan se EMI kat gayi 4536 rupees ka card se pay kar diya,4536,emi,card,,,hinglish_natural
TO:AMAZONPRIME amazonprime.97235@pnbbank From:PRIYASHARMA (PNB GPay : user4545@okpnbbank,329,entertainment,upi,gpay,pnb,ocr_upi
today i spent 28736 on Haldirams via card from my Fi bank,28736,food,card,,fi,voice_transcript
Bought CCD for ₹6405 with GPay,6405,food,upi,gpay,,english_natural
INR 186 to Haldirams via Google Pay,186,food,upi,gpay,,english_natural
NEFT/TRANSFER/BIKE LOAN EMI/,3864,emi,card,,,english_natural
mobile recharge me 20209 ka bill pay kiya card se,20209,utilities,card,,,hinglish_natural
1676 rs. ticket book kia Bharat Petroleum ko naqad Axis Bank account se,48006,travel,cash,,axis,source_hinglish
Lenskart ka shopping kia 784 rupay UPI se pay kya,784,shopping,upi,jupiter,,hinglish_natural
water bill payment ₹30030 done via Google Pay,30030,utilities,upi,gpay,,english_natural
Payment of ₹2990 to Tata CLiQ was successful via jupiter UPI Ref No 40496196519 RBL Bank Account 7911,2990,shopping,upi,jupiter,rbl,ocr_upi
bhai personal loan EMI ka 331 rupaye card se de diya,331,emi,card,,,voice_transcript
coaching exam preparation study material Rs 426 card,426,education,card,,,cue_row
179 exam fee cash me,179,education,cash,,,hinglish_natural
mutual fund SIP stocks PPF FD investment t218 CRED,218,investment,upi,cred,,cue_row
spent 33193 rupees on IndiGo via Phone Pe,33193,travel,upi,phonepe,,voice_transcript
ghar jaate waqt doctor pe 32772 rs ka dawai liyaa G Pay pe,32772,healthcare,upi,gpay,,hinglish_natural
aaj mobile recharge pe 415 rupaye kharcha hua Phonepe se,415,utilities,upi,phonepe,,voice_transcript
abhi stationery ka books liya 9814 ₹ UPI se pay kiyaa,9814,education,upi,gpay,,hinglish_natural
market 425,425,shopping,cash,,,english_natural
Bought SpiceJet for INR 5718 with cash,5718,travel,cash,,,english_natural
PharmEasy 21505 rs via Slice,21505,healthcare,upi,slice,,hinglish_natural
i paid 97 rupees for Amazon using GPay,97,shopping,upi,gpay,,voice_transcript
Mutual fund SIP INR 49507,49507,investment,card,,,source_english
"TAX INVOICE
DishTV
Grand Total: Rs.2764
Payment: Google Pay",2764,utilities,upi,gpay,sbi,ocr_receipt
Just paid 3266 to tuition through Mastercard,3266,education,card,,,english_natural
INR 96 to Rohan G Pay UPI,96,friends,upi,gpay,,friends_synthetic
sent Rs 21996 to dost on Cred,21996,friends,upi,cred,,friends_synthetic
aaj DishTV pe 2347 rupaye kharcha hua G Pay se,2347,utilities,upi,gpay,axis,voice_transcript
Apple Music ka show dekha 4546 rupees via Gpay Axis Bank card se,4546,entertainment,upi,gpay,axis,hinglish_natural
Just paid Rs4279.39 to Tata CLiQ through GPay,4279.39,shopping,upi,gpay,,english_natural
26447 to Zee5 via PhonePe slice account,26447,entertainment,upi,phonepe,slice,english_natural
6143 CCD,6143,food,upi,phonepe,,english_natural
HDFC LOAN INR 350,350,emi,card,,,english_natural
lunch dinner food order swiggy zomato restaurant meal Rs46 Jupiter,46,food,upi,jupiter,,cue_row
i paid 637 rupees for credit card EMI using slice,637,emi,upi,slice,,voice_transcript
kal eye checkup ka medicine liya 63 cash die,63,healthcare,cash,,,hinglish_natural
Paid Gaana ₹38118 using Jupiter from Kotak Mahindra,38118,entertainment,upi,jupiter,kotak,english_natural
office se aate hue 11941 rs. food order kr diya Biryani Blues pe paytm se pay kiya,11941,food,upi,paytm,,hinglish_natural
"TATA CLIQ RESTAURANT
Total 22097
Cash Received
Change 0.00",22097,shopping,card,,,ocr_receipt
Indian Oil mein 25420 lag gaye card se bhara,25420,travel,card,,fi,voice_transcript
SpiceJet 31477 rs. naqad,31477,travel,cash,,,hinglish_natural
amazon flipkart myntra online shopping order ?35204 Google Pay,35204,shopping,upi,gpay,,cue_row
yaar mutual fund se paisa daala 2227 ka credit card se,2227,investment,card,,,hinglish_natural
i did 4693 expense on exam fee using Cred,4693,education,upi,cred,federal bank,voice_transcript
Air India se cab le liya 31832 rs ka haath se diye Slice wale account se,31832,travel,cash,,slice,hinglish_natural
office se aate hue Bharat Petroleum se ticket book kya 1956 rupees ka card se pay kiyaa IDFC wale account se budget tod diya,1956,travel,card,,idfc,hinglish_natural
crypto gold bonds NPS portfolio 4424 card,4424,investment,card,,,cue_row
ET Money ka 47444 rupees ka bill card se pay kiya,47444,investment,card,,,voice_transcript
224 rs. insurance premium debit card se,35771,utilities,card,,,source_hinglish
Divya 1497 rupaye UPI se pay kiya,1497,friends,upi,cred,,hinglish_natural
dopahar ko BigBasket se kha liya 4902 rs. ka Slice se,4902,food,upi,slice,,hinglish_natural
gaming concert event ticket 1533 cash,1533,entertainment,cash,,,cue_row
mutual fund SIP stocks PPF FD investment Rs.35529 G Pay,35529,investment,upi,gpay,,cue_row
Rs262 to Tata Play via Niyo,262,utilities,upi,niyo,,english_natural
lunch dinner food order swiggy zomato restaurant meal 488 paytm,488,food,upi,paytm,hdfc,cue_row
i paid 434 rupees for Netmeds using card,434,healthcare,card,,kotak,voice_transcript
personal loan EMI 9762.60 phonepe Payment done Punjab National Bank 4420,9762.60,emi,upi,phonepe,pnb,ocr_upi
POS/FIRSTCRY/MASTERCARD/7850,4116,shopping,card,,,english_natural
Paid ₹675 for Subway from my Jupiter account via GPay,675,food,upi,gpay,jupiter,english_natural
Payment of Rs359.11 to MedPlus was successful via PayTM UPI Ref No 82104192245064 Federal Bank Account 4568,359.11,healthcare,upi,paytm,federal bank,ocr_upi
dost Shreya ko 1475 rupaye cash se bheje,1475,friends,cash,,,friends_synthetic
INR 42121.57 to gas bill via slice,42121.57,utilities,upi,slice,,english_natural
BHAI INR 64 KOTAK,64,friends,upi,phonepe,kotak,english_natural
spent 386 rupees on mutual fund via Slice,386,investment,upi,slice,,voice_transcript
home loan EMI 9248 rupees card se,9248,emi,card,,kotak,hinglish_natural
"BILL
Nykaa
?32449
SLICE
Thank You Visit Again",32449,shopping,upi,slice,,ocr_receipt
i did 252 expense on electronics store using card,252,shopping,card,,,voice_transcript
spent 3412 rupees on Vedantu via Google Pay,3412,education,upi,gpay,,voice_transcript
subah PPF 3413 rs. debit card se zyada ho gaya,3413,investment,card,,slice,hinglish_natural
TO:ZARA zara.94999@hdfcbank From:RAHULKUMAR (hdfc Google Pay : user8298@okhdfcbank,1311,shopping,upi,gpay,hdfc,ocr_upi
Paid Rs2311 to Zara paytm UPI Bandhan 4166 Done,2311,shopping,upi,paytm,bandhan,ocr_upi
petrol diesel fuel 3904 at pump card,3904,travel,card,,,cue_row
i paid 246 rupees for Air India using card,246,travel,card,,,voice_transcript
TATA PLAY INR 266,266,utilities,upi,jupiter,,english_natural
Rs.253.01 debited from your State Bank account for Practo (phonepe UPI),253.01,healthcare,upi,phonepe,sbi,ocr_upi
Slice payment Rs.466.24 metro State Bank 7945 completed,466.24,travel,upi,slice,sbi,ocr_upi
233.33 paid to flatmate via GPay UPI from State Bank Bank ending 5280,233.33,friends,upi,gpay,sbi,ocr_upi
bhai 117 EMI bharaa bike loan EMI ko UPI se diy,45753,emi,upi,phonepe,,source_hinglish
Just paid Rs.36625 to Flipkart through Gpay,36625,shopping,upi,gpay,,english_natural
Practo 453 Gpay Payment done SBI 7321,453,healthcare,upi,gpay,sbi,ocr_upi
mutual fund SIP stocks PPF FD investment Rs.4395 card,4395,investment,card,,,cue_row
paid back friend lent money 36630 Google Pay,36630,friends,upi,gpay,,cue_row
Bought Pooja for Rs.197.19 with Phone Pe,197.19,friends,upi,phonepe,fi,english_natural
Bajaj Finance EMI 452 rupees card se pay kr diya,452,emi,card,,,hinglish_natural
Bought INOX for t3678 with Gpay,3678,entertainment,upi,gpay,,english_natural
market se shopping kya 2474 rs. ka UPI se pay kiya Fi Money se kata,2474,shopping,upi,phonepe,fi,hinglish_natural
1639 ticket book kiyaa SpiceJet pe via Google Pay,1639,travel,upi,gpay,,hinglish_natural
subah Netflix 247 rs. card se pay kiyaa,247,entertainment,card,,,hinglish_natural
INR 276.33 debited from your axis account for Pooja (paytm UPI),276.33,friends,upi,paytm,axis,ocr_upi
dopahar ko broadband 377 cred se zyada ho gaya,377,utilities,upi,cred,niyo,hinglish_natural
gold ka invest kar diya 367 phonepe pe,367,investment,upi,phonepe,icici,hinglish_natural
roommate se split kya 172 rupaye ka gpay pe,172,friends,upi,gpay,,hinglish_natural
ATM/CASH/BANK/25204.84,25204.84,education,cash,,,english_natural
BookMyShow ka show dekha 304 Jupiter se pay kya,304,entertainment,upi,jupiter,,hinglish_natural
car loan EMI ka EMI kat gayi 1323 ₹ card se,1323,emi,card,,,hinglish_natural
Food court payment INR 42951,42951,food,card,,federal bank,source_english
i paid 351 rupees for Paytm Money using Paytm,351,investment,upi,paytm,jupiter,voice_transcript
sent money to roommate t866 on cash,866,friends,cash,,,friends_synthetic
?67.61 debited from your sbi account for PPF (G Pay UPI),67.61,investment,upi,gpay,sbi,ocr_upi
Ola cab INR 6097,6097,travel,upi,paytm,sbi,source_english
McDonald's 210 rupaiye UPI se,210,food,upi,gpay,,hinglish_natural
spent 4652 rupees on mobile recharge via Gpay,4652,utilities,upi,gpay,,voice_transcript
PVR ka game liyaa 3421 rs. UPI se bc,3421,entertainment,upi,paytm,,hinglish_natural
"TAX INVOICE
Apple Music
Grand Total: ₹756
Payment: slice",756,entertainment,upi,slice,,ocr_receipt
breakfast snacks chai coffee 26068 Bhim,26068,food,upi,bhim,,cue_row
Behrouz 2869.29,2869.29,food,upi,bhim,,english_natural
maine 316 rupaye Vi recharge ko diye card se,316,utilities,card,,,voice_transcript
Dominos mein 4675 lag gaye cash se bhara,4675,food,cash,,,voice_transcript
maine 3609 rupaye Subway ko diye card se,3609,food,card,,,voice_transcript
Paid lab test t53 using Gpay,53,healthcare,upi,gpay,,english_natural
313 rupay tuition diyee books pe credit card se sasta tha,313,education,card,,,hinglish_natural
paid 2675 to diagnostic through cash,2675,healthcare,cash,,,voice_transcript
subah Ajio ka shopping kia 42299 rupaye card se pay kiya,42299,shopping,card,,indusind,hinglish_natural
kal 1534 rupees udhar return kr diya Karan ko UPI se,1534,friends,upi,gpay,,hinglish_natural
3977 rupees Goibibo card hdfc account,3977,travel,card,,hdfc,voice_transcript
"PVR
Item 1 R 387
Item 2 Rs 61
Total R 242.96
cred",242.96,entertainment,upi,cred,,ocr_receipt
PharmEasy ₹361 Cred,361,healthcare,upi,cred,hdfc,ocr_upi
"roommate 3297 Completed 27May 2025,8:34 pm HDFC Bank 8377 UPI transaction ID 1127816131688",3297,friends,upi,phonepe,hdfc,ocr_upi
dopahar ko 310 rupaye ticket book kiyaa Goibibo pe card se,310,travel,card,,,hinglish_natural
Just paid 318.15 to hospital through debit card,318.15,healthcare,card,,,english_natural
lab test Rs.4356.32 slice,4356.32,healthcare,upi,slice,,english_natural
147 ka Spotify bill pay kiya card se,147,entertainment,card,,,voice_transcript
aaj IndiGo se cab lia 190 rupees ka haath se die,190,travel,cash,,,hinglish_natural
flatmate rent share 1819 card bhai,1819,friends,card,,hdfc,friends_synthetic
paid 251 to 1mg through SLICE,251,healthcare,upi,slice,,voice_transcript
amazon flipkart myntra online shopping order INR 266 Cred,266,shopping,upi,cred,icici,cue_row
Coursera Rs.384 PayTM,384,education,upi,paytm,bandhan,ocr_upi
electricity water broadband mobile recharge bill ₹25569 phonepe,25569,utilities,upi,phonepe,hdfc,cue_row
bike loan EMI mein 8666 lag gaye PayTM se bhara,8666,emi,upi,paytm,hdfc,voice_transcript
mutual fund se invest kia 27227 rupaye ka via GPay,27227,investment,upi,gpay,pnb,hinglish_natural
R 4244 to Rapido via PayTM,4244,travel,upi,paytm,,english_natural
Goibibo Rs.332 cash,332,travel,cash,,sbi,english_natural
"1MG
Item 1 ₹298
Item 2 Rs374
Total Rs.34281.08
CARD",34281.08,healthcare,card,,,ocr_receipt
phonepe payment Rs.4427.79 Ananya Bank of Baroda 9732 successful,4427.79,friends,upi,phonepe,bob,ocr_upi
UPI/19223377/TATA PLAY/BANK,26270,utilities,upi,gpay,,english_natural
credit card EMI ka 473 rupees ka bill card se pay kiya,473,emi,card,,,voice_transcript
electricity water broadband mobile recharge bill Rs.177 card,177,utilities,card,,,cue_row
roommate se transfer kia 214 rs ka UPI se de diye slice account se,214,friends,upi,bhim,slice,hinglish_natural
Rs 180 paid to Lenskart via PayTM from Axis Bank,180,healthcare,upi,paytm,axis,english_natural
school college tuition course books fees ?109 card,109,education,card,,hdfc,cue_row
Clothing store bill INR 35591,35591,shopping,card,,,source_english
today i spent 225 on Hotstar via card from my Axis bank,225,entertainment,card,,axis,voice_transcript
Just paid ₹16627 to mess through debit card,16627,food,card,,pnb,english_natural
"Receipt #9305
Croma
Amount Paid: Rs42455
Mode: SLICE",42455,shopping,upi,slice,,ocr_receipt
Apollo Pharmacy payment Rs455 done via PhonePe,455,healthcare,upi,phonepe,,english_natural
paid friend INR 2665 via Phonepe,2665,friends,upi,phonepe,,friends_synthetic
dopahar ko electronics store me 228 rs. ka buy kia credit card se bc,228,shopping,card,,,hinglish_natural
Concert ticket INR 14459,14459,entertainment,upi,fi,,source_english
Zomato payment Rs.1527 done via PayTM,1527,food,upi,paytm,icici,english_natural
society maintenance pe 3177 rupees ka payment kr diya card se,3177,utilities,card,,,hinglish_natural
"Receipt #2764
water bill
Amount Paid: 35103
Mode: CARD",35103,utilities,card,,,ocr_receipt
Just paid t2203 to HDFC loan through credit card,2203,emi,card,,,english_natural
NEFT/TRANSFER/APOLLO PHARMACY/,3138.08,healthcare,upi,cred,,english_natural
Amazon Prime pe 2911 rupay ka movie dekhi cash me,31248,entertainment,cash,,kotak,source_hinglish
Rs420 paid to bro via Phonepe UPI from BOB Bank ending 2800,420,friends,upi,phonepe,bob,ocr_upi
sent money to Priya ₹126 on SLICE,126,friends,upi,slice,,friends_synthetic
raat ko 2726 rupaiye canteen UPI se de diye,2726,food,upi,jupiter,,hinglish_natural
Paid ₹411 for car loan EMI via Mastercard,411,emi,card,,,english_natural
498.37 debited from your Axis account for insurance premium (bhim UPI),498.37,utilities,upi,bhim,axis,ocr_upi
ghar jaate waqt Tata CLiQ ka order kya 2918 rupees credit card se,2918,shopping,card,,,hinglish_natural
23578 ₹ gold card se pay kar diya,23578,investment,card,,,hinglish_natural
ghar jaate waqt car loan EMI 1719 credit card se,1719,emi,card,,,hinglish_natural
netflix spotify hotstar subscription movie show ₹1331 paytm,1331,entertainment,upi,paytm,,cue_row
Bought society maintenance for Rs 412 with Bhim,412,utilities,upi,bhim,,english_natural
Spent Rs 33856.26 on Netmeds using BHIM,33856.26,healthcare,upi,bhim,,english_natural
"Burger King 1796.50 Completed 19Sep 2025,2:10 pm HDFC 5769 UPI transaction ID 2318967201",1796.50,food,upi,paytm,hdfc,ocr_upi
credit card EMI se EMI kat gayi 3915 rs. ka card se pay kar diya,3915,emi,card,,,hinglish_natural
Apple Music ka 1040 rupees ka bill card se pay kiya,1040,entertainment,card,,,voice_transcript
Just paid Rs.29036.09 to Udemy through fi,29036.09,education,upi,fi,,english_natural
INR 10300 to gas bill via credit card,10300,utilities,card,,,english_natural
Burger King se food order kya 293 rs ka gpay se,293,food,upi,gpay,,hinglish_natural
CCD ka khana order kia 4290 rupaye cash me yaar,4290,food,cash,,,hinglish_natural
INR 3433 paid to Rohan via Google Pay UPI from State Bank Bank ending 4411,3433,friends,upi,gpay,sbi,ocr_upi
JioCinema ka ticket lia 5144 rs card se pay kiyaa,5144,entertainment,card,,,hinglish_natural
432 rupaiye friend naqad,432,friends,cash,,axis,hinglish_natural
303 rupaiye Gaana via Cred,303,entertainment,upi,cred,,hinglish_natural
upGrad 357.29,357.29,education,card,,hdfc,english_natural
237 ₹ BSNL UPI se,237,utilities,upi,gpay,,hinglish_natural
bhai Reliance Digital ka 9041 rupaye Bhim se de diya,9041,shopping,upi,bhim,,voice_transcript
dopahar ko 4438 ₹ shopping kar diya Croma ko card se,4438,shopping,card,,,hinglish_natural
dopahar ko tuition se tuition diyee 11028 ₹ ka debit card se,11028,education,card,,,hinglish_natural
coaching exam preparation study material ₹4314 gpay,4314,education,upi,gpay,,cue_row
"Biryani Blues
Net Amount 250
Paid via SLICE",250,food,upi,slice,,ocr_receipt
JioCinema pe 2125 ka subscription renew kiya card se pay kar diya,2125,entertainment,card,,jupiter,hinglish_natural
sent Rs2705 to yaar on gpay,2705,friends,upi,gpay,hdfc,friends_synthetic
dopahar ko Rahul ka dost ko diy 438 rupees credit card se,438,friends,card,,jupiter,hinglish_natural
Bought Groww for R 264 with G Pay,264,investment,upi,gpay,,english_natural
Rs.4755 to bro PhonePe UPI,4755,friends,upi,phonepe,icici,friends_synthetic
bike loan EMI 240 rs credit card se,240,emi,card,,,hinglish_natural
bhai colleague ko udhar return kiya 1562 rs SLICE se,1562,friends,upi,slice,,friends_synthetic
Coin ka paisa daala 4974 rs. debit card se,4974,investment,card,,,hinglish_natural
Zepto se kha liya 20936 ₹ ka card se matlab,20936,food,card,,icici,hinglish_natural
electricity water broadband mobile recharge bill Rs.4903 phonepe,4903,utilities,upi,phonepe,,cue_row
electricity water broadband mobile recharge bill Rs.3320 card,3320,utilities,card,,,cue_row
HP Petrol ka kiraya diyee 420 rupees UPI se,420,travel,upi,paytm,,hinglish_natural
Hotstar ka game le liya 85 rs. card se,85,entertainment,card,,,hinglish_natural
raat ko Faasos 2016 rupaiye cash diyee,2016,food,cash,,,hinglish_natural
Paid Coursera ₹271.90 using cred,271.90,education,upi,cred,,english_natural
Nykaa t2665 slice,2665,shopping,upi,slice,hdfc,english_natural
Bharat Petroleum pe 333 ₹ ka cab lia debit card se sbi card se zyada ho gaya,26301,travel,card,,sbi,source_hinglish
33646 ₹ paisa daala Kuvera pe debit card se PNB account se,33646,investment,card,,pnb,hinglish_natural
office se aate hue 463 stock lya Groww ko Phonepe se pay kia Axis Bank wale account se,463,investment,upi,phonepe,axis,hinglish_natural
cafe 1354 rupay GPay se pay kar diya,1354,food,upi,gpay,,hinglish_natural
2323 paid to Meesho via Google Pay from HDFC,2323,shopping,upi,gpay,hdfc,english_natural
electricity water broadband mobile recharge bill Rs.2287 gpay,2287,utilities,upi,gpay,,cue_row
Pooja se paise bheje 39712 rupay ka gpay se,39712,friends,upi,gpay,,hinglish_natural
home loan EMI se installment de diya 1229 rupaiye ka credit card se,1229,emi,card,,,hinglish_natural
POS/INDIAN OIL/CASH/8548,219.34,travel,cash,,,english_natural
Pharmacy medicine purchase INR 32661,32661,healthcare,card,,,source_english
today i spent 1551 on Netflix via slice from my HDFC Bank bank,1551,entertainment,upi,slice,hdfc,voice_transcript
Indian Oil Rs404.11 PhonePe,404.11,travel,upi,phonepe,sbi,ocr_upi
3477 rupees khana khayaa Behrouz ko credit card se budget tod diya,3477,food,card,,,hinglish_natural
269.77 to Behrouz via credit card,269.77,food,card,,,english_natural
181 rupees doctor Gpay se,181,healthcare,upi,gpay,hdfc,hinglish_natural
Yatra me 534 ₹ ka petrol bhar diya cash diye,534,travel,cash,,,hinglish_natural
upGrad ka admission kar diya 4376 rupaiye UPI se ICICI Bank wale account se,4376,education,upi,bhim,icici,hinglish_natural
35083 ₹ mutual fund kia ET Money pe card se HDFC se,35083,investment,card,,hdfc,hinglish_natural
split bill 14453 G Pay se bro ko diya,14453,friends,upi,gpay,,friends_synthetic
school fees 2055 Phonepe Completed PNB 7672,2055,education,upi,phonepe,pnb,ocr_upi
2708 rupay YouTube Premium Gpay se,2708,entertainment,upi,gpay,,hinglish_natural
raat ko rent me 427 ₹ ka bill pay kya Google Pay se pay kiya matlab,427,utilities,upi,gpay,,hinglish_natural
"Biryani Blues 2819 Completed 22Jul 2025,10:34 am ICICI 7033 UPI transaction ID 31934650275860",2819,food,upi,phonepe,icici,ocr_upi
111 ₹ medicine lia doctor ko card se pay kr diya,111,healthcare,card,,,hinglish_natural
132 ka 1mg bill pay kiya card se Punjab National Bank se kata,132,healthcare,card,,pnb,voice_transcript
office se aate hue Biryani Blues pe 25272 ka khana order kya cash de diye,25272,food,cash,,,hinglish_natural
i paid 678 rupees for Zee5 using card,678,entertainment,card,,,voice_transcript
"APOLLO PHARMACY RESTAURANT
Total 3008
Cash Received
Change 0.00",3008,healthcare,card,,icici,ocr_receipt
Flipkart ₹47128 debited from SLICE,47128,shopping,card,,slice,english_natural
Paid Rs1215 for Flipkart from my sbi account via paytm,1215,shopping,upi,paytm,sbi,english_natural
BookMyShow Rs 34152.34 jupiter,34152.34,entertainment,upi,jupiter,sbi,ocr_upi
?412 to Priya card UPI,412,friends,card,,,friends_synthetic
3275 ₹ khana khya food court pe card se,3275,food,card,,,hinglish_natural
office se aate hue 812 loan payment kya SBI loan pe credit card se,812,emi,card,,,hinglish_natural
bhai petrol pump ka kiraya de diya 432 rupaye credit card se,432,travel,card,,sbi,hinglish_natural
Online course subscription INR 29323,29323,education,card,,,source_english
Rapido ka kiraya die 593 rupaiye cash me RBL Bank account se,593,travel,cash,,rbl,hinglish_natural
Zara me 21069 rs ka order kar diya card se,21069,shopping,card,,,hinglish_natural
paid 2488 to Box8 through cash from icici,2488,food,cash,,icici,voice_transcript
HDFC loan ka installment de diya 3708 rs credit card se,3708,emi,card,,jupiter,hinglish_natural
BYJU'S t1412 PayTM,1412,education,upi,paytm,,english_natural
Paytm Money 2761 rupaye debit card se,2761,investment,card,,,hinglish_natural
"D RAPIDO 65 Completed 17Feb 2026,11:40 pm icici Bank 1731 UPI transaction ID 06767270621987 TO:RAPIDO rapido.99146@icicibank Goog1etransaction lD CICAgJjg102014 OPI NIYO",65,travel,upi,niyo,icici,ocr_upi
"NYKAA RESTAURANT
Total 1954
Cash Received
Change 0.00",1954,shopping,upi,phonepe,pnb,ocr_receipt
PPF 1502.77 icici,1502.77,investment,card,,icici,english_natural
gas bill 53 Gpay Payment done Kotak Mahindra 3692,53,utilities,upi,gpay,kotak,ocr_upi
338 course le liya library ko card se,338,education,card,,,hinglish_natural
gaming se ticket lya 21018 rupees ka fi se,21018,entertainment,upi,fi,,hinglish_natural
Meesho ka saman lia 332 credit card se,49061,shopping,card,,,source_hinglish
18192 rs. installment de diya home loan EMI ko card se pay kya,18192,emi,card,,,hinglish_natural
"APOLLO PHARMACY
Item 1 INR 451
Item 2 INR 451
Total INR 2039
GPay",2039,healthcare,upi,gpay,hdfc,ocr_receipt
abhi 4864 rupaye Hotstar haath se de diye,4864,entertainment,cash,,,hinglish_natural
Rs3984 to Pooja paytm UPI,3984,friends,upi,paytm,,friends_synthetic
aaj Rohan pe 82 rupaye kharcha hua CRED se,82,friends,upi,cred,fi,voice_transcript
aaj broadband pe 3009 rupaye kharcha hua paytm se,3009,utilities,upi,paytm,,voice_transcript
aaj 183 ₹ fees bharra library ko card se pay kia sasta tha,183,education,card,,jupiter,hinglish_natural
JioMart ka 36503 rupees ka bill Phonepe se pay kiya,36503,food,upi,phonepe,,voice_transcript
299 doctor,299,healthcare,upi,phonepe,jupiter,english_natural
NEFT/TRANSFER/CRYPTO/,13375,investment,upi,cred,,english_natural
Paid colleague ₹331.89 using paytm,331.89,friends,upi,paytm,,english_natural
INR 164 debited from your Axis Bank account for Rapido (paytm UPI),164,travel,upi,paytm,axis,ocr_upi
coaching exam preparation study material 4250 Phone Pe,4250,education,upi,phonepe,,cue_row
coaching se course liyaa 4623 rupaiye ka CRED se pay kiya,4623,education,upi,cred,,hinglish_natural
"Receipt #4752
BSNL
Amount Paid: R 7052
Mode: cred",7052,utilities,upi,cred,,ocr_receipt
Tata Play ka bill pay kr diya 23563 rs. card se pay kiya,23563,utilities,card,,,hinglish_natural
electricity water broadband mobile recharge bill t5646 Cred,5646,utilities,upi,cred,,cue_row
"NETMEDS RESTAURANT
Total 2483.39
Cash Received
Change 0.00",2483.39,healthcare,cash,,sbi,ocr_receipt
12540 rupees Reliance Digital cash,12540,shopping,cash,,,voice_transcript
338 rs ticket lya JioCinema ko debit card se State Bank card se,338,entertainment,card,,sbi,hinglish_natural
40531 rupaiye MedPlus via Phone Pe,40531,healthcare,upi,phonepe,,hinglish_natural
Paid Rs.3832 for bike loan EMI from my HDFC account via credit card,3832,emi,card,,hdfc,english_natural
dopahar ko car loan EMI se EMI bhara 4538 rs ka G Pay se,4538,emi,upi,gpay,slice,hinglish_natural
10748 Mastercard Unacademy,10748,education,card,,bandhan,english_natural
Reliance Digital se saman lya 343 rupees ka gpay se,343,shopping,upi,gpay,niyo,hinglish_natural
flatmate rent share 3597 Google Pay Shreya,3597,friends,upi,gpay,,friends_synthetic
home loan car loan credit card EMI monthly Rs195 autopay card,195,emi,card,,,cue_row
colleague ka udhar return kr diya 43 rupay UPI se pay kar diya bc,43,friends,upi,gpay,,hinglish_natural
Cafe coffee INR 32565,32565,food,upi,slice,,source_english
Rs.2111.42 paid to INOX via PayTM UPI from sbi Bank ending 4763,2111.42,entertainment,upi,paytm,sbi,ocr_upi
Spent 3215 on Goibibo using cash,3215,travel,cash,,,english_natural
yaar 112 rs 1mg UPI se,112,healthcare,upi,phonepe,,hinglish_natural
dopahar ko 16640 ₹ Udemy card se pay kiya,16640,education,card,,,hinglish_natural
Paid INR 32941 for Indian Oil via card,32941,travel,card,,slice,english_natural
SIP ka invest kar diya 322 rupaiye Jupiter se bc,322,investment,upi,jupiter,,hinglish_natural
Pooja ko 3073 transfer kiya cash se,3073,friends,cash,,,friends_synthetic
Bought MakeMyTrip for Rs 47661.18 with card,47661.18,travel,card,,,english_natural
30672 subscription renew kr diya gaming pe card se pay kiya,30672,entertainment,card,,,hinglish_natural
paid 269 to library through PhonePe,269,education,upi,phonepe,,voice_transcript
doctor me 12945 rs ka dawai liyaa BHIM se pay kar diya matlab,41679,healthcare,upi,bhim,,source_hinglish
jupiter payment Rs 2089 Arjun axis 6080 successful,2089,friends,upi,jupiter,axis,ocr_upi
dopahar ko 1923 rupaiye NPS via cred,21427,investment,upi,cred,,source_hinglish
i paid 437 rupees for Indian Oil using Jupiter,437,travel,upi,jupiter,,voice_transcript
"ZEPTO
Item 1 Rs.139
Item 2 Rs 350
Total Rs.491
CASH",491,food,cash,,,ocr_receipt
Paid KFC Rs.2352.34 using Mastercard from ICICI Bank,2352.34,food,card,,icici,english_natural
NEFT/TRANSFER/POOJA/HDFC BANK,41927,friends,card,,hdfc,english_natural
41898 rupaiye doctor ko diye doctor ko credit card se,41898,healthcare,card,,,hinglish_natural
INR 47906 debited from your Axis account for auto (CRED UPI),47906,travel,upi,cred,axis,ocr_upi
Neha 271.21 SLICE,271.21,friends,upi,slice,hdfc,ocr_upi
maine 2445 rupaye crypto ko diye slice se,2445,investment,upi,slice,,voice_transcript
i paid 14438 rupees for Bajaj Finance EMI using card,14438,emi,card,,,voice_transcript
Goibibo pe 31486 ka ticket book kia card se pay kr diya,31486,travel,card,,,hinglish_natural
4361 rupaye Shreya GPay se pay kar diya,4361,friends,upi,gpay,,hinglish_natural
aaj Jio recharge se bill pay kiya 550 rupaiye ka Phonepe se pay kia,550,utilities,upi,phonepe,,hinglish_natural
Paid t2323 for BYJU'S from my sbi account via credit card,2323,education,card,,sbi,english_natural
split bill 2048 Jupiter se Rahul ko diya,2048,friends,upi,jupiter,,friends_synthetic
3134 rupay khareed le liya market ko Cred se pay kya,3134,shopping,upi,cred,,hinglish_natural
₹29838 to Groww via Visa,29838,investment,card,,,english_natural
Spent Rs.19951 on HP Petrol using cash,19951,travel,cash,,jupiter,english_natural
Subway payment 2398 done via PhonePe,2398,food,upi,phonepe,pnb,english_natural
220 rupaiye food court cred pe,220,food,upi,cred,,hinglish_natural
Angel One ka paisa daala 1588 rupaiye UPI se die,1588,investment,upi,phonepe,,hinglish_natural
EatFit ka kha liya 133 rupaye UPI se de diye,133,food,upi,gpay,jupiter,hinglish_natural
YouTube Premium 478 cred Payment done icici 2661,478,entertainment,upi,cred,icici,ocr_upi
Pooja 25086 rs. Jupiter pe,25086,friends,upi,jupiter,,hinglish_natural
Paid ₹445 for YouTube Premium via cash,445,entertainment,cash,,,english_natural
Rs 1913 to Arjun PhonePe UPI,1913,friends,upi,phonepe,,friends_synthetic
Rahul payment ₹14845 done via PayTM,14845,friends,upi,paytm,,english_natural
Bought Vi recharge for Rs34 with CRED,34,utilities,upi,cred,,english_natural
"TAX INVOICE
gas bill
Grand Total: Rs.2079
Payment: slice",2079,utilities,upi,slice,,ocr_receipt
BYJU'S se tuition de diye 652 ₹ ka card se,652,education,card,,fi,hinglish_natural
aaj Divya me 4994 ₹ ka paise bheje naqad,4994,friends,cash,,fi,hinglish_natural
UPI/28637818/CLINIC/NIYO,932.58,healthcare,cash,,niyo,english_natural
₹39637 charged for Rapido on Mastercard,39637,travel,card,,,english_natural
sent money to Amit t378 on cash,378,friends,cash,,,friends_synthetic
gaming se subscription renew kar diya 956 rupaiye ka UPI se de diya,956,entertainment,upi,gpay,,hinglish_natural
society maintenance se bill pay kar diya 4657 rupaiye ka UPI se pay kiyaa,4657,utilities,upi,phonepe,canara,hinglish_natural
Credit card EMI INR 32447,32447,emi,card,,,source_english
Payment of 366.97 to rent was successful via SLICE UPI Ref No 482721550396801 Axis Bank Account 6215,366.97,utilities,upi,slice,axis,ocr_upi
subah 215 rupees admission kiyaa books pe card se pay kiyaa,215,education,card,,,hinglish_natural
electricity water broadband mobile recharge bill Rs.10780 Jupiter,10780,utilities,upi,jupiter,,cue_row
Kuvera se mutual fund kiyaa 2244 rs ka phonepe se pay kia,41835,investment,upi,phonepe,,source_hinglish
"TAX INVOICE
Gaana
Grand Total: 1022
Payment: paytm",1022,entertainment,upi,paytm,,ocr_receipt
"Receipt #4965
FirstCry
Amount Paid: Rs 66
Mode: CARD",66,shopping,card,,kotak,ocr_receipt
gaming concert event ticket Rs3039 Cred,3039,entertainment,upi,cred,,cue_row
dopahar ko broadband me 1835 rupay ka bill pay kya cash me,1835,utilities,cash,,niyo,hinglish_natural
Groww 2565 rupay credit card se,2565,investment,card,,,hinglish_natural
"D EASEMYTRIP 3786.33 Completed 19Apr 2026,4:00 pm Kotak Mahindra Bank 3974 UPI transaction ID 12196739712637 TO:EASEMYTRIP easemytrip.98468@kotak mahindrabank Googletransaction lD CICAgJjg301408 OPI phonepe",3786.33,travel,upi,phonepe,kotak,ocr_upi
Spent 25600.88 on Uber using PayTM,25600.88,travel,upi,paytm,icici,english_natural
paid 213 to Angel One through Cred,213,investment,upi,cred,,voice_transcript
Pooja ka paise bheje 2881 rupaiye slice se pay kia,2881,friends,upi,slice,,hinglish_natural
insurance premium pe 32727 rupay ka recharge kya CRED se pay kiya,32727,utilities,upi,cred,,hinglish_natural
gas bill t185 CRED,185,utilities,upi,cred,kotak,ocr_upi
bhai SonyLIV ka 1253 rupaye Google Pay se de diya,1253,entertainment,upi,gpay,sbi,voice_transcript
4147 ₹ Zara via phonepe,4147,shopping,upi,phonepe,,hinglish_natural
maine 287 rupaye Pizza Hut ko diye card se,287,food,card,,,voice_transcript
4933 ₹ show dekha JioCinema pe via Phonepe,4933,entertainment,upi,phonepe,,hinglish_natural
stationery 17746 rs card se pay kya,17746,education,card,,,hinglish_natural
Coin mein 3571 lag gaye Cred se bhara,3571,investment,upi,cred,,voice_transcript
Bajaj Finance EMI 4045 UPI se pay kiya Fi Money se kata,4045,emi,upi,paytm,fi,hinglish_natural
subah JioCinema se movie dekhi 310 rupay ka UPI se de diye hdfc card se,310,entertainment,upi,phonepe,hdfc,hinglish_natural
Nykaa 3610 rupay credit card se sbi wale account se,3610,shopping,card,,sbi,hinglish_natural
credit card EMI pe 138 rs ka EMI bhra card se bhai,3218,emi,card,,,source_hinglish
"BILL
Myntra
Rs506
CARD
Thank You Visit Again",506,shopping,card,,,ocr_receipt
3516 rupees MakeMyTrip cash,3516,travel,cash,,,voice_transcript
16330.42 diagnostic,16330.42,healthcare,cash,,niyo,english_natural
school college tuition course books fees 46645 card,46645,education,card,,,cue_row
bhai 683 Groww cred pe,21494,investment,upi,cred,,source_hinglish
office se aate hue SBI loan pe 4846 rupees ka EMI bharra card se pay kia,4846,emi,card,,sbi,hinglish_natural
ET Money se invest kia 458 rs. ka via slice,458,investment,upi,slice,,hinglish_natural
HDFC loan 38724 rupay card se pay kiya,38724,emi,card,,,hinglish_natural
UPI/48122597/KARAN/BANK,370.30,friends,cash,,,english_natural
4991 rupees Vedantu GPay,4991,education,upi,gpay,,voice_transcript
PVR pe 361 rs ka movie dekhi credit card se,361,entertainment,card,,,hinglish_natural
"Receipt #1728
mobile recharge
Amount Paid: Rs174.97
Mode: CARD",174.97,utilities,card,,hdfc,ocr_receipt
mutual fund SIP stocks PPF FD investment ₹188 Niyo,188,investment,upi,niyo,,cue_row
2438 gpay bro,2438,friends,upi,gpay,,english_natural
45713 Kuvera UPI se pay kar diya,45713,investment,upi,gpay,,hinglish_natural
DishTV 46601 rs. haath se diye,46601,utilities,cash,,,hinglish_natural
hospital doctor pharmacy medicine diagnostic INR 45657 cash,45657,healthcare,cash,,,cue_row
today i spent 1947 on library via card from my State Bank bank,1947,education,card,,sbi,voice_transcript
stocks 30021 PhonePe Payment done SBI 5382,30021,investment,upi,phonepe,sbi,ocr_upi
yaar ko 204 transfer kiya cash se,204,friends,cash,,,friends_synthetic
Paid ₹5403 to Subway paytm UPI sbi 1985 Successful,5403,food,upi,paytm,sbi,ocr_upi
UPI/59019164/MAKEMYTRIP/NIYO,16073.28,travel,card,,niyo,english_natural
₹554 charged for IRCTC on cash,554,travel,cash,,,english_natural
Rs.4624.44 paid to dost via paytm UPI from HDFC Bank Bank ending 8894,4624.44,friends,upi,paytm,hdfc,ocr_upi
POS/GAS BILL/PHONEPE/2291,2994.56,utilities,upi,phonepe,sbi,english_natural
"Receipt #7854
DishTV
Amount Paid: ?301
Mode: slice",301,utilities,upi,slice,,ocr_receipt
aaj JioCinema 499 rupaiye G Pay se,499,entertainment,upi,gpay,axis,hinglish_natural
i did 4085 expense on SBI loan using PayTM,4085,emi,upi,paytm,jupiter,voice_transcript
Payment of INR 486 to Snapdeal was successful via Google Pay UPI Ref No 16677095218586 icici Account 1024,486,shopping,upi,gpay,icici,ocr_upi
Just paid R 295 to insurance premium through debit card,295,utilities,card,,,english_natural
"D REDBUS 274 Completed 3Apr 2026,11:30 pm hdfc Bank 2294 UPI transaction ID 7711034020 TO:REDBUS redbus.74413@hdfcbank Soogletransaction lD XYZabc745741 OPI BHIM",274,travel,upi,bhim,hdfc,ocr_upi
Spent 4574 on Bajaj Finance EMI using Visa,4574,emi,card,,,english_natural
water bill payment INR 131 done via phonepe,131,utilities,upi,phonepe,,english_natural
cafe se khana khayaa 368 rupaiye ka cash die State Bank account se,368,food,cash,,sbi,hinglish_natural
HP Petrol payment ₹4119 done via Visa,4119,travel,card,,axis,english_natural
"D UBER 355 Completed 25Mar 2026,11:09 pm HDFC Bank 2671 UPI transaction ID 264051795892 TO:UBER uber.19093@hdfcbank Goog1etransaction lD CICAgJjg759521 OPI paytm",355,travel,upi,paytm,hdfc,ocr_upi
Gaana Rs 2063 CRED,2063,entertainment,upi,cred,axis,ocr_upi
i did 54 expense on Myntra using PhonePe,54,shopping,upi,phonepe,,voice_transcript
sent money to Karan 2434 on CRED,2434,friends,upi,cred,,friends_synthetic
raat ko 3058 rs mutual fund UPI se pay kar diya,3058,investment,upi,gpay,,hinglish_natural
"Rohan 346.76 Completed 17Jun 2025,1:41 pm HDFC 3888 UPI transaction ID 4598034405856",346.76,friends,upi,phonepe,hdfc,ocr_upi
electronics store 47701,47701,shopping,card,,,english_natural
147 rupaiye buy kr diya Zara pe card se pay kar diya budget tod diya,147,shopping,card,,niyo,hinglish_natural
i did 153 expense on cafe using Gpay,153,food,upi,gpay,,voice_transcript
maine 4562 rupaye clinic ko diye Gpay se,4562,healthcare,upi,gpay,sbi,voice_transcript
crypto 4356,4356,investment,upi,cred,,english_natural
"LAB TEST RESTAURANT
Total 284
Cash Received
Change 0.00",284,healthcare,cash,,,ocr_receipt
raat ko Groww pe 101 ka mutual fund kiyaa card se Niyo se kata,101,investment,card,,niyo,hinglish_natural
dopahar ko friend me 4721 rupees ka udhar return kr diya fi se,4721,friends,upi,fi,,hinglish_natural
abhi gaming me 3138 ₹ ka ticket le liya Gpay se pay kiya budget tod diya,3138,entertainment,upi,gpay,,hinglish_natural
Personal loan installment INR 49895,49895,emi,card,,,source_english
Paid 1686.54 for Rohan via Gpay,1686.54,friends,upi,gpay,,english_natural
upGrad pe 2203 rupaiye ka books liyaa cash diy,16371,education,cash,,,source_hinglish
Paid electricity bill ?1424 using paytm,1424,utilities,upi,paytm,,english_natural
Meesho INR 4646 Paytm,4646,shopping,upi,paytm,hdfc,ocr_upi
ghar jaate waqt Groww se mutual fund kr diya 1009 rupay ka Cred se pay kiya,1009,investment,upi,cred,,hinglish_natural
Paid INR 345 to Karan G Pay UPI HDFC Bank 6824 Done,345,friends,upi,gpay,hdfc,ocr_upi
226 rs. Lenskart debit card se,226,shopping,card,,,hinglish_natural
paid 38093 to Hotstar through card,38093,entertainment,card,,,voice_transcript
gaming 2363,2363,entertainment,card,,niyo,english_natural
RedBus payment 2788.31 done via Mastercard,2788.31,travel,card,,,english_natural
Practo pe 4887 rupaiye ka checkup karaya card se pay kia,4887,healthcare,card,,,hinglish_natural
4743 rupees Coin Phone Pe pe,4743,investment,upi,phonepe,,hinglish_natural
roommate 34167 ₹ niyo se,34167,friends,upi,niyo,,hinglish_natural
Ola Rs 25522 debited from icici,25522,travel,cash,,icici,english_natural
Lenskart ka test karaya 2468 rupees via Phone Pe hdfc se kata matlab,2468,healthcare,upi,phonepe,hdfc,hinglish_natural
307 ₹ payment kr diya society maintenance ko UPI se pay kiya,307,utilities,upi,fi,,hinglish_natural
GPay payment Rs 948 rickshaw IDFC 7120 successful,948,travel,upi,gpay,idfc,ocr_upi
maine 609 rupaye hospital ko diye card se,609,healthcare,card,,sbi,voice_transcript
credit card EMI 246.67,246.67,emi,card,,niyo,english_natural
coaching exam preparation study material Rs 440 bhim,440,education,upi,bhim,bob,cue_row
"mobile recharge BILL
St: Rs 17362
SLICE approved",17362,utilities,upi,slice,,ocr_receipt
UPI/39310827/SNAPDEAL/BANK,1146,shopping,card,,,english_natural
dopahar ko tuition ka fees bhara 414 ₹ UPI se,414,education,upi,gpay,,hinglish_natural
bhai Amazon Prime se subscription renew kiya 281 rupaye ka credit card se kotak account se,281,entertainment,card,,kotak,hinglish_natural
Swiggy order INR 19434,19434,food,cash,,,source_english
Myntra ka 326 rupees ka bill card se pay kiya,326,shopping,card,,,voice_transcript
Paid ₹34468 for diagnostic from my Fi account via PayTM,34468,healthcare,upi,paytm,fi,english_natural
credit card EMI ka EMI bhara 31325 via Slice,31325,emi,upi,slice,,hinglish_natural
Coin INR 2702.47 fi,2702.47,investment,upi,fi,,english_natural
"Tata CLiQ BILL
St: ₹497
CARD APPROVED",497,shopping,card,,,ocr_receipt
ghar jaate waqt Snapdeal 383 rs credit card se,383,shopping,card,,,hinglish_natural
UNACADEMY INR 323 KOTAK MAHINDRA,323,education,upi,gpay,kotak,english_natural
ATM/CASH/BANK/235,235,education,card,,,english_natural
Food court payment INR 29176,29176,food,upi,phonepe,,source_english
Tata Play se recharge kia 49476 rupaye ka Jupiter se,49476,utilities,upi,jupiter,,hinglish_natural
dost Rahul ko 474 rupaye Fi Money se bheje,474,friends,upi,fi,bob,friends_synthetic
Payment of Rs.3750 to books was successful via Paytm UPI Ref No 49363568087 SBI Account 9552,3750,education,upi,paytm,sbi,ocr_upi
Paid auto Rs.665.51 using cash,665.51,travel,cash,,,english_natural
Spent ₹3984.70 on car loan EMI using Visa,3984.70,emi,card,,,english_natural
Karan ka udhar return kiya 433 rs UPI se pay kya,433,friends,upi,phonepe,,hinglish_natural
maine 273 rupaye gas bill ko diye GPay se,273,utilities,upi,gpay,,voice_transcript
TO:BARBEQUENATION barbequenation.30224@statebankbank From:RAHULKUMAR (State Bank gpay : user1440@okstatebankbank,3004,food,upi,gpay,sbi,ocr_upi
sent Rs.2484 to yaar on cash,2484,friends,cash,,,friends_synthetic
"Bharat Petroleum 2517.50 Completed 7Mar 2026,12:03 pm sbi 8692 UPI transaction ID 656594836792",2517.50,travel,upi,phonepe,sbi,ocr_upi
Jio recharge 4303.77 gpay,4303.77,utilities,upi,gpay,bob,ocr_upi
MEDPLUS INR 1774,1774,healthcare,card,,,english_natural
2714 rupaiye dawai liyaa 1mg pe card se pay kr diya,2714,healthcare,card,,,hinglish_natural
48851 ₹ dawai le liya MedPlus ko Paytm pe icici account se bhai,48851,healthcare,upi,paytm,icici,hinglish_natural
Library fee INR 49393,49393,education,card,,,source_english
UPGRAD INR 397,397,education,card,,,english_natural
Bought ET Money for Rs4759 with G Pay,4759,investment,upi,gpay,niyo,english_natural
home loan EMI 1938 ₹ card se,1938,emi,card,,,hinglish_natural
mutual fund SIP stocks PPF FD investment 317 Gpay,317,investment,upi,gpay,,cue_row
Spent R 36 on Apollo Pharmacy using Jupiter,36,healthcare,upi,jupiter,kotak,english_natural
Paid ₹41795.55 for Rahul via PhonePe,41795.55,friends,upi,phonepe,,english_natural
aaj gold pe 281 rupaye kharcha hua Phonepe se,281,investment,upi,phonepe,canara,voice_transcript
i did 1865 expense on Starbucks using cred,1865,food,upi,cred,icici,voice_transcript
53 rs. fees bharra stationery ko card se,53,education,card,,,hinglish_natural
39425 rupaye paise bheje bhai ko cash diye matlab,39425,friends,cash,,,hinglish_natural
friend mein 3279 lag gaye phonepe se bhara,3279,friends,upi,phonepe,,voice_transcript
1568 rupaye electronics store debit card se,1568,shopping,card,,yes bank,hinglish_natural
318 ka Zara bill pay kiya Google Pay se,318,shopping,upi,gpay,,voice_transcript
469 ka BYJU'S bill pay kiya card se,469,education,card,,,voice_transcript
Paid Zomato Rs.39645 using paytm,39645,food,upi,paytm,,english_natural
Hospital bill INR 45663,45663,healthcare,cash,,,source_english
credit card EMI pe 32359 rupay ka EMI bharra debit card se ICICI Bank wale account se,32359,emi,card,,icici,hinglish_natural
3079 rupaiye movie dekhi JioCinema pe UPI se pay kr diya,3079,entertainment,upi,cred,,hinglish_natural
yaar 67 rupaiye food court UPI se diye,67,food,upi,bhim,slice,hinglish_natural
50 rupaiye EMI kat gayi SBI loan pe cred pe,50,emi,upi,cred,,hinglish_natural
₹1436.99 debited from your Yes Bank account for SonyLIV (Phonepe UPI),1436.99,entertainment,upi,phonepe,yes bank,ocr_upi
stationery se course lia 2878 rupees ka UPI se diy,2878,education,upi,phonepe,,hinglish_natural
Zerodha Rs 112 CRED,112,investment,upi,cred,hdfc,ocr_upi
"rickshaw 28717 Completed 3Jan 2025,1:59 pm ICICI Bank 1594 UPI transaction ID 78665571955",28717,travel,upi,cred,icici,ocr_upi
"DENTIST RESTAURANT
Total 451
Cash Received
Change 0.00",451,healthcare,upi,gpay,federal bank,ocr_receipt
personal loan installment EMI deduction ₹4813 card,4813,emi,card,,,cue_row
INR 3268 paid to doctor via cash from RBL Bank,3268,healthcare,cash,,rbl,english_natural
Payment of INR 17234 to Croma was successful via GPay UPI Ref No 1080092821 hdfc Account 1618,17234,shopping,upi,gpay,hdfc,ocr_upi
INR 430 to Neha via cash,430,friends,cash,,,english_natural
bike loan EMI ka EMI bharaa 944 ₹ phonepe pe yaar,944,emi,upi,phonepe,,hinglish_natural
Paid 1492 for CCD from my ICICI account via cash,1492,food,cash,,icici,english_natural
flight booking travel ticket Rs 2544 card,2544,travel,card,,,cue_row
Practo se dawai lya 5159 rs ka Fi se pay kia Fi wale account se budget tod diya,5159,healthcare,upi,fi,fi,hinglish_natural
subah Vi recharge se recharge kr diya 1515 rupaye ka debit card se HDFC Bank wale account se bhai,1515,utilities,card,,hdfc,hinglish_natural
Paid 842.83 to FD phonepe UPI Kotak Mahindra 1581 Completed,842.83,investment,upi,phonepe,kotak,ocr_upi
KFC ka 44839 rupees ka bill SLICE se pay kiya,44839,food,upi,slice,,voice_transcript
"TAX INVOICE
hospital
Grand Total: Rs 2903.05
Payment: PayTM",2903.05,healthcare,upi,paytm,idfc,ocr_receipt
POS/AMAZON/PAYTM/2480,9038,shopping,upi,paytm,,english_natural
107 rupaiye recharge kiyaa rent ko paytm se pay kya,107,utilities,upi,paytm,,hinglish_natural
BSNL ka recharge kya 2852 ₹ UPI se ICICI se,2852,utilities,upi,gpay,icici,hinglish_natural
Paid 61 to rent PayTM UPI ICICI Bank 2699 Completed,61,utilities,upi,paytm,icici,ocr_upi
29002 debited from your HDFC Bank account for Amazon (Google Pay UPI),29002,shopping,upi,gpay,hdfc,ocr_upi
Flipkart order INR 2659,2659,shopping,card,,,source_english
abhi 46930 rs paise bheje Pooja ko via G Pay,46930,friends,upi,gpay,hdfc,hinglish_natural
2834 rs EMI kat gayi credit card EMI pe card se,16906,emi,card,,,source_hinglish
"FirstCry BILL
St: 1069
Phonepe approved",1069,shopping,upi,phonepe,axis,ocr_receipt
"D SONYLIV 397 Completed 25Apr 2026,8:37 pm Punjab National Bank Bank 1917 UPI transaction ID 361408307090 TO:SONYLIV sonyliv.61394@punjab national bankbank Soogletransaction lD CICAgJjg027315 OPI Phonepe",397,entertainment,upi,phonepe,pnb,ocr_upi
Dunkin ka kha liya 50 UPI se de diya,50,food,upi,gpay,,hinglish_natural
338 rs paise bheje bro ko Phone Pe se pay kiyaa Jupiter card se,338,friends,upi,phonepe,jupiter,hinglish_natural
2862 books lya coaching ko cash de diya,2862,education,cash,,,hinglish_natural
R 25768 debited from your HDFC Bank account for Myntra (bhim UPI),25768,shopping,upi,bhim,hdfc,ocr_upi
home loan car loan credit card EMI monthly ?1787 autopay fi,1787,emi,upi,fi,,cue_row
kal bhai 3935 PhonePe se pay kya Fi card se,3935,friends,upi,phonepe,fi,hinglish_natural
Used Federal Bank Slice to pay ₹1751.42 for EaseMyTrip,1751.42,travel,upi,slice,federal bank,english_natural
Bought mobile recharge for Rs 4136.10 with GPay,4136.10,utilities,upi,gpay,fi,english_natural
SBI loan 42 rupees UPI se,42,emi,upi,bhim,,hinglish_natural
hospital doctor pharmacy medicine diagnostic ₹481 card,481,healthcare,card,,,cue_row
UPI/55265663/AMAZON PRIME/YES BANK,711,entertainment,card,,yes bank,english_natural
Electricity bill payment INR 11093,11093,utilities,cash,,,source_english
"Receipt #6965
Netflix
Amount Paid: Rs 4023.59
Mode: Jupiter",4023.59,entertainment,upi,jupiter,,ocr_receipt
Rs 96 paid to car loan EMI via card from ICICI Bank,96,emi,card,,icici,english_natural
Payment of 23583 to Practo was successful via PayTM UPI Ref No 99264769650 Kotak Account 3057,23583,healthcare,upi,paytm,kotak,ocr_upi
metro payment Rs 19164 done via SLICE,19164,travel,upi,slice,,english_natural
1984 rupees Reliance Digital card se pay kiya,1984,shopping,card,,fi,hinglish_natural
TO:GASBILL gasbill.73251@axisbank From:AMITSINGH (Axis bhim : sender2237@okaxisbank,3729.49,utilities,upi,bhim,axis,ocr_upi
home loan EMI se EMI bharra 33118 ka debit card se,33118,emi,card,,,hinglish_natural
EDUCATION LOAN EMI INR 325,325,emi,card,,,english_natural
TO:H&M h&m.64614@axisbank From:PRIYASHARMA (axis phonepe : user3562@okaxisbank,152,shopping,upi,phonepe,axis,ocr_upi
ATM/CASH/BANK/195.13,195.13,friends,upi,paytm,,english_natural
Bharat Petroleum se petrol bharra 370 ka card se,370,travel,card,,,hinglish_natural
TO:HOTSTAR hotstar.38900@hdfcbank From:RAHULKUMAR (HDFC PhonePe : sender1666@okhdfcbank,2797.68,entertainment,upi,phonepe,hdfc,ocr_upi
home loan EMI se EMI kat gayi 4344 ka card se pay kiyaa,4344,emi,card,,,hinglish_natural
R 398 to colleague card UPI,398,friends,card,,canara,friends_synthetic
38636 rupay checkup karaya lab test ko cash me,38636,healthcare,cash,,niyo,hinglish_natural
₹337 paid to Tata CLiQ via card from Kotak Mahindra,337,shopping,card,,kotak,english_natural
personal loan EMI se EMI bhar diya 228 rs. ka UPI se pay kar diya zyada ho gaya,44302,emi,upi,gpay,,source_hinglish
"water bill BILL
St: INR 30051
CARD APPROVED",30051,utilities,card,,,ocr_receipt
10980 ka Box8 bill pay kiya PhonePe se,10980,food,upi,phonepe,,voice_transcript
34086 ka Coursera bill pay kiya cash se,34086,education,cash,,,voice_transcript
"PharmEasy BILL
St: 34311.30
CARD APPROVED",34311.30,healthcare,card,,federal bank,ocr_receipt
184 rupaiye mangwaya Dunkin ko via Paytm,184,food,upi,paytm,,hinglish_natural
TO:RELIANCEDIGITAL reliancedigital.32816@axisbankbank From:UTSAVJANA (Axis Bank paytm : sender9661@okaxisbankbank,4280,shopping,upi,paytm,axis,ocr_upi
20221 rupaye khana khayaa food court pe jupiter pe,15780,food,upi,jupiter,,source_hinglish
mutual fund pe 4789 rs ka mutual fund kar diya credit card se,4789,investment,card,,,hinglish_natural
spent 4717 rupees on Starbucks via Cred,4717,food,upi,cred,,voice_transcript
coaching exam preparation study material 4650 card,4650,education,card,,,cue_row
Amazon 170.88 Visa,170.88,shopping,card,,,english_natural
car loan EMI ka loan payment kia 4147 rupees debit card se slice se,4147,emi,card,,slice,hinglish_natural
33708 ₹ tuition die tuition pe UPI se,33708,education,upi,gpay,,hinglish_natural
1597 lab test via GPay bhai,1597,healthcare,upi,gpay,,hinglish_natural
36551 rs stationery debit card se bhai,36551,education,card,,,hinglish_natural
ghar jaate waqt 204 Bajaj Finance EMI card se zyada ho gaya,204,emi,card,,,hinglish_natural
CRED payment Rs17626 SBI loan State Bank 2613 successful,17626,emi,upi,cred,sbi,ocr_upi
"Receipt #7725
1mg
Amount Paid: 42583
Mode: CARD",42583,healthcare,card,,axis,ocr_receipt
4116 ₹ INOX card se pay kar diya,4116,entertainment,card,,,hinglish_natural
upGrad pe 491 rupaiye ka tuition die credit card se,491,education,card,,,hinglish_natural
office se aate hue insurance premium 14446 UPI se de diya,14446,utilities,upi,gpay,,hinglish_natural
4417.22 charged for Amazon Prime on phonepe,4417.22,entertainment,upi,phonepe,,english_natural
Home loan EMI INR 45506,45506,emi,card,,,source_english
ghar jaate waqt 29516 rupaye recharge kiya Vi recharge pe UPI se pay kia,30372,utilities,upi,gpay,,source_hinglish
Angel One 102,102,investment,card,,,english_natural
692 rupaye buy kr diya mall pe card se pay kar diya axis se matlab,692,shopping,card,,axis,hinglish_natural
Paid eye checkup Rs4481 using Google Pay,4481,healthcare,upi,gpay,,english_natural
maine 299 rupaye upGrad ko diye card se,299,education,card,,kotak,voice_transcript
abhi 4203 rs. ticket book kiya EaseMyTrip pe Slice se,4203,travel,upi,slice,,hinglish_natural
908 debited from your icici account for stocks (Phone Pe UPI),908,investment,upi,phonepe,icici,ocr_upi
paid 3299 to market through CRED,3299,shopping,upi,cred,,voice_transcript
coaching Rs 1059 paytm,1059,education,upi,paytm,hdfc,ocr_upi
abhi HDFC loan ka loan payment kya 48 rupees UPI se diye,48,emi,upi,phonepe,,hinglish_natural
Rs 50 charged for petrol pump on cash,50,travel,cash,,,english_natural
Concert ticket INR 22404,22404,entertainment,card,,,source_english
Paid food court Rs.32228 using Visa,32228,food,card,,,english_natural
Goibibo ka kiraya de diya 2210 rs. debit card se,2210,travel,card,,,hinglish_natural
"hospital BILL
St: Rs.4397
gpay Approved",4397,healthcare,upi,gpay,icici,ocr_receipt
275 rs Zomato cash me,275,food,cash,,slice,hinglish_natural
paid Divya Rs14066 via gpay,14066,friends,upi,gpay,,friends_synthetic
Bajaj Finance EMI pe 2606 rupaye ka EMI kat gayi via PayTM,25049,emi,upi,paytm,,source_hinglish
Behrouz me 24282 rupaiye ka mangwaya credit card se HDFC Bank account se,24282,food,card,,hdfc,hinglish_natural
224 rupaiye H&M card se,224,shopping,card,,,hinglish_natural
Just paid INR 1149.54 to Indian Oil through Mastercard,1149.54,travel,card,,,english_natural
"Tata CLiQ 29318.70 Completed 2Dec 2026,9:36 pm Kotak Mahindra 1667 UPI transaction ID 381575015438578",29318.70,shopping,upi,phonepe,kotak,ocr_upi
349 buy kr diya H&M ko card se,349,shopping,card,,,hinglish_natural
Goibibo 206,206,travel,cash,,axis,english_natural
coaching 4757 bhim Payment done HDFC Bank 1270,4757,education,upi,bhim,hdfc,ocr_upi
aaj society maintenance pe 280 rupaye kharcha hua BHIM se,280,utilities,upi,bhim,pnb,voice_transcript
coaching ka books lia 7216 ₹ UPI se,7216,education,upi,gpay,,hinglish_natural
Reliance Digital ka order kr diya 301 rupees credit card se NIYO card se,301,shopping,card,,niyo,hinglish_natural
94 Lenskart gpay pe,94,shopping,upi,gpay,,hinglish_natural
aaj SIP ka stock liyaa 353 rupay debit card se icici se kata,47557,investment,card,,icici,source_hinglish
ghar jaate waqt 1856 rupaye Apollo Pharmacy credit card se,1856,healthcare,card,,sbi,hinglish_natural
paid back friend lent money ₹2416 card,2416,friends,card,,,cue_row
bhai Neha ko udhar return kiya 199 rs cash se,199,friends,cash,,,friends_synthetic
"DOCTOR RESTAURANT
Total 3071.97
Cash Received
Change 0.00",3071.97,healthcare,card,,hdfc,ocr_receipt
"Receipt #2528
Barbeque Nation
Amount Paid: 4295.87
Mode: CASH",4295.87,food,cash,,,ocr_receipt
aaj Shreya se split kya 9753 rs ka UPI se,9753,friends,upi,gpay,,hinglish_natural
mutual fund SIP stocks PPF FD investment ₹4307 card,4307,investment,card,,,cue_row
4140 cash Zara,4140,shopping,cash,,,english_natural
"Receipt #3811
Behrouz
Amount Paid: Rs44424
Mode: SLICE",44424,food,upi,slice,kotak,ocr_receipt
crypto gold bonds NPS portfolio ₹3583 Niyo,3583,investment,upi,niyo,,cue_row
paid 19672 to clinic through card,19672,healthcare,card,,,voice_transcript
Tata Play pe 405 rs. ka payment kiya UPI se de diye achha deal mila,405,utilities,upi,phonepe,,hinglish_natural
stocks 331.87,331.87,investment,upi,gpay,,english_natural
Arjun se paise bheje 232 rs. ka cash me,232,friends,cash,,,hinglish_natural
i paid 331 rupees for Tata Play using Paytm,331,utilities,upi,paytm,icici,voice_transcript
subah 154 ET Money card se pay kr diya,154,investment,card,,,hinglish_natural
dost pe 32036 rs. ka paise bheje UPI se pay kia,32036,friends,upi,gpay,,hinglish_natural
jupiter payment Rs10227 clinic ICICI 3380 completed,10227,healthcare,upi,jupiter,icici,ocr_upi
29807 rupaye doctor card se pay kiyaa,29807,healthcare,card,,,hinglish_natural
48822 dentist,48822,healthcare,card,,axis,english_natural
hospital se dawai liyaa 195 rs ka card se Federal Bank account se,195,healthcare,card,,federal bank,hinglish_natural
"Jio recharge
Net Amount 2954
Paid via GPay",2954,utilities,upi,gpay,,ocr_receipt
spent 259 rupees on Zee5 via Paytm,259,entertainment,upi,paytm,,voice_transcript
grocery vegetables milk bread fruits Rs3527 paid cash,3527,food,cash,,,cue_row
19313 ₹ checkup karaya Practo pe cash de diya sasta tha,19313,healthcare,cash,,,hinglish_natural
ghar jaate waqt insurance premium 2605 rupay Jupiter pe,2605,utilities,upi,jupiter,,hinglish_natural
flight booking travel ticket Rs2352 card,2352,travel,card,,kotak,cue_row
broadband ka payment kiyaa 49630 rs. card se,49630,utilities,card,,slice,hinglish_natural
metro 4478.06,4478.06,travel,cash,,,english_natural
"electricity bill
Net Amount 252
Paid via CASH",252,utilities,cash,,canara,ocr_receipt
Cleartrip me 1569 rupaye ka petrol bhra card se pay kar diya sbi card se bohot mehenga,1569,travel,card,,sbi,hinglish_natural
Spent ₹79 on Uber using cash,79,travel,cash,,kotak,english_natural
"1mg BILL
St: 280.46
CASH APPROVED",280.46,healthcare,cash,,,ocr_receipt
lunch dinner food order swiggy zomato restaurant meal Rs188 cash,188,food,cash,,,cue_row
260 saman liyaa Lenskart ko credit card se achha deal mila,260,shopping,card,,icici,hinglish_natural
split bill 2597 Gpay se Priya ko diya,2597,friends,upi,gpay,,friends_synthetic
METRO INR 1586 HDFC BANK,1586,travel,card,,hdfc,english_natural
petrol pump 85 debit card,85,travel,card,,,english_natural
bhai FreshMenu ka 205 rupaye bhim se de diya,205,food,upi,bhim,,voice_transcript
i paid 87 rupees for yaar using PayTM,87,friends,upi,paytm,,voice_transcript
4638 rupaiye bill bharra BSNL pe jupiter se pay kya,4638,utilities,upi,jupiter,,hinglish_natural
833 rupaiye transfer kya dost ko CRED se,833,friends,upi,cred,,hinglish_natural
21878 khareed lia Croma pe debit card se PNB se kata matlab,21878,shopping,card,,pnb,hinglish_natural
Paid Netmeds INR 324 using cash from ICICI Bank,324,healthcare,cash,,icici,english_natural
"TAX INVOICE
JioMart
Grand Total: Rs3944
Payment: CASH",3944,food,cash,,sbi,ocr_receipt
"BILL
Spotify
₹3546.41
Paytm
Thank You Visit Again",3546.41,entertainment,upi,paytm,,ocr_receipt
flatmate rent share 1902 paytm Karan,1902,friends,upi,paytm,,friends_synthetic
hospital doctor pharmacy medicine diagnostic Rs.24174 Paytm,24174,healthcare,upi,paytm,,cue_row
Paid car loan EMI ₹1343 using Fi Money,1343,emi,upi,fi,,english_natural
rent maintenance gas connection Rs.323 Paytm,323,utilities,upi,paytm,kotak,cue_row
hospital doctor pharmacy medicine diagnostic Rs 3552 jupiter,3552,healthcare,upi,jupiter,,cue_row
bhai Coin ka 40 rupaye card se de diya,40,investment,card,,,voice_transcript
ghar jaate waqt books ka books liyaa 31014 rupaiye card se,31014,education,card,,,hinglish_natural
₹1045.15 paid to stocks via CRED UPI from HDFC Bank Bank ending 8857,1045.15,investment,upi,cred,hdfc,ocr_upi
"Dominos BILL
St: INR 4428.32
CASH approved",4428.32,food,cash,,sbi,ocr_receipt
sent money to colleague Rs3580 on GPay,3580,friends,upi,gpay,,friends_synthetic
4955 rupaiye Airtel recharge card se,4955,utilities,card,,jupiter,hinglish_natural
"D PRACTO 4018 Completed 4Apr 2026,9:23 pm HDFC Bank 7223 UPI transaction ID 6345856977 TO:PRACTO practo.18307@hdfcbank Soogletransaction lD XYZabc688263 OPI Niyo",4018,healthcare,upi,niyo,hdfc,ocr_upi
842 ka PVR bill pay kiya cred se,842,entertainment,upi,cred,,voice_transcript
37151 ₹ Chai Point UPI se sasta tha,37151,food,upi,paytm,,hinglish_natural
bhai Pooja ka 5103 rupaye card se de diya,5103,friends,card,,kotak,voice_transcript
3265 rupees HDFC loan debit card se,3265,emi,card,,sbi,hinglish_natural
Payment of Rs390 to PVR was successful via phonepe UPI Ref No 70214616904761 hdfc Account 5057,390,entertainment,upi,phonepe,hdfc,ocr_upi
"MARKET
Item 1 Rs242
Item 2 Rs166
Total Rs 6320.66
CARD",6320.66,shopping,card,,sbi,ocr_receipt
Just paid Rs.4623.73 to Bajaj Finance EMI through Mastercard,4623.73,emi,card,,,english_natural
275 rupaye ACT Fibernet SLICE se,275,utilities,upi,slice,,hinglish_natural
yaar Bewakoof se saman le liya 39190 rupaye ka Cred se achha deal mila,32457,shopping,upi,cred,,source_hinglish
Payment of 44528.06 to Flipkart was successful via cred UPI Ref No 959151676166 Kotak Mahindra Account 2020,44528.06,shopping,upi,cred,kotak,ocr_upi
colleague ko 16491 transfer kiya Paytm se,16491,friends,upi,paytm,,friends_synthetic
Shreya ka split kya 10044 card se,10044,friends,card,,,hinglish_natural
spent 28943 rupees on society maintenance via G Pay,28943,utilities,upi,gpay,,voice_transcript
NPS se paisa daala 3796 ka Phonepe se pay kiyaa,3796,investment,upi,phonepe,,hinglish_natural
PharmEasy ka 235 rupees ka bill card se pay kiya,235,healthcare,card,,hdfc,voice_transcript
raat ko 16088 rupaiye Practo cash de diye,16088,healthcare,cash,,,hinglish_natural
"RELIANCE DIGITAL RESTAURANT
Total 551.83
Cash Received
Change 0.00",551.83,shopping,card,,sbi,ocr_receipt
Bought mall for ₹440 with credit card,440,shopping,card,,,english_natural
Rs 1302.06 charged for IRCTC on cash,1302.06,travel,cash,,hdfc,english_natural
Payment of Rs 482 to school fees was successful via Slice UPI Ref No 710738232258 HDFC Bank Account 5310,482,education,upi,slice,hdfc,ocr_upi
aaj Pooja pe 3653 rupaye kharcha hua Phone Pe se,3653,friends,upi,phonepe,,voice_transcript
stocks se mutual fund kiyaa 2207 rupaiye ka UPI se de diye zyada ho gaya,2207,investment,upi,fi,,hinglish_natural
Paid ₹12127 to diagnostic Google Pay UPI Kotak 7184 Successful,12127,healthcare,upi,gpay,kotak,ocr_upi
dost se split kar diya 2852 rs. ka UPI se de diye sasta tha,2852,friends,upi,cred,,hinglish_natural
Subway me 43890 rupees ka khana khaaya cash me bhai,43890,food,cash,,,hinglish_natural
42403 rs. Chai Point Cred se,42403,food,upi,cred,slice,hinglish_natural
paid 318 to college fees through card from NIYO,318,education,card,,niyo,voice_transcript
"SOCIETY MAINTENANCE RESTAURANT
Total 1356
Cash Received
Change 0.00",1356,utilities,upi,gpay,,ocr_receipt
market 72 rupay UPI se diyee yaar,5495,shopping,upi,paytm,,source_hinglish
friend Rs.3074 debited from Punjab National Bank,3074,friends,upi,jupiter,pnb,english_natural
₹27419 paid to Jio recharge via Phonepe UPI from SBI Bank ending 1862,27419,utilities,upi,phonepe,sbi,ocr_upi
lunch dinner food order swiggy zomato restaurant meal Rs4037 cash,4037,food,cash,,,cue_row
2288 rs. yaar UPI se diyee,2288,friends,upi,cred,hdfc,hinglish_natural
Payment of Rs 4489 to books was successful via PhonePe UPI Ref No 28168960066881 hdfc Account 7783,4489,education,upi,phonepe,hdfc,ocr_upi
Bharat Petroleum 4775 ₹ naqad,4775,travel,cash,,,hinglish_natural
yaar 2583 rupaye paise bheje dost ko Slice se,2583,friends,upi,slice,slice,hinglish_natural
raat ko Spotify ka movie dekhi 2677 ₹ card se pay kya,2677,entertainment,card,,,hinglish_natural
DishTV ka payment kiyaa 30351 rupay naqad,30351,utilities,cash,,,hinglish_natural
netflix spotify hotstar subscription movie show Rs 613 phonepe,613,entertainment,upi,phonepe,icici,cue_row
auto se ride lya 2066 rs ka naqad,2066,travel,cash,,jupiter,hinglish_natural
4265 ka Yatra bill pay kiya cash se,4265,travel,cash,,,voice_transcript
sent money to Rohan Rs 22395 on paytm,22395,friends,upi,paytm,,friends_synthetic
gold ₹23877 cred,23877,investment,upi,cred,icici,ocr_upi
392 rupaiye medicine liya Netmeds pe Fi Money se,392,healthcare,upi,fi,,hinglish_natural
Flipkart 143 rs credit card se bc,143,shopping,card,,,hinglish_natural
paid 498 to Ajio through card,498,shopping,card,,,voice_transcript
abhi upGrad 393 haath se die,393,education,cash,,,hinglish_natural
stationery me 3641 rupay ka fees bhra UPI se pay kiya YES BANK account se,3641,education,upi,phonepe,yes bank,hinglish_natural
Spotify R 30923 debited from Indusind Bank,30923,entertainment,cash,,indusind,english_natural
coaching exam preparation study material Rs.4955 cash,4955,education,cash,,,cue_row
today i spent 233 on Starbucks via SLICE,233,food,upi,slice,,voice_transcript
FreshMenu payment INR 3577.06 done via G Pay,3577.06,food,upi,gpay,,english_natural
Paid R 3070 for Unacademy from my Bank of Baroda account via slice,3070,education,upi,slice,bob,english_natural
Paid ₹3042 for clinic via PhonePe,3042,healthcare,upi,phonepe,axis,english_natural
Coin t13668.82 jupiter,13668.82,investment,upi,jupiter,hdfc,ocr_upi
bhai SIP ka 1485 rupaye card se de diya,1485,investment,card,,jupiter,voice_transcript
"TATA PLAY
Item 1 Rs314
Item 2 Rs163
Total 47632
Bhim",47632,utilities,upi,bhim,,ocr_receipt
Tata CLiQ ka khareed liya 4769 rupaiye cash me,4769,shopping,cash,,hdfc,hinglish_natural
ATM/CASH/BANK/395,395,friends,upi,paytm,,english_natural
today i spent 398 on credit card EMI via Gpay,398,emi,upi,gpay,,voice_transcript
split bill 1627 gpay se Ananya ko diya,1627,friends,upi,gpay,icici,friends_synthetic
YouTube Premium 485 Jupiter Successful HDFC 6635,485,entertainment,upi,jupiter,hdfc,ocr_upi
bhai se transfer kya 3650 rupees ka naqad yaar,3650,friends,cash,,jupiter,hinglish_natural
subah Spotify 19932 debit card se,19932,entertainment,card,,,hinglish_natural
Paid ₹28004.84 for Nykaa via credit card,28004.84,shopping,card,,,english_natural
Lunch at hotel INR 784,784,food,upi,paytm,,source_english
"TAX INVOICE
BookMyShow
Grand Total: Rs1730
Payment: CARD",1730,entertainment,card,,federal bank,ocr_receipt
paid Shreya 234 via GPay,234,friends,upi,gpay,,friends_synthetic
tuition 557 rupees credit card se,557,education,card,,,hinglish_natural
dentist se doctor ko de diye 3482 rupaye ka Gpay se matlab,3482,healthcare,upi,gpay,fi,hinglish_natural
Paid Rs.60 to doctor Paytm UPI HDFC 4515 Completed,60,healthcare,upi,paytm,hdfc,ocr_upi
ghar jaate waqt Netflix se subscription renew kya 4142 ka UPI se de diye,4142,entertainment,upi,phonepe,,hinglish_natural
"Haldirams 180.56 Completed 25Nov 2025,9:18 am hdfc 4843 UPI transaction ID 218505608319",180.56,food,upi,jupiter,hdfc,ocr_upi
?20776 charged for Snapdeal on cash,20776,shopping,cash,,,english_natural
MedPlus 1021 sbi,1021,healthcare,upi,phonepe,sbi,english_natural
206 rupaiye ride lya Rapido ko card se sbi se kata,40570,travel,card,,sbi,source_hinglish
Box8 2611 ₹ card se pay kr diya,8,food,card,,,hinglish_natural
2555 paid to home loan EMI via Visa from slice,2555,emi,card,,slice,english_natural
bhai Zara pe 4397 rs ka khareed lya card se pay kiyaa Niyo wale account se,4397,shopping,card,,niyo,hinglish_natural
RedBus ka 1334 rupees ka bill Phonepe se pay kiya,1334,travel,upi,phonepe,,voice_transcript
raat ko Faasos pe 2568 ₹ ka food order kiyaa credit card se,2568,food,card,,kotak,hinglish_natural
Paid 2685 for PVR from my slice account via cash,2685,entertainment,cash,,slice,english_natural
"FirstCry BILL
St: INR 34792
CARD APPROVED",34792,shopping,card,,,ocr_receipt
HOSPITAL INR 969 HDFC,969,healthcare,cash,,hdfc,english_natural
bhai Apple Music ka show dekha 141 ₹ via Phone Pe hdfc se kata,141,entertainment,upi,phonepe,hdfc,hinglish_natural
"SUBWAY
Item 1 465
Item 2 Rs.320
Total ₹470
PhonePe",470,food,upi,phonepe,,ocr_receipt
47690 rupaiye doctor ko die clinic pe card se,47690,healthcare,card,,,hinglish_natural
paid 43649 to Arjun through phonepe from IndusInd,43649,friends,upi,phonepe,indusind,voice_transcript
FirstCry se shopping kya 3235 rupees ka cash me Fi Money account se,3235,shopping,cash,,fi,hinglish_natural
178 rupees Nykaa card kotak account,178,shopping,card,,kotak,voice_transcript
Paid metro INR 9755 using Visa,9755,travel,card,,,english_natural
sent ?237 to friend on Cred split bill UPI,237,friends,upi,cred,,cue_row
Meesho 64,64,shopping,card,,,english_natural
subah Vedantu se admission kar diya 23384 ka card se Kotak wale account se,23384,education,card,,kotak,hinglish_natural
paid back friend lent money Rs1713 jupiter,1713,friends,upi,jupiter,,cue_row
UPI/41443092/CONCERT/SBI,91,entertainment,card,,sbi,english_natural
petrol diesel fuel Rs4760 at pump card,4760,travel,card,,,cue_row
mobile recharge 1447 Google Pay Payment done icici 6564,1447,utilities,upi,gpay,icici,ocr_upi
Gpay payment ₹391 Spotify HDFC Bank 6626 completed,391,entertainment,upi,gpay,hdfc,ocr_upi
Groww me 108 rupay ka SIP bhara card se pay kr diya,108,investment,card,,icici,hinglish_natural
Used sbi G Pay to pay Rs.1680.93 for Amazon,1680.93,shopping,upi,gpay,sbi,english_natural
bhai PharmEasy ka 2623 rupaye CRED se de diya,2623,healthcare,upi,cred,icici,voice_transcript
Rs 22986 paid to Amit via credit card from HDFC Bank,22986,friends,card,,hdfc,english_natural
subah Lenskart pe 188 rupay ka buy kr diya UPI se pay kiya,188,shopping,upi,gpay,slice,hinglish_natural
bhai ko 4492 transfer kiya cash se,4492,friends,cash,,sbi,friends_synthetic
₹2676.17 debited from your State Bank account for auto (Bhim UPI),2676.17,travel,upi,bhim,sbi,ocr_upi
cafe Rs1250 card,1250,food,card,,icici,english_natural
Rs.224.27 to Gaana via cash,224.27,entertainment,cash,,,english_natural
gaming concert event ticket Rs 2281 card,2281,entertainment,card,,,cue_row
office se aate hue 882 rupaiye shopping kiyaa Croma ko CRED se,14692,shopping,upi,cred,,source_hinglish
Apple Music se movie dekhi 43163 ₹ ka UPI se diyee,43163,entertainment,upi,niyo,sbi,hinglish_natural
paid 25951 to flatmate through Google Pay,25951,friends,upi,gpay,,voice_transcript
maine 3839 rupaye EaseMyTrip ko diye cash se,3839,travel,cash,,icici,voice_transcript
Payment of Rs 912.54 to gas bill was successful via Phonepe UPI Ref No 5580624755526 BOB Account 4631,912.54,utilities,upi,phonepe,bob,ocr_upi
₹9509.81 paid to IRCTC via Phonepe UPI from Union Bank Bank ending 4784,9509.81,travel,upi,phonepe,union bank,ocr_upi
3877 rupay khana order kar diya EatFit ko cash me,3877,food,cash,,,hinglish_natural
abhi water bill ka bill pay kiya 1551 rupay card se pay kr diya,32705,utilities,card,,,source_hinglish
3790 rupaiye canteen via Slice,3790,food,upi,slice,,hinglish_natural
lunch dinner food order swiggy zomato restaurant meal Rs4727 Cred,4727,food,upi,cred,,cue_row
petrol diesel fuel ₹626 at pump cash,626,travel,cash,,,cue_row
yaar bike loan EMI 473 rupaiye Cred pe,473,emi,upi,cred,,hinglish_natural
372 rupaye gas bill credit card se,372,utilities,card,,,hinglish_natural
Cleartrip me 723 rupay ka ticket book kar diya gpay se pay kia sbi se,48830,travel,upi,gpay,sbi,source_hinglish
ET Money se invest kia 347 ka credit card se,347,investment,card,,,hinglish_natural
"TAX INVOICE
Flipkart
Grand Total: ₹445.00
Payment: CARD",445.00,shopping,card,,,ocr_receipt
dost dost ko 18519 rupaye BHIM se bheje,18519,friends,upi,bhim,,friends_synthetic
flatmate rent share 4441 paytm Amit,4441,friends,upi,paytm,,friends_synthetic
Bought McDonald's for Rs.2552.63 with Google Pay,2552.63,food,upi,gpay,,english_natural
Pharmacy medicine purchase INR 43632,43632,healthcare,card,,,source_english
Box8 461 rupay debit card se,8,food,card,,,hinglish_natural
bhai Paytm Money ka mutual fund kiya 1877 rs credit card se,1877,investment,card,,,hinglish_natural
paid 3449 to DishTV through cash,3449,utilities,cash,,,voice_transcript
Lenskart mein 4261 lag gaye card se bhara,4261,shopping,card,,,voice_transcript
4876 rupees Air India credit card se,4876,travel,card,,fi,hinglish_natural
"Zee5 BILL
St: ₹18120
CARD approved",18120,entertainment,card,,kotak,ocr_receipt
ghar jaate waqt Zepto ka khana khaaya 14474 UPI se pay kr diya,14474,food,upi,jupiter,hdfc,hinglish_natural
sent Rs1633 to dost on phonepe,1633,friends,upi,phonepe,,friends_synthetic
Paid Karan Rs 7810.90 using NIYO,7810.90,friends,upi,niyo,,english_natural
Train ticket IRCTC INR 34000,34000,travel,upi,gpay,,source_english
bhai Cleartrip ka 4839 rupaye card se de diya,4839,travel,card,,fi,voice_transcript
Zomato 38739 PhonePe,38739,food,upi,phonepe,icici,english_natural
MedPlus 13386,13386,healthcare,card,,,english_natural
BYJU'S se admission kiya 27511 ₹ ka cash me,27511,education,cash,,,hinglish_natural
446 ₹ khareed lia Nykaa ko debit card se,446,shopping,card,,axis,hinglish_natural
spent 46780 rupees on Vi recharge via cash,46780,utilities,cash,,,voice_transcript
PharmEasy se medicine liyaa 436 ka cred se pay kiyaa,436,healthcare,upi,cred,jupiter,hinglish_natural
broadband 4847 debited from Axis Bank,4847,utilities,upi,slice,axis,english_natural
bhai Karan ko udhar return kiya 2955 rs Fi se,2955,friends,upi,fi,,friends_synthetic
Hotstar 3852 rs. PayTM se,3852,entertainment,upi,paytm,,hinglish_natural
Google Pay payment INR 3524 H&M axis 4280 successful,3524,shopping,upi,gpay,axis,ocr_upi
t33330 charged for Bewakoof on Phonepe,33330,shopping,upi,phonepe,,english_natural
Arjun payment R 33980 done via Gpay,33980,friends,upi,gpay,,english_natural
4950 rupay society maintenance Jupiter se pay kiyaa,4950,utilities,upi,jupiter,sbi,hinglish_natural
i paid 333 rupees for Biryani Blues using jupiter,333,food,upi,jupiter,indusind,voice_transcript
178 ₹ ride liyaa Ola ko haath se de diya,178,travel,cash,,,hinglish_natural
56 ₹ khana khaya food court pe UPI se diye,56,food,upi,phonepe,,hinglish_natural
sent ₹12548 to Priya on Phonepe,12548,friends,upi,phonepe,,friends_synthetic
books pe 459 ka course liya card se Kotak account se,459,education,card,,kotak,hinglish_natural
Mobile recharge INR 32382,32382,utilities,upi,cred,,source_english
college fees 597 rupaiye naqad slice card se,597,education,cash,,slice,hinglish_natural
POS/NETFLIX/PHONEPE/6445,18129.26,entertainment,upi,phonepe,sbi,english_natural
amazon flipkart myntra online shopping order t14241 Gpay,14241,shopping,upi,gpay,bandhan,cue_row
27939 rupaye tuition die library ko card se,31302,education,card,,,source_hinglish
"LENSKART
Item 1 Rs.79
Item 2 216
Total Rs.2452
Phonepe",2452,healthcare,upi,phonepe,,ocr_receipt
canteen se khana order kr diya 19092 rs ka BHIM se pay kiya,48825,food,upi,bhim,,source_hinglish
Just paid Rs.4494.88 to auto through cash,4494.88,travel,cash,,icici,english_natural
Bought IndiGo for INR 16566 with cash,16566,travel,cash,,,english_natural
Ajio 681 rupees credit card se PNB wale account se,681,shopping,card,,pnb,hinglish_natural
473 rupay doctor UPI se de diya,473,healthcare,upi,phonepe,,hinglish_natural
"TATA PLAY
Item 1 ₹172
Item 2 INR 419
Total INR 29750.86
CARD",29750.86,utilities,card,,icici,ocr_receipt
Rs 5338 paid to Divya via Fi Money UPI from ICICI Bank ending 1945,5338,friends,upi,fi,icici,ocr_upi
Bought rent for 210 with fi,210,utilities,upi,fi,,english_natural
subah Practo me 1498 rupaye ka dawai liyaa cash de diye ICICI Bank wale account se,1498,healthcare,cash,,icici,hinglish_natural
INR 174 to Snapdeal via Slice Slice account,174,shopping,upi,slice,slice,english_natural
Paid ₹10894 for hospital via NIYO,10894,healthcare,upi,niyo,,english_natural
Goibibo ka ticket book kiya 924 rupay cash me,924,travel,cash,,,hinglish_natural
Indian Oil Rs.45408 debit card,45408,travel,card,,,english_natural
"EATFIT
Item 1 58
Item 2 INR 53
Total 2163.50
BHIM",2163.50,food,upi,bhim,hdfc,ocr_receipt
4925 rupay order kya FirstCry ko naqad,4925,shopping,cash,,,hinglish_natural
Apollo Pharmacy me 500 rupaye ka doctor ko de diye debit card se,500,healthcare,card,,sbi,hinglish_natural
Myntra 42894 rupay card se ICICI account se,42894,shopping,card,,icici,hinglish_natural
TO:RELIANCEDIGITAL reliancedigital.88425@sbibank From:RAHULKUMAR (SBI PhonePe : sender1172@oksbibank,234.84,shopping,upi,phonepe,sbi,ocr_upi
"MedPlus
Net Amount 145
Paid via GPay",145,healthcare,upi,gpay,,ocr_receipt
Air India ka ride liyaa 408 rs. UPI se diye,408,travel,upi,phonepe,,hinglish_natural
Bought credit card EMI for ?2146 with Mastercard,2146,emi,card,,rbl,english_natural
split bill 650 Phonepe se Arjun ko diya,650,friends,upi,phonepe,,friends_synthetic
hospital 179 rupees Paytm pe Canara Bank se kata,179,healthcare,upi,paytm,canara,hinglish_natural
Bought Uber for Rs.163.01 with card,163.01,travel,card,,,english_natural
238 rupay personal loan EMI UPI se pay kia,238,emi,upi,paytm,axis,hinglish_natural
sent 2095 to Divya on Cred,2095,friends,upi,cred,,friends_synthetic
281.25 card eye checkup,281.25,healthcare,card,,,english_natural
1004 rupaiye upGrad via G Pay zyada ho gaya,1004,education,upi,gpay,,hinglish_natural
office se aate hue Croma me 648 rs. ka order kiyaa credit card se,648,shopping,card,,,hinglish_natural
Reliance Fresh payment INR 208.63 done via cash,208.63,food,cash,,,english_natural
"Jio recharge BILL
St: Rs 2242
Fi Money approved",2242,utilities,upi,fi,indusind,ocr_receipt
food court pe 2142 rupay ka kha liya UPI se de diya,2142,food,upi,gpay,,hinglish_natural
"rent BILL
St: Rs 3180.93
PhonePe Approved",3180.93,utilities,upi,phonepe,,ocr_receipt
dost 481 ₹ phonepe pe,481,friends,upi,phonepe,idfc,hinglish_natural
dopahar ko SonyLIV ka ticket lia 37755 rs. UPI se,37755,entertainment,upi,gpay,,hinglish_natural
aaj YouTube Premium pe 22110 rupaye kharcha hua G Pay se,22110,entertainment,upi,gpay,,voice_transcript
Myntra mein 1787 lag gaye Phonepe se bhara,1787,shopping,upi,phonepe,,voice_transcript
1mg pe 41146 rs ka test karaya haath se de diya,1,healthcare,cash,,,hinglish_natural
117 ka Airtel recharge bill pay kiya card se,117,utilities,card,,,voice_transcript
4590 rupay bill pay kar diya Vi recharge pe via BHIM,4590,utilities,upi,bhim,,hinglish_natural
crypto gold bonds NPS portfolio t4859 PhonePe,4859,investment,upi,phonepe,,cue_row
331 rupay FirstCry Phone Pe pe,331,shopping,upi,phonepe,pnb,hinglish_natural
Used HDFC Bank Mastercard to pay ₹44442 for JioCinema,44442,entertainment,card,,hdfc,english_natural
raat ko 1914 rupaye H&M debit card se matlab,1914,shopping,card,,hdfc,hinglish_natural
SBI loan mein 4620 lag gaye Paytm se bhara,4620,emi,upi,paytm,kotak,voice_transcript
UPI/49296024/ELECTRONICS STORE/RBL BANK,112,shopping,upi,bhim,rbl,english_natural
dopahar ko Yatra ka cab liyaa 1675 ₹ debit card se,8043,travel,card,,,source_hinglish
rent maintenance gas connection 1552 card,1552,utilities,card,,,cue_row
rickshaw 8988,8988,travel,cash,,,english_natural
Nykaa 4196 card,4196,shopping,card,,,english_natural
aaj bike loan EMI pe 4495 rupaye kharcha hua Phonepe se,4495,emi,upi,phonepe,,voice_transcript
Coin ka SIP bharra 442 rupees via G Pay,442,investment,upi,gpay,hdfc,hinglish_natural
POS/STOCKS/NIYO/2560,102,investment,upi,niyo,niyo,english_natural
Biryani Blues 3723,3723,food,upi,slice,,english_natural
Flipkart order INR 22995,22995,shopping,card,,,source_english
hospital doctor pharmacy medicine diagnostic Rs113 Paytm,113,healthcare,upi,paytm,,cue_row
Apollo Pharmacy 4019.43 Fi Money Payment done sbi 5275,4019.43,healthcare,upi,fi,sbi,ocr_upi
"D HDFCLOAN 4114.57 Completed 4Mar 2026,8:12 pm HDFC Bank 7851 UPI transaction ID 6409680120039 TO:HDFCLOAN hdfc loan.12714@hdfcbank Goog1etransaction lD CICAgJjg970476 OPI Slice",4114.57,emi,upi,slice,hdfc,ocr_upi
Paid ₹2483 for INOX via debit card,2483,entertainment,card,,,english_natural
i paid 4490 rupees for KFC using card,4490,food,card,,,voice_transcript
"AIRTEL RECHARGE RESTAURANT
Total 1480.51
Cash Received
Change 0.00",1480.51,utilities,upi,gpay,,ocr_receipt
Udemy ka books le liya 36035 rupaye naqad,36035,education,cash,,,hinglish_natural
JioCinema 19610 Mastercard,19610,entertainment,card,,slice,english_natural
bhai PPF me 45635 rupay ka mutual fund kiya UPI se,45635,investment,upi,cred,,hinglish_natural
lab test se checkup karaya 360 ka card se pay kya,360,healthcare,card,,,hinglish_natural
1291 to Arjun via cash,1291,friends,cash,,,english_natural
358 rupaiye ticket le liya BookMyShow pe credit card se,358,entertainment,card,,,hinglish_natural
Paid ₹492.04 for Kuvera via Paytm,492.04,investment,upi,paytm,,english_natural
bhai RedBus ka 2655 rupaye card se de diya,2655,travel,card,,fi,voice_transcript
library 48727 rs Slice se pay kia,48727,education,upi,slice,idfc,hinglish_natural
"home loan EMI 4898.18 Completed 2Oct 2025,12:21 pm Bandhan Bank 5325 UPI transaction ID 70983181803",4898.18,emi,upi,gpay,bandhan,ocr_upi
insurance premium 29.65 icici,29.65,utilities,upi,gpay,icici,english_natural
Used Axis Bank Google Pay to pay INR 3848 for DMart,3848,food,upi,gpay,axis,english_natural
Paid Snapdeal 3353 using Visa,3353,shopping,card,,,english_natural
sent t3412 to friend on Gpay split bill UPI,3412,friends,upi,gpay,bandhan,cue_row
Paid Amazon Rs 1990 using card from icici,1990,shopping,card,,icici,english_natural
dopahar ko hospital 393 rs credit card se,393,healthcare,card,,sbi,hinglish_natural
Vi recharge me 430 rupees ka bill pay kar diya via Paytm,430,utilities,upi,paytm,fi,hinglish_natural
paid 37160 to lab test through Cred from jupiter,37160,healthcare,upi,cred,jupiter,voice_transcript
today i spent 336 on Airtel recharge via paytm from my State Bank bank,336,utilities,upi,paytm,sbi,voice_transcript
Used Jupiter credit card to pay ₹6478 for Spotify,6478,entertainment,card,,jupiter,english_natural
kal 19966 rs Vi recharge jupiter se pay kiya,19966,utilities,upi,jupiter,,hinglish_natural
1mg 93 rupaye SLICE pe yaar,1,healthcare,upi,slice,,hinglish_natural
kal 3544 rupay Flipkart card se pay kiya,3544,shopping,card,,,hinglish_natural
419 rupay PharmEasy haath se de diye,419,healthcare,cash,,jupiter,hinglish_natural
flatmate rent share 1842 cred friend,1842,friends,upi,cred,,friends_synthetic
bhai FreshMenu se khana khayaa 4255 ka UPI se pay kiyaa,4255,food,upi,gpay,,hinglish_natural
3738 rupees loan payment kia home loan EMI ko via Gpay,3738,emi,upi,gpay,,hinglish_natural
Paid Rs 18271 for Flipkart via Slice,18271,shopping,upi,slice,,english_natural
i did 30042 expense on Rohan using card,30042,friends,card,,niyo,voice_transcript
netflix spotify hotstar subscription movie show 463 card,463,entertainment,card,,,cue_row
Yatra 2987 ₹ debit card se bc,2987,travel,card,,,hinglish_natural
SpiceJet ka ride lya 14107 ₹ cash me,14107,travel,cash,,,hinglish_natural
i did 2452 expense on RedBus using cash,2452,travel,cash,,,voice_transcript
dopahar ko Zara ka buy kia 3125 rupaiye naqad,3125,shopping,cash,,,hinglish_natural
178 rupaye FirstCry via phonepe,178,shopping,upi,phonepe,,hinglish_natural
office se aate hue 2305 rupaiye Paytm Money debit card se,44947,investment,card,,sbi,source_hinglish
spent 1892 rupees on Udemy via cash,1892,education,cash,,fi,voice_transcript
RedBus 499 cash,499,travel,cash,,axis,english_natural
sent 9264 to friend on Paytm split bill UPI,9264,friends,upi,paytm,,cue_row
personal loan installment EMI deduction ₹2999 card,2999,emi,card,,,cue_row
medical checkup lab test health insurance Rs 75 card,75,healthcare,card,,rbl,cue_row
BookMyShow pe 4677 rs ka movie dekhi Cred se pay kr diya,4677,entertainment,upi,cred,,hinglish_natural
"TATA CLIQ
Item 1 ₹167
Item 2 374
Total ₹723.63
CARD",723.63,shopping,card,,axis,ocr_receipt
34155.89 paid to Jio recharge via paytm UPI from State Bank Bank ending 5824,34155.89,utilities,upi,paytm,sbi,ocr_upi
bhai Barbeque Nation ka 43801 rupaye Gpay se de diya,43801,food,upi,gpay,,voice_transcript
i paid 4734 rupees for diagnostic using cash,4734,healthcare,cash,,,voice_transcript
92 rupaye admission kar diya library ko UPI se die ICICI Bank wale account se,92,education,upi,jupiter,icici,hinglish_natural
YouTube Premium ka movie dekhi 362 rupaiye slice pe,362,entertainment,upi,slice,hdfc,hinglish_natural
gold 3292 rs UPI se die,3292,investment,upi,cred,hdfc,hinglish_natural
bhai friend ko udhar return kiya 19302 rs slice se,19302,friends,upi,slice,,friends_synthetic
car loan EMI ka loan payment kr diya 728 rs debit card se,728,emi,card,,,hinglish_natural
16415 ₹ EMI bhra Bajaj Finance EMI pe debit card se,16415,emi,card,,,hinglish_natural
bhai rickshaw ka 38103 rupaye cash se de diya,38103,travel,cash,,sbi,voice_transcript
Spent Rs 4196 on ET Money using debit card,4196,investment,card,,icici,english_natural
mutual fund SIP stocks PPF FD investment INR 249 card,249,investment,card,,icici,cue_row
electricity bill 25372 ₹ credit card se,25372,utilities,card,,slice,hinglish_natural
flatmate payment Rs100 done via Phone Pe,100,friends,upi,phonepe,,english_natural
1mg pe 1979 ka medicine le liya naqad,49075,healthcare,cash,,axis,source_hinglish
petrol diesel fuel 308 at pump card,308,travel,card,,,cue_row
sent Rs.1955 to friend on cred split bill UPI,1955,friends,upi,cred,,cue_row
TO:AUTO auto.74903@yesbankbank From:RAHULKUMAR (Yes Bank cred : user3994@okyesbankbank,346,travel,upi,cred,yes bank,ocr_upi
dhaba 332 rupees cred pe bc,332,food,upi,cred,,hinglish_natural
bhai Netflix se ticket le liya 15997 rupay ka credit card se,15997,entertainment,card,,sbi,hinglish_natural
INR 384 paid to concert via debit card from State Bank,384,entertainment,card,,sbi,english_natural
"TAX INVOICE
electricity bill
Grand Total: 2679
Payment: Gpay",2679,utilities,upi,gpay,,ocr_receipt
Vi recharge me 231 rupaiye ka bill pay kya cash diye SBI se,231,utilities,cash,,sbi,hinglish_natural
i paid 3682 rupees for Lenskart using Phone Pe,3682,healthcare,upi,phonepe,yes bank,voice_transcript
Lenskart me 328 ₹ ka medicine lya debit card se,27426,healthcare,card,,hdfc,source_hinglish
Library fee INR 33733,33733,education,card,,,source_english
Ola pe 206 rupees ka petrol bharaa debit card se,206,travel,card,,,hinglish_natural
"Lenskart BILL
St: INR 17035
Cred approved",17035,healthcare,upi,cred,,ocr_receipt
petrol diesel fuel Rs14436 at pump Jupiter,14436,travel,upi,jupiter,,cue_row
doctor payment Rs2599 done via cash,2599,healthcare,cash,,,english_natural
diagnostic se test karaya 2198 rupees ka naqad,2198,healthcare,cash,,,hinglish_natural
paid Karan Rs.4518 via Phone Pe,4518,friends,upi,phonepe,,friends_synthetic
spent 4419 rupees on Myntra via card,4419,shopping,card,,hdfc,voice_transcript
"Receipt #5984
mess
Amount Paid: 438
Mode: Phonepe",438,food,upi,phonepe,icici,ocr_receipt
Spent 989.41 on Apollo Pharmacy using cash,989.41,healthcare,cash,,kotak,english_natural
flatmate rent share 3779 cash Vikram,3779,friends,cash,,axis,friends_synthetic
Cleartrip ka 2663 rupees ka bill cash se pay kiya,2663,travel,cash,,axis,voice_transcript
yaar Croma ka shopping kiyaa 433 rupay PayTM se,433,shopping,upi,paytm,,hinglish_natural
bhai college fees ka 174 rupaye PayTM se de diya,174,education,upi,paytm,sbi,voice_transcript
Biryani Blues ka kha liya 22685 rupay via CRED,22685,food,upi,cred,,hinglish_natural
Rs112 debited from your icici account for Reliance Fresh (jupiter UPI),112,food,upi,jupiter,icici,ocr_upi
SBI loan R 222.83 slice,222.83,emi,upi,slice,bob,ocr_upi
Paid Rs.37282 for Lenskart via Jupiter,37282,shopping,upi,jupiter,,english_natural
SLICE payment Rs1752.52 Goibibo axis 3707 successful,1752.52,travel,upi,slice,axis,ocr_upi
split bill 9040 GPay se yaar ko diya,9040,friends,upi,gpay,hdfc,friends_synthetic
26018 to CCD via credit card,26018,food,card,,,english_natural
Paid Rs 98.80 to Burger King PhonePe UPI hdfc 8614 Completed,98.80,food,upi,phonepe,hdfc,ocr_upi
YouTube Premium ka subscription renew kr diya 3514 rs credit card se,3514,entertainment,card,,,hinglish_natural
petrol pump ka ticket book kiyaa 257 ₹ credit card se,257,travel,card,,sbi,hinglish_natural
FirstCry ka shopping kiya 4534 rupaiye debit card se,4534,shopping,card,,,hinglish_natural
spent 254 rupees on colleague via CRED,254,friends,upi,cred,,voice_transcript
₹107 to Air India via credit card,107,travel,card,,,english_natural
sent ₹4358 to friend on GPay split bill UPI,4358,friends,upi,gpay,hdfc,cue_row
1391 tuition diye Coursera pe Phone Pe pe hdfc account se,1391,education,upi,phonepe,hdfc,hinglish_natural
split bill 3493 Gpay se colleague ko diya,3493,friends,upi,gpay,,friends_synthetic
concert 326 gpay Completed sbi 5125,326,entertainment,upi,gpay,sbi,ocr_upi
school college tuition course books fees ?3439 card,3439,education,card,,,cue_row
books 350 rs cash de diye,350,education,cash,,,hinglish_natural
"Practo 9304 Completed 23Apr 2026,12:57 pm Bank of Baroda 7085 UPI transaction ID 3476334759",9304,healthcare,upi,phonepe,bob,ocr_upi
Kuvera Rs 242 debited from hdfc,242,investment,upi,gpay,hdfc,english_natural
dentist mein 1191 lag gaye cash se bhara,1191,healthcare,cash,,,voice_transcript
kal 115 rupaiye installment diye personal loan EMI ko card se pay kya,115,emi,card,,kotak,hinglish_natural
aaj 31220 rs recharge kr diya Jio recharge ko card se pay kiyaa SLICE se kata,31220,utilities,card,,slice,hinglish_natural
kal personal loan EMI 28 rupaiye debit card se,28,emi,card,,sbi,hinglish_natural
abhi 3527 rupees ET Money UPI se,3527,investment,upi,gpay,,hinglish_natural
"BILL
water bill
4008
Google Pay
Thank You Visit Again",4008,utilities,upi,gpay,,ocr_receipt
paid 255 to PharmEasy through card,255,healthcare,card,,,voice_transcript
Stock purchase INR 32070,32070,investment,card,,pnb,source_english
abhi education loan EMI pe 35797 rupaiye ka loan payment kiyaa card se,35797,emi,card,,fi,hinglish_natural
Bajaj Finance EMI 419 Phone Pe Successful ICICI 4850,419,emi,upi,phonepe,icici,ocr_upi
split bill 2721 G Pay se Arjun ko diya,2721,friends,upi,gpay,,friends_synthetic
electricity water broadband mobile recharge bill INR 4033 cash,4033,utilities,cash,,icici,cue_row
Just paid 202 to Divya through Phonepe,202,friends,upi,phonepe,,english_natural
Payment of 1652 to friend was successful via cred UPI Ref No 3186345554706 State Bank Account 7318,1652,friends,upi,cred,sbi,ocr_upi
"Receipt #1625
hospital
Amount Paid: 6039.72
Mode: CASH",6039.72,healthcare,cash,,,ocr_receipt
aaj FD pe 4188 rupaye kharcha hua card se,4188,investment,card,,jupiter,voice_transcript
bhai Divya ko udhar return kiya 22104 rs cred se,22104,friends,upi,cred,,friends_synthetic
sent Rs.4493 to roommate on CRED,4493,friends,upi,cred,,friends_synthetic
3102 rupees EMI bhra education loan EMI ko card se Fi Money card se,3102,emi,card,,fi,hinglish_natural
Shreya ko 1509 transfer kiya PayTM se,1509,friends,upi,paytm,icici,friends_synthetic
Amit ko 2863 transfer kiya paytm se,2863,friends,upi,paytm,,friends_synthetic
10575 rupaye college fees CRED se pay kr diya,10575,education,upi,cred,,hinglish_natural
"D COURSERA 264.48 Completed 19Feb 2026,11:30 pm axis Bank 2511 UPI transaction ID 757906032099152 TO:COURSERA coursera.20414@axisbank Googletransaction lD XYZabc460923 OPI SLICE",264.48,education,upi,slice,axis,ocr_upi
"RENT RESTAURANT
Total 22550.67
Cash Received
Change 0.00",22550.67,utilities,upi,phonepe,,ocr_receipt
doctor 23045 rupaye card se,23045,healthcare,card,,yes bank,hinglish_natural
"D VEDANTU 296.28 Completed 2Feb 2026,3:28 pm HDFC Bank Bank 4106 UPI transaction ID 350834003083 TO:VEDANTU vedantu.11285@hdfc bankbank Soogletransaction lD XYZabc098956 OPI SLICE",296.28,education,upi,slice,hdfc,ocr_upi
split bill 141 card se roommate ko diya,141,friends,card,,,friends_synthetic
paid 435 to personal loan EMI through card,435,emi,card,,,voice_transcript
Hotstar ka game lia 135 rupees cash diye,135,entertainment,cash,,,hinglish_natural
office se aate hue education loan EMI 2651 ₹ UPI se de diya,2651,emi,upi,paytm,hdfc,hinglish_natural
Used Niyo phonepe to pay Rs324 for food court,324,food,upi,phonepe,niyo,english_natural
subah Nature's Basket se food order kiya 387 rupaiye ka gpay se,387,food,upi,gpay,hdfc,hinglish_natural
kal Ananya se transfer kiya 1777 ₹ ka card se pay kr diya,1777,friends,card,,,hinglish_natural
Netmeds mein 409 lag gaye Google Pay se bhara,409,healthcare,upi,gpay,,voice_transcript
restaurant 382.53 CRED Payment done PNB 4208,382.53,food,upi,cred,pnb,ocr_upi
"BILL
JioMart
47461
CASH
Thank You Visit Again",47461,food,cash,,hdfc,ocr_receipt
Spent INR 54 on Lenskart using cash,54,healthcare,cash,,bob,english_natural
Netflix se game liyaa 4570 rupay ka Gpay pe,4570,entertainment,upi,gpay,,hinglish_natural
aaj Croma 3374 rupaiye cash diyee,3374,shopping,cash,,,hinglish_natural
"Netflix BILL
St: INR 150
CARD approved",150,entertainment,card,,kotak,ocr_receipt
Rahul ko 4336 transfer kiya Paytm se,4336,friends,upi,paytm,axis,friends_synthetic
31887 subscription renew kya concert pe Cred pe,31887,entertainment,upi,cred,hdfc,hinglish_natural
170 rupay shopping kar diya FirstCry ko credit card se icici se kata,170,shopping,card,,icici,hinglish_natural
bhim payment Rs.4881 1mg HDFC 7897 done,4881,healthcare,upi,bhim,hdfc,ocr_upi
Arjun se paise bheje 545 ₹ ka via paytm sasta tha,545,friends,upi,paytm,,hinglish_natural
yaar BSNL ka bill bhara 12932 Paytm se,12932,utilities,upi,paytm,,hinglish_natural
education loan EMI pe 1132 rupay ka EMI kat gayi NIYO pe,1132,emi,upi,niyo,,hinglish_natural
"Receipt #2555
Zara
Amount Paid: 4154
Mode: CARD",4154,shopping,card,,,ocr_receipt
maine 29029 rupaye PharmEasy ko diye card se,29029,healthcare,card,,hdfc,voice_transcript
bhai BigBasket ka 447 rupaye cash se de diya,447,food,cash,,,voice_transcript
Just paid 34626 to Divya through PayTM,34626,friends,upi,paytm,,english_natural
today i spent 222 on Vedantu via CRED from my HDFC bank,222,education,upi,cred,hdfc,voice_transcript
dopahar ko rent ka bill bharaa 26720 rupay haath se diye YES BANK se,26720,utilities,cash,,yes bank,hinglish_natural
Rs.4171.01 to Air India via cash,4171.01,travel,cash,,,english_natural
subah Dunkin pe 17485 rupay ka khana khaya naqad,17485,food,cash,,,hinglish_natural
amazon flipkart myntra online shopping order 294 card,294,shopping,card,,,cue_row
Paid Rs.4421 for water bill from my sbi account via G Pay,4421,utilities,upi,gpay,sbi,english_natural
Hotstar 1218.83 GPay Payment done HDFC 5555,1218.83,entertainment,upi,gpay,hdfc,ocr_upi
Spent ₹4746.97 on Netmeds using phonepe,4746.97,healthcare,upi,phonepe,,english_natural
paid 94 to dentist through niyo,94,healthcare,upi,niyo,,voice_transcript
Pharmacy medicine purchase INR 25897,25897,healthcare,cash,,rbl,source_english
"water bill 36744.79 Completed 17Feb 2025,4:48 pm hdfc 1754 UPI transaction ID 902374326924941",36744.79,utilities,upi,paytm,hdfc,ocr_upi
books me 3155 rupaiye ka books lia naqad IDFC First wale account se,3155,education,cash,,idfc,hinglish_natural
kal ACT Fibernet 1594 ₹ UPI se pay kar diya matlab,1594,utilities,upi,paytm,,hinglish_natural
doctor se medicine le liya 3189 ₹ ka UPI se pay kar diya,3189,healthcare,upi,gpay,,hinglish_natural
99 home loan EMI UPI se pay kiyaa,99,emi,upi,slice,,hinglish_natural
"Zee5
Net Amount 6074
Paid via CARD",6074,entertainment,card,,sbi,ocr_receipt
"D INOX 4652 Completed 24Feb 2026,5:43 pm hdfc Bank 2455 UPI transaction ID 06765336330199 TO:INOX inox.65971@hdfcbank Googletransaction lD XYZabc467468 OPI NIYO",4652,entertainment,upi,niyo,hdfc,ocr_upi
"Burger King 1270 Completed 13Jan 2026,1:27 pm RBL Bank 2895 UPI transaction ID 377889214181007",1270,food,upi,phonepe,rbl,ocr_upi
rickshaw 196 Phonepe,196,travel,upi,phonepe,niyo,english_natural
credit card EMI 1596 Slice,1596,emi,card,,slice,english_natural
aaj Ola pe 1683 rupaye kharcha hua cash se,1683,travel,cash,,,voice_transcript
eye checkup me 34847 ₹ ka dawai lia debit card se,34847,healthcare,card,,,hinglish_natural
Used ICICI Bank Jupiter to pay ₹31645 for Reliance Digital,31645,shopping,upi,jupiter,icici,english_natural
Burger King mein 4244 lag gaye cash se bhara,4244,food,cash,,sbi,voice_transcript
cafe ka kha liya 411 rs. debit card se bohot mehenga,411,food,card,,jupiter,hinglish_natural
1099 rupaiye split kya yaar ko UPI se pay kiya sasta tha,1099,friends,upi,fi,,hinglish_natural
concert ka show dekha 4425 ₹ credit card se budget tod diya,4425,entertainment,card,,kotak,hinglish_natural
4006 rs ride lia IRCTC ko Phonepe se bc,4006,travel,upi,phonepe,sbi,hinglish_natural
EaseMyTrip mein 45381 lag gaye Paytm se bhara,45381,travel,upi,paytm,,voice_transcript
McDonald's 453 Paytm Payment done PNB 3931,453,food,upi,paytm,pnb,ocr_upi
"TAX INVOICE
Snapdeal
Grand Total: 2755.48
Payment: CASH",2755.48,shopping,cash,,,ocr_receipt
mobile recharge payment Rs 25 done via Gpay,25,utilities,upi,gpay,,english_natural
amazon flipkart myntra online shopping order Rs 2649 Gpay,2649,shopping,upi,gpay,sbi,cue_row
Just paid INR 4224.88 to college fees through Phonepe,4224.88,education,upi,phonepe,sbi,english_natural
car loan EMI ka EMI bhra 1236 rupay debit card se bohot mehenga,1236,emi,card,,sbi,hinglish_natural
ghar jaate waqt 1180 rs. invest kya Paytm Money ko credit card se,1180,investment,card,,,hinglish_natural
books 4734 rupay phonepe se pay kr diya sasta tha,4734,education,upi,phonepe,,hinglish_natural
coaching pe 4053 ka course liyaa UPI se diyee,4053,education,upi,cred,,hinglish_natural
"TAX INVOICE
PharmEasy
Grand Total: 39338
Payment: Gpay",39338,healthcare,upi,gpay,,ocr_receipt
₹38133 debited from your HDFC Bank account for Udemy (Fi Money UPI),38133,education,upi,fi,hdfc,ocr_upi
Jio recharge ka bill pay kar diya 41896 ₹ Cred se,41896,utilities,upi,cred,axis,hinglish_natural
Paid ₹2702.24 for flatmate from my Bandhan account via BHIM,2702.24,friends,upi,bhim,bandhan,english_natural
netflix spotify hotstar subscription movie show 112 PhonePe,112,entertainment,upi,phonepe,,cue_row
Apollo Pharmacy mein 262 lag gaye Gpay se bhara,262,healthcare,upi,gpay,niyo,voice_transcript
ghar jaate waqt Air India se cab le liya 4558 rupay ka card se,4558,travel,card,,,hinglish_natural
Paid Unacademy ₹3283 using Slice,3283,education,upi,slice,,english_natural
abhi 49717 invest kiyaa NPS pe card se pay kya,49717,investment,card,,slice,hinglish_natural
Just paid 3559.82 to rent through card,3559.82,utilities,card,,indusind,english_natural
Paid Rs 1546 for Apple Music via Visa,1546,entertainment,card,,,english_natural
gaming 7848 rs. via Paytm,7848,entertainment,upi,paytm,,hinglish_natural
hospital doctor pharmacy medicine diagnostic R 273 Cred,273,healthcare,upi,cred,,cue_row
books se tuition diyee 485 ka debit card se,485,education,card,,,hinglish_natural
Paid t253.59 for home loan EMI via Visa,253.59,emi,card,,,english_natural
Paid Rs 1842 to gas bill phonepe UPI State Bank 3822 Done,1842,utilities,upi,phonepe,sbi,ocr_upi
YouTube Premium pe 3644 rupees ka subscription renew kr diya cash me,3644,entertainment,cash,,kotak,hinglish_natural
Crypto investment INR 32439,32439,investment,upi,jupiter,,source_english
SBI loan 6900 GPay,6900,emi,upi,gpay,bob,english_natural
Paid Apollo Pharmacy Rs11368 using Google Pay from Axis Bank,11368,healthcare,upi,gpay,axis,english_natural
340 to Amit cred UPI,340,friends,upi,cred,,friends_synthetic
"TAX INVOICE
DMart
Grand Total: ₹1784
Payment: CASH",1784,food,cash,,bandhan,ocr_receipt
"TAX INVOICE
diagnostic
Grand Total: ₹2950.33
Payment: Google Pay",2950.33,healthcare,upi,gpay,,ocr_receipt
sent 2149 to friend on cash split bill UPI,2149,friends,cash,,,cue_row
TO:KFC kfc.51429@idfcfirstbank From:UTSAVJANA (IDFC First Phonepe : user3189@okidfcfirstbank,45608,food,upi,phonepe,idfc,ocr_upi
₹1287 to SonyLIV via cred Slice account,1287,entertainment,upi,cred,slice,english_natural
Paid Rs.23650 to EatFit PayTM UPI HDFC 8789 Successful,23650,food,upi,paytm,hdfc,ocr_upi
Paid INR 474.89 for SIP via SLICE,474.89,investment,upi,slice,,english_natural
Rs 159 to colleague paytm UPI,159,friends,upi,paytm,,friends_synthetic
Zee5 191,191,entertainment,card,,,english_natural
Fi Money payment Rs 14977 Bajaj Finance EMI sbi 1195 completed,14977,emi,upi,fi,sbi,ocr_upi
dost Arjun ko 438 rupaye Phone Pe se bheje,438,friends,upi,phonepe,,friends_synthetic
i did 2774 expense on Arjun using fi,2774,friends,upi,fi,slice,voice_transcript
rent maintenance gas connection R 482 SLICE,482,utilities,upi,slice,,cue_row
Paytm payment INR 23306.41 DMart State Bank 9525 done,23306.41,food,upi,paytm,sbi,ocr_upi
crypto ka SIP bharra 596 rs Phone Pe se,596,investment,upi,phonepe,icici,hinglish_natural
Amazon Prime 26794 rupaye card se,26794,entertainment,card,,,hinglish_natural
stocks payment t29655.41 done via phonepe,29655.41,investment,upi,phonepe,,english_natural
lunch dinner food order swiggy zomato restaurant meal Rs.963 Niyo,963,food,upi,niyo,,cue_row
electronics store 12486 rupaiye credit card se ICICI Bank account se,21769,shopping,card,,icici,source_hinglish
749 debited from your ICICI Bank account for SBI loan (bhim UPI),749,emi,upi,bhim,icici,ocr_upi
bhai Subway se khana khya 2269 rs. ka UPI se sbi account se,2269,food,upi,gpay,sbi,hinglish_natural
956 rupees gold UPI se diyee,956,investment,upi,gpay,,hinglish_natural
1725 ka ACT Fibernet bill pay kiya Paytm se,1725,utilities,upi,paytm,,voice_transcript
yaar ka split kiya 301 rs. bhim pe Punjab National Bank card se,301,friends,upi,bhim,pnb,hinglish_natural
1991.77 gold,1991.77,investment,upi,phonepe,,english_natural
NPS ka stock liyaa 2382 Paytm se pay kiyaa ICICI Bank wale account se,2382,investment,upi,paytm,icici,hinglish_natural
"TAX INVOICE
KFC
Grand Total: ₹194
Payment: CASH",194,food,cash,,axis,ocr_receipt
Paid ₹42319 to personal loan EMI Phonepe UPI sbi 9720 Done,42319,emi,upi,phonepe,sbi,ocr_upi
Priya 146 via Gpay,146,friends,upi,gpay,,hinglish_natural
Paid t3711.56 for Gaana via credit card,3711.56,entertainment,card,,niyo,english_natural
22873 ka Nature's Basket bill pay kiya cash se,22873,food,cash,,,voice_transcript
ghar jaate waqt library me 46360 rs. ka fees bhara UPI se die Slice wale account se,46360,education,upi,fi,slice,hinglish_natural
ghar jaate waqt colleague ka paise bheje 1189 rupaye UPI se de diya Slice se kata,1189,friends,upi,bhim,slice,hinglish_natural
₹2556 charged for metro on Jupiter,2556,travel,upi,jupiter,,english_natural
Tata CLiQ se khareed liya 42930 rupaye ka G Pay se pay kr diya,42930,shopping,upi,gpay,,hinglish_natural
47377 rs test karaya clinic ko haath se diye ICICI Bank account se,47377,healthcare,cash,,icici,hinglish_natural
Blinkit ka 317 rupees ka bill CRED se pay kiya,317,food,upi,cred,,voice_transcript
books pe 14434 ₹ ka admission kia UPI se diye,14434,education,upi,fi,kotak,hinglish_natural
FirstCry Rs.4291 niyo,4291,shopping,upi,niyo,federal bank,english_natural
home loan car loan credit card EMI monthly 43587 autopay card,43587,emi,card,,idfc,cue_row
aaj Neha pe 373 rupaye kharcha hua card se,373,friends,card,,,voice_transcript
crypto 32673,32673,investment,upi,paytm,sbi,english_natural
maine 42906 rupaye eye checkup ko diye card se,42906,healthcare,card,,,voice_transcript
32575 rupaiye khana order kr diya restaurant ko cash de diye kotak se,32575,food,cash,,kotak,hinglish_natural
maine 478 rupaye Croma ko diye card se,478,shopping,card,,,voice_transcript
Shreya 242 ₹ gpay pe zyada ho gaya,242,friends,upi,gpay,,hinglish_natural
"Yatra 396 Completed 6Feb 2025,2:06 pm State Bank 3417 UPI transaction ID 9542832670116",396,travel,upi,gpay,sbi,ocr_upi
coaching 43998 rupaiye naqad,43998,education,cash,,,hinglish_natural
aaj education loan EMI pe 2354 rupaye kharcha hua card se,2354,emi,card,,,voice_transcript
BSNL pe 2155 rupay ka bill bharaa paytm pe,2155,utilities,upi,paytm,,hinglish_natural
TO:AMIT amit.56691@kotakbank From:RAHULKUMAR (kotak jupiter : user6866@okkotakbank,4411.98,friends,upi,jupiter,kotak,ocr_upi
raat ko gold pe 4003 rupees ka invest kiya UPI se pay kiya bc,4003,investment,upi,paytm,hdfc,hinglish_natural
Paid Rs 575 to Goibibo paytm UPI RBL Bank 9882 Completed,575,travel,upi,paytm,rbl,ocr_upi
Netflix subscription INR 34435,34435,entertainment,upi,cred,sbi,source_english
i did 1630 expense on crypto using card,1630,investment,card,,,voice_transcript
rent maintenance gas connection 1560 cash,1560,utilities,cash,,,cue_row
spent 3075 rupees on dentist via BHIM,3075,healthcare,upi,bhim,,voice_transcript
doctor ka dawai lya 285 via Google Pay bhai,285,healthcare,upi,gpay,,hinglish_natural
colleague ka transfer kia 17563 rs. PhonePe se pay kiya budget tod diya,17563,friends,upi,phonepe,,hinglish_natural
yaar 157 rs diagnostic paytm pe,11325,healthcare,upi,paytm,,source_hinglish
Shreya ko 219 transfer kiya Gpay se,219,friends,upi,gpay,,friends_synthetic
H&M 33596 rupaiye Phone Pe pe,33596,shopping,upi,phonepe,icici,hinglish_natural
Coin se invest kiya 2914 rupay ka via Google Pay PNB card se,2914,investment,upi,gpay,pnb,hinglish_natural
Zomato payment Rs 93 done via Gpay,93,food,upi,gpay,,english_natural
amazon flipkart myntra online shopping order 672 CRED,672,shopping,upi,cred,,cue_row
Nykaa se buy kya 32 rs. ka card se pay kya,32,shopping,card,,,hinglish_natural
INR 99 paid to canteen via Phonepe UPI from BOB Bank ending 3222,99,food,upi,phonepe,bob,ocr_upi
R 4013 to dost cash UPI,4013,friends,cash,,,friends_synthetic
raat ko Zee5 ka subscription renew kia 294 rs card se,5,entertainment,card,,,hinglish_natural
Dunkin 33635 rs card se pay kya,33635,food,card,,fi,hinglish_natural
36791 rs Netflix debit card se,36791,entertainment,card,,sbi,hinglish_natural
coaching exam preparation study material 1146 card,1146,education,card,,,cue_row
213 rs credit card EMI credit card se,213,emi,card,,jupiter,hinglish_natural
20977 rs exam fee credit card se,20977,education,card,,,hinglish_natural
NEFT/TRANSFER/LENSKART/,73.94,healthcare,card,,,english_natural
Paid ₹432.49 to Zomato Paytm UPI hdfc 4371 Completed,432.49,food,upi,paytm,hdfc,ocr_upi
"D AIRTELRECHARGE 2412 Completed 27Feb 2026,9:44 pm ICICI Bank 1919 UPI transaction ID 188946958471 TO:AIRTELRECHARGE airtel recharge.36901@icicibank Googletransaction lD XYZabc368128 OPI slice",2412,utilities,upi,slice,icici,ocr_upi
4693 ka EaseMyTrip bill pay kiya G Pay se,4693,travel,upi,gpay,,voice_transcript
subah Neha ka paise bheje 1143 rupaye via G Pay,1143,friends,upi,gpay,,hinglish_natural
Bewakoof se buy kya 7571 ₹ ka debit card se matlab,7571,shopping,card,,,hinglish_natural
INR 17321 to roommate Fi Money UPI,17321,friends,upi,fi,,friends_synthetic
1307 rupees saman liyaa mall pe jupiter se pay kiyaa Axis Bank se,1307,shopping,upi,jupiter,axis,hinglish_natural
DishTV ka recharge kya 9366 jupiter se,48781,utilities,upi,jupiter,,source_hinglish
MakeMyTrip mein 354 lag gaye cash se bhara,354,travel,cash,,,voice_transcript
Just paid ₹18463 to Netflix through Phone Pe,18463,entertainment,upi,phonepe,niyo,english_natural
"Receipt #6365
hospital
Amount Paid: INR 44249
Mode: SLICE",44249,healthcare,upi,slice,,ocr_receipt
PVR se game liyaa 3320 rs. ka Gpay pe sasta tha,3320,entertainment,upi,gpay,,hinglish_natural
"D SPICEJET 26364 Completed 6Apr 2026,3:25 pm HDFC Bank Bank 7431 UPI transaction ID 40188149774 TO:SPICEJET spicejet.24165@hdfc bankbank Goog1etransaction lD CICAgJjg271513 OPI GPay",26364,travel,upi,gpay,hdfc,ocr_upi
28836 rs. school fees via Jupiter,28836,education,upi,jupiter,sbi,hinglish_natural
sent t13584 to friend on paytm,13584,friends,upi,paytm,,friends_synthetic
netflix spotify hotstar subscription movie show 49215 card,49215,entertainment,card,,,cue_row
today i spent 337 on hospital via PayTM from my HDFC Bank bank,337,healthcare,upi,paytm,hdfc,voice_transcript
bhai gold 3997 rs. credit card se,30481,investment,card,,,source_hinglish
₹376 paid to DishTV via gpay from sbi,376,utilities,upi,gpay,sbi,english_natural
Karan 84 Phonepe,84,friends,upi,phonepe,hdfc,english_natural
coaching exam preparation study material 26601 phonepe,26601,education,upi,phonepe,,cue_row
Ola cab INR 28620,28620,travel,upi,gpay,sbi,source_english
aaj water bill 323 ₹ UPI se pay kar diya Fi wale account se,323,utilities,upi,gpay,fi,hinglish_natural
Paid Spotify 8966.86 using NIYO,8966.86,entertainment,upi,niyo,,english_natural
Groww me 2332 rupees ka invest kiyaa Slice se,39704,investment,upi,slice,,source_hinglish
"Receipt #6825
Nykaa
Amount Paid: 445.43
Mode: CARD",445.43,shopping,card,,,ocr_receipt
breakfast snacks chai coffee 2259 Bhim,2259,food,upi,bhim,idfc,cue_row
office se aate hue Apple Music 13999 rupaye UPI se diy,13999,entertainment,upi,slice,icici,hinglish_natural
lunch dinner food order swiggy zomato restaurant meal Rs.3235 Google Pay,3235,food,upi,gpay,,cue_row
"TAX INVOICE
Practo
Grand Total: Rs.10746
Payment: CARD",10746,healthcare,card,,kotak,ocr_receipt
mutual fund SIP stocks PPF FD investment INR 10471 card,10471,investment,card,,,cue_row
bro ko 214 transfer kiya Cred se,214,friends,upi,cred,idfc,friends_synthetic
SCHOOL FEES INR 27854 NIYO,27854,education,cash,,niyo,english_natural
SBI loan se installment diye 929 rupaiye ka UPI se diye,929,emi,upi,phonepe,,hinglish_natural
"insurance premium BILL
St: ₹47860
jupiter Approved",47860,utilities,upi,jupiter,,ocr_receipt
Yatra me 464 rupaye ka cab le liya UPI se matlab,464,travel,upi,gpay,,hinglish_natural
4743 credit card bro,4743,friends,card,,,english_natural
dopahar ko Rohan pe 2643 ₹ ka paise bheje UPI se zyada ho gaya,2643,friends,upi,gpay,hdfc,hinglish_natural
"D MESS 4923 Completed 22Jan 2026,4:15 pm Axis Bank Bank 4671 UPI transaction ID 37132790332253 TO:MESS mess.92685@axis bankbank Soogletransaction lD XYZabc100891 OPI Jupiter",4923,food,upi,jupiter,axis,ocr_upi
Gaana payment 1877.53 done via Mastercard,1877.53,entertainment,card,,sbi,english_natural
petrol diesel fuel 189 at pump SLICE,189,travel,upi,slice,,cue_row
Game purchase INR 45916,45916,entertainment,upi,paytm,,source_english
split bill 1891 Cred se yaar ko diya,1891,friends,upi,cred,,friends_synthetic
Bought Hotstar for 1177.42 with PhonePe,1177.42,entertainment,upi,phonepe,,english_natural
i did 36018 expense on Unacademy using Phone Pe,36018,education,upi,phonepe,,voice_transcript
FreshMenu 2199,2199,food,cash,,,english_natural
Hotstar ₹4232 Paytm,4232,entertainment,upi,paytm,hdfc,ocr_upi
flatmate rent share 14600 Paytm Ananya,14600,friends,upi,paytm,sbi,friends_synthetic
Apollo Pharmacy 461 rupay credit card se,461,healthcare,card,,,hinglish_natural
"AIRTEL RECHARGE RESTAURANT
Total 2829
Cash Received
Change 0.00",2829,utilities,upi,cred,icici,ocr_receipt
454 rupay dost naqad,454,friends,cash,,niyo,hinglish_natural
4477 ₹ doctor ko diyee clinic ko UPI se sasta tha,4477,healthcare,upi,gpay,,hinglish_natural
Spent ₹234 on Bajaj Finance EMI using Paytm,234,emi,upi,paytm,,english_natural
Zara se order kar diya 2847 ka naqad,2847,shopping,cash,,,hinglish_natural
NEFT/TRANSFER/BOOKMYSHOW/,2323,entertainment,card,,,english_natural
374 ₹ ACT Fibernet BHIM se pay kiya,374,utilities,upi,bhim,,hinglish_natural
kal crypto pe 328 rupaye ka SIP bharaa G Pay pe,328,investment,upi,gpay,,hinglish_natural
Bought YouTube Premium for Rs 967.52 with cash,967.52,entertainment,cash,,kotak,english_natural
DishTV Rs1765 debited from Fi,1765,utilities,cash,,fi,english_natural
BigBasket 2855,2855,food,upi,paytm,,english_natural
dopahar ko Practo 33806 rupaye via Phone Pe,33806,healthcare,upi,phonepe,,hinglish_natural
medical checkup lab test health insurance 2954 niyo,2954,healthcare,upi,niyo,,cue_row
MakeMyTrip se petrol bhara 1239 rupees ka UPI se de diye bc,1239,travel,upi,gpay,,hinglish_natural
DishTV 35533 rupay via Phone Pe HDFC se kata,35533,utilities,upi,phonepe,hdfc,hinglish_natural
20769 FD,20769,investment,card,,jupiter,english_natural
paid yaar Rs 11779 via paytm,11779,friends,upi,paytm,,friends_synthetic
Payment of Rs.4222 to Rahul was successful via Bhim UPI Ref No 802642149288416 ICICI Bank Account 3234,4222,friends,upi,bhim,icici,ocr_upi
Rs.1744 charged for bhai on Visa,1744,friends,card,,,english_natural
bhai Vikram ko udhar return kiya 23783 rs Phonepe se,23783,friends,upi,phonepe,,friends_synthetic
"PVR RESTAURANT
Total 10118.71
Cash Received
Change 0.00",10118.71,entertainment,upi,phonepe,,ocr_receipt
electricity water broadband mobile recharge bill 31190 cash,31190,utilities,cash,,,cue_row
4394 rupay EMI kat gayi car loan EMI ko card se pay kiyaa,39304,emi,card,,,source_hinglish
PharmEasy 103 rupees UPI se Slice se kata,103,healthcare,upi,phonepe,slice,hinglish_natural
eye checkup 227 rs haath se de diya Indusind Bank wale account se,227,healthcare,cash,,indusind,hinglish_natural
Rs.22558 debited from your HDFC Bank account for metro (G Pay UPI),22558,travel,upi,gpay,hdfc,ocr_upi
paid 352 to Uber through card,352,travel,card,,,voice_transcript
INR 395.90 to Flipkart via credit card,395.90,shopping,card,,,english_natural
"BILL
mobile recharge
INR 4476
Bhim
Thank You Visit Again",4476,utilities,upi,bhim,,ocr_receipt
Payment of 9938 to Burger King was successful via Google Pay UPI Ref No 753178416475609 State Bank Account 8447,9938,food,upi,gpay,sbi,ocr_upi
dopahar ko 1215 Netmeds debit card se,1215,healthcare,card,,,hinglish_natural
Apple Music 19002 Visa,19002,entertainment,card,,,english_natural
dopahar ko Dominos se mangwaya 295 rupay ka UPI se de diye,295,food,upi,gpay,,hinglish_natural
Subway 58 Jupiter Completed YES BANK 8375,58,food,upi,jupiter,yes bank,ocr_upi
exam fee 172 card,172,education,card,,,english_natural
191 rs fees bhara library pe card se pay kya matlab,191,education,card,,,hinglish_natural
maine 2682 rupaye Ananya ko diye Paytm se,2682,friends,upi,paytm,jupiter,voice_transcript
sent money to Vikram Rs 251 on GPay,251,friends,upi,gpay,axis,friends_synthetic
22317 khareed lya Zara ko Google Pay se pay kia,22317,shopping,upi,gpay,,hinglish_natural
Paid INR 14175 to credit card EMI CRED UPI axis 9890 Done,14175,emi,upi,cred,axis,ocr_upi
"Paytm Money 4819 Completed 19May 2026,9:12 am Axis Bank 7541 UPI transaction ID 2646588998724",4819,investment,upi,paytm,axis,ocr_upi
4276.30 ACT Fibernet,4276.30,utilities,card,,fi,english_natural
4843.38 debited from your ICICI account for eye checkup (gpay UPI),4843.38,healthcare,upi,gpay,icici,ocr_upi
INR 20984 to bhai phonepe UPI,20984,friends,upi,phonepe,,friends_synthetic
Paytm Money ka paisa daala 4116 rupaye Slice se bc,4116,investment,upi,slice,,hinglish_natural
"DENTIST RESTAURANT
Total 257.58
Cash Received
Change 0.00",257.58,healthcare,card,,hdfc,ocr_receipt
bhai car loan EMI ka EMI bhara 8980 rs. debit card se,8980,emi,card,,,hinglish_natural
friend se split kiya 36554 rupaye ka UPI se,36554,friends,upi,phonepe,,hinglish_natural
20897 rupaye dost ko de diye Vikram pe UPI se pay kia,20897,friends,upi,paytm,,hinglish_natural
Rs409 charged for NPS on jupiter,409,investment,upi,jupiter,,english_natural
Rs.2472.37 debited from your RBL account for Uber (gpay UPI),2472.37,travel,upi,gpay,rbl,ocr_upi
coaching exam preparation study material Rs.477 Google Pay,477,education,upi,gpay,,cue_row
1151 rupaye Amazon Prime debit card se achha deal mila,44364,entertainment,card,,,source_hinglish
Electronics shopping INR 22046,22046,shopping,upi,cred,yes bank,source_english
382 ₹ doctor ko diy 1mg pe naqad,382,healthcare,cash,,,hinglish_natural
"D AIRINDIA 279.25 Completed 18Feb 2026,8:26 pm HDFC Bank Bank 6529 UPI transaction ID 81508850029990 TO:AIRINDIA air india.73597@hdfc bankbank Googletransaction lD XYZabc828072 OPI slice",279.25,travel,upi,slice,hdfc,ocr_upi
"TAX INVOICE
Jio recharge
Grand Total: ?491
Payment: PhonePe",491,utilities,upi,phonepe,,ocr_receipt
dinner split 63 rupaye bhai Fi Money,63,friends,upi,fi,,friends_synthetic
yaar 136.42,136.42,friends,upi,cred,hdfc,english_natural
abhi society maintenance ka bill bhara 13046 cash me hdfc card se,13046,utilities,cash,,hdfc,hinglish_natural
lunch dinner food order swiggy zomato restaurant meal ₹7588 phonepe,7588,food,upi,phonepe,,cue_row
netflix spotify hotstar subscription movie show t461 slice,461,entertainment,upi,slice,,cue_row
SIP payment ₹41764.58 done via Gpay,41764.58,investment,upi,gpay,niyo,english_natural
maine 161 rupaye school fees ko diye CRED se,161,education,upi,cred,pnb,voice_transcript
stocks ka 27440 rupees ka bill card se pay kiya,27440,investment,card,,,voice_transcript
Bought books for INR 5643 with Mastercard,5643,education,card,,,english_natural
uber ola cab ride airport train ticket Rs49409 cash,49409,travel,cash,,,cue_row
sent Rs.36169 to friend on card split bill UPI,36169,friends,card,,pnb,cue_row
dinner split 2471 rupaye Karan PayTM,2471,friends,upi,paytm,,friends_synthetic
i paid 3959 rupees for Nykaa using cash,3959,shopping,cash,,,voice_transcript
breakfast snacks chai coffee Rs22313 card,22313,food,card,,,cue_row
i did 219 expense on Amazon Prime using card,219,entertainment,card,,,voice_transcript
raat ko Dominos ka food order kiya 29660 rs. card se,29660,food,card,,pnb,hinglish_natural
tuition ka 491 rupees ka bill Paytm se pay kiya,491,education,upi,paytm,axis,voice_transcript
Flipkart ka 46485 rupees ka bill card se pay kiya,46485,shopping,card,,,voice_transcript
yaar 23164 Jupiter,23164,friends,upi,jupiter,icici,english_natural
3004 ka Coursera bill pay kiya cash se,3004,education,cash,,,voice_transcript
Biryani Blues ka 12772 rupees ka bill cash se pay kiya,12772,food,cash,,sbi,voice_transcript
Bought Goibibo for 336.60 with Google Pay,336.60,travel,upi,gpay,,english_natural
gaming concert event ticket Rs.38013 Google Pay,38013,entertainment,upi,gpay,,cue_row
"BILL
restaurant
INR 2612
Phone Pe
Thank You Visit Again",2612,food,upi,phonepe,rbl,ocr_receipt
dopahar ko FirstCry 955 rupaiye card se,955,shopping,card,,,hinglish_natural
Practo pe 3065 rupees ka checkup karaya UPI se,3065,healthcare,upi,niyo,slice,hinglish_natural
1927 ka canteen bill pay kiya cash se,1927,food,cash,,,voice_transcript
lunch dinner food order swiggy zomato restaurant meal t593 Niyo,593,food,upi,niyo,,cue_row
raat ko 4286 subscription renew kiyaa INOX pe via slice Axis Bank card se,4286,entertainment,upi,slice,axis,hinglish_natural
Coin me 2680 ka stock lya via paytm,2680,investment,upi,paytm,,hinglish_natural
308 rupees tuition naqad,308,education,cash,,,hinglish_natural
Bought society maintenance for 1210.15 with debit card,1210.15,utilities,card,,,english_natural
sent INR 217 to Rohan on cash,217,friends,cash,,bob,friends_synthetic
upGrad INR 194 PayTM,194,education,upi,paytm,hdfc,english_natural
"D FOODCOURT 44050 Completed 3Apr 2026,11:46 pm State Bank Bank 7466 UPI transaction ID 579587806686 TO:FOODCOURT food court.59552@state bankbank Soogletransaction lD XYZabc850756 OPI Niyo",44050,food,upi,niyo,sbi,ocr_upi
insurance premium 3820 G Pay Payment done sbi 1978,3820,utilities,upi,gpay,sbi,ocr_upi
2409 ka Unacademy bill pay kiya card se,2409,education,card,,,voice_transcript
Amazon Prime 379 Visa,379,entertainment,card,,jupiter,english_natural
489 rs paisa daala Groww ko paytm se,489,investment,upi,paytm,,hinglish_natural
50 rupay bike loan EMI debit card se,50,emi,card,,niyo,hinglish_natural
dentist 3719 Slice,3719,healthcare,upi,slice,pnb,english_natural
Zee5 26023 credit card se,5,entertainment,card,,,hinglish_natural
amazon flipkart myntra online shopping order t7028 card,7028,shopping,card,,,cue_row
Bought library for Rs432 with cash,432,education,cash,,,english_natural
"rent
Net Amount 4427
Paid via Fi",4427,utilities,upi,fi,hdfc,ocr_receipt
"Subway BILL
St: Rs.171
PhonePe Approved",171,food,upi,phonepe,,ocr_receipt
subah car loan EMI 4658 rupaiye credit card se,4658,emi,card,,,hinglish_natural
Just paid ?345.89 to lab test through card,345.89,healthcare,card,,,english_natural
breakfast snacks chai coffee Rs 392 Bhim,392,food,upi,bhim,,cue_row
kal Bewakoof ka shopping kya 1338 UPI se,1338,shopping,upi,phonepe,,hinglish_natural
Bajaj Finance EMI se loan payment kiyaa 934 ka credit card se,934,emi,card,,,hinglish_natural
Paid Blinkit Rs 1350.54 using PhonePe,1350.54,food,upi,phonepe,,english_natural
Ola 40566 rupaiye card se,40566,travel,card,,,hinglish_natural
i paid 3252 rupees for Rohan using cash,3252,friends,cash,,icici,voice_transcript
ghar jaate waqt Faasos se kha liya 1748 rupay ka naqad,1748,food,cash,,,hinglish_natural
HDFC loan payment ₹3173.20 done via card,3173.20,emi,card,,,english_natural
TO:STATIONERY stationery.92540@statebankbank From:RAHULKUMAR (State Bank cred : user1164@okstatebankbank,471,education,upi,cred,sbi,ocr_upi
Ajio INR 286 gpay,286,shopping,upi,gpay,,english_natural
dost flatmate ko 222 rupaye PayTM se bheje,222,friends,upi,paytm,,friends_synthetic
sent money to friend Rs 4264 on Phone Pe,4264,friends,upi,phonepe,,friends_synthetic
Paid 4213.88 for Barbeque Nation from my Niyo account via Paytm,4213.88,food,upi,paytm,niyo,english_natural
bhai ET Money pe 2627 rupaye ka invest kiyaa Paytm se pay kia yaar,2627,investment,upi,paytm,,hinglish_natural
ATM/CASH/BANK/493,493,shopping,card,,,english_natural
bhai bro ko udhar return kiya 149 rs cash se,149,friends,cash,,,friends_synthetic
office se aate hue Cleartrip ka ride liya 3159 rupaye debit card se,3159,travel,card,,,hinglish_natural
"D UDEMY 282.54 Completed 15Apr 2026,2:43 pm State Bank Bank 5289 UPI transaction ID 048849150892 TO:UDEMY udemy.95774@state bankbank Googletransaction lD XYZabc403507 OPI Cred",282.54,education,upi,cred,sbi,ocr_upi
TO:LENSKART lenskart.28467@icicibank From:RAHULKUMAR (icici Google Pay : sender9539@okicicibank,2953,shopping,upi,gpay,icici,ocr_upi
roommate ko 24831 transfer kiya Jupiter se,24831,friends,upi,jupiter,hdfc,friends_synthetic
spent 2857 rupees on Hotstar via card,2857,entertainment,card,,,voice_transcript
i paid 774 rupees for Spotify using card,774,entertainment,card,,,voice_transcript
YouTube Premium Rs473 Phone Pe,473,entertainment,upi,phonepe,icici,ocr_upi
Unacademy 23329,23329,education,cash,,sbi,english_natural
credit card EMI ka 6730 rupees ka bill Jupiter se pay kiya,6730,emi,upi,jupiter,axis,voice_transcript
college fees 28418 NIYO se pay kar diya ICICI se kata,28418,education,upi,niyo,icici,hinglish_natural
yaar electricity bill me 1381 ₹ ka payment kiyaa debit card se sasta tha,1381,utilities,card,,,hinglish_natural
9033 game liyaa Netflix pe debit card se,9033,entertainment,card,,,hinglish_natural
raat ko Shreya 2928 UPI se pay kiya,2928,friends,upi,gpay,idfc,hinglish_natural
41357 MedPlus,41357,healthcare,card,,,english_natural
HDFC loan ka EMI kat gayi 488 rupaiye card se,488,emi,card,,,hinglish_natural
Coin ka paisa daala 129 via Jupiter,26392,investment,upi,jupiter,,source_hinglish
Zara payment 3352.88 done via Mastercard,3352.88,shopping,card,,,english_natural
clinic 1973 rs naqad,1973,healthcare,cash,,,hinglish_natural
raat ko 30 ₹ petrol bhara Bharat Petroleum pe naqad,30,travel,cash,,,hinglish_natural
electronics clothes shoes accessories purchase t16586 via card,16586,shopping,card,,axis,cue_row
spent 3183 rupees on Snapdeal via Gpay,3183,shopping,upi,gpay,,voice_transcript
Zara 164 rupay paytm pe SBI card se,29471,shopping,upi,paytm,sbi,source_hinglish
DishTV se bill pay kia 1163 ₹ ka UPI se pay kiya Axis se,1163,utilities,upi,phonepe,axis,hinglish_natural
bhai Priya ko udhar return kiya 182 rs cred se,182,friends,upi,cred,canara,friends_synthetic
"FLIPKART RESTAURANT
Total 430
Cash Received
Change 0.00",430,shopping,cash,,,ocr_receipt
Rs308.71 paid to dost via BHIM from Slice,308.71,friends,upi,bhim,slice,english_natural
2041 to Flipkart via SLICE,2041,shopping,upi,slice,,english_natural
Rahul 8253 ₹ UPI se,8253,friends,upi,gpay,,hinglish_natural
Paid ₹44464 for crypto from my kotak account via PayTM,44464,investment,upi,paytm,kotak,english_natural
stationery se tuition diyee 48621 rupaiye ka Phonepe se pay kiyaa,48621,education,upi,phonepe,,hinglish_natural
3785 subscription renew kar diya SonyLIV ko haath se diyee zyada ho gaya,3785,entertainment,cash,,,hinglish_natural
41484 rupees Netmeds jupiter icici account,41484,healthcare,upi,jupiter,icici,voice_transcript
Myntra pe 68 ₹ ka order kya card se pay kiya ICICI Bank account se,68,shopping,card,,icici,hinglish_natural
"D SOCIETYMAINTENANCE 31232 Completed 26Jan 2026,7:52 pm HDFC Bank Bank 3862 UPI transaction ID 4137964049 TO:SOCIETYMAINTENANCE society maintenance.73065@hdfc bankbank Soogletransaction lD CICAgJjg341031 OPI PhonePe",31232,utilities,upi,phonepe,hdfc,ocr_upi
flatmate rent share 2442 cash yaar,2442,friends,cash,,,friends_synthetic
1973 ka Flipkart bill pay kiya card se,1973,shopping,card,,,voice_transcript
netflix spotify hotstar subscription movie show Rs36028 card,36028,entertainment,card,,,cue_row
PharmEasy ka doctor ko de diya 387 rs G Pay se pay kiyaa,387,healthcare,upi,gpay,,hinglish_natural
bhai dhaba se kha liya 2989 ₹ ka Phone Pe se,2989,food,upi,phonepe,,hinglish_natural
electricity bill 46268 ₹ UPI se pay kia,46268,utilities,upi,paytm,,hinglish_natural
electricity bill se bill pay kia 2696 rupaye ka card se pay kia,2696,utilities,card,,,hinglish_natural
today i spent 2741 on clinic via cash from my Jupiter bank,2741,healthcare,cash,,jupiter,voice_transcript
Credit card EMI INR 1351,1351,emi,upi,paytm,,source_english
aaj Goibibo pe 77 rupaye kharcha hua cash se,77,travel,cash,,,voice_transcript
2598.79 SIP,2598.79,investment,upi,slice,,english_natural
aaj Indian Oil 36288 via jupiter,36288,travel,upi,jupiter,,hinglish_natural
HDFC loan 1981 phonepe Completed SBI 3986,1981,emi,upi,phonepe,sbi,ocr_upi
coaching exam preparation study material ?13784 card,13784,education,card,,,cue_row
"Nature's Basket BILL
St: 27184
slice approved",27184,food,upi,slice,union bank,ocr_receipt
"insurance premium
Net Amount 3259
Paid via Cred",3259,utilities,upi,cred,hdfc,ocr_receipt
paid Rohan 3669 via PhonePe,3669,friends,upi,phonepe,,friends_synthetic
ghar jaate waqt hospital se test karaya 206 ka debit card se,206,healthcare,card,,,hinglish_natural
sent ₹4943 to Rohan on cash,4943,friends,cash,,,friends_synthetic
grocery vegetables milk bread fruits INR 283 paid card,283,food,card,,,cue_row
23243 rs order kr diya Lenskart pe credit card se,23243,shopping,card,,,hinglish_natural
abhi personal loan EMI ka installment diyee 15724 rupees credit card se slice se bohot mehenga,15724,emi,card,,slice,hinglish_natural
yaar se dost ko de diya 2746 ₹ ka G Pay pe jupiter wale account se,2746,friends,upi,gpay,jupiter,hinglish_natural
personal loan EMI pe 402 rs. ka installment de diye UPI se,402,emi,upi,cred,,hinglish_natural
Neha pe 3658 ka split kar diya card se pay kar diya State Bank wale account se,3658,friends,card,,sbi,hinglish_natural
flatmate me 182 rs ka transfer kr diya G Pay se pay kia,182,friends,upi,gpay,,hinglish_natural
Spent ₹4799.21 on HP Petrol using PhonePe,4799.21,travel,upi,phonepe,,english_natural
flatmate rent share 2455 GPay bhai,2455,friends,upi,gpay,,friends_synthetic
ET Money 269 rupees UPI se pay kar diya,269,investment,upi,jupiter,,hinglish_natural
1mg Rs 4589.88 Cred,4589.88,healthcare,upi,cred,pnb,ocr_upi
friend ko 4777 transfer kiya card se,4777,friends,card,,,friends_synthetic
raat ko Flipkart se order kia 3740 rupaye ka UPI se die Axis Bank account se,3740,shopping,upi,jupiter,axis,hinglish_natural
Used HDFC card to pay ?302 for exam fee,302,education,card,,hdfc,english_natural
i did 1450 expense on Karan using card,1450,friends,card,,,voice_transcript
"BIGBASKET
Item 1 INR 276
Item 2 INR 76
Total Rs 3714
CASH",3714,food,cash,,,ocr_receipt
Bajaj Finance EMI ka EMI kat gayi 273 debit card se Fi account se,273,emi,card,,fi,hinglish_natural
438 rupay petrol bhara SpiceJet ko cash de diya,438,travel,cash,,,hinglish_natural
13229 rs food order kr diya Starbucks ko UPI se pay kar diya,13229,food,upi,paytm,,hinglish_natural
society maintenance se bill bhar diya 1057 rupaiye ka UPI se IDFC First se,1057,utilities,upi,niyo,idfc,hinglish_natural
3893 dawai liya Netmeds pe cash me,3893,healthcare,cash,,,hinglish_natural
Tata CLiQ 47228 rupaye card se,47228,shopping,card,,icici,hinglish_natural
aaj 3844 rs kha liya BigBasket ko via bhim bhai,3844,food,upi,bhim,,hinglish_natural
Zee5 21573.57,21573.57,entertainment,upi,phonepe,icici,english_natural
"D CLINIC 369.09 Completed 25Jan 2026,12:47 pm hdfc Bank 2371 UPI transaction ID 24241296359752 TO:CLINIC clinic.28004@hdfcbank Goog1etransaction lD CICAgJjg093974 OPI Slice",369.09,healthcare,upi,slice,hdfc,ocr_upi
493 rupay installment diyee Bajaj Finance EMI ko via Niyo ICICI wale account se,493,emi,upi,niyo,icici,hinglish_natural
split bill 72 Gpay se Vikram ko diya,72,friends,upi,gpay,,friends_synthetic
₹13530.99 paid to Cleartrip via Mastercard from Fi Money,13530.99,travel,card,,fi,english_natural
"TATA CLIQ
Item 1 R 463
Item 2 398
Total ₹20881
CASH",20881,shopping,cash,,hdfc,ocr_receipt
"Reliance Digital BILL
St: Rs2629
Phonepe approved",2629,shopping,upi,phonepe,,ocr_receipt
Paid Rs.74.14 to Yatra gpay UPI HDFC Bank 2900 Done,74.14,travel,upi,gpay,hdfc,ocr_upi
rickshaw payment ₹3641 done via cash,3641,travel,cash,,,english_natural
bhai Vikram ko udhar return kiya 4138 rs card se,4138,friends,card,,,friends_synthetic
"PRACTO RESTAURANT
Total 3068.06
Cash Received
Change 0.00",3068.06,healthcare,cash,,,ocr_receipt
SLICE payment Rs3070.11 Cleartrip Axis 6685 done,3070.11,travel,upi,slice,axis,ocr_upi
409 bhai,409,friends,upi,niyo,rbl,english_natural
Rohan Rs123.69 debited from PNB,123.69,friends,upi,jupiter,pnb,english_natural
Nykaa pe 340 rs ka buy kiyaa GPay se,340,shopping,upi,gpay,,hinglish_natural
sent money to Arjun t2649 on G Pay,2649,friends,upi,gpay,,friends_synthetic
44178 rupaye stocks card se,44178,investment,card,,,hinglish_natural
Rs2103 debited from your Kotak Mahindra account for car loan EMI (PhonePe UPI),2103,emi,upi,phonepe,kotak,ocr_upi
today i spent 20091 on clinic via jupiter from my ICICI bank,20091,healthcare,upi,jupiter,icici,voice_transcript
Used SBI debit card to pay 701 for Vedantu,701,education,card,,sbi,english_natural
TO:BIRYANIBLUES biryaniblues.46669@hdfcbank From:AMITSINGH (hdfc Gpay : sender1449@okhdfcbank,126,food,upi,gpay,hdfc,ocr_upi
PPF INR 2002 Visa,2002,investment,card,,,english_natural
KFC ka food order kar diya 30045 rupaye naqad,30045,food,cash,,,hinglish_natural
Spent 2429 on Haldirams using cash,2429,food,cash,,slice,english_natural
credit card EMI pe 2038 rupay ka EMI bhra card se pay kiya,2038,emi,card,,,hinglish_natural
"Airtel recharge BILL
St: ₹4889.12
Gpay approved",4889.12,utilities,upi,gpay,,ocr_receipt
Apollo Pharmacy 82 ₹ card se pay kiya,82,healthcare,card,,,hinglish_natural
breakfast snacks chai coffee ?471 slice,471,food,upi,slice,,cue_row
Paid Rs22724 for Croma via Mastercard,22724,shopping,card,,,english_natural
"KFC RESTAURANT
Total 4546
Cash Received
Change 0.00",4546,food,card,,,ocr_receipt
aaj coaching se course liyaa 657 rupay ka card se,657,education,card,,,hinglish_natural
Vedantu 48385 rupaiye credit card se,48385,education,card,,,hinglish_natural
i did 4634 expense on Snapdeal using Paytm,4634,shopping,upi,paytm,,voice_transcript
today i spent 3419 on Lenskart via CRED from my SBI bank,3419,healthcare,upi,cred,sbi,voice_transcript
electricity bill 4703 Google Pay,4703,utilities,upi,gpay,,english_natural
"BEWAKOOF RESTAURANT
Total 97
Cash Received
Change 0.00",97,shopping,card,,,ocr_receipt
Rs4322.37 charged for Nykaa on Paytm,4322.37,shopping,upi,paytm,,english_natural
UPI/62487937/SBI LOAN/HDFC,275.58,emi,card,,hdfc,english_natural
25109 rupaiye mall UPI se pay kiyaa,25109,shopping,upi,cred,sbi,hinglish_natural
gold payment Rs294 done via G Pay,294,investment,upi,gpay,,english_natural
TO:ZEPTO zepto.65615@hdfcbank From:AMITSINGH (HDFC Fi Money : user4356@okhdfcbank,2327,food,upi,fi,hdfc,ocr_upi
rent maintenance gas connection ₹2146 Slice,2146,utilities,upi,slice,,cue_row
TO:AMAZONPRIME amazonprime.85816@sbibank From:UTSAVJANA (SBI PhonePe : sender1042@oksbibank,3300,entertainment,upi,phonepe,sbi,ocr_upi
Netflix 333 Kotak Mahindra,333,entertainment,upi,paytm,kotak,english_natural
"PharmEasy 1093.19 Completed 11Jul 2025,3:58 am HDFC Bank 9904 UPI transaction ID 47032133780",1093.19,healthcare,upi,gpay,hdfc,ocr_upi
"society maintenance BILL
St: Rs4923
CARD approved",4923,utilities,card,,,ocr_receipt
829 rupay payment kia Tata Play ko via Gpay,829,utilities,upi,gpay,,hinglish_natural
"ELECTRONICS STORE
Item 1 Rs381
Item 2 Rs.241
Total Rs.34610.03
CRED",34610.03,shopping,upi,cred,,ocr_receipt
UPI/77816104/PHARMEASY/SLICE,460.19,healthcare,card,,slice,english_natural
Paid 4051 for FirstCry via credit card,4051,shopping,card,,,english_natural
ghar jaate waqt 3905 rupees INOX card se,3905,entertainment,card,,slice,hinglish_natural
4557 ka cafe bill pay kiya BHIM se,4557,food,upi,bhim,,voice_transcript
SBI loan se EMI kat gayi 41607 rupaye ka UPI se pay kia,41607,emi,upi,niyo,icici,hinglish_natural
"Lenskart
Net Amount 132
Paid via slice",132,shopping,upi,slice,,ocr_receipt
TO:INOX inox.99536@icicibank From:UTSAVJANA (icici Paytm : user7599@okicicibank,527.22,entertainment,upi,paytm,icici,ocr_upi
restaurant 6592 rupay cash diyee YES BANK wale account se,6592,food,cash,,yes bank,hinglish_natural
spent 46354 rupees on IRCTC via cash,46354,travel,cash,,,voice_transcript
20666 ka DishTV bill pay kiya G Pay se,20666,utilities,upi,gpay,,voice_transcript
NEFT/TRANSFER/COLLEGE FEES/STATE BANK,4023,education,upi,gpay,sbi,english_natural
raat ko 2954 rupees Flipkart paytm se pay kiyaa,2954,shopping,upi,paytm,pnb,hinglish_natural
hospital doctor pharmacy medicine diagnostic Rs 333 Phone Pe,333,healthcare,upi,phonepe,,cue_row
26901 rupees restaurant PhonePe,26901,food,upi,phonepe,,voice_transcript
bhai diagnostic ka doctor ko diyee 170 rs via bhim,170,healthcare,upi,bhim,,hinglish_natural
43908 1mg UPI se de diya,43908,healthcare,upi,phonepe,,hinglish_natural
Goibibo 7495 Cred Payment done State Bank 4870,7495,travel,upi,cred,sbi,ocr_upi
"INOX RESTAURANT
Total 7793.53
Cash Received
Change 0.00",7793.53,entertainment,upi,paytm,axis,ocr_receipt
47 Vikram UPI se bc,47,friends,upi,cred,niyo,hinglish_natural
Payment of 92 to MedPlus was successful via Slice UPI Ref No 00922411771 ICICI Bank Account 7658,92,healthcare,upi,slice,icici,ocr_upi
Amazon ka 48729 rupees ka bill Paytm se pay kiya,48729,shopping,upi,paytm,,voice_transcript
paid 7851 to diagnostic through cash,7851,healthcare,cash,,,voice_transcript
Paid ₹1988 for ACT Fibernet via Google Pay,1988,utilities,upi,gpay,,english_natural
bhai roommate ko udhar return kiya 22534 rs CRED se,22534,friends,upi,cred,,friends_synthetic
TO:BOOKS books.70163@hdfcbank From:RAHULKUMAR (HDFC gpay : user1690@okhdfcbank,33,education,upi,gpay,hdfc,ocr_upi
spent 2692 rupees on gaming via card,2692,entertainment,card,,,voice_transcript
BookMyShow me 1345 rs. ka show dekha gpay se pay kya,49645,entertainment,upi,gpay,,source_hinglish
Apollo Pharmacy ka doctor ko die 19738 rupaiye via CRED,19738,healthcare,upi,cred,,hinglish_natural
4500 rs Cleartrip debit card se,4500,travel,card,,,hinglish_natural
aaj FD pe 3798 rupaye kharcha hua card se,3798,investment,card,,,voice_transcript
Bought education loan EMI for 2956 with credit card,2956,emi,card,,hdfc,english_natural
43 rupees PPF debit card se,43,investment,card,,slice,hinglish_natural
aaj electronics store se buy kya 4536 rs ka card se pay kia IndusInd card se,4536,shopping,card,,indusind,hinglish_natural
amazon flipkart myntra online shopping order Rs.2552 card,2552,shopping,card,,icici,cue_row
INR 801 to friend PayTM UPI,801,friends,upi,paytm,,friends_synthetic
metro 288 rupay card se,288,travel,card,,sbi,hinglish_natural
diagnostic me 245 ka test karaya card se pay kiya,245,healthcare,card,,,hinglish_natural
dinner split 1337 rupaye Divya Phone Pe,1337,friends,upi,phonepe,sbi,friends_synthetic
eye checkup 8453 rupaiye phonepe pe,8453,healthcare,upi,phonepe,,hinglish_natural
kal doctor 3799 rupaye card se hdfc se,3799,healthcare,card,,hdfc,hinglish_natural
aaj insurance premium se bill pay kiya 888 ka UPI se,888,utilities,upi,gpay,,hinglish_natural
kal 354 rs. cab liyaa Cleartrip ko debit card se,354,travel,card,,,hinglish_natural
"Receipt #5346
MedPlus
Amount Paid: INR 49035.68
Mode: BHIM",49035.68,healthcare,upi,bhim,axis,ocr_receipt
2254.09 Spotify,2254.09,entertainment,card,,rbl,english_natural
Jupiter payment Rs.1818 FD Kotak 6622 completed,1818,investment,upi,jupiter,kotak,ocr_upi
kal Zepto se khana order kr diya 110 rupay ka cash me,110,food,cash,,,hinglish_natural
197 ka Faasos bill pay kiya Gpay se Fi Money se kata,197,food,upi,gpay,fi,voice_transcript
"TAX INVOICE
electronics store
Grand Total: ₹47134.64
Payment: paytm",47134.64,shopping,upi,paytm,,ocr_receipt
home loan car loan credit card EMI monthly 150 autopay card,150,emi,card,,sbi,cue_row
3970 rupees upGrad card,3970,education,card,,,voice_transcript
lunch dinner food order swiggy zomato restaurant meal ₹1578 cash,1578,food,cash,,,cue_row
Amit 17927.53 debit card,17927.53,friends,card,,,english_natural
4077 rupay khana khaaya KFC ko UPI se die,4077,food,upi,paytm,,hinglish_natural
BookMyShow me 1237 rupaiye ka subscription renew kiyaa cash me,1237,entertainment,cash,,,hinglish_natural
aaj education loan EMI pe 45731 rupaye kharcha hua Gpay se,45731,emi,upi,gpay,hdfc,voice_transcript
aaj Netmeds pe 44 rupaye kharcha hua card se,44,healthcare,card,,,voice_transcript
"Receipt #1780
Hotstar
Amount Paid: 45901
Mode: Google Pay",45901,entertainment,upi,gpay,,ocr_receipt
"D MOBILERECHARGE 3705 Completed 3Apr 2026,9:23 pm sbi Bank 2259 UPI transaction ID 3743612514 TO:MOBILERECHARGE mobile recharge.31765@sbibank Goog1etransaction lD XYZabc891241 OPI cred",3705,utilities,upi,cred,sbi,ocr_upi
kal 104 rupaye course liyaa Udemy pe card se pay kiyaa Bandhan Bank se,104,education,card,,bandhan,hinglish_natural
6476 rs books liya exam fee ko cash de diye,45753,education,cash,,,source_hinglish
Practo pe 1910 rs ka dawai lya cash me,1910,healthcare,cash,,,hinglish_natural
ghar jaate waqt education loan EMI ka EMI kat gayi 3729 ₹ debit card se,3729,emi,card,,,hinglish_natural
POS/BAJAJ FINANCE EMI/PHONE PE/1435,4194.77,emi,upi,phonepe,,english_natural
Spent Rs 313 on Reliance Digital using credit card,313,shopping,card,,,english_natural
aaj mall pe 1815 rupaye kharcha hua card se,1815,shopping,card,,sbi,voice_transcript
262 rupees concert card,262,entertainment,card,,,voice_transcript
Paytm payment Rs 1400.38 clinic HDFC 9348 completed,1400.38,healthcare,upi,paytm,hdfc,ocr_upi
gold pe 2756 ₹ ka invest kr diya gpay se Bandhan se kata,2756,investment,upi,gpay,bandhan,hinglish_natural
2598 Amit,2598,friends,upi,jupiter,,english_natural
SIP pe 23895 rupay ka invest kiya CRED se ICICI Bank se kata,23895,investment,upi,cred,icici,hinglish_natural
college fees pe 1652 rupees ka books liyaa card se HDFC Bank wale account se,1652,education,card,,hdfc,hinglish_natural
metro 241 PayTM se pay kiya,241,travel,upi,paytm,fi,hinglish_natural
2819 rupaye Zomato Phone Pe pe,2819,food,upi,phonepe,,hinglish_natural
?266 debited from your Axis account for Udemy (Gpay UPI),266,education,upi,gpay,axis,ocr_upi
bhai gas bill ka 4581 rupaye card se de diya,4581,utilities,card,,,voice_transcript
petrol pump Rs 4211.88 Phonepe,4211.88,travel,upi,phonepe,pnb,ocr_upi
ATM/CASH/BANK/42616.39,42616.39,entertainment,upi,phonepe,,english_natural
Coursera ka 12644 rupees ka bill card se pay kiya,12644,education,card,,,voice_transcript
clinic pe 2388 rs ka doctor ko diye credit card se,2388,healthcare,card,,,hinglish_natural
college fees se books liyaa 450 rupaye ka credit card se,450,education,card,,jupiter,hinglish_natural
maine 120 rupaye Divya ko diye cash se,120,friends,cash,,,voice_transcript
APPLE MUSIC INR 375,375,entertainment,upi,gpay,,english_natural
Paid 2241 for INOX via card,2241,entertainment,card,,,english_natural
"INOX
Net Amount 2265.11
Paid via CASH",2265.11,entertainment,cash,,,ocr_receipt
35264 rupaiye movie dekhi JioCinema pe Niyo pe,35264,entertainment,upi,niyo,,hinglish_natural
today i spent 1327 on PVR via GPay from my kotak bank,1327,entertainment,upi,gpay,kotak,voice_transcript
Paid McDonald's Rs3463.25 using cash,3463.25,food,cash,,,english_natural
paid Ananya ₹3062 via G Pay,3062,friends,upi,gpay,icici,friends_synthetic
bhai 9879 rupaye Yatra BHIM pe,9879,travel,upi,bhim,kotak,hinglish_natural
Neha ka dost ko de diya 247 UPI se die,247,friends,upi,cred,,hinglish_natural
SIP me 3527 rs. ka SIP bhara Gpay pe,3527,investment,upi,gpay,,hinglish_natural
maine 456 rupaye exam fee ko diye Google Pay se,456,education,upi,gpay,,voice_transcript
PharmEasy ₹49608.43 cred,49608.43,healthcare,upi,cred,icici,ocr_upi
sent ₹450 to friend on Slice split bill UPI,450,friends,upi,slice,indusind,cue_row
"Receipt #8222
ACT Fibernet
Amount Paid: ₹206
Mode: CARD",206,utilities,card,,,ocr_receipt
dost ka transfer kiya 37349 rupaiye phonepe se pay kiyaa Axis se,37349,friends,upi,phonepe,axis,hinglish_natural
bhai bike loan EMI ka 26607 rupaye card se de diya,26607,emi,card,,niyo,voice_transcript
maine 11313 rupaye H&M ko diye cash se,11313,shopping,cash,,,voice_transcript
Apollo Pharmacy 1443 UPI se icici se kata,1443,healthcare,upi,gpay,icici,hinglish_natural
Zee5 pe 686 rupay ka game liya UPI se sbi se,20566,entertainment,upi,gpay,sbi,source_hinglish
eye checkup 4394.38,4394.38,healthcare,card,,,english_natural
i did 352 expense on Neha using cash,352,friends,cash,,niyo,voice_transcript
Just paid ₹4572 to SBI loan through debit card,4572,emi,card,,kotak,english_natural
Paid ?273 for bhai via jupiter,273,friends,upi,jupiter,,english_natural
Paid Rs.2651.90 for ET Money from my SBI account via CRED,2651.90,investment,upi,cred,sbi,english_natural
2292 ka exam fee bill pay kiya card se axis se kata,2292,education,card,,axis,voice_transcript
Bewakoof ka khareed liyaa 5574 rs UPI se pay kiyaa matlab,5574,shopping,upi,cred,slice,hinglish_natural
Spent 360 on tuition using cash,360,education,cash,,,english_natural
stocks ka paisa daala 2663 rs. UPI se Jupiter card se,2663,investment,upi,phonepe,jupiter,hinglish_natural
doctor Rs1047.20 Phone Pe,1047.20,healthcare,upi,phonepe,axis,ocr_upi
"Receipt #6859
EatFit
Amount Paid: 326.81
Mode: Paytm",326.81,food,upi,paytm,,ocr_receipt
ATM/CASH/BANK/2992.77,2992.77,education,upi,cred,,english_natural
HDFC loan se installment diy 4370 rupaye ka card se,4370,emi,card,,icici,hinglish_natural
bhai Starbucks se kha liya 496 rupaye ka cash diy,496,food,cash,,niyo,hinglish_natural
G Pay payment 181 Divya Punjab National Bank 2295 completed,181,friends,upi,gpay,pnb,ocr_upi
canteen 43340 G Pay,43340,food,upi,gpay,sbi,english_natural
Bewakoof ka saman liyaa 1767 rs UPI se,1767,shopping,upi,phonepe,hdfc,hinglish_natural
dost Rohan ko 4299 rupaye CRED se bheje,4299,friends,upi,cred,sbi,friends_synthetic
aaj HDFC loan pe 3807 rupaye kharcha hua card se,3807,emi,card,,,voice_transcript
Haldirams 4115 ₹ UPI se pay kia,4115,food,upi,jupiter,,hinglish_natural
Hotstar 3114.02 gpay,3114.02,entertainment,upi,gpay,hdfc,english_natural
Ajio se saman lia 3618 rs. ka via Paytm,3618,shopping,upi,paytm,sbi,hinglish_natural
fi payment Rs 318 YouTube Premium SBI 3503 completed,318,entertainment,upi,fi,sbi,ocr_upi
"Receipt #7636
electricity bill
Amount Paid: Rs 34821
Mode: gpay",34821,utilities,upi,gpay,,ocr_receipt
1639.91 Biryani Blues,1639.91,food,upi,paytm,,english_natural
584 payment kya DishTV ko UPI se,584,utilities,upi,gpay,,hinglish_natural
TO:YAAR yaar.81940@hdfcbank From:AMITSINGH (hdfc Google Pay : sender6447@okhdfcbank,347,friends,upi,gpay,hdfc,ocr_upi
netflix spotify hotstar subscription movie show Rs.4371 cred,4371,entertainment,upi,cred,,cue_row
BSNL t4330 debited from jupiter,4330,utilities,upi,gpay,jupiter,english_natural
t457 to Spotify via Visa,457,entertainment,card,,,english_natural
"TAX INVOICE
dhaba
Grand Total: ₹28384.95
Payment: slice",28384.95,food,upi,slice,,ocr_receipt
gaming concert event ticket ?1976 card,1976,entertainment,card,,,cue_row
bhai Karan ka transfer kar diya 4843 rupees card se pay kar diya,4843,friends,card,,,hinglish_natural
raat ko Amit me 274 rs ka split kiya SLICE pe icici se,274,friends,upi,slice,icici,hinglish_natural
personal loan installment EMI deduction ₹2625 PhonePe,2625,emi,upi,phonepe,,cue_row
today i spent 4351 on auto via paytm,4351,travel,upi,paytm,,voice_transcript
aaj Groww pe 442 rupaye kharcha hua card se,442,investment,card,,,voice_transcript
HDFC loan 319 slice Successful SBI 4082,319,emi,upi,slice,sbi,ocr_upi
138 ka 1mg bill pay kiya card se Kotak Mahindra se kata,138,healthcare,card,,kotak,voice_transcript
i did 8945 expense on Rahul using cash,8945,friends,cash,,,voice_transcript
aaj Meesho pe 170 ₹ ka khareed liyaa UPI se pay kia,170,shopping,upi,paytm,,hinglish_natural
Spotify mein 275 lag gaye card se bhara,275,entertainment,card,,,voice_transcript
Pharmacy medicine purchase INR 8723,8723,healthcare,upi,cred,,source_english
201 rupees Spotify card se,201,entertainment,card,,axis,hinglish_natural
Spotify ka 2339 rupees ka bill card se pay kiya,2339,entertainment,card,,fi,voice_transcript
dopahar ko college fees se tuition diyee 16492 rs ka via Gpay,16492,education,upi,gpay,,hinglish_natural
Doctor consultation INR 47452,47452,healthcare,upi,phonepe,,source_english
8391 rupees stocks gpay,8391,investment,upi,gpay,,voice_transcript
POS/LIBRARY/CARD/5888,2310,education,card,,,english_natural
BigBasket se food order kya 746 rupay ka via Phone Pe,746,food,upi,phonepe,,hinglish_natural
"BookMyShow
Net Amount 4476
Paid via CARD",4476,entertainment,card,,,ocr_receipt
Bought books for 983 with credit card,983,education,card,,slice,english_natural
abhi Kuvera se invest kia 2893 ₹ ka PhonePe se pay kya,2893,investment,upi,phonepe,fi,hinglish_natural
PharmEasy t492 GPay,492,healthcare,upi,gpay,,english_natural
Kuvera payment ₹17771.41 done via bhim,17771.41,investment,upi,bhim,,english_natural
gas bill 132 rupay Google Pay se,132,utilities,upi,gpay,,hinglish_natural
4627 rs. show dekha Netflix pe via Paytm HDFC Bank card se,4627,entertainment,upi,paytm,hdfc,hinglish_natural
coaching 417.29 Paytm Payment done Punjab National Bank 9195,417.29,education,upi,paytm,pnb,ocr_upi
1mg pe 3133 rupay ka checkup karaya card se,1,healthcare,card,,,hinglish_natural
mutual fund se stock lya 39 rs. ka UPI se de diye,39,investment,upi,slice,,hinglish_natural
"CLINIC RESTAURANT
Total 825.90
Cash Received
Change 0.00",825.90,healthcare,upi,cred,,ocr_receipt
raat ko clinic ka test karaya 40357 rupay jupiter se pay kya,40357,healthcare,upi,jupiter,,hinglish_natural
SLICE payment INR 3989 dost Punjab National Bank 9231 completed,3989,friends,upi,slice,pnb,ocr_upi
today i spent 3294 on Nykaa via cash from my Union Bank bank,3294,shopping,cash,,union bank,voice_transcript
4188 to Apollo Pharmacy via cash,4188,healthcare,cash,,,english_natural
mutual fund ka mutual fund kiya 3245 rupaye UPI se,3245,investment,upi,phonepe,,hinglish_natural
Bought library for ₹16568 with Google Pay,16568,education,upi,gpay,,english_natural
POS/ACT FIBERNET/MASTERCARD/4111,123.71,utilities,card,,,english_natural
POS/PRIYA/PHONE PE/5863,245.00,friends,upi,phonepe,federal bank,english_natural
"BILL
Faasos
Rs.2072.97
CARD
Thank You Visit Again",2072.97,food,card,,,ocr_receipt
raat ko EaseMyTrip ka petrol bhara 30223 rupees credit card se ICICI Bank account se,30223,travel,card,,icici,hinglish_natural
FD pe 47388 rupees ka stock liyaa card se pay kr diya,47388,investment,card,,,hinglish_natural
paid 25524 to JioCinema through slice from Axis Bank,25524,entertainment,upi,slice,axis,voice_transcript
Pooja ko 159 transfer kiya SLICE se,159,friends,upi,slice,,friends_synthetic
today i spent 4278 on INOX via Phonepe from my sbi bank,4278,entertainment,upi,phonepe,sbi,voice_transcript
Rs4214 to IndiGo via cash,4214,travel,cash,,,english_natural
"BILL
Myntra
₹403
CARD
Thank You Visit Again",403,shopping,card,,,ocr_receipt
"Receipt #8248
Flipkart
Amount Paid: 786.41
Mode: CARD",786.41,shopping,card,,hdfc,ocr_receipt
flight booking travel ticket ₹8503 cash,8503,travel,cash,,canara,cue_row
Rs.35393 charged for Practo on Gpay,35393,healthcare,upi,gpay,niyo,english_natural
3066.13 Tata CLiQ,3066.13,shopping,upi,cred,niyo,english_natural
Spent ₹22829.33 on FD using Visa,22829.33,investment,card,,,english_natural
dopahar ko 2336 ₹ bill pay kya insurance premium ko Phone Pe se,2336,utilities,upi,phonepe,,hinglish_natural
109 rupees personal loan EMI card se,109,emi,card,,,hinglish_natural
crypto payment 2514 done via Visa,2514,investment,card,,,english_natural
Movie ticket booking INR 31421,31421,entertainment,card,,,source_english
Bought lab test for Rs.2220.01 with niyo,2220.01,healthcare,upi,niyo,,english_natural
flatmate mein 1673 lag gaye card se bhara,1673,friends,card,,slice,voice_transcript
bhai metro ka 349 rupaye Bhim se de diya,349,travel,upi,bhim,,voice_transcript
aaj PharmEasy me 1800 rupees ka dawai le liya card se,1800,healthcare,card,,,hinglish_natural
today i spent 2927 on Flipkart via Phonepe from my hdfc bank,2927,shopping,upi,phonepe,hdfc,voice_transcript
TO:STATIONERY stationery.88929@hdfcbank From:RAHULKUMAR (hdfc CRED : sender5663@okhdfcbank,455.22,education,upi,cred,hdfc,ocr_upi
2970 rupees mutual fund kar diya ET Money pe debit card se,2970,investment,card,,icici,hinglish_natural
dost Shreya ko 69 rupaye Phone Pe se bheje,69,friends,upi,phonepe,,friends_synthetic
3689 rupaye BSNL credit card se,3689,utilities,card,,,hinglish_natural
NPS payment Rs 560.59 done via credit card,560.59,investment,card,,slice,english_natural
"D STOCKS 1340 Completed 26Apr 2026,1:45 pm SBI Bank 5026 UPI transaction ID 716298475487 TO:STOCKS stocks.15858@sbibank Goog1etransaction lD CICAgJjg646146 OPI CRED",1340,investment,upi,cred,sbi,ocr_upi
Zepto 49872.02 jupiter,49872.02,food,card,,jupiter,english_natural
Reliance Digital payment INR 204 done via cash,204,shopping,cash,,,english_natural
4374.06 debited from your kotak account for Kuvera (niyo UPI),4374.06,investment,upi,niyo,kotak,ocr_upi
"INSURANCE PREMIUM RESTAURANT
Total 34191.85
Cash Received
Change 0.00",34191.85,utilities,upi,slice,icici,ocr_receipt
653 rupay khareed lya Snapdeal pe card se pay kr diya Slice wale account se,653,shopping,card,,slice,hinglish_natural
Just paid 2070 to SBI loan through credit card,2070,emi,card,,bob,english_natural
35965 ₹ installment de diya car loan EMI ko debit card se jupiter card se,35965,emi,card,,jupiter,hinglish_natural
spent 2760 rupees on coaching via card,2760,education,card,,,voice_transcript
Payment of ₹258 to diagnostic was successful via GPay UPI Ref No 752575836492 ICICI Bank Account 9499,258,healthcare,upi,gpay,icici,ocr_upi
Barbeque Nation 3982,3982,food,card,,,english_natural
Lenskart se khareed lia 29786 rs ka UPI se matlab,29786,shopping,upi,jupiter,,hinglish_natural
flatmate me 237 rupees ka dost ko de diye gpay se pay kia Niyo se,237,friends,upi,gpay,niyo,hinglish_natural
"AMAZON PRIME RESTAURANT
Total 3403.24
Cash Received
Change 0.00",3403.24,entertainment,cash,,,ocr_receipt
bike loan EMI se loan payment kiya 9294 ka gpay se,9294,emi,upi,gpay,hdfc,hinglish_natural
BYJU'S ka course liyaa 9916 rs debit card se,49393,education,card,,,source_hinglish
"Receipt #8717
Zee5
Amount Paid: 1001.71
Mode: CASH",1001.71,entertainment,cash,,icici,ocr_receipt
broadband ka 27563 rupees ka bill cash se pay kiya,27563,utilities,cash,,,voice_transcript
Paid ?1118 for SIP via cred,1118,investment,upi,cred,,english_natural
47 ka IRCTC bill pay kiya card se sbi se kata,47,travel,card,,sbi,voice_transcript
"BOOKMYSHOW RESTAURANT
Total 3730
Cash Received
Change 0.00",3730,entertainment,card,,,ocr_receipt
"D ELECTRICITYBILL 45166 Completed 22Jan 2026,7:29 pm RBL Bank Bank 4672 UPI transaction ID 96736720961023 TO:ELECTRICITYBILL electricity bill.70040@rbl bankbank Soogletransaction lD XYZabc320586 OPI fi",45166,utilities,upi,fi,rbl,ocr_upi
Amazon Prime 272 card,272,entertainment,card,,,english_natural
Bajaj Finance EMI me 3686 rupay ka EMI kat gayi UPI se diyee,3686,emi,upi,cred,,hinglish_natural
3796 rupay mangwaya Biryani Blues pe Paytm se pay kiyaa,2935,food,upi,paytm,,source_hinglish
Karan me 481 rs ka paise bheje UPI se pay kr diya,481,friends,upi,gpay,,hinglish_natural
dentist 2818 rs. slice se,2818,healthcare,upi,slice,,hinglish_natural
TO:MAKEMYTRIP makemytrip.34581@hdfcbank From:PRIYASHARMA (hdfc Paytm : sender9890@okhdfcbank,4513,travel,upi,paytm,hdfc,ocr_upi
40 saman liya Amazon ko cash de diye sasta tha,40,shopping,cash,,jupiter,hinglish_natural
₹4132 charged for rent on Phonepe,4132,utilities,upi,phonepe,,english_natural
"TAX INVOICE
dhaba
Grand Total: ₹1858
Payment: CARD",1858,food,card,,axis,ocr_receipt
"BSNL 7618.33 Completed 23Mar 2026,7:31 am Kotak 7498 UPI transaction ID 29171232095",7618.33,utilities,upi,bhim,kotak,ocr_upi
INR 19659 to Rahul cash UPI,19659,friends,cash,,,friends_synthetic
Paid 206 for library from my Axis account via gpay,206,education,upi,gpay,axis,english_natural
i paid 46013 rupees for YouTube Premium using card,46013,entertainment,card,,icici,voice_transcript
Rs 572 debited from your Kotak account for hospital (GPay UPI),572,healthcare,upi,gpay,kotak,ocr_upi
UPI/68797032/GAS BILL/BANK,390,utilities,upi,phonepe,,english_natural
INR 4540.53 charged for Ola on NIYO,4540.53,travel,upi,niyo,,english_natural
245 rupaye dentist cash de diye bohot mehenga,245,healthcare,cash,,,hinglish_natural
IRCTC INR 4528.48 NIYO,4528.48,travel,upi,paytm,niyo,english_natural
aaj personal loan EMI pe 126 rupaye kharcha hua card se,126,emi,card,,hdfc,voice_transcript
paid back friend lent money INR 3526 Phone Pe,3526,friends,upi,phonepe,,cue_row
Rs414.08 paid to Amazon Prime via Google Pay from HDFC Bank,414.08,entertainment,upi,gpay,hdfc,english_natural
Rs2774 paid to Netflix via credit card from SBI,2774,entertainment,card,,sbi,english_natural
"INOX
Net Amount 1494
Paid via CASH",1494,entertainment,cash,,,ocr_receipt
spent 48434 rupees on upGrad via Gpay,48434,education,upi,gpay,kotak,voice_transcript
flight booking travel ticket Rs.1799 cash,1799,travel,cash,,,cue_row
"stationery 3393 Completed 28Nov 2026,5:19 am BOB 7700 UPI transaction ID 2203468438954",3393,education,upi,gpay,bob,ocr_upi
214 rupees DMart cash,214,food,cash,,,voice_transcript
dost Shreya ko 165 rupaye Slice se bheje,165,friends,upi,slice,,friends_synthetic
dinner split 321 rupaye Neha cash,321,friends,cash,,,friends_synthetic
i did 49043 expense on exam fee using Google Pay,49043,education,upi,gpay,idfc,voice_transcript
maine 4175 rupaye canteen ko diye Jupiter se,4175,food,upi,jupiter,jupiter,voice_transcript
i paid 1636 rupees for home loan EMI using card,1636,emi,card,,,voice_transcript
120 ₹ MakeMyTrip cash diye,120,travel,cash,,sbi,hinglish_natural
INR 3700.49 charged for Indian Oil on GPay,3700.49,travel,upi,gpay,,english_natural
"SOCIETY MAINTENANCE RESTAURANT
Total 2619
Cash Received
Change 0.00",2619,utilities,card,,,ocr_receipt
Apollo Pharmacy ka 253 rupees ka bill Phone Pe se pay kiya,253,healthcare,upi,phonepe,,voice_transcript
36532 rupees EMI bhar diya education loan EMI ko debit card se,24322,emi,card,,icici,source_hinglish
Udemy 2409 SBI,2409,education,card,,sbi,english_natural
Goibibo se cab liyaa 4983 rs ka card se,4983,travel,card,,hdfc,hinglish_natural
Uber pe 254 rupay ka cab lya card se,254,travel,card,,,hinglish_natural
4792 ka Shreya bill pay kiya NIYO se,4792,friends,upi,niyo,,voice_transcript
i did 19658 expense on market using card,19658,shopping,card,,slice,voice_transcript
Paid Rs.4868 to Kuvera fi UPI HDFC 5363 Successful,4868,investment,upi,fi,hdfc,ocr_upi
diagnostic ka test karaya 1899 card se,45616,healthcare,card,,,source_hinglish
today i spent 45343 on EaseMyTrip via card,45343,travel,card,,,voice_transcript
today i spent 27351 on Zara via card,27351,shopping,card,,,voice_transcript
Snapdeal 205,205,shopping,upi,gpay,,english_natural
CCD ka food order kia 41 rupees via PhonePe,41,food,upi,phonepe,axis,hinglish_natural
IndiGo se ride lia 2805 rupaiye ka naqad,2805,travel,cash,,,hinglish_natural
ATM/CASH/BANK/30488,30488,education,upi,gpay,,english_natural
ATM/CASH/BANK/59,59,healthcare,upi,gpay,,english_natural
"gaming BILL
St: Rs.4923
CARD Approved",4923,entertainment,card,,canara,ocr_receipt
MESS INR 22433 STATE BANK,22433,food,cash,,sbi,english_natural
ATM/CASH/BANK/2487,2487,food,upi,fi,,english_natural
Paid Rs.500.56 for Unacademy via card,500.56,education,card,,,english_natural
Paid ₹3717 for SIP via G Pay,3717,investment,upi,gpay,,english_natural
Crypto investment INR 39704,39704,investment,upi,slice,,source_english
HDFC loan 125 card se pay kiyaa Bank of Baroda se,41371,emi,card,,bob,source_hinglish
raat ko mobile recharge se bill bhra 16565 ₹ ka UPI se pay kya,16565,utilities,upi,paytm,,hinglish_natural
4253.10 card home loan EMI,4253.10,emi,card,,,english_natural
ACT Fibernet t3612 Niyo,3612,utilities,upi,niyo,hdfc,ocr_upi
"Jio recharge BILL
St: INR 1789.92
CASH APPROVED",1789.92,utilities,cash,,,ocr_receipt
Paid Rs 37242 to SpiceJet fi UPI ICICI Bank 2541 Completed,37242,travel,upi,fi,icici,ocr_upi
credit card EMI se installment diyee 4346 rs. ka credit card se SBI account se,4346,emi,card,,sbi,hinglish_natural
TO:SBILOAN sbiloan.87935@statebankbank From:PRIYASHARMA (State Bank SLICE : user8268@okstatebankbank,376.34,emi,upi,slice,sbi,ocr_upi
bro ko 244 transfer kiya PayTM se,244,friends,upi,paytm,,friends_synthetic
sent ₹423 to Ananya on card,423,friends,card,,,friends_synthetic
Rs.1578 to Rahul Fi UPI,1578,friends,upi,fi,,friends_synthetic
bike loan EMI ka loan payment kr diya 28 rupaiye card se pay kar diya slice card se,28,emi,card,,slice,hinglish_natural
uber ola cab ride airport train ticket Rs.4109 cash,4109,travel,cash,,sbi,cue_row
maine 214 rupaye coaching ko diye card se,214,education,card,,hdfc,voice_transcript
Zomato se khana khaya 3888 rs ka Cred se pay kiya,3888,food,upi,cred,,hinglish_natural
split bill 475 G Pay se bhai ko diya,475,friends,upi,gpay,,friends_synthetic
3248 ka market bill pay kiya card se,3248,shopping,card,,,voice_transcript
mobile recharge INR 40908 debited from PNB,40908,utilities,upi,phonepe,pnb,english_natural
Spent 263 on Rapido using phonepe,263,travel,upi,phonepe,,english_natural
Bought Box8 for ₹32416 with credit card,32416,food,card,,,english_natural
INR 2527.35 to insurance premium via SLICE,2527.35,utilities,upi,slice,,english_natural
"Swiggy
Net Amount 294
Paid via Phonepe",294,food,upi,phonepe,,ocr_receipt
"dentist
Net Amount 3639
Paid via CASH",3639,healthcare,cash,,,ocr_receipt
PPF ka paisa daala 4744 Phone Pe pe,4744,investment,upi,phonepe,,hinglish_natural
300 rupees Paytm Money Phonepe se,300,investment,upi,phonepe,hdfc,hinglish_natural
office se aate hue Vi recharge se recharge kr diya 355 rupees ka card se pay kya,355,utilities,card,,,hinglish_natural
"INSURANCE PREMIUM
Item 1 Rs 211
Item 2 INR 447
Total Rs 3362
Phone Pe",3362,utilities,upi,phonepe,,ocr_receipt
paid 2326 to Apple Music through CRED,2326,entertainment,upi,cred,,voice_transcript
Kuvera INR 116.53 debited from Niyo,116.53,investment,upi,cred,niyo,english_natural
"Receipt #3929
Croma
Amount Paid: Rs 397
Mode: CARD",397,shopping,card,,sbi,ocr_receipt
"BigBasket 4045.14 Completed 21Jun 2025,9:26 pm hdfc 7136 UPI transaction ID 0916504939",4045.14,food,upi,paytm,hdfc,ocr_upi
"PVR
Item 1 INR 287
Item 2 Rs 160
Total ₹10281.81
CARD",10281.81,entertainment,card,,,ocr_receipt
Used kotak cash to pay t31 for BSNL,31,utilities,cash,,kotak,english_natural
39457 PVR debit card se,39457,entertainment,card,,,hinglish_natural
Paid INR 18536 for IRCTC via paytm,18536,travel,upi,paytm,slice,english_natural
Meesho ka 4319 rupees ka bill PayTM se pay kiya,4319,shopping,upi,paytm,fi,voice_transcript
tuition me 386 ka admission kia Niyo se,386,education,upi,niyo,,hinglish_natural
Flight ticket booking INR 36178,36178,travel,cash,,hdfc,source_english
Kuvera 16648 ₹ cred se pay kar diya,16648,investment,upi,cred,,hinglish_natural
INR 1011 to Amit slice UPI,1011,friends,upi,slice,hdfc,friends_synthetic
hospital INR 11137 Paytm,11137,healthcare,upi,paytm,,english_natural
Barbeque Nation ka kha liya 21788 rs cred pe BOB se,21788,food,upi,cred,bob,hinglish_natural
paid Karan Rs2733 via card,2733,friends,card,,,friends_synthetic
hospital doctor pharmacy medicine diagnostic Rs.409 phonepe,409,healthcare,upi,phonepe,,cue_row
"BILL
INOX
2003.85
CASH
Thank You Visit Again",2003.85,entertainment,cash,,,ocr_receipt
Spent Rs.4245.74 on INOX using Phone Pe,4245.74,entertainment,upi,phonepe,,english_natural
i did 4197 expense on rickshaw using cash,4197,travel,cash,,,voice_transcript
Lenskart 4203,4203,shopping,card,,sbi,english_natural
breakfast snacks chai coffee Rs.326 Phone Pe,326,food,upi,phonepe,,cue_row
sent Rs.2648 to Shreya on card,2648,friends,card,,,friends_synthetic
NEFT/TRANSFER/MUTUAL FUND/YES BANK,2345.92,investment,upi,cred,yes bank,english_natural
aaj gold pe 487 rupees ka stock lia card se,36583,investment,card,,sbi,source_hinglish
FreshMenu ka khana order kya 16246 rupees naqad,16246,food,cash,,sbi,hinglish_natural
"Receipt #5723
INOX
Amount Paid: Rs.867.58
Mode: CARD",867.58,entertainment,card,,,ocr_receipt
gaming concert event ticket 44563 card,44563,entertainment,card,,,cue_row
Cleartrip ka cab liyaa 31950 rs. card se,31950,travel,card,,,hinglish_natural
LENSKART INR 155,155,healthcare,upi,gpay,,english_natural
Apple Music 36639 Visa,36639,entertainment,card,,,english_natural
6191 Phone Pe SpiceJet,6191,travel,upi,phonepe,,english_natural
Paid gas bill 3657 using GPay from slice,3657,utilities,upi,gpay,slice,english_natural
bhai friend ko udhar return kiya 16998 rs SLICE se,16998,friends,upi,slice,,friends_synthetic
"concert BILL
St: ₹26600
slice Approved",26600,entertainment,upi,slice,,ocr_receipt
i paid 18970 rupees for books using Fi Money,18970,education,upi,fi,,voice_transcript
Used State Bank cash to pay 1489.39 for Snapdeal,1489.39,shopping,cash,,sbi,english_natural
FD se SIP bhar diya 3228 ka credit card se hdfc account se,3228,investment,card,,hdfc,hinglish_natural
home loan car loan credit card EMI monthly Rs.3898 autopay card,3898,emi,card,,,cue_row
today i spent 4702 on Paytm Money via card,4702,investment,card,,,voice_transcript
Amazon 42522 Slice,42522,shopping,upi,slice,sbi,english_natural
Just paid ₹401.26 to SonyLIV through Gpay,401.26,entertainment,upi,gpay,,english_natural
Just paid INR 12053 to Uber through cash,12053,travel,cash,,,english_natural
abhi 41008 rupaye clinic card se,41008,healthcare,card,,hdfc,hinglish_natural
concert ka subscription renew kya 3288 rupaiye fi pe,3288,entertainment,upi,fi,,hinglish_natural
"Dunkin 207 Completed 6Dec 2025,8:07 am Federal Bank 5586 UPI transaction ID 7719101646082",207,food,upi,slice,federal bank,ocr_upi
"BookMyShow BILL
St: ₹307.15
CARD Approved",307.15,entertainment,card,,,ocr_receipt
174.18 Airtel recharge,174.18,utilities,upi,gpay,,english_natural
275 rupaye personal loan EMI card se,275,emi,card,,,hinglish_natural
SpiceJet 487,487,travel,cash,,,english_natural
spent 10050 rupees on Blinkit via card,10050,food,card,,,voice_transcript
1379 rupees mutual fund card,1379,investment,card,,,voice_transcript
upGrad se tuition de diye 2382 rs ka debit card se Fi Money card se,2382,education,card,,fi,hinglish_natural
Angel One 292 ₹ Phone Pe pe,292,investment,upi,phonepe,,hinglish_natural
Vedantu me 323 rs. ka admission kiya UPI se diye,2192,education,upi,paytm,,source_hinglish
paid bro 4698 via Jupiter,4698,friends,upi,jupiter,,friends_synthetic
"VI RECHARGE RESTAURANT
Total 305.03
Cash Received
Change 0.00",305.03,utilities,upi,paytm,,ocr_receipt
₹464.93 paid to broadband via Mastercard from Axis,464.93,utilities,card,,axis,english_natural
257 paid to Zerodha via Paytm from Kotak Mahindra,257,investment,upi,paytm,kotak,english_natural
coaching pe 859 rupees ka books lia card se pay kya,859,education,card,,,hinglish_natural
Priya ko 2950 transfer kiya Paytm se,2950,friends,upi,paytm,,friends_synthetic
yaar Zara pe 152 rs. ka buy kia haath se diy,152,shopping,cash,,,hinglish_natural
maine 4664 rupaye Meesho ko diye PayTM se,4664,shopping,upi,paytm,,voice_transcript
mutual fund pe 1015 rs ka paisa daala card se pay kiyaa,1015,investment,card,,,hinglish_natural
yaar 4716 rupaiye installment de diye SBI loan pe card se Axis Bank se,4716,emi,card,,axis,hinglish_natural
bhai NPS ka stock lia 12399 ₹ card se pay kar diya RBL Bank wale account se bhai,12399,investment,card,,rbl,hinglish_natural
"D SONYLIV 395 Completed 15Feb 2026,7:01 pm Yes Bank Bank 6917 UPI transaction ID 05582262316750 TO:SONYLIV sonyliv.18325@yes bankbank Soogletransaction lD XYZabc270341 OPI G Pay",395,entertainment,upi,gpay,yes bank,ocr_upi
medical checkup lab test health insurance ₹29890 cred,29890,healthcare,upi,cred,,cue_row
dost bhai ko 2722 rupaye PayTM se bheje,2722,friends,upi,paytm,,friends_synthetic
485 rupaye order kr diya Croma pe debit card se,485,shopping,card,,,hinglish_natural
flatmate rent share 23716 cash Karan,23716,friends,cash,,,friends_synthetic
Paid Rs.3166.74 for broadband via jupiter,3166.74,utilities,upi,jupiter,,english_natural
351 rs clinic haath se diy,351,healthcare,cash,,hdfc,hinglish_natural
lunch dinner food order swiggy zomato restaurant meal Rs10696 paytm,10696,food,upi,paytm,,cue_row
Amazon payment Rs3970 done via Mastercard,3970,shopping,card,,,english_natural
850 rs Uber UPI se diyee,850,travel,upi,gpay,niyo,hinglish_natural
"insurance premium BILL
St: ₹397.78
CARD approved",397.78,utilities,card,,,ocr_receipt
society maintenance me 492 rupay ka bill pay kr diya Jupiter pe sasta tha,492,utilities,upi,jupiter,,hinglish_natural
103 ₹ home loan EMI card se pay kiyaa achha deal mila,103,emi,card,,icici,hinglish_natural
library 14787 rs cash me Kotak account se,14787,education,cash,,kotak,hinglish_natural
"Lenskart 2798 Completed 12Apr 2025,4:25 am axis 9832 UPI transaction ID 0460510019",2798,healthcare,upi,phonepe,axis,ocr_upi
bhai Karan ko udhar return kiya 4465 rs gpay se,4465,friends,upi,gpay,,friends_synthetic
subah Reliance Digital ka buy kar diya 4182 rupay Cred se,4182,shopping,upi,cred,,hinglish_natural
25826 rupaye khareed lya mall ko card se kotak card se,20593,shopping,card,,kotak,source_hinglish
"BILL
DishTV
Rs.206.54
CARD
Thank You Visit Again",206.54,utilities,card,,hdfc,ocr_receipt
office se aate hue Divya me 1017 ka dost ko diyee UPI se SBI account se,1017,friends,upi,phonepe,sbi,hinglish_natural
"TAX INVOICE
PVR
Grand Total: INR 192.65
Payment: CASH",192.65,entertainment,cash,,,ocr_receipt
Unacademy ka course liya 4439 rupay haath se de diya,4439,education,cash,,,hinglish_natural
"BILL
mobile recharge
?87
CRED
Thank You Visit Again",87,utilities,upi,cred,,ocr_receipt
netflix spotify hotstar subscription movie show ₹452 card,452,entertainment,card,,,cue_row
raat ko dost ka transfer kia 1068 rs UPI se die matlab,1068,friends,upi,gpay,,hinglish_natural
bhai Divya ko udhar return kiya 360 rs cash se,360,friends,cash,,,friends_synthetic
diagnostic mein 263 lag gaye cash se bhara,263,healthcare,cash,,,voice_transcript
subah Behrouz se mangwaya 2471 ka cash de diye NIYO card se budget tod diya,2471,food,cash,,niyo,hinglish_natural
493 rupaye doctor card se pay kiya yaar,493,healthcare,card,,niyo,hinglish_natural
Rs.6975 to dost via Google Pay jupiter account,6975,friends,upi,gpay,jupiter,english_natural
electronics clothes shoes accessories purchase 1024 via card,1024,shopping,card,,,cue_row
"education loan EMI 193.71 Completed 6Apr 2026,7:18 am Axis 7241 UPI transaction ID 930999868919507",193.71,emi,upi,cred,axis,ocr_upi
aaj gas bill se bill bhra 4049 rupay ka UPI se pay kiyaa,4049,utilities,upi,phonepe,,hinglish_natural
office se aate hue 195 roommate Slice se pay kar diya,195,friends,upi,slice,,hinglish_natural
Arjun 2931 rupees UPI se de diye icici wale account se,2931,friends,upi,paytm,icici,hinglish_natural
Netflix subscription INR 25858,25858,entertainment,cash,,sbi,source_english
Spent Rs 1015 on bhai using phonepe,1015,friends,upi,phonepe,,english_natural
rent maintenance gas connection R 2152 GPay,2152,utilities,upi,gpay,sbi,cue_row
395 rupees FD card,395,investment,card,,,voice_transcript
"Amazon Prime BILL
St: t2840
CARD APPROVED",2840,entertainment,card,,,ocr_receipt
Just paid Rs29208 to BSNL through cash,29208,utilities,cash,,,english_natural
aaj 1831 rupaye Netflix card se pay kar diya bhai,1831,entertainment,card,,kotak,hinglish_natural
maine 84 rupaye Bharat Petroleum ko diye card se,84,travel,card,,sbi,voice_transcript
yaar Vedantu 23035 rupaye card se pay kya,23035,education,card,,,hinglish_natural
Apollo Pharmacy INR 43276 PhonePe,43276,healthcare,upi,phonepe,sbi,ocr_upi
amazon flipkart myntra online shopping order ?338 cash,338,shopping,cash,,,cue_row
today i spent 29728 on tuition via Google Pay,29728,education,upi,gpay,,voice_transcript
Spent INR 147.93 on PharmEasy using Gpay,147.93,healthcare,upi,gpay,,english_natural
i did 281 expense on Amazon Prime using CRED,281,entertainment,upi,cred,,voice_transcript
4456 rupees Apollo Pharmacy credit card se,4456,healthcare,card,,niyo,hinglish_natural
Payment of ₹1639 to rent was successful via PayTM UPI Ref No 41949265118580 axis Account 8314,1639,utilities,upi,paytm,axis,ocr_upi
"GAMING
Item 1 ?256
Item 2 ₹214
Total Rs 279
Paytm",279,entertainment,upi,paytm,,ocr_receipt
327 to Vedantu via debit card,327,education,card,,,english_natural
Just paid ₹81 to Nykaa through Gpay,81,shopping,upi,gpay,,english_natural
150 ₹ yaar Google Pay se,150,friends,upi,gpay,sbi,hinglish_natural
electronics store 3197 rs PhonePe pe,3197,shopping,upi,phonepe,,hinglish_natural
"Receipt #3649
electronics store
Amount Paid: Rs.3157
Mode: Gpay",3157,shopping,upi,gpay,sbi,ocr_receipt
maine 15178 rupaye Amit ko diye cash se,15178,friends,cash,,,voice_transcript
raat ko bike loan EMI me 48719 rs ka EMI bharra UPI se,48719,emi,upi,paytm,,hinglish_natural
"H&M BILL
St: Rs1859.53
CARD APPROVED",1859.53,shopping,card,,canara,ocr_receipt
418 rupees petrol bhar diya Bharat Petroleum ko card se pay kya matlab,418,travel,card,,,hinglish_natural
Bought rent for Rs.296.88 with Paytm,296.88,utilities,upi,paytm,,english_natural
₹2822 to bhai card UPI,2822,friends,card,,,friends_synthetic
"Receipt #3469
mobile recharge
Amount Paid: INR 127
Mode: CASH",127,utilities,cash,,,ocr_receipt
854.82 credit card PharmEasy,854.82,healthcare,card,,jupiter,english_natural
books payment Rs.15952 done via debit card,15952,education,card,,fi,english_natural
"APPLE MUSIC
Item 1 Rs180
Item 2 ₹137
Total Rs.19459
G Pay",19459,entertainment,upi,gpay,hdfc,ocr_receipt
car loan EMI 4715 Gpay Completed HDFC 6245,4715,emi,upi,gpay,hdfc,ocr_upi
office se aate hue Bajaj Finance EMI me 47283 rupaiye ka EMI kat gayi debit card se NIYO account se,47283,emi,card,,niyo,hinglish_natural
POS/GAMING/DEBIT CARD/1071,2467,entertainment,card,,,english_natural
mutual fund SIP stocks PPF FD investment ₹17094 card,17094,investment,card,,,cue_row
"D FLATMATE 4676.24 Completed 3Feb 2026,8:08 pm ICICI Bank Bank 3608 UPI transaction ID 420465352170572 TO:FLATMATE flatmate.59542@icici bankbank Googletransaction lD XYZabc830020 OPI paytm",4676.24,friends,upi,paytm,icici,ocr_upi
sent money to Karan INR 13364 on card,13364,friends,card,,,friends_synthetic
2207 hospital,2207,healthcare,upi,gpay,,english_natural
Paid 72.85 for college fees from my NIYO account via debit card,72.85,education,card,,niyo,english_natural
hospital doctor pharmacy medicine diagnostic t323 Fi Money,323,healthcare,upi,fi,,cue_row
paid dost ₹2770 via GPay,2770,friends,upi,gpay,,friends_synthetic
₹44267 debited from your sbi account for Uber (Phone Pe UPI),44267,travel,upi,phonepe,sbi,ocr_upi
Used hdfc Paytm to pay Rs.411 for gas bill,411,utilities,upi,paytm,hdfc,english_natural
bhai Biryani Blues ka 404 rupaye cash se de diya,404,food,cash,,,voice_transcript
"dhaba
Net Amount 1273
Paid via G Pay",1273,food,upi,gpay,,ocr_receipt
yaar Kuvera se stock liya 294 ka credit card se,294,investment,card,,,hinglish_natural
Nykaa 11966.86 Paytm,11966.86,shopping,upi,paytm,,english_natural
office se aate hue PVR 116 rupees card se pay kia Niyo card se,116,entertainment,card,,niyo,hinglish_natural
ET Money ka invest kiyaa 4845 rupees card se,20642,investment,card,,,source_hinglish
INR 399 paid to Rohan via gpay UPI from HDFC Bank Bank ending 1314,399,friends,upi,gpay,hdfc,ocr_upi
SBI loan 11040 debited from slice,11040,emi,card,,slice,english_natural
concert se subscription renew kr diya 43849 rs ka Fi Money se,43849,entertainment,upi,fi,,hinglish_natural
school college tuition course books fees 36591 phonepe,36591,education,upi,phonepe,,cue_row
Biryani Blues se food order kiya 405 ka BHIM se pay kiyaa,405,food,upi,bhim,,hinglish_natural
exam fee Rs3814.11 Fi,3814.11,education,upi,fi,axis,ocr_upi
Ola 28918 rs. card se pay kar diya,28918,travel,card,,,hinglish_natural
home loan EMI ₹26944 Bhim,26944,emi,upi,bhim,idfc,english_natural
colleague ko 1667 transfer kiya GPay se,1667,friends,upi,gpay,,friends_synthetic
FirstCry 756 Paytm Payment done Punjab National Bank 7486,756,shopping,upi,paytm,pnb,ocr_upi
paid back friend lent money Rs 2832 cash,2832,friends,cash,,,cue_row
12638 ka Angel One bill pay kiya paytm se HDFC Bank se kata,12638,investment,upi,paytm,hdfc,voice_transcript
449.41 Visa gold,449.41,investment,card,,sbi,english_natural
insurance premium se bill pay kiyaa 213 rupay ka UPI se,213,utilities,upi,phonepe,,hinglish_natural
Ola ka 4948 rupees ka bill cash se pay kiya,4948,travel,cash,,hdfc,voice_transcript
Paid Groww ?3580.46 using Google Pay,3580.46,investment,upi,gpay,,english_natural
₹302.40 to Amit via Phonepe HDFC account,302.40,friends,upi,phonepe,hdfc,english_natural
40634 ₹ hospital G Pay pe,40634,healthcare,upi,gpay,hdfc,hinglish_natural
flatmate rent share 1065 jupiter colleague,1065,friends,upi,jupiter,,friends_synthetic
dost Karan ko 341 rupaye slice se bheje,341,friends,upi,slice,,friends_synthetic
dentist pe 2765 rs. ka dawai liya UPI se diye,2765,healthcare,upi,fi,,hinglish_natural
"CLINIC RESTAURANT
Total 107
Cash Received
Change 0.00",107,healthcare,card,,,ocr_receipt
bhai Rahul ko udhar return kiya 3979 rs cash se,3979,friends,cash,,,friends_synthetic
i paid 48170 rupees for CCD using gpay,48170,food,upi,gpay,,voice_transcript
abhi Angel One me 3337 ₹ ka invest kar diya UPI se de diye Union Bank wale account se,3337,investment,upi,jupiter,union bank,hinglish_natural
raat ko lab test 295 rupaye card se pay kiya,295,healthcare,card,,axis,hinglish_natural
Paid Rs 2091 to BigBasket Phonepe UPI hdfc 8326 Done,2091,food,upi,phonepe,hdfc,ocr_upi
paid 362 to Apple Music through cash,362,entertainment,cash,,,voice_transcript
FirstCry Rs1175 Visa,1175,shopping,card,,,english_natural
sent money to Vikram ₹4797 on Slice,4797,friends,upi,slice,,friends_synthetic
electricity bill 302 rs. UPI se pay kia NIYO card se achha deal mila,302,utilities,upi,slice,niyo,hinglish_natural
PPF ka stock lia 2159 rs UPI se diye,2159,investment,upi,phonepe,,hinglish_natural
education loan EMI pe 202 rupees ka installment de diya card se budget tod diya,202,emi,card,,,hinglish_natural
Rapido Rs.491 debited from Niyo,491,travel,upi,phonepe,niyo,english_natural
"BILL
lab test
Rs.722
CARD
Thank You Visit Again",722,healthcare,card,,,ocr_receipt
Bewakoof mein 4895 lag gaye cred se bhara,4895,shopping,upi,cred,,voice_transcript
INR 468 debited from your Federal Bank account for DMart (Cred UPI),468,food,upi,cred,federal bank,ocr_upi
petrol diesel fuel Rs16842 at pump card,16842,travel,card,,,cue_row
POS/BEWAKOOF/GOOGLE PAY/2595,40483.33,shopping,upi,gpay,hdfc,english_natural
maine 47635 rupaye KFC ko diye card se,47635,food,card,,,voice_transcript
coaching exam preparation study material Rs.121 Google Pay,121,education,upi,gpay,,cue_row
SonyLIV se movie dekhi 4728 rs. ka card se pay kiyaa,42054,entertainment,card,,,source_hinglish
Just paid Rs1501 to Behrouz through cash,1501,food,cash,,,english_natural
Just paid Rs 1155 to education loan EMI through jupiter,1155,emi,upi,jupiter,,english_natural
ATM/CASH/ICICI BANK/3317.13,3317.13,emi,upi,gpay,icici,english_natural
Shreya ka split kia 1681 rupees phonepe pe,1681,friends,upi,phonepe,fi,hinglish_natural
kal Dominos 33653 rupaye naqad,33653,food,cash,,,hinglish_natural
GPay payment 155 Vikram HDFC Bank 1687 completed,155,friends,upi,gpay,hdfc,ocr_upi
bhai Udemy 1861 rs. UPI se Union Bank se kata,1861,education,upi,bhim,union bank,hinglish_natural
gold 43030 hdfc,43030,investment,card,,hdfc,english_natural
sent money to Divya INR 404 on Phonepe,404,friends,upi,phonepe,,friends_synthetic
FD ka paisa daala 2265 rs. debit card se,2265,investment,card,,,hinglish_natural
Paid gas bill Rs.42364.59 using Cred,42364.59,utilities,upi,cred,,english_natural
R 29177 charged for Flipkart on card,29177,shopping,card,,bob,english_natural
books 365 PayTM Successful idfc 4957,365,education,upi,paytm,idfc,ocr_upi
medical checkup lab test health insurance ₹1707 card,1707,healthcare,card,,,cue_row
"D POOJA 2169 Completed 28Mar 2026,10:38 pm IDFC Bank 6431 UPI transaction ID 991695359522875 TO:POOJA pooja.20376@idfcbank Soogletransaction lD CICAgJjg018174 OPI Paytm",2169,friends,upi,paytm,idfc,ocr_upi
Paid market ₹18694 using Visa,18694,shopping,card,,,english_natural
1382 rupaye movie dekhi SonyLIV ko SLICE se,1382,entertainment,upi,slice,,hinglish_natural
gold 1434 rupees UPI se pay kiya HDFC account se,1434,investment,upi,paytm,hdfc,hinglish_natural
home loan car loan credit card EMI monthly Rs45314 autopay gpay,45314,emi,upi,gpay,,cue_row
Paid INR 216 for electricity bill via Phone Pe,216,utilities,upi,phonepe,,english_natural
hospital me 2571 ka medicine le liya UPI se,2571,healthcare,upi,gpay,,hinglish_natural
bhai SIP ka 4676 rupaye paytm se de diya,4676,investment,upi,paytm,jupiter,voice_transcript
Gaana 24810,24810,entertainment,upi,slice,,english_natural
medical checkup lab test health insurance 45935 GPay,45935,healthcare,upi,gpay,,cue_row
Vedantu se admission kya 222 rupees ka via SLICE,46161,education,upi,slice,kotak,source_hinglish
restaurant pe 119 rupees ka khana khaya UPI se pay kiyaa,119,food,upi,paytm,,hinglish_natural
credit card EMI se installment diye 2036 ka credit card se,2036,emi,card,,,hinglish_natural
sent money to Arjun Rs.6184 on cash,6184,friends,cash,,,friends_synthetic
aaj Faasos pe 3664 rupaye kharcha hua PhonePe se,3664,food,upi,phonepe,,voice_transcript
aaj concert pe 50 rupaye kharcha hua card se,50,entertainment,card,,,voice_transcript
coaching exam preparation study material Rs3594 card,3594,education,card,,,cue_row
3139 rs. movie dekhi PVR pe naqad,3139,entertainment,cash,,,hinglish_natural
3793 rs. bill pay kiya broadband ko SLICE se pay kar diya,3793,utilities,upi,slice,,hinglish_natural
yaar 3770 ₹ personal loan EMI UPI se de diya zyada ho gaya,40228,emi,upi,cred,hdfc,source_hinglish
4587 to Behrouz via cash,4587,food,cash,,,english_natural
bike loan EMI se loan payment kya 4901 rs. ka card se Fi Money wale account se,4901,emi,card,,fi,hinglish_natural
Paid Zerodha Rs2979.65 using paytm,2979.65,investment,upi,paytm,,english_natural
gpay payment ₹2774.18 yaar sbi 2629 completed,2774.18,friends,upi,gpay,sbi,ocr_upi
i did 31549 expense on EaseMyTrip using CRED,31549,travel,upi,cred,,voice_transcript
Used HDFC card to pay INR 2369.63 for Goibibo,2369.63,travel,card,,hdfc,english_natural
aaj 499 rs. cab liya HP Petrol pe cash me,499,travel,cash,,,hinglish_natural
₹2326.96 to lab test via slice hdfc account,2326.96,healthcare,upi,slice,hdfc,english_natural
"TAX INVOICE
Haldirams
Grand Total: 11582
Payment: fi",11582,food,upi,fi,,ocr_receipt
dopahar ko 305 rs. admission kar diya upGrad pe UPI se pay kiyaa,305,education,upi,paytm,,hinglish_natural
204 rs. flatmate UPI se pay kia,204,friends,upi,cred,,hinglish_natural
Croma 4598 rs UPI se diy ICICI wale account se,4598,shopping,upi,cred,icici,hinglish_natural
raat ko Apollo Pharmacy pe 31462 rupaye ka dawai liyaa UPI se pay kar diya,31462,healthcare,upi,gpay,,hinglish_natural
electronics store pe 11182 ₹ ka shopping kiya PhonePe se,11182,shopping,upi,phonepe,,hinglish_natural
Paid 45741.96 for Hotstar via Mastercard,45741.96,entertainment,card,,icici,english_natural
Apollo Pharmacy 313 ₹ cash de diye SBI se kata,313,healthcare,cash,,sbi,hinglish_natural
library mein 2667 lag gaye Paytm se bhara,2667,education,upi,paytm,fi,voice_transcript
BookMyShow 15915 rupaye cash diyee,6585,entertainment,cash,,,source_hinglish
hospital se dawai lia 49687 rupay ka haath se diye zyada ho gaya,26410,healthcare,cash,,,source_hinglish
Amazon Prime pe 1502 rupay ka subscription renew kya UPI se pay kar diya,1502,entertainment,upi,phonepe,,hinglish_natural
Bought BSNL for R 8468 with Paytm,8468,utilities,upi,paytm,sbi,english_natural
"Receipt #6370
Zepto
Amount Paid: Rs 117
Mode: Phone Pe",117,food,upi,phonepe,idfc,ocr_receipt
26420.31 Visa credit card EMI,26420.31,emi,card,,icici,english_natural
hospital doctor pharmacy medicine diagnostic Rs.4167 card,4167,healthcare,card,,,cue_row
Bought car loan EMI for 47955 with Visa,47955,emi,card,,,english_natural
car loan EMI ka 98 rupees ka bill PayTM se pay kiya,98,emi,upi,paytm,fi,voice_transcript
rent maintenance gas connection Rs 40180 card,40180,utilities,card,,,cue_row
"Receipt #2144
BookMyShow
Amount Paid: 45759
Mode: CARD",45759,entertainment,card,,,ocr_receipt
friend 1404 rupaye haath se de diya Bank of Baroda se kata,1404,friends,cash,,bob,hinglish_natural
kal Bajaj Finance EMI pe 3211 ₹ ka loan payment kr diya via Gpay,3211,emi,upi,gpay,,hinglish_natural
"Faasos BILL
St: ₹1269.69
CASH APPROVED",1269.69,food,cash,,bob,ocr_receipt
UPI/07458957/TATA CLIQ/HDFC BANK,374.41,shopping,upi,bhim,hdfc,english_natural
"D VIKRAM 6050 Completed 11Mar 2026,3:32 pm Axis Bank 4572 UPI transaction ID 23132996783435 TO:VIKRAM vikram.80225@axisbank Goog1etransaction lD XYZabc919776 OPI Phonepe",6050,friends,upi,phonepe,axis,ocr_upi
₹3354.31 paid to Gaana via Google Pay UPI from Axis Bank Bank ending 8153,3354.31,entertainment,upi,gpay,axis,ocr_upi
SBI loan se EMI bhar diya 480 rupay ka Bhim se pay kiya bc,480,emi,upi,bhim,,hinglish_natural
"D TATACLIQ 17557 Completed 12Mar 2026,6:50 pm sbi Bank 8736 UPI transaction ID 504158790480 TO:TATACLIQ tata cliq.59862@sbibank Soogletransaction lD XYZabc924493 OPI Jupiter",17557,shopping,upi,jupiter,sbi,ocr_upi
NEFT/TRANSFER/DISHTV/,60,utilities,upi,gpay,,english_natural
Spent ₹3106.99 on Dunkin using Phonepe,3106.99,food,upi,phonepe,,english_natural
INR 21136.05 charged for society maintenance on PayTM,21136.05,utilities,upi,paytm,,english_natural
today i spent 433 on Rohan via cash,433,friends,cash,,,voice_transcript
Stock purchase INR 40882,40882,investment,card,,,source_english
68 ka Airtel recharge bill pay kiya G Pay se,68,utilities,upi,gpay,,voice_transcript
SBI loan INR 16666 SLICE,16666,emi,upi,slice,indusind,ocr_upi
Just paid Rs871 to broadband through Cred,871,utilities,upi,cred,,english_natural
UPI/59781300/DISHTV/NIYO,4390,utilities,upi,gpay,niyo,english_natural
Payment of Rs128 to Unacademy was successful via phonepe UPI Ref No 7274200502 Yes Bank Account 8080,128,education,upi,phonepe,yes bank,ocr_upi
1903 rupaye Jio recharge Phone Pe pe,1903,utilities,upi,phonepe,fi,hinglish_natural
ghar jaate waqt school fees 332 debit card se,332,education,card,,,hinglish_natural
coaching exam preparation study material 488 cash,488,education,cash,,,cue_row
uber ola cab ride airport train ticket INR 39736 cash,39736,travel,cash,,sbi,cue_row
Swiggy 5246.78,5246.78,food,card,,,english_natural
Amazon ka saman liya 83 rs UPI se,83,shopping,upi,niyo,kotak,hinglish_natural
"1MG
Item 1 390
Item 2 Rs466
Total 244
CASH",244,healthcare,cash,,,ocr_receipt
Bought coaching for R 1344 with debit card,1344,education,card,,,english_natural
227 rupees broadband GPay,227,utilities,upi,gpay,,voice_transcript
electricity bill se bill pay kiyaa 699 rs ka UPI se diyee Niyo account se,699,utilities,upi,gpay,niyo,hinglish_natural
61 ka Karan bill pay kiya Bhim se ICICI Bank se kata,61,friends,upi,bhim,icici,voice_transcript
dinner split 3770 rupaye roommate cash,3770,friends,cash,,,friends_synthetic
Paid R 4033 to stocks phonepe UPI HDFC 2618 Completed,4033,investment,upi,phonepe,hdfc,ocr_upi
"FD 18170 Completed 11Apr 2026,6:22 pm sbi 5883 UPI transaction ID 0611638944",18170,investment,upi,phonepe,sbi,ocr_upi
Rs.407.55 to JioCinema via card,407.55,entertainment,card,,,english_natural
756 rupaye Unacademy cash diy,756,education,cash,,,hinglish_natural
BookMyShow ka 2487 rupees ka bill cash se pay kiya,2487,entertainment,cash,,,voice_transcript
Used IndusInd credit card to pay INR 2527.11 for Apollo Pharmacy,2527.11,healthcare,card,,indusind,english_natural
Paid Meesho INR 9219 using Mastercard from jupiter,9219,shopping,card,,jupiter,english_natural
spent 203 rupees on Rohan via CRED,203,friends,upi,cred,,voice_transcript
"mess BILL
St: ₹4109
CARD approved",4109,food,card,,,ocr_receipt
JioMart Rs9888 cash,9888,food,cash,,icici,english_natural
"TAX INVOICE
Blinkit
Grand Total: INR 1919
Payment: phonepe",1919,food,upi,phonepe,sbi,ocr_receipt
Bewakoof 721 rupees credit card se,721,shopping,card,,,hinglish_natural
₹381 paid to Blinkit via Phone Pe UPI from HDFC Bank Bank ending 9189,381,food,upi,phonepe,hdfc,ocr_upi
Pooja 35592 rs UPI se pay kr diya HDFC Bank wale account se,35592,friends,upi,cred,hdfc,hinglish_natural
lunch dinner food order swiggy zomato restaurant meal ₹401 cash,401,food,cash,,,cue_row
bhai eye checkup ka 430 rupaye Slice se de diya,430,healthcare,upi,slice,,voice_transcript
Used ICICI Bank Phone Pe to pay 28601.75 for Karan,28601.75,friends,upi,phonepe,icici,english_natural
Just paid ₹34754.30 to electronics store through Jupiter,34754.30,shopping,upi,jupiter,,english_natural
mutual fund SIP stocks PPF FD investment 474 card,474,investment,card,,,cue_row
Netflix 55 rs PhonePe se pay kiyaa,55,entertainment,upi,phonepe,,hinglish_natural
Payment of Rs19245 to Zepto was successful via PhonePe UPI Ref No 9952614578 sbi Account 8170,19245,food,upi,phonepe,sbi,ocr_upi
crypto gold bonds NPS portfolio Rs4207 phonepe,4207,investment,upi,phonepe,,cue_row
TO:NPS nps.32180@hdfcbank From:RAHULKUMAR (hdfc Google Pay : sender4343@okhdfcbank,280,investment,upi,gpay,hdfc,ocr_upi
aaj FirstCry ka shopping kiya 271 rupaiye UPI se pay kiyaa,271,shopping,upi,paytm,,hinglish_natural
376.98 credit card Kuvera,376.98,investment,card,,jupiter,english_natural
flatmate rent share 9589 PayTM Amit,9589,friends,upi,paytm,axis,friends_synthetic
kal 8586 rupaiye saman le liya Reliance Digital ko card se,8586,shopping,card,,,hinglish_natural
12216 rupaiye Goibibo card se pay kia,12216,travel,card,,icici,hinglish_natural
ATM/CASH/ICICI BANK/39613,39613,friends,upi,jupiter,icici,english_natural
4224 to BookMyShow via PayTM,4224,entertainment,upi,paytm,,english_natural
yaar colleague se transfer kar diya 477 ₹ ka slice se,477,friends,upi,slice,,hinglish_natural
"APOLLO PHARMACY RESTAURANT
Total 23284.03
Cash Received
Change 0.00",23284.03,healthcare,upi,phonepe,,ocr_receipt
212 rupees dhaba via cred,212,food,upi,cred,,hinglish_natural
10761 rupees McDonald's card State Bank account,10761,food,card,,sbi,voice_transcript
Bajaj Finance EMI se installment diy 1369 rupaiye ka Gpay pe,1369,emi,upi,gpay,hdfc,hinglish_natural
Internet recharge INR 1840,1840,utilities,upi,phonepe,sbi,source_english
raat ko HDFC loan ka installment diye 1748 rs debit card se,1748,emi,card,,,hinglish_natural
water bill se bill pay kiyaa 1959 rupaiye ka Phonepe pe,1959,utilities,upi,phonepe,,hinglish_natural
251 ₹ yaar Cred se pay kya,251,friends,upi,cred,fi,hinglish_natural
3743 rupees YouTube Premium niyo se pay kia,3743,entertainment,upi,niyo,,hinglish_natural
sent 63 to colleague on GPay,63,friends,upi,gpay,,friends_synthetic
Paid FirstCry Rs2113 using credit card,2113,shopping,card,,,english_natural
Used hdfc card to pay Rs 3106 for Netmeds,3106,healthcare,card,,hdfc,english_natural
MakeMyTrip 4314 rupaiye card se,18152,travel,card,,,source_hinglish
Air India ka kiraya diyee 2965 ₹ cash me Axis wale account se,2965,travel,cash,,axis,hinglish_natural
education loan EMI me 356 rupees ka installment de diye UPI se diy,356,emi,upi,phonepe,,hinglish_natural
TO:HDFCLOAN hdfcloan.97080@bankofbarodabank From:RAHULKUMAR (Bank of Baroda PhonePe : user6802@okbankofbarodabank,13969,emi,upi,phonepe,bob,ocr_upi
Spent Rs.4315 on Netmeds using PayTM,4315,healthcare,upi,paytm,sbi,english_natural
TO:HDFCLOAN hdfcloan.15941@sbibank From:PRIYASHARMA (SBI GPay : user6409@oksbibank,7765,emi,upi,gpay,sbi,ocr_upi
Vi recharge se bill pay kiya 1307 rupay ka Phonepe se,1307,utilities,upi,phonepe,,hinglish_natural
spent 41812 rupees on gas bill via Phonepe,41812,utilities,upi,phonepe,hdfc,voice_transcript
3532 rupees EMI bharaa credit card EMI ko card se,3532,emi,card,,,hinglish_natural
bhai Zerodha se invest kiya 127 rupaye ka card se,127,investment,card,,,hinglish_natural
338 rupaye udhar return kr diya Vikram ko cash me yaar,338,friends,cash,,,hinglish_natural
SBI loan mein 374 lag gaye card se bhara,374,emi,card,,,voice_transcript
2764 paid to Vi recharge via niyo UPI from hdfc Bank ending 1678,2764,utilities,upi,niyo,hdfc,ocr_upi
UPI/27733468/MALL/BANK,268.35,shopping,card,,,english_natural
Spent 78.05 on stocks using phonepe,78.05,investment,upi,phonepe,,english_natural
Paytm payment ₹2058.42 electricity bill axis 7940 done,2058.42,utilities,upi,paytm,axis,ocr_upi
PharmEasy 2762 ₹ Slice se achha deal mila,35787,healthcare,upi,slice,,source_hinglish
6545 SIP bharra Coin pe via Phonepe,6545,investment,upi,phonepe,,hinglish_natural
20 rupaiye khana order kia mess pe Jupiter pe,20,food,upi,jupiter,hdfc,hinglish_natural
PharmEasy 363,363,healthcare,upi,gpay,,english_natural
2219 rupees college fees PhonePe,2219,education,upi,phonepe,,voice_transcript
"JIOCINEMA
Item 1 ₹311
Item 2 ₹419
Total Rs.383.90
CARD",383.90,entertainment,card,,,ocr_receipt
Paid ?2993 for Ola via credit card,2993,travel,card,,,english_natural
dost Priya ko 2707 rupaye CRED se bheje,2707,friends,upi,cred,,friends_synthetic
Paid Amit 43686 using cash,43686,friends,cash,,,english_natural
aaj Tata Play ka payment kiya 46192 rupaiye NIYO se pay kiya Fi Money se,46192,utilities,upi,niyo,fi,hinglish_natural
today i spent 8908 on gaming via card,8908,entertainment,card,,,voice_transcript
ghar jaate waqt 19926 rupay payment kya mobile recharge pe UPI se diyee,19926,utilities,upi,cred,,hinglish_natural
₹3760 to Gaana via phonepe,3760,entertainment,upi,phonepe,,english_natural
4208 ka market bill pay kiya card se,4208,shopping,card,,,voice_transcript
rent se payment kia 4160 rs ka debit card se SLICE account se,4160,utilities,card,,slice,hinglish_natural
Netmeds pe 152 rupees ka doctor ko diyee haath se diye Kotak Mahindra wale account se,152,healthcare,cash,,kotak,hinglish_natural
insurance premium pe 12931 rs. ka recharge kiyaa UPI se diyee,12931,utilities,upi,niyo,,hinglish_natural
NPS 2914.92 card,2914.92,investment,card,,sbi,english_natural
2764.81 Mastercard Netmeds,2764.81,healthcare,card,,,english_natural
Ola cab INR 12106,12106,travel,upi,slice,hdfc,source_english
Paid clinic 4002 using cash,4002,healthcare,cash,,,english_natural
doctor ka doctor ko die 3526 cash me,3526,healthcare,cash,,,hinglish_natural
lunch dinner food order swiggy zomato restaurant meal Rs.6105 Cred,6105,food,upi,cred,idfc,cue_row
Paid Rs 2884 for ET Money from my Axis account via CRED,2884,investment,upi,cred,axis,english_natural
JioCinema ka show dekha 940 rupees debit card se,940,entertainment,card,,,hinglish_natural
fi payment ₹454 EaseMyTrip hdfc 6917 completed,454,travel,upi,fi,hdfc,ocr_upi
20817 ₹ Amazon card se,20817,shopping,card,,hdfc,hinglish_natural
metro 43 ₹ cash me Fi se achha deal mila,43,travel,cash,,fi,hinglish_natural
PharmEasy se dawai liya 52 rs ka UPI se die,52,healthcare,upi,fi,,hinglish_natural
"BILL
H&M
INR 22720
CARD
Thank You Visit Again",22720,shopping,card,,,ocr_receipt
1296 subscription renew kiyaa YouTube Premium ko NIYO pe,1296,entertainment,upi,niyo,kotak,hinglish_natural
gaming concert event ticket Rs.38843 card,38843,entertainment,card,,,cue_row
"MedPlus BILL
St: R 35189
CARD Approved",35189,healthcare,card,,,ocr_receipt
exam fee se course liya 260 ₹ ka debit card se zyada ho gaya,260,education,card,,,hinglish_natural
TO:ZARA zara.62889@axisbankbank From:PRIYASHARMA (Axis Bank phonepe : sender2136@okaxisbankbank,29618.82,shopping,upi,phonepe,axis,ocr_upi
sent money to Rohan 4621 on phonepe,4621,friends,upi,phonepe,,friends_synthetic
70 rupaye Zee5 credit card se,70,entertainment,card,,slice,hinglish_natural
"TAX INVOICE
Lenskart
Grand Total: Rs.1203.56
Payment: CASH",1203.56,healthcare,cash,,yes bank,ocr_receipt
"SBI loan 256 Completed 3Oct 2025,8:29 am Bandhan Bank 8697 UPI transaction ID 9567858766121",256,emi,upi,gpay,bandhan,ocr_upi
water bill ka bill bhar diya 14991 rs UPI se,14991,utilities,upi,cred,,hinglish_natural
netflix spotify hotstar subscription movie show t2867 Bhim,2867,entertainment,upi,bhim,,cue_row
paid back friend lent money Rs.4890 Phonepe,4890,friends,upi,phonepe,sbi,cue_row
auto 39167 card,39167,travel,card,,,english_natural
Paid 1815 for Indian Oil via PhonePe,1815,travel,upi,phonepe,slice,english_natural
bhai Croma ka 2928 rupaye Phone Pe se de diya,2928,shopping,upi,phonepe,hdfc,voice_transcript
2641 Vedantu,2641,education,upi,phonepe,axis,english_natural
college fees Rs4151 paytm,4151,education,upi,paytm,icici,ocr_upi
aaj MedPlus pe 388 rupaye kharcha hua cash se,388,healthcare,cash,,slice,voice_transcript
17424 dawai liyaa dentist pe Paytm se pay kr diya,17424,healthcare,upi,paytm,axis,hinglish_natural
subah 1mg pe 4548 rupaiye ka medicine lia via paytm,1,healthcare,upi,paytm,icici,hinglish_natural
Spotify 4212 rupaiye via jupiter,4212,entertainment,upi,jupiter,,hinglish_natural
ghar jaate waqt education loan EMI se loan payment kar diya 26995 rupaiye ka Phonepe se ICICI Bank wale account se bc,26995,emi,upi,phonepe,icici,hinglish_natural
Bought Arjun for Rs.445 with cash,445,friends,cash,,hdfc,english_natural
432 SonyLIV card se,432,entertainment,card,,hdfc,hinglish_natural
"Receipt #4610
H&M
Amount Paid: 3374
Mode: Gpay",3374,shopping,upi,gpay,icici,ocr_receipt
i paid 305 rupees for Box8 using paytm,305,food,upi,paytm,,voice_transcript
hospital doctor pharmacy medicine diagnostic Rs.239 card,239,healthcare,card,,,cue_row
TO:STOCKS stocks.59777@icicibank From:PRIYASHARMA (ICICI Google Pay : sender7299@okicicibank,270.81,investment,upi,gpay,icici,ocr_upi
2844 ₹ education loan EMI credit card se,2844,emi,card,,kotak,hinglish_natural
Payment of Rs.46977 to Vi recharge was successful via GPay UPI Ref No 1026557647 Kotak Account 5428,46977,utilities,upi,gpay,kotak,ocr_upi
Paid ₹1695.67 to coaching Phone Pe UPI IDFC 7497 Done,1695.67,education,upi,phonepe,idfc,ocr_upi
Rahul ko 21280 transfer kiya cash se,21280,friends,cash,,,friends_synthetic
electronics clothes shoes accessories purchase ₹2793 via card,2793,shopping,card,,,cue_row
home loan EMI me 19135 rupaye ka EMI kat gayi card se pay kya,19135,emi,card,,,hinglish_natural
sent Rs 3449 to Pooja on jupiter,3449,friends,upi,jupiter,sbi,friends_synthetic
3076 rupay checkup karaya dentist pe haath se de diye,3076,healthcare,cash,,canara,hinglish_natural
stationery ka admission kya 816 rupees haath se de diye slice card se,816,education,cash,,slice,hinglish_natural
Coin pe 17588 ₹ ka paisa daala card se,17588,investment,card,,hdfc,hinglish_natural
hospital doctor pharmacy medicine diagnostic Rs2141 Google Pay,2141,healthcare,upi,gpay,hdfc,cue_row
"JioCinema BILL
St: Rs.20621
Jupiter APPROVED",20621,entertainment,upi,jupiter,,ocr_receipt
i did 241 expense on Lenskart using Slice,241,shopping,upi,slice,slice,voice_transcript
"Receipt #7920
Zara
Amount Paid: Rs.10264
Mode: G Pay",10264,shopping,upi,gpay,,ocr_receipt
i did 4481 expense on ACT Fibernet using Slice,4481,utilities,upi,slice,hdfc,voice_transcript
65 ₹ Ananya UPI se de diye,65,friends,upi,phonepe,,hinglish_natural
"BILL
DishTV
12180.48
SLICE
Thank You Visit Again",12180.48,utilities,upi,slice,federal bank,ocr_receipt
paid 3098 to Practo through card from Jupiter,3098,healthcare,card,,jupiter,voice_transcript
maine 19283 rupaye ACT Fibernet ko diye phonepe se,19283,utilities,upi,phonepe,,voice_transcript
"Receipt #4355
Myntra
Amount Paid: ₹4757
Mode: CARD",4757,shopping,card,,,ocr_receipt
269 rupees gas bill CRED SBI account,269,utilities,upi,cred,sbi,voice_transcript
gold payment 1973 done via credit card,1973,investment,card,,icici,english_natural
credit card EMI pe 50 rs ka installment diyee via Fi,13688,emi,upi,fi,,source_hinglish
crypto gold bonds NPS portfolio ₹568 PayTM,568,investment,upi,paytm,,cue_row
uber ola cab ride airport train ticket ₹279 cash,279,travel,cash,,sbi,cue_row
Zara 29350 rs card se pay kia,29350,shopping,card,,,hinglish_natural
electronics clothes shoes accessories purchase ₹3827 via Phone Pe,3827,shopping,upi,phonepe,,cue_row
IRCTC me 95 rs. ka petrol bharaa slice se,95,travel,upi,slice,,hinglish_natural
SIP ka SIP bhara 48792 UPI se,48792,investment,upi,gpay,,hinglish_natural
Goibibo 2074 rupaye card se HDFC se,2074,travel,card,,hdfc,hinglish_natural
Rs.20375 charged for credit card EMI on Phonepe,20375,emi,upi,phonepe,,english_natural
INOX 16509.09 Cred,16509.09,entertainment,upi,cred,,english_natural
Apple Music mein 2929 lag gaye paytm se bhara,2929,entertainment,upi,paytm,,voice_transcript
Paytm Money 1261 paytm Completed PNB 8369,1261,investment,upi,paytm,pnb,ocr_upi
home loan EMI ka EMI bharra 361 rupaye debit card se,361,emi,card,,,hinglish_natural
raat ko Airtel recharge se payment kiyaa 244 rs ka paytm pe,244,utilities,upi,paytm,,hinglish_natural
HDFC loan se installment diyee 40035 rupaiye ka Cred se,40035,emi,upi,cred,,hinglish_natural
flatmate me 202 rupaiye ka dost ko die cash diy,202,friends,cash,,,hinglish_natural
"LENSKART
Item 1 ₹219
Item 2 ₹205
Total Rs.25229
CARD",25229,healthcare,card,,yes bank,ocr_receipt
Paid Rs 4549 for Practo from my SBI account via PhonePe,4549,healthcare,upi,phonepe,sbi,english_natural
43030.56 Zara,43030.56,shopping,cash,,,english_natural
PhonePe payment ₹79.39 Vi recharge Yes Bank 4420 successful,79.39,utilities,upi,phonepe,yes bank,ocr_upi
17851 Dunkin,17851,food,upi,gpay,,english_natural
1268.59 paid to KFC via BHIM UPI from kotak Bank ending 3884,1268.59,food,upi,bhim,kotak,ocr_upi
bhai MedPlus se checkup karaya 203 rs. ka via PhonePe,203,healthcare,upi,phonepe,,hinglish_natural
spent 10072 rupees on crypto via card,10072,investment,card,,hdfc,voice_transcript
POS/ZEPTO/CASH/9430,3802,food,cash,,,english_natural
hospital doctor pharmacy medicine diagnostic ₹2258 cash,2258,healthcare,cash,,,cue_row
Payment of Rs.148 to Unacademy was successful via Google Pay UPI Ref No 345648671153 BOB Account 4717,148,education,upi,gpay,bob,ocr_upi
Arjun mein 5627 lag gaye cred se bhara,5627,friends,upi,cred,,voice_transcript
Spent Rs.1272 on canteen using cash,1272,food,cash,,,english_natural
yaar mein 339 lag gaye bhim se bhara,339,friends,upi,bhim,,voice_transcript
paid 45764 to Paytm Money through card,45764,investment,card,,,voice_transcript
423 rupaye dost ko de diya Arjun ko via SLICE,423,friends,upi,slice,,hinglish_natural
home loan EMI se EMI kat gayi 2645 rupees ka Jupiter pe,2645,emi,upi,jupiter,,hinglish_natural
amazon flipkart myntra online shopping order Rs 49377 Cred,49377,shopping,upi,cred,,cue_row
Flight ticket booking INR 49865,49865,travel,cash,,,source_english
mobile recharge ₹220.24 Gpay,220.24,utilities,upi,gpay,,english_natural
bro ka udhar return kar diya 25721 UPI se pay kar diya,25721,friends,upi,phonepe,,hinglish_natural
office se aate hue auto ka ticket book kiya 464 rupay card se pay kia matlab,464,travel,card,,kotak,hinglish_natural
dopahar ko 12689 rupees Udemy debit card se bc,12689,education,card,,,hinglish_natural
Rs 225 charged for HDFC loan on debit card,225,emi,card,,,english_natural
abhi 6355 rupaye kha liya FreshMenu pe cred pe,6355,food,upi,cred,,hinglish_natural
BSNL me 428 rupaiye ka bill pay kiyaa via NIYO,428,utilities,upi,niyo,,hinglish_natural
dost Arjun ko 886 rupaye PhonePe se bheje,886,friends,upi,phonepe,,friends_synthetic
broadband ka 47041 rupees ka bill Google Pay se pay kiya,47041,utilities,upi,gpay,icici,voice_transcript
dinner split 3236 rupaye Vikram PhonePe,3236,friends,upi,phonepe,,friends_synthetic
Zomato 220 ₹ cash me Yes Bank card se,220,food,cash,,yes bank,hinglish_natural
HDFC loan me 2746 rupees ka installment de diya card se pay kiyaa,2746,emi,card,,pnb,hinglish_natural
Paid 4484 for Airtel recharge from my hdfc account via credit card,4484,utilities,card,,hdfc,english_natural
lunch dinner food order swiggy zomato restaurant meal 27125 Jupiter,27125,food,upi,jupiter,,cue_row
home loan EMI 4909 rupay card se pay kya budget tod diya,4909,emi,card,,,hinglish_natural
Bought friend for Rs 2450.87 with Cred,2450.87,friends,upi,cred,,english_natural
maine 28419 rupaye electronics store ko diye card se,28419,shopping,card,,fi,voice_transcript
broadband payment ₹3614 done via credit card,3614,utilities,card,,,english_natural
concert Rs.148 paytm,148,entertainment,upi,paytm,axis,ocr_upi
sent 425 to colleague on SLICE,425,friends,upi,slice,,friends_synthetic
"Lenskart 36 Completed 21May 2026,7:20 pm hdfc 6205 UPI transaction ID 0162998858491",36,healthcare,upi,jupiter,hdfc,ocr_upi
Bought Karan for ₹299 with GPay,299,friends,upi,gpay,,english_natural
"diagnostic
Net Amount 190.27
Paid via CASH",190.27,healthcare,cash,,axis,ocr_receipt
PharmEasy 2591 rupaye UPI se,2591,healthcare,upi,gpay,,hinglish_natural
Paid insurance premium R 16970.04 using paytm,16970.04,utilities,upi,paytm,,english_natural
mutual fund Rs.44047 GPay,44047,investment,upi,gpay,sbi,ocr_upi
108 ka rickshaw bill pay kiya Phonepe se,108,travel,upi,phonepe,,voice_transcript
878 Bajaj Finance EMI,878,emi,card,,niyo,english_natural
Paid Rs.4844.32 for Starbucks via Gpay,4844.32,food,upi,gpay,,english_natural
home loan car loan credit card EMI monthly Rs.1711 autopay card,1711,emi,card,,,cue_row
3553 rs coaching cash diy,3553,education,cash,,,hinglish_natural
DishTV se bill bhra 4517 rs ka card se,4517,utilities,card,,,hinglish_natural
"rent 15924.28 Completed 1Jan 2025,6:44 pm icici 6325 UPI transaction ID 35419893209899",15924.28,utilities,upi,jupiter,icici,ocr_upi
24150 rupees eye checkup card Punjab National Bank account,24150,healthcare,card,,pnb,voice_transcript
doctor ka dawai le liya 2472 rupay debit card se,2472,healthcare,card,,,hinglish_natural
bhai Vi recharge ka 458 rupaye CRED se de diya,458,utilities,upi,cred,pnb,voice_transcript
t3318 to BSNL via SLICE,3318,utilities,upi,slice,,english_natural
netflix spotify hotstar subscription movie show Rs.49196 card,49196,entertainment,card,,,cue_row
mobile recharge me 22889 rs ka bill bhara via Slice,22889,utilities,upi,slice,,hinglish_natural
spent 3673 rupees on society maintenance via cred,3673,utilities,upi,cred,sbi,voice_transcript
office se aate hue 4820 rupees Faasos UPI se,4820,food,upi,bhim,,hinglish_natural
crypto ka SIP bharaa 58 card se,58,investment,card,,,hinglish_natural
₹61 debited from your HDFC account for HP Petrol (PhonePe UPI),61,travel,upi,phonepe,hdfc,ocr_upi
SBI loan mein 136 lag gaye card se bhara,136,emi,card,,,voice_transcript
Zara 2231 rs. via paytm,2231,shopping,upi,paytm,niyo,hinglish_natural
stationery payment Rs.48844.23 done via card,48844.23,education,card,,,english_natural
455 rupees mangwaya Dunkin ko cash diyee,455,food,cash,,,hinglish_natural
183 rupay invest kar diya Paytm Money pe via Gpay matlab,183,investment,upi,gpay,slice,hinglish_natural
CCD me 1568 rs ka khana order kar diya CRED se pay kiyaa,1568,food,upi,cred,,hinglish_natural
mutual fund ka stock lia 369 rupaye UPI se pay kiya HDFC se kata,369,investment,upi,gpay,hdfc,hinglish_natural
"Zee5 45805 Completed 3Feb 2025,9:06 pm kotak 1120 UPI transaction ID 5285893082",45805,entertainment,upi,paytm,kotak,ocr_upi
Snapdeal t83 debited from hdfc,83,shopping,card,,hdfc,english_natural
"D ANANYA 10840 Completed 16Mar 2026,8:21 pm sbi Bank 4346 UPI transaction ID 162547129932899 TO:ANANYA ananya.87792@sbibank Goog1etransaction lD CICAgJjg952924 OPI gpay",10840,friends,upi,gpay,sbi,ocr_upi
Paid ₹20 for gas bill via cash,20,utilities,cash,,,english_natural
Library fee INR 29405,29405,education,card,,,source_english
Vedantu 25630 Bhim Completed State Bank 7674,25630,education,upi,bhim,sbi,ocr_upi
maine 3624 rupaye electricity bill ko diye Phonepe se,3624,utilities,upi,phonepe,,voice_transcript
electricity water broadband mobile recharge bill ₹229 Paytm,229,utilities,upi,paytm,,cue_row
credit card EMI 125 rupees Google Pay se pay kiyaa,125,emi,upi,gpay,,hinglish_natural
UPI/16361250/UDEMY/BANK,4354,education,cash,,,english_natural
Spent 4581 on Netflix using PhonePe,4581,entertainment,upi,phonepe,,english_natural
53 rupaiye restaurant naqad,53,food,cash,,,hinglish_natural
bhai 245 rupaiye movie dekhi Amazon Prime ko credit card se,245,entertainment,card,,icici,hinglish_natural
142 jupiter JioCinema,142,entertainment,upi,jupiter,,english_natural
31019 petrol bharaa Rapido pe naqad,31019,travel,cash,,sbi,hinglish_natural
428 rupees Snapdeal card,428,shopping,card,,,voice_transcript
2751 to Priya jupiter UPI,2751,friends,upi,jupiter,,friends_synthetic
Gaana ₹422 debited from hdfc,422,entertainment,card,,hdfc,english_natural
BigBasket 44003 rupees naqad,44003,food,cash,,,hinglish_natural
2780 rupees FD card se,2780,investment,card,,,hinglish_natural
Zerodha ka 47357 rupees ka bill fi se pay kiya,47357,investment,upi,fi,,voice_transcript
"Shreya 366.18 Completed 3Aug 2025,9:13 pm RBL Bank 9359 UPI transaction ID 70040853217575",366.18,friends,upi,phonepe,rbl,ocr_upi
Lenskart 139,139,healthcare,upi,gpay,hdfc,english_natural
kal mall ka order kr diya 16802 rupay UPI se,12880,shopping,upi,phonepe,,source_hinglish
"TAX INVOICE
Ajio
Grand Total: INR 332.94
Payment: jupiter",332.94,shopping,upi,jupiter,,ocr_receipt
school fees ka 1292 rupees ka bill Gpay se pay kiya,1292,education,upi,gpay,,voice_transcript
bhai IndiGo ka kiraya de diye 42305 rupay haath se die,42305,travel,cash,,,hinglish_natural
BYJU'S pe 3886 ₹ ka course liyaa naqad,3886,education,cash,,indusind,hinglish_natural
Kuvera 10368,10368,investment,card,,sbi,english_natural
bhai 4788 rs. paisa daala FD ko debit card se,39358,investment,card,,,source_hinglish
3036 rupay doctor ko de diya Netmeds ko card se HDFC account se,3036,healthcare,card,,hdfc,hinglish_natural
Paid McDonald's 8885 using credit card from icici,8885,food,card,,icici,english_natural
Paid R 2511 for Unacademy via Mastercard,2511,education,card,,,english_natural
yaar metro ka petrol bharaa 5123 rupaye via GPay,5123,travel,upi,gpay,,hinglish_natural
244 paid to Bharat Petroleum via Phonepe from axis,244,travel,upi,phonepe,axis,english_natural
maine 356 rupaye PPF ko diye gpay se,356,investment,upi,gpay,,voice_transcript
Gpay payment t40130.13 Ananya Canara Bank 8317 successful,40130.13,friends,upi,gpay,canara,ocr_upi
"EaseMyTrip 28489.50 Completed 12Dec 2026,10:22 am IDFC First 7077 UPI transaction ID 1691343812580",28489.50,travel,upi,paytm,idfc,ocr_upi
bhai concert ka 1793 rupaye card se de diya,1793,entertainment,card,,,voice_transcript
kal credit card EMI 1365 ₹ UPI se diy,1365,emi,upi,slice,,hinglish_natural
electronics clothes shoes accessories purchase 42 via Google Pay,42,shopping,upi,gpay,,cue_row
INR 3860.79 debited from your ICICI account for Netmeds (PayTM UPI),3860.79,healthcare,upi,paytm,icici,ocr_upi
bhai broadband ka 775 rupaye paytm se de diya,775,utilities,upi,paytm,hdfc,voice_transcript
Just paid Rs3267.73 to SBI loan through Paytm,3267.73,emi,upi,paytm,,english_natural
"Receipt #1727
Airtel recharge
Amount Paid: Rs394
Mode: CRED",394,utilities,upi,cred,,ocr_receipt
split bill 198 slice se Neha ko diya,198,friends,upi,slice,,friends_synthetic
sent INR 983 to Rohan on phonepe,983,friends,upi,phonepe,,friends_synthetic
₹231.96 paid to PVR via Bhim UPI from HDFC Bank ending 9530,231.96,entertainment,upi,bhim,hdfc,ocr_upi
460 rupees transfer kiyaa Vikram pe cash me achha deal mila,460,friends,cash,,kotak,hinglish_natural
ghar jaate waqt 1096 rupay test karaya clinic pe UPI se de diye,1096,healthcare,upi,phonepe,,hinglish_natural
yaar stationery ka admission kya 49835 rs UPI se,49835,education,upi,gpay,,hinglish_natural
Amit 87 ₹ haath se diye Union Bank se bhai,87,friends,cash,,union bank,hinglish_natural
home loan EMI 877 rupaiye UPI se diy,877,emi,upi,phonepe,,hinglish_natural
spent 4152 rupees on education loan EMI via niyo,4152,emi,upi,niyo,axis,voice_transcript
eye checkup payment 46562.47 done via credit card,46562.47,healthcare,card,,fi,english_natural
92 paisa daala stocks ko PayTM se pay kia bhai,92,investment,upi,paytm,niyo,hinglish_natural
"BILL
Bewakoof
₹1402.67
CARD
Thank You Visit Again",1402.67,shopping,card,,,ocr_receipt
kal MedPlus se test karaya 292 rs ka CRED pe,292,healthcare,upi,cred,,hinglish_natural
Indian Oil pe 3720 rs. ka cab lia cash me,3720,travel,cash,,,hinglish_natural
flight booking travel ticket Rs.35622 Cred,35622,travel,upi,cred,,cue_row
"Receipt #2491
H&M
Amount Paid: t2642
Mode: gpay",2642,shopping,upi,gpay,pnb,ocr_receipt
Unacademy 320 GPay,320,education,upi,gpay,,english_natural
"D WATERBILL 13966 Completed 23Feb 2026,4:11 pm IndusInd Bank 8453 UPI transaction ID 63731968243 TO:WATERBILL water bill.65104@indusindbank Goog1etransaction lD CICAgJjg006789 OPI Phonepe",13966,utilities,upi,phonepe,indusind,ocr_upi
"BILL
electronics store
12267
CARD
Thank You Visit Again",12267,shopping,card,,yes bank,ocr_receipt
381 ₹ clinic card se,381,healthcare,card,,slice,hinglish_natural
Bharat Petroleum me 30410 rupaye ka ticket book kiya haath se die,30410,travel,cash,,,hinglish_natural
aaj mutual fund pe 4411 rupaye kharcha hua card se,4411,investment,card,,,voice_transcript
paid 3149 to Bewakoof through card,3149,shopping,card,,,voice_transcript
aaj Vi recharge pe 8776 rupaye kharcha hua card se,8776,utilities,card,,,voice_transcript
Payment of 124 to MedPlus was successful via Paytm UPI Ref No 2264240017425 ICICI Account 4180,124,healthcare,upi,paytm,icici,ocr_upi
Paid Rs4809 for tuition via Gpay,4809,education,upi,gpay,jupiter,english_natural
Amazon ?419 debited from IDFC,419,shopping,upi,paytm,idfc,english_natural
flatmate ko 417 transfer kiya Phone Pe se,417,friends,upi,phonepe,,friends_synthetic
lunch dinner food order swiggy zomato restaurant meal ₹4162 fi,4162,food,upi,fi,,cue_row
Used HDFC Cred to pay 4097 for Goibibo,4097,travel,upi,cred,hdfc,english_natural
"Meesho
Net Amount 385.29
Paid via CASH",385.29,shopping,cash,,,ocr_receipt
dopahar ko 4950 rupay upGrad UPI se de diye,4950,education,upi,gpay,,hinglish_natural
"PRACTO
Item 1 Rs 153
Item 2 Rs261
Total t589
CASH",589,healthcare,cash,,,ocr_receipt
Netmeds 11267.71 Niyo,11267.71,healthcare,upi,niyo,,english_natural
petrol diesel fuel 3326 at pump cash,3326,travel,cash,,,cue_row
"MedPlus 29043 Completed 6Feb 2026,8:12 am YES BANK 4597 UPI transaction ID 767783901838",29043,healthcare,upi,paytm,yes bank,ocr_upi
Rs4522 debited from your kotak account for bike loan EMI (Cred UPI),4522,emi,upi,cred,kotak,ocr_upi
flight booking travel ticket ?645 card,645,travel,card,,,cue_row
office se aate hue concert 4368 ₹ credit card se sasta tha,4368,entertainment,card,,,hinglish_natural
grocery vegetables milk bread fruits ?239 paid Slice,239,food,upi,slice,,cue_row
Paid Rs28.16 for Pizza Hut via PhonePe,28.16,food,upi,phonepe,axis,english_natural
split bill 19545 card se roommate ko diya,19545,friends,card,,indusind,friends_synthetic
4159 SIP card se,4159,investment,card,,hdfc,hinglish_natural
home loan car loan credit card EMI monthly ?416 autopay Gpay,416,emi,upi,gpay,sbi,cue_row
amazon flipkart myntra online shopping order ₹40936 cash,40936,shopping,cash,,sbi,cue_row
Vi recharge 33633.25 HDFC,33633.25,utilities,upi,phonepe,hdfc,english_natural
metro payment Rs17991.56 done via card,17991.56,travel,card,,,english_natural
grocery vegetables milk bread fruits Rs 2824 paid cash,2824,food,cash,,,cue_row
subah 240 rs. order kr diya Myntra ko haath se de diya,240,shopping,cash,,,hinglish_natural
1644 Rohan via G Pay,1644,friends,upi,gpay,jupiter,hinglish_natural
TO:CONCERT concert.90531@icicibank From:AMITSINGH (ICICI Gpay : user9355@okicicibank,29402,entertainment,upi,gpay,icici,ocr_upi
coaching exam preparation study material ₹34862 card,34862,education,card,,,cue_row
Niyo payment INR 2357.62 Coursera Axis 6512 successful,2357.62,education,upi,niyo,axis,ocr_upi
gaming concert event ticket ₹3328 card,3328,entertainment,card,,,cue_row
"CROMA RESTAURANT
Total 1394
Cash Received
Change 0.00",1394,shopping,card,,,ocr_receipt
PVR pe 289 rupay ka game lia UPI se,289,entertainment,upi,paytm,,hinglish_natural
yaar clinic 2122 rupaiye cash die,2122,healthcare,cash,,,hinglish_natural
Zee5 14747 credit card,14747,entertainment,card,,,english_natural
"D HOMELOANEMI 528 Completed 16Mar 2026,6:26 pm icici Bank 1701 UPI transaction ID 47372830093 TO:HOMELOANEMI home loan emi.14933@icicibank Googletransaction lD CICAgJjg861602 OPI Phonepe",528,emi,upi,phonepe,icici,ocr_upi
Unacademy 41688 rupaye naqad,41688,education,cash,,,hinglish_natural
Paid Ajio Rs 424.45 using Gpay from HDFC Bank,424.45,shopping,upi,gpay,hdfc,english_natural
"NETMEDS RESTAURANT
Total 690
Cash Received
Change 0.00",690,healthcare,card,,,ocr_receipt
"ZEE5 RESTAURANT
Total 852.35
Cash Received
Change 0.00",852.35,entertainment,upi,paytm,hdfc,ocr_receipt
amazon flipkart myntra online shopping order 375 card,375,shopping,card,,,cue_row
1383.57 Netmeds,1383.57,healthcare,upi,jupiter,,english_natural
Paid Priya INR 24303 using CRED,24303,friends,upi,cred,,english_natural
Chai Point pe 50 rs ka mangwaya credit card se,50,food,card,,bob,hinglish_natural
Nykaa ka order kiya 112 rs CRED se,112,shopping,upi,cred,,hinglish_natural
₹1581 debited from your hdfc account for insurance premium (Phone Pe UPI),1581,utilities,upi,phonepe,hdfc,ocr_upi
"Meesho BILL
St: ₹4838.80
GPay approved",4838.80,shopping,upi,gpay,pnb,ocr_receipt
Lenskart 432.11 G Pay Completed icici 3352,432.11,healthcare,upi,gpay,icici,ocr_upi
flatmate rent share 14798 cash Shreya,14798,friends,cash,,icici,friends_synthetic
gaming concert event ticket ₹40 card,40,entertainment,card,,sbi,cue_row
abhi 1656 rupay Jio recharge Phone Pe se pay kr diya,1656,utilities,upi,phonepe,,hinglish_natural
ACT Fibernet ka recharge kiya 76 rupaye paytm se,76,utilities,upi,paytm,,hinglish_natural
maine 33 rupaye Starbucks ko diye cred se,33,food,upi,cred,rbl,voice_transcript
51 rupaiye SBI loan card se,51,emi,card,,,hinglish_natural
ATM/CASH/BANK/4870.09,4870.09,food,cash,,,english_natural
dost 47691 rupaye UPI se pay kia,47691,friends,upi,phonepe,,hinglish_natural
Rs.1937.69 paid to colleague via GPay UPI from icici Bank ending 4806,1937.69,friends,upi,gpay,icici,ocr_upi
home loan car loan credit card EMI monthly Rs.3069 autopay cred,3069,emi,upi,cred,,cue_row
Used axis Mastercard to pay Rs117.72 for car loan EMI,117.72,emi,card,,axis,english_natural
NEFT/TRANSFER/SNAPDEAL/,409,shopping,upi,slice,,english_natural
today i spent 6034 on bhai via phonepe,6034,friends,upi,phonepe,,voice_transcript
"TAX INVOICE
Amazon Prime
Grand Total: ₹23325
Payment: CARD",23325,entertainment,card,,,ocr_receipt
Rs.514.39 paid to clinic via gpay UPI from ICICI Bank ending 3481,514.39,healthcare,upi,gpay,icici,ocr_upi
Paid INR 13389 to Udemy PayTM UPI axis 4790 Successful,13389,education,upi,paytm,axis,ocr_upi
i paid 13638 rupees for eye checkup using cash,13638,healthcare,cash,,hdfc,voice_transcript
VI RECHARGE INR 3108.28,3108.28,utilities,upi,phonepe,,english_natural
1042 ₹ bill pay kiyaa rent ko Gpay se,1042,utilities,upi,gpay,,hinglish_natural
library 19726 CRED Completed kotak 8707,19726,education,upi,cred,kotak,ocr_upi
grocery vegetables milk bread fruits ₹7110 paid cash,7110,food,cash,,,cue_row
t262 paid to credit card EMI via Google Pay UPI from HDFC Bank Bank ending 4728,262,emi,upi,gpay,hdfc,ocr_upi
rent maintenance gas connection Rs.3177 cash,3177,utilities,cash,,sbi,cue_row
489 rs. doctor ko diye MedPlus pe haath se diyee,489,healthcare,cash,,,hinglish_natural
i paid 4598 rupees for DishTV using PayTM,4598,utilities,upi,paytm,,voice_transcript
abhi Faasos se mangwaya 18070 rupaiye ka BHIM se pay kiya,18070,food,upi,bhim,jupiter,hinglish_natural
2941 books liya Vedantu pe cash me sasta tha,2941,education,cash,,idfc,hinglish_natural
dopahar ko canteen 127 via PayTM,127,food,upi,paytm,kotak,hinglish_natural
FreshMenu se kha liya 42255 ka UPI se pay kar diya,42255,food,upi,phonepe,fi,hinglish_natural
bhai YouTube Premium ka 2352 rupaye GPay se de diya,2352,entertainment,upi,gpay,slice,voice_transcript
subah Rapido pe 298 rs. ka cab le liya cash me,40312,travel,cash,,,source_hinglish
library mein 111 lag gaye card se bhara,111,education,card,,slice,voice_transcript
stationery se fees bharra 91 rupaye ka credit card se budget tod diya,91,education,card,,,hinglish_natural
bhai yaar ko udhar return kiya 18010 rs Gpay se,18010,friends,upi,gpay,icici,friends_synthetic
kal JioMart 2064 cash diyee,2064,food,cash,,,hinglish_natural
902.67 charged for gas bill on jupiter,902.67,utilities,upi,jupiter,,english_natural
Udemy 55 rupay UPI se de diye,55,education,upi,paytm,jupiter,hinglish_natural
gaming concert event ticket ₹647 paytm,647,entertainment,upi,paytm,,cue_row
library mein 3727 lag gaye card se bhara,3727,education,card,,,voice_transcript
electronics store pe 41293 rupaye ka saman liya credit card se,41293,shopping,card,,,hinglish_natural
ghar jaate waqt 314 ₹ HDFC loan card se pay kar diya,314,emi,card,,,hinglish_natural
3867 debited from your HDFC Bank account for HP Petrol (Cred UPI),3867,travel,upi,cred,hdfc,ocr_upi
ghar jaate waqt bike loan EMI pe 4217 rupees ka EMI bharaa debit card se,4217,emi,card,,,hinglish_natural
Netmeds mein 2234 lag gaye PhonePe se bhara,2234,healthcare,upi,phonepe,hdfc,voice_transcript
1025 ka yaar bill pay kiya Phone Pe se,1025,friends,upi,phonepe,,voice_transcript
RedBus pe 3738 rs. ka kiraya die UPI se pay kia,3738,travel,upi,paytm,,hinglish_natural
Rs 1741.60 paid to NPS via Paytm UPI from ICICI Bank ending 9207,1741.60,investment,upi,paytm,icici,ocr_upi
Payment of Rs 42051 to IndiGo was successful via SLICE UPI Ref No 480780538338 Axis Bank Account 1442,42051,travel,upi,slice,axis,ocr_upi
"market BILL
St: ₹21462
CARD approved",21462,shopping,card,,,ocr_receipt
credit card EMI me 17526 ka installment de diye card se pay kr diya achha deal mila,17526,emi,card,,,hinglish_natural
Paytm payment Rs923 Unacademy ICICI 8850 done,923,education,upi,paytm,icici,ocr_upi
Spent INR 35057.84 on credit card EMI using credit card,35057.84,emi,card,,,english_natural
broadband ka bill bhar diya 44839 ₹ PhonePe pe Jupiter card se,44839,utilities,upi,phonepe,jupiter,hinglish_natural
"Swiggy
Net Amount 35936
Paid via jupiter",35936,food,upi,jupiter,,ocr_receipt
bhai Bharat Petroleum ka ticket book kiya 431 rs via Jupiter,431,travel,upi,jupiter,,hinglish_natural
POS/YOUTUBE PREMIUM/VISA/7825,10738.74,entertainment,card,,sbi,english_natural
subah 212 rupees FD Google Pay pe,212,investment,upi,gpay,kotak,hinglish_natural
"eye checkup BILL
St: ₹2585.38
CARD Approved",2585.38,healthcare,card,,,ocr_receipt
RedBus se petrol bhar diya 254 ₹ ka naqad,254,travel,cash,,bob,hinglish_natural
raat ko school fees se fees bhra 2933 ka debit card se,10986,education,card,,,source_hinglish
bro me 3999 rs ka udhar return kiyaa BHIM pe,3999,friends,upi,bhim,,hinglish_natural
home loan car loan credit card EMI monthly Rs4888 autopay SLICE,4888,emi,upi,slice,kotak,cue_row
dentist ka doctor ko diyee 53 rupaiye card se pay kya,53,healthcare,card,,,hinglish_natural
rent maintenance gas connection Rs.1539 card,1539,utilities,card,,,cue_row
"friend 339 Completed 5Oct 2026,6:45 pm Canara 3288 UPI transaction ID 17267312934047",339,friends,upi,gpay,canara,ocr_upi
"personal loan EMI 3596 Completed 27Feb 2026,1:56 pm HDFC 3733 UPI transaction ID 983292401162801",3596,emi,upi,gpay,hdfc,ocr_upi
home loan EMI se loan payment kiyaa 16381 rupaiye ka Paytm pe,16381,emi,upi,paytm,hdfc,hinglish_natural
4807 ka Priya bill pay kiya Paytm se,4807,friends,upi,paytm,,voice_transcript
aaj Angel One 7629 rupaye credit card se State Bank wale account se sasta tha,7629,investment,card,,sbi,hinglish_natural
education loan EMI 4931.29 Niyo Payment done RBL 5551,4931.29,emi,upi,niyo,rbl,ocr_upi
subah CCD pe 166 rupees ka kha liya via PhonePe PNB se,166,food,upi,phonepe,pnb,hinglish_natural
"ELECTRONICS STORE RESTAURANT
Total 4350
Cash Received
Change 0.00",4350,shopping,card,,icici,ocr_receipt
raat ko Indian Oil me 43 rupaiye ka ride liyaa cash me,43,travel,cash,,,hinglish_natural
2420 rs Spotify card se pay kia,2420,entertainment,card,,icici,hinglish_natural
NPS ka paisa daala 4920 rupay UPI se die,4920,investment,upi,gpay,,hinglish_natural
"BILL
Apollo Pharmacy
₹343
CARD
Thank You Visit Again",343,healthcare,card,,,ocr_receipt
sent money to Priya ₹4752 on Fi Money,4752,friends,upi,fi,,friends_synthetic
electronics clothes shoes accessories purchase Rs4162 via GPay,4162,shopping,upi,gpay,,cue_row
BYJU'S me 85 rs ka tuition de diye cash diye SBI wale account se,3411,education,cash,,sbi,source_hinglish
office se aate hue tuition ka course liyaa 4252 rs PhonePe pe ICICI se kata,4252,education,upi,phonepe,icici,hinglish_natural
Spent Rs34194 on HDFC loan using debit card,34194,emi,card,,,english_natural
hospital doctor pharmacy medicine diagnostic Rs30134 cash,30134,healthcare,cash,,hdfc,cue_row
Cred payment t5053 H&M Kotak Mahindra 6018 done,5053,shopping,upi,cred,kotak,ocr_upi
dinner split 15841 rupaye Shreya jupiter,15841,friends,upi,jupiter,icici,friends_synthetic
aaj Bewakoof 171 rupay card se pay kar diya,171,shopping,card,,fi,hinglish_natural
54 rs. metro via gpay yaar,54,travel,upi,gpay,,hinglish_natural
Ola me 88 ₹ ka cab liya gpay pe State Bank card se,88,travel,upi,gpay,sbi,hinglish_natural
416 rupees checkup karaya Practo pe UPI se sbi card se,416,healthcare,upi,bhim,sbi,hinglish_natural
223 rupay home loan EMI UPI se de diya,20444,emi,upi,fi,,source_hinglish
petrol pump ka ride lya 112 rupaye via Jupiter,112,travel,upi,jupiter,,hinglish_natural
sent money to Karan ₹98 on PayTM,98,friends,upi,paytm,axis,friends_synthetic
Paid ₹2167 for coaching via Phone Pe,2167,education,upi,phonepe,,english_natural
1281.62 to Dunkin via cred State Bank account,1281.62,food,upi,cred,sbi,english_natural
maine 1486 rupaye doctor ko diye cash se,1486,healthcare,cash,,,voice_transcript
Bought BSNL for 361 with cash,361,utilities,cash,,,english_natural
Spotify 7413 rs credit card se,7413,entertainment,card,,,hinglish_natural
JioCinema 1137,1137,entertainment,upi,jupiter,icici,english_natural
BSNL pe 391 rupaiye ka bill pay kar diya haath se diye,391,utilities,cash,,,hinglish_natural
ACT Fibernet 1886.86 Phone Pe,1886.86,utilities,upi,phonepe,,english_natural
dopahar ko Vikram 44319 rupaiye via G Pay,44319,friends,upi,gpay,,hinglish_natural
"YouTube Premium 4735 Completed 14Dec 2025,3:54 pm BOB 6105 UPI transaction ID 610408673258",4735,entertainment,upi,paytm,bob,ocr_upi
yaar Zerodha ka stock liyaa 1480 rupees card se,1480,investment,card,,,hinglish_natural
crypto me 363 ₹ ka mutual fund kiya UPI se pay kr diya,363,investment,upi,cred,sbi,hinglish_natural
dopahar ko Snapdeal 374 rs. via bhim,374,shopping,upi,bhim,,hinglish_natural
bhai roommate ko udhar return kiya 22809 rs niyo se,22809,friends,upi,niyo,,friends_synthetic
458 debit card Rohan,458,friends,card,,niyo,english_natural
Rs2538 paid to mall via Paytm UPI from sbi Bank ending 7489,2538,shopping,upi,paytm,sbi,ocr_upi
bhai 492 admission kar diya Unacademy pe CRED se matlab,492,education,upi,cred,fi,hinglish_natural
684 rupees eye checkup cash,684,healthcare,cash,,,voice_transcript
Paid Rs 443 for mess via card,443,food,card,,jupiter,english_natural
sent Rs.437 to friend on cash split bill UPI,437,friends,cash,,,cue_row
215 khareed lya Snapdeal ko gpay se,12276,shopping,upi,gpay,,source_hinglish
Paid Rs 25 to electricity bill Fi UPI IDFC First 7408 Completed,25,utilities,upi,fi,idfc,ocr_upi
JioCinema ka ticket lia 31982 rupaiye debit card se,31982,entertainment,card,,sbi,hinglish_natural
raat ko Behrouz me 31193 rupaiye ka kha liya UPI se pay kiya,31193,food,upi,cred,,hinglish_natural
mutual fund SIP stocks PPF FD investment ₹301 bhim,301,investment,upi,bhim,,cue_row
crypto gold bonds NPS portfolio 4952 card,4952,investment,card,,,cue_row
307 rupay bill bhar diya electricity bill pe credit card se,307,utilities,card,,,hinglish_natural
cred payment Rs528.81 DishTV YES BANK 9355 done,528.81,utilities,upi,cred,yes bank,ocr_upi
crypto gold bonds NPS portfolio ₹142 Google Pay,142,investment,upi,gpay,sbi,cue_row
"Receipt #1863
Ajio
Amount Paid: ₹37353
Mode: CARD",37353,shopping,card,,,ocr_receipt
dopahar ko Zomato se khana order kar diya 41 rupaiye ka Gpay se,41,food,upi,gpay,,hinglish_natural
petrol diesel fuel R 46479 at pump cash,46479,travel,cash,,,cue_row
Zee5 ka 321 rupees ka bill Google Pay se pay kiya,321,entertainment,upi,gpay,,voice_transcript
credit card EMI ka installment diyee 388 rupaye debit card se,388,emi,card,,,hinglish_natural
t30779.72 paid to Bewakoof via credit card from Slice,30779.72,shopping,card,,slice,english_natural
RedBus se kiraya die 10482 rupaiye ka debit card se,10482,travel,card,,kotak,hinglish_natural
Rs 1984 debited from your HDFC Bank account for Unacademy (PayTM UPI),1984,education,upi,paytm,hdfc,ocr_upi
Rs.921 paid to dentist via G Pay from HDFC,921,healthcare,upi,gpay,hdfc,english_natural
Paid ₹1202 for electricity bill from my Bank of Baroda account via Mastercard,1202,utilities,card,,bob,english_natural
"broadband
Net Amount 47904
Paid via CRED",47904,utilities,upi,cred,hdfc,ocr_receipt
Paid Rs.862.33 to Angel One Phone Pe UPI HDFC 3023 Done,862.33,investment,upi,phonepe,hdfc,ocr_upi
Zara me 361 rupaiye ka order kia via PhonePe axis se,361,shopping,upi,phonepe,axis,hinglish_natural
uber ola cab ride airport train ticket Rs11411 card,11411,travel,card,,,cue_row
rent maintenance gas connection 492 cred,492,utilities,upi,cred,,cue_row
2950 rs. mutual fund kya Kuvera pe Phonepe pe,2950,investment,upi,phonepe,,hinglish_natural
1383 rupaiye water bill UPI se,1383,utilities,upi,gpay,,hinglish_natural
paid back friend lent money 1087 Gpay,1087,friends,upi,gpay,,cue_row
411.46 GPay restaurant,411.46,food,upi,gpay,,english_natural
"PVR RESTAURANT
Total 33406
Cash Received
Change 0.00",33406,entertainment,card,,icici,ocr_receipt
breakfast snacks chai coffee 42062 Phonepe,42062,food,upi,phonepe,,cue_row
"D FD 3367 Completed 24Apr 2026,10:39 pm axis Bank 8027 UPI transaction ID 286308253900543 TO:FD fd.18310@axisbank Googletransaction lD XYZabc040492 OPI Jupiter",3367,investment,upi,jupiter,axis,ocr_upi
maine 314 rupaye electricity bill ko diye card se,314,utilities,card,,,voice_transcript
"MARKET RESTAURANT
Total 21192.71
Cash Received
Change 0.00",21192.71,shopping,upi,phonepe,,ocr_receipt
yaar 530 kiraya diy Yatra ko card se pay kya,530,travel,card,,,hinglish_natural
Used Axis Bank Visa to pay Rs.47150 for Nature's Basket,47150,food,card,,axis,english_natural
3995 rs. tuition diy BYJU'S pe UPI se,3995,education,upi,gpay,,hinglish_natural
subah 43570 rs course lya Udemy ko haath se diy,43570,education,cash,,,hinglish_natural
3864 rupaiye split kiya bhai ko UPI se diye bohot mehenga,3864,friends,upi,gpay,,hinglish_natural
FirstCry ka saman le liya 38170 ₹ credit card se,38170,shopping,card,,sbi,hinglish_natural
Paid Rs 1892.59 to Arjun paytm UPI IndusInd 4660 Completed,1892.59,friends,upi,paytm,indusind,ocr_upi
i did 127 expense on ET Money using GPay,127,investment,upi,gpay,,voice_transcript
Priya se split kia 13669 ₹ ka via Phonepe HDFC Bank account se,13669,friends,upi,phonepe,hdfc,hinglish_natural
Paid 45609.94 for roommate via PayTM,45609.94,friends,upi,paytm,bandhan,english_natural
IndiGo ka 3647 rupees ka bill CRED se pay kiya,3647,travel,upi,cred,,voice_transcript
Groww me 3250 rs ka invest kar diya debit card se,18507,investment,card,,,source_hinglish
today i spent 39060 on Uber via card,39060,travel,card,,,voice_transcript
18498 rupay cab liyaa auto ko debit card se,18498,travel,card,,,hinglish_natural
Paid INR 186.91 for Ajio from my Fi Money account via Mastercard,186.91,shopping,card,,fi,english_natural
bhai 349 ₹ subscription renew kya Amazon Prime ko SLICE se,9502,entertainment,upi,slice,,source_hinglish
today i spent 5296 on mall via card,5296,shopping,card,,,voice_transcript
"Reliance Fresh
Net Amount 2518
Paid via Google Pay",2518,food,upi,gpay,,ocr_receipt
Udemy 48074 ₹ card se pay kr diya sbi account se sasta tha,48074,education,card,,sbi,hinglish_natural
1403 rupaiye DishTV UPI se pay kya,1403,utilities,upi,bhim,,hinglish_natural
Vedantu se fees bharra 1346 rupaiye ka credit card se,1346,education,card,,,hinglish_natural
car loan EMI se loan payment kya 1817 ka Bhim pe,1817,emi,upi,bhim,pnb,hinglish_natural
ATM/CASH/BANK/36067,36067,education,card,,,english_natural
"MEDPLUS
Item 1 144
Item 2 Rs 160
Total R 440.19
Bhim",440.19,healthcare,upi,bhim,idfc,ocr_receipt
sent INR 1466 to bhai on niyo,1466,friends,upi,niyo,,friends_synthetic
"GAANA RESTAURANT
Total 248
Cash Received
Change 0.00",248,entertainment,cash,,,ocr_receipt
₹318 to SpiceJet via Mastercard HDFC Bank account,318,travel,card,,hdfc,english_natural
R 3518 to tuition via cash State Bank account,3518,education,cash,,sbi,english_natural
LENSKART INR 3373,3373,healthcare,upi,phonepe,,english_natural
yaar 32959 rupees naqad,32959,friends,cash,,icici,hinglish_natural
457.63 Flipkart,457.63,shopping,card,,,english_natural
dentist me 1089 rs. ka checkup karaya credit card se,1089,healthcare,card,,,hinglish_natural
Bought Goibibo for 126 with Mastercard,126,travel,card,,jupiter,english_natural
UPI/45670569/TATA PLAY/BANK,237.60,utilities,card,,,english_natural
ATM/CASH/BANK/163,163,emi,upi,phonepe,,english_natural
Spent 167.27 on Netflix using credit card,167.27,entertainment,card,,,english_natural
ATM/CASH/YES BANK/299,299,friends,cash,,yes bank,english_natural
spent 127 rupees on Amit via paytm,127,friends,upi,paytm,,voice_transcript
POS/DIAGNOSTIC/PHONEPE/8601,41384.92,healthcare,upi,phonepe,sbi,english_natural
school college tuition course books fees 2789 card,2789,education,card,,sbi,cue_row
coaching se books lia 481 rs. ka cash me SBI card se,21923,education,cash,,sbi,source_hinglish
ghar jaate waqt Coursera ka course le liya 39883 rupaye credit card se,39883,education,card,,slice,hinglish_natural
Paid 146 for Behrouz from my Jupiter account via gpay,146,food,upi,gpay,jupiter,english_natural
Bewakoof se order kia 463 ka card se,463,shopping,card,,,hinglish_natural
Bought school fees for Rs.1998.48 with cash,1998.48,education,cash,,,english_natural
"D JIOCINEMA 4197.68 Completed 1Mar 2026,2:00 pm hdfc Bank 2936 UPI transaction ID 119314504115 TO:JIOCINEMA jiocinema.76186@hdfcbank Goog1etransaction lD CICAgJjg825857 OPI paytm",4197.68,entertainment,upi,paytm,hdfc,ocr_upi
Used ICICI Mastercard to pay Rs45104 for concert,45104,entertainment,card,,icici,english_natural
electronics store ?69.64 niyo,69.64,shopping,upi,niyo,hdfc,ocr_upi
Dominos ₹311 Visa,311,food,card,,,english_natural
i did 37076 expense on hospital using card,37076,healthcare,card,,,voice_transcript
Rs.49104.72 charged for food court on NIYO,49104.72,food,upi,niyo,,english_natural
Used Niyo debit card to pay Rs 241 for market,241,shopping,card,,niyo,english_natural
4441 rupees loan payment kia bike loan EMI pe debit card se,4441,emi,card,,,hinglish_natural
kal 91 payment kiyaa mobile recharge pe UPI se,20582,utilities,upi,cred,,source_hinglish
19341 ₹ bill pay kr diya Jio recharge ko Slice se,19341,utilities,upi,slice,slice,hinglish_natural
?3111.37 charged for IRCTC on cash,3111.37,travel,cash,,,english_natural
car loan EMI ka 416 rupees ka bill Gpay se pay kiya,416,emi,upi,gpay,bandhan,voice_transcript
NEFT/TRANSFER/PETROL PUMP/,5804,travel,card,,,english_natural
"Apple Music
Net Amount 1715
Paid via CARD",1715,entertainment,card,,,ocr_receipt
paid Shreya Rs 273 via Google Pay,273,friends,upi,gpay,,friends_synthetic
"ACT Fibernet BILL
St: INR 45430
fi Approved",45430,utilities,upi,fi,,ocr_receipt
home loan car loan credit card EMI monthly INR 426 autopay card,426,emi,card,,,cue_row
Behrouz payment 1486 done via CRED,1486,food,upi,cred,,english_natural
FreshMenu ka food order kiyaa 7045 rs paytm pe,7045,food,upi,paytm,,hinglish_natural
₹4598 to dost CRED UPI,4598,friends,upi,cred,,friends_synthetic
bhai Pooja ko udhar return kiya 17884 rs paytm se,17884,friends,upi,paytm,hdfc,friends_synthetic
Vedantu pe 4454 rupay ka admission kia UPI se de diya,4454,education,upi,cred,,hinglish_natural
Bought Coin for 30717.90 with card,30717.90,investment,card,,,english_natural
stocks pe 3568 rupay ka mutual fund kiyaa UPI se de diye bohot mehenga,3568,investment,upi,gpay,kotak,hinglish_natural
Paid books ₹24 using card,24,education,card,,,english_natural
bhai Box8 ka 4800 rupaye gpay se de diya,4800,food,upi,gpay,,voice_transcript
TO:DIAGNOSTIC diagnostic.65121@pnbbank From:UTSAVJANA (PNB Phone Pe : user2345@okpnbbank,3219,healthcare,upi,phonepe,pnb,ocr_upi
Paid Rs.22373 to electronics store G Pay UPI HDFC 3739 Done,22373,shopping,upi,gpay,hdfc,ocr_upi
Divya ka transfer kiya 2970 ₹ Phonepe pe,2970,friends,upi,phonepe,,hinglish_natural
Uber se ride le liya 283 ₹ ka card se,283,travel,card,,,hinglish_natural
Paid Rs.20897 to Jio recharge Slice UPI hdfc 3066 Completed,20897,utilities,upi,slice,hdfc,ocr_upi
abhi 1381 rs. electronics store credit card se,1381,shopping,card,,,hinglish_natural
TO:RELIANCEDIGITAL reliancedigital.46548@hdfcbank From:RAHULKUMAR (hdfc Google Pay : user7256@okhdfcbank,1397,shopping,upi,gpay,hdfc,ocr_upi
Payment of ₹4534.44 to IRCTC was successful via Google Pay UPI Ref No 7308303884016 PNB Account 6551,4534.44,travel,upi,gpay,pnb,ocr_upi
"BILL
Tata CLiQ
INR 447
Jupiter
Thank You Visit Again",447,shopping,upi,jupiter,,ocr_receipt
Rs.4992 debited from your HDFC account for SBI loan (G Pay UPI),4992,emi,upi,gpay,hdfc,ocr_upi
Barbeque Nation payment Rs.4482 done via Visa,4482,food,card,,,english_natural
TO:PAYTMMONEY paytmmoney.55666@hdfcbank From:AMITSINGH (hdfc Phone Pe : sender1208@okhdfcbank,44,investment,upi,phonepe,hdfc,ocr_upi
Hospital bill INR 21596,21596,healthcare,upi,phonepe,,source_english
ghar jaate waqt Reliance Fresh se mangwaya 1643 rupees ka card se,1643,food,card,,,hinglish_natural
raat ko Neha se dost ko die 1279 rupay ka paytm pe Axis wale account se,1279,friends,upi,paytm,axis,hinglish_natural
UPI/22099976/SCHOOL FEES/ICICI BANK,404,education,upi,paytm,icici,english_natural
Unacademy payment Rs 1314.32 done via SLICE,1314.32,education,upi,slice,,english_natural
subah Ananya ka dost ko diyee 238 rupay UPI se de diya Jupiter se,238,friends,upi,slice,jupiter,hinglish_natural
Bharat Petroleum ka petrol bhra 3623 naqad,3623,travel,cash,,,hinglish_natural
bhai lab test ka 49 rupaye card se de diya,49,healthcare,card,,,voice_transcript
KFC pe 4638 rupaiye ka khana order kya SLICE pe,4638,food,upi,slice,,hinglish_natural
office se aate hue 250 rs personal loan EMI via PhonePe,250,emi,upi,phonepe,jupiter,hinglish_natural
raat ko mobile recharge 1017 rupay slice pe,1017,utilities,upi,slice,sbi,hinglish_natural
Paid INR 29.85 to PVR slice UPI ICICI Bank 8794 Successful,29.85,entertainment,upi,slice,icici,ocr_upi
car loan EMI se EMI kat gayi 20726 rupees ka debit card se,20726,emi,card,,jupiter,hinglish_natural
209 rs. SIP bharaa Zerodha pe UPI se sbi se kata,209,investment,upi,slice,sbi,hinglish_natural
sent Rs.184 to bro on cash,184,friends,cash,,,friends_synthetic
24227 ka Vikram bill pay kiya Fi se,24227,friends,upi,fi,,voice_transcript
Pooja payment 144 done via Visa,144,friends,card,,jupiter,english_natural
aaj electronics store 3065 rupay debit card se,3065,shopping,card,,,hinglish_natural
Practo me 498 ka test karaya debit card se,498,healthcare,card,,,hinglish_natural
crypto gold bonds NPS portfolio Rs 179 card,179,investment,card,,,cue_row
2647 ka doctor bill pay kiya Google Pay se,2647,healthcare,upi,gpay,,voice_transcript
ET Money 383 rupay debit card se,383,investment,card,,,hinglish_natural
46944 rupees paise bheje dost pe PayTM se,46944,friends,upi,paytm,,hinglish_natural
subah Apple Music se subscription renew kr diya 402 rupees ka card se pay kar diya ICICI se,402,entertainment,card,,icici,hinglish_natural
dinner split 19845 rupaye flatmate SLICE,19845,friends,upi,slice,axis,friends_synthetic
SIP se mutual fund kiyaa 42567 rupaiye ka UPI se,42567,investment,upi,gpay,,hinglish_natural
spent 4389 rupees on Coin via card,4389,investment,card,,,voice_transcript
₹922 paid to Priya via CRED UPI from sbi Bank ending 3270,922,friends,upi,cred,sbi,ocr_upi
49835 rupees KFC PhonePe,49835,food,upi,phonepe,,voice_transcript
aaj 36816 rupaiye buy kya H&M ko debit card se bhai,36816,shopping,card,,,hinglish_natural
Paid ₹49038.80 for Zerodha from my Canara account via Slice,49038.80,investment,upi,slice,canara,english_natural
Spent Rs 13115.14 on Hotstar using Bhim,13115.14,entertainment,upi,bhim,,english_natural
Rs34884.16 debited from your ICICI account for Lenskart (slice UPI),34884.16,shopping,upi,slice,icici,ocr_upi
406 rs Amit haath se diyee,406,friends,cash,,hdfc,hinglish_natural
t4027 to bhai paytm UPI,4027,friends,upi,paytm,,friends_synthetic
₹2112 charged for electronics store on Mastercard,2112,shopping,card,,,english_natural
Used Axis SLICE to pay INR 2657 for 1mg,2657,healthcare,upi,slice,axis,english_natural
breakfast snacks chai coffee t845 card,845,food,card,,,cue_row
POS/DISHTV/FI MONEY/3311,8877,utilities,upi,fi,niyo,english_natural
electricity water broadband mobile recharge bill ₹470 gpay,470,utilities,upi,gpay,,cue_row
roommate ko 96 transfer kiya paytm se,96,friends,upi,paytm,icici,friends_synthetic
"doctor BILL
St: Rs 33015
CARD APPROVED",33015,healthcare,card,,sbi,ocr_receipt
Just paid ₹1704 to restaurant through cash,1704,food,cash,,,english_natural
ET Money payment ?44653 done via Phone Pe,44653,investment,upi,phonepe,slice,english_natural
Shreya t19254 Niyo,19254,friends,upi,niyo,,english_natural
grocery vegetables milk bread fruits ₹52 paid cash,52,food,cash,,icici,cue_row
Udemy ka tuition die 279 rupay credit card se zyada ho gaya,279,education,card,,,hinglish_natural
DishTV ka payment kya 3841 rupaiye Slice pe,3841,utilities,upi,slice,,hinglish_natural
313 rupees BYJU'S card,313,education,card,,,voice_transcript
spent 44375 rupees on coaching via Google Pay,44375,education,upi,gpay,,voice_transcript
Electricity bill payment INR 20235,20235,utilities,upi,slice,,source_english
raat ko Reliance Fresh se mangwaya 48830 rupay ka gpay pe,44981,food,upi,gpay,,source_hinglish
Game purchase INR 18259,18259,entertainment,cash,,,source_english
3835 ₹ mobile recharge UPI se pay kia,3835,utilities,upi,gpay,,hinglish_natural
books 2538 rupaye via slice,47985,education,upi,slice,,source_hinglish
aaj crypto ka mutual fund kar diya 4637 ₹ paytm se,28570,investment,upi,paytm,,source_hinglish
BSNL 9599 rupay card se ICICI Bank wale account se,7621,utilities,card,,icici,source_hinglish
gaming concert event ticket t3281 card,3281,entertainment,card,,,cue_row
"Receipt #8613
eye checkup
Amount Paid: INR 138.32
Mode: cred",138.32,healthcare,upi,cred,icici,ocr_receipt
"SNAPDEAL RESTAURANT
Total 4603.70
Cash Received
Change 0.00",4603.70,shopping,card,,,ocr_receipt
Groww me 437 rupees ka invest kiyaa card se,437,investment,card,,slice,hinglish_natural
split bill 197 Google Pay se Pooja ko diya,197,friends,upi,gpay,axis,friends_synthetic
4331 ka SBI loan bill pay kiya card se,4331,emi,card,,,voice_transcript
1mg me 4698 rupay ka medicine liyaa via Niyo,1,healthcare,upi,niyo,,hinglish_natural
aaj Apple Music pe 12244 rupaye kharcha hua cash se,12244,entertainment,cash,,,voice_transcript
paytm payment ₹5784.30 SBI loan HDFC Bank 6958 successful,5784.30,emi,upi,paytm,hdfc,ocr_upi
abhi 279 rupaiye doctor ko de diya Apollo Pharmacy pe UPI se hdfc account se,279,healthcare,upi,bhim,hdfc,hinglish_natural
Coursera ka 4690 rupees ka bill card se pay kiya,4690,education,card,,fi,voice_transcript
3415 bill pay kr diya society maintenance ko Fi se pay kar diya State Bank account se,3415,utilities,upi,fi,sbi,hinglish_natural
split bill 573 Phonepe se Neha ko diya,573,friends,upi,phonepe,,friends_synthetic
Zomato ka khana order kia 1137 rupay via NIYO,1137,food,upi,niyo,,hinglish_natural
paid Shreya Rs453 via cash,453,friends,cash,,,friends_synthetic
bro ka transfer kiya 3783 ₹ via paytm IndusInd card se,3783,friends,upi,paytm,indusind,hinglish_natural
bhai Vi recharge ka 4052 rupaye card se de diya,4052,utilities,card,,,voice_transcript
UPI/63028725/MARKET/BANK,39786.42,shopping,upi,phonepe,,english_natural
i did 2017 expense on Pooja using Phonepe,2017,friends,upi,phonepe,,voice_transcript
car loan EMI 198 rupees card se pay kya,27133,emi,card,,,source_hinglish
Groww 922.57 Jupiter Payment done Bandhan 2521,922.57,investment,upi,jupiter,bandhan,ocr_upi
42412 rupaye JioMart naqad,42412,food,cash,,,hinglish_natural
"diagnostic 1368 Completed 10Apr 2026,1:03 pm Punjab National Bank 3108 UPI transaction ID 131658712050",1368,healthcare,upi,paytm,pnb,ocr_upi
459 ₹ medicine le liya diagnostic ko UPI se pay kiyaa SBI se,459,healthcare,upi,paytm,sbi,hinglish_natural
College fees payment INR 18694,18694,education,upi,paytm,,source_english
i paid 41 rupees for concert using PhonePe,41,entertainment,upi,phonepe,hdfc,voice_transcript
TO:BLINKIT blinkit.30739@hdfcbank From:RAHULKUMAR (HDFC GPay : user7416@okhdfcbank,25191,food,upi,gpay,hdfc,ocr_upi
"BILL
H&M
₹41852.55
CARD
Thank You Visit Again",41852.55,shopping,card,,,ocr_receipt
Paid 2975 to Air India gpay UPI hdfc 8171 Successful,2975,travel,upi,gpay,hdfc,ocr_upi
3661 recharge kiya society maintenance ko NIYO pe achha deal mila,3661,utilities,upi,niyo,,hinglish_natural
coaching exam preparation study material 337 slice,337,education,upi,slice,,cue_row
₹3280.91 debited from your kotak account for bro (GPay UPI),3280.91,friends,upi,gpay,kotak,ocr_upi
Stock purchase INR 1123,1123,investment,upi,slice,,source_english
electricity water broadband mobile recharge bill 39219 cash,39219,utilities,cash,,,cue_row
DishTV 3857 ₹ gpay se,3857,utilities,upi,gpay,,hinglish_natural
slice payment 34395 eye checkup Axis Bank 7071 completed,34395,healthcare,upi,slice,axis,ocr_upi
subah 281 bill bhar diya water bill ko Paytm pe,281,utilities,upi,paytm,kotak,hinglish_natural
stocks ka invest kar diya 259 rupaiye card se,259,investment,card,,,hinglish_natural
school college tuition course books fees 448 card,448,education,card,,,cue_row
"MARKET RESTAURANT
Total 134
Cash Received
Change 0.00",134,shopping,upi,gpay,,ocr_receipt
40.52 Gpay water bill,40.52,utilities,upi,gpay,hdfc,english_natural
coaching exam preparation study material INR 45208 Cred,45208,education,upi,cred,,cue_row
rent maintenance gas connection ₹21115 G Pay,21115,utilities,upi,gpay,,cue_row
Paid Apollo Pharmacy 22446.78 using Google Pay,22446.78,healthcare,upi,gpay,,english_natural
199 rupaye kiraya diyee rickshaw pe card se,43845,travel,card,,,source_hinglish
mobile recharge ka bill bhara 1722 rupees Jupiter se pay kiyaa yaar,1722,utilities,upi,jupiter,,hinglish_natural
i did 19304 expense on IndiGo using cash,19304,travel,cash,,,voice_transcript
Netflix se subscription renew kya 839 rupaye ka credit card se,839,entertainment,card,,,hinglish_natural
school college tuition course books fees ₹267 card,267,education,card,,,cue_row
sent 306 to friend on cash split bill UPI,306,friends,cash,,,cue_row
concert 837 cash,837,entertainment,cash,,,english_natural
POS/BOOKS/CREDIT CARD/6414,9447,education,card,,,english_natural
bhai Myntra ka 1737 rupaye paytm se de diya,1737,shopping,upi,paytm,sbi,voice_transcript
Zara 35779 Visa,35779,shopping,card,,,english_natural
"Lenskart 1618.84 Completed 8Feb 2025,6:50 am sbi 8727 UPI transaction ID 718098205337753",1618.84,healthcare,upi,fi,sbi,ocr_upi
dopahar ko school fees pe 305 rupay ka books lya paytm se pay kar diya,305,education,upi,paytm,,hinglish_natural
Bajaj Finance EMI 3472,3472,emi,card,,,english_natural
amazon flipkart myntra online shopping order ?384 cash,384,shopping,cash,,,cue_row
Netmeds ka test karaya 323 rupees cash me achha deal mila,323,healthcare,cash,,,hinglish_natural
spent 4650 rupees on metro via cash,4650,travel,cash,,hdfc,voice_transcript
"D CREDITCARDEMI 4564 Completed 27Apr 2026,1:10 pm Axis Bank Bank 8283 UPI transaction ID 68540277234 TO:CREDITCARDEMI credit card emi.76772@axis bankbank Goog1etransaction lD CICAgJjg262181 OPI cred",4564,emi,upi,cred,axis,ocr_upi
doctor se doctor ko diy 2570 rupaye ka Cred se pay kr diya,34847,healthcare,upi,cred,,source_hinglish
2475 FirstCry,2475,shopping,upi,cred,,english_natural
i paid 23077 rupees for eye checkup using Paytm,23077,healthcare,upi,paytm,,voice_transcript
water bill 424 Paytm,424,utilities,upi,paytm,hdfc,ocr_upi
811 to friend Gpay UPI,811,friends,upi,gpay,,friends_synthetic
"doctor BILL
St: 249
CARD APPROVED",249,healthcare,card,,,ocr_receipt
Used Fi credit card to pay ₹42520 for Croma,42520,shopping,card,,fi,english_natural
361.71 cash Goibibo,361.71,travel,cash,,,english_natural
Karan ka transfer kar diya 2458 rs. GPay se,2458,friends,upi,gpay,,hinglish_natural
i paid 2086 rupees for credit card EMI using card,2086,emi,card,,rbl,voice_transcript
library me 2479 ₹ ka admission kar diya card se,2479,education,card,,jupiter,hinglish_natural
"tuition 4716.71 Completed 11May 2026,3:53 am BOB 3584 UPI transaction ID 98967335370",4716.71,education,upi,slice,bob,ocr_upi
48497.99 Fi Money personal loan EMI,48497.99,emi,upi,fi,fi,english_natural
grocery vegetables milk bread fruits Rs 467 paid Slice,467,food,upi,slice,sbi,cue_row
3440 rupees personal loan EMI debit card se,3440,emi,card,,,hinglish_natural
Gaana 404 rs. cash die Axis se kata,404,entertainment,cash,,axis,hinglish_natural
Spent Rs.39426 on Bajaj Finance EMI using Mastercard,39426,emi,card,,niyo,english_natural
29955 Udemy,29955,education,card,,,english_natural
gaming concert event ticket ₹445 card,445,entertainment,card,,,cue_row
491 Paytm gas bill,491,utilities,upi,paytm,,english_natural
yaar diagnostic ka test karaya 45022 rupees NIYO se pay kya,45022,healthcare,upi,niyo,slice,hinglish_natural
Used Fi debit card to pay Rs.145 for PVR,145,entertainment,card,,fi,english_natural
BookMyShow se movie dekhi 30530 rupees ka cred se,34435,entertainment,upi,cred,sbi,source_hinglish
subah 26518 rupaiye invest kya NPS pe via cred,26518,investment,upi,cred,,hinglish_natural
49.11 metro,49.11,travel,cash,,,english_natural
R 30008.85 paid to gaming via cred from Kotak Mahindra,30008.85,entertainment,upi,cred,kotak,english_natural
Spotify ?1299.77 SLICE,1299.77,entertainment,upi,slice,,english_natural
367 rs admission kiyaa Udemy ko card se Fi account se,367,education,card,,fi,hinglish_natural
Rapido me 1888 ka ticket book kia haath se de diye,1888,travel,cash,,,hinglish_natural
credit card EMI 3830 rupaye debit card se jupiter se kata,3830,emi,card,,jupiter,hinglish_natural
today i spent 29806 on Lenskart via card,29806,healthcare,card,,,voice_transcript
i paid 453 rupees for mobile recharge using card,453,utilities,card,,,voice_transcript
personal loan installment EMI deduction Rs.4042 card,4042,emi,card,,idfc,cue_row
Bewakoof me 19942 rupees ka buy kiyaa card se pay kia sbi wale account se,19942,shopping,card,,sbi,hinglish_natural
"Tata Play BILL
St: ₹370
Paytm APPROVED",370,utilities,upi,paytm,,ocr_receipt
maine 103 rupaye metro ko diye card se,103,travel,card,,niyo,voice_transcript
gold 98 ₹ Paytm se pay kia,98,investment,upi,paytm,icici,hinglish_natural
dopahar ko DMart ka kha liya 1645 rupaiye naqad,1645,food,cash,,,hinglish_natural
gaming concert event ticket Rs56 CRED,56,entertainment,upi,cred,,cue_row
4640 rupaiye Lenskart card se,4640,healthcare,card,,,hinglish_natural
auto se ticket book kiyaa 3048 rupees ka jupiter se pay kya,3048,travel,upi,jupiter,,hinglish_natural
DishTV 118 slice,118,utilities,upi,paytm,slice,english_natural
Croma mein 3248 lag gaye phonepe se bhara,3248,shopping,upi,phonepe,idfc,voice_transcript
"Tata CLiQ BILL
St: INR 442
CARD Approved",442,shopping,card,,axis,ocr_receipt
Paid Rs 3009 for ET Money via G Pay,3009,investment,upi,gpay,,english_natural
2389 ₹ Amazon UPI se pay kia,2389,shopping,upi,jupiter,,hinglish_natural
461 rupees FD via CRED,461,investment,upi,cred,hdfc,hinglish_natural
maine 246 rupaye Paytm Money ko diye PhonePe se,246,investment,upi,phonepe,,voice_transcript
petrol pump INR 3526.75 cash,3526.75,travel,cash,,,english_natural
dopahar ko 490 SonyLIV debit card se,490,entertainment,card,,,hinglish_natural
BookMyShow se movie dekhi 2264 rs. ka UPI se,2264,entertainment,upi,slice,,hinglish_natural
Rohan pe 294 ka transfer kiyaa via G Pay icici se,294,friends,upi,gpay,icici,hinglish_natural
concert 1181.08 Phonepe Payment done icici 1494,1181.08,entertainment,upi,phonepe,icici,ocr_upi
SBI loan ka EMI kat gayi 23685 rupaye card se pay kr diya,23685,emi,card,,,hinglish_natural
electricity water broadband mobile recharge bill ₹186 card,186,utilities,card,,,cue_row
dopahar ko credit card EMI 3541 rs. UPI se diy,3541,emi,upi,paytm,hdfc,hinglish_natural
SBI loan ka EMI kat gayi 4543 rupaiye credit card se ICICI Bank card se bhai,4543,emi,card,,icici,hinglish_natural
education loan EMI me 3758 rupay ka installment diye card se,3758,emi,card,,,hinglish_natural
subah 3951 H&M card se pay kya,3951,shopping,card,,sbi,hinglish_natural
3587.95 college fees,3587.95,education,card,,,english_natural
82 rupay PVR naqad bc,82,entertainment,cash,,hdfc,hinglish_natural
maine 48144 rupaye SpiceJet ko diye cash se,48144,travel,cash,,,voice_transcript
43853 ka Udemy bill pay kiya card se Fi Money se kata,43853,education,card,,fi,voice_transcript
grocery vegetables milk bread fruits ₹2468 paid GPay,2468,food,upi,gpay,,cue_row
Mobile recharge INR 31674,31674,utilities,card,,,source_english
HP Petrol pe 4864 rupees ka ride liyaa cash diyee,15034,travel,cash,,,source_hinglish
ghar jaate waqt personal loan EMI se EMI bhar diya 3399 rupay ka UPI se diyee,3399,emi,upi,slice,,hinglish_natural
"Receipt #3741
CCD
Amount Paid: Rs.1840
Mode: PhonePe",1840,food,upi,phonepe,,ocr_receipt
spent 44 rupees on water bill via card,44,utilities,card,,,voice_transcript
"Behrouz BILL
St: ₹33953
PayTM APPROVED",33953,food,upi,paytm,,ocr_receipt
kal water bill se recharge kya 26820 rupees ka UPI se HDFC Bank wale account se,26820,utilities,upi,niyo,hdfc,hinglish_natural
"TAX INVOICE
Netmeds
Grand Total: ?10325
Payment: phonepe",10325,healthcare,upi,phonepe,,ocr_receipt
TO:NETFLIX netflix.27165@statebankbank From:PRIYASHARMA (State Bank Paytm : sender1956@okstatebankbank,2827,entertainment,upi,paytm,sbi,ocr_upi
Cleartrip me 3058 rs ka petrol bhar diya Phonepe pe,3058,travel,upi,phonepe,,hinglish_natural
ET Money se stock liyaa 4097 ka via Phone Pe,4097,investment,upi,phonepe,,hinglish_natural
BLINKIT INR 2872 FI MONEY,2872,food,upi,gpay,fi,english_natural
raat ko Hotstar 9886 rupees credit card se,9886,entertainment,card,,,hinglish_natural
HDFC loan ka loan payment kiya 39089 rs. debit card se Canara account se,39089,emi,card,,canara,hinglish_natural
clinic 34047 rupay via GPay,34047,healthcare,upi,gpay,,hinglish_natural
subah KFC se khana khya 28 ka via cred,28,food,upi,cred,jupiter,hinglish_natural
electronics clothes shoes accessories purchase ?4096 via card,4096,shopping,card,,,cue_row
ACT Fibernet ka bill pay kr diya 258 rupaiye UPI se die,258,utilities,upi,cred,,hinglish_natural
personal loan EMI 2210 Fi Completed HDFC Bank 7245,2210,emi,upi,fi,hdfc,ocr_upi
Indian Oil ka cab liya 4799 rupaye debit card se,4799,travel,card,,,hinglish_natural
DishTV ka 47575 rupees ka bill card se pay kiya,47575,utilities,card,,,voice_transcript
yaar McDonald's pe 496 rupay ka kha liya UPI se die,496,food,upi,slice,,hinglish_natural
BSNL 3624.68,3624.68,utilities,upi,gpay,,english_natural
gaming concert event ticket 20 card,20,entertainment,card,,,cue_row
"Receipt #2212
FirstCry
Amount Paid: INR 116.03
Mode: CARD",116.03,shopping,card,,,ocr_receipt
subah colleague pe 200 rupaye ka transfer kiyaa haath se die,200,friends,cash,,hdfc,hinglish_natural
Spent INR 14369 on electricity bill using Visa,14369,utilities,card,,,english_natural
POS/AMIT/SLICE/3974,46263.14,friends,upi,slice,fi,english_natural
1782 G Pay Ajio,1782,shopping,upi,gpay,,english_natural
?4483 paid to Jio recharge via CRED UPI from ICICI Bank ending 9239,4483,utilities,upi,cred,icici,ocr_upi
society maintenance 354 rupaye jupiter pe Fi Money card se,354,utilities,upi,jupiter,fi,hinglish_natural
Just paid ₹1413 to NPS through card,1413,investment,card,,hdfc,english_natural
College fees payment INR 27700,27700,education,card,,,source_english
maine 3517 rupaye HP Petrol ko diye card se,3517,travel,card,,slice,voice_transcript
Bus ticket INR 606,606,travel,card,,yes bank,source_english
3887.02 bhim Netmeds,3887.02,healthcare,upi,bhim,sbi,english_natural
bhai lab test ka 345 rupaye GPay se de diya,345,healthcare,upi,gpay,,voice_transcript
aaj mobile recharge 453 ₹ paytm se matlab,453,utilities,upi,paytm,,hinglish_natural
"H&M RESTAURANT
Total 1862.28
Cash Received
Change 0.00",1862.28,shopping,card,,pnb,ocr_receipt
"Practo BILL
St: Rs3464.50
CARD Approved",3464.50,healthcare,card,,,ocr_receipt
maine 4156 rupaye Ajio ko diye Paytm se,4156,shopping,upi,paytm,icici,voice_transcript
petrol diesel fuel ₹2337 at pump PhonePe,2337,travel,upi,phonepe,,cue_row
hospital doctor pharmacy medicine diagnostic Rs689 cash,689,healthcare,cash,,,cue_row
Paid Rs.39 for Paytm Money from my Canara account via Mastercard,39,investment,card,,canara,english_natural
Bought bike loan EMI for ₹3370.67 with Visa,3370.67,emi,card,,,english_natural
Rs.43589 paid to mall via G Pay UPI from Indusind Bank Bank ending 3902,43589,shopping,upi,gpay,indusind,ocr_upi
Rs.2013 paid to crypto via BHIM UPI from State Bank Bank ending 2629,2013,investment,upi,bhim,sbi,ocr_upi
bro ko 3362 transfer kiya Jupiter se,3362,friends,upi,jupiter,,friends_synthetic
society maintenance me 3283 rupay ka recharge kiyaa via PayTM budget tod diya,3283,utilities,upi,paytm,,hinglish_natural
KFC pe 333 rupees ka food order kya Fi Money se pay kiya,333,food,upi,fi,niyo,hinglish_natural
ACT Fibernet 46288,46288,utilities,card,,,english_natural
"TAX INVOICE
Biryani Blues
Grand Total: Rs.175
Payment: CARD",175,food,card,,hdfc,ocr_receipt
bro ko 270 transfer kiya paytm se,270,friends,upi,paytm,,friends_synthetic
lunch dinner food order swiggy zomato restaurant meal t3932 cash,3932,food,cash,,,cue_row
dentist ₹2558.62 debited from Slice,2558.62,healthcare,cash,,slice,english_natural
"LENSKART RESTAURANT
Total 535
Cash Received
Change 0.00",535,healthcare,cash,,,ocr_receipt
Rs14099.59 charged for electricity bill on Mastercard,14099.59,utilities,card,,fi,english_natural
petrol diesel fuel Rs.271 at pump card,271,travel,card,,,cue_row
Udemy pe 178 rs ka admission kar diya UPI se,178,education,upi,gpay,,hinglish_natural
"gaming
Net Amount 125
Paid via CARD",125,entertainment,card,,,ocr_receipt
"D CANTEEN 4093 Completed 23Mar 2026,2:44 pm HDFC Bank 2147 UPI transaction ID 5309720486818 TO:CANTEEN canteen.29457@hdfcbank Soogletransaction lD XYZabc292506 OPI GPay",4093,food,upi,gpay,hdfc,ocr_upi
cafe me 1102 ₹ ka food order kia UPI se,1102,food,upi,phonepe,,hinglish_natural
Lenskart 2909 rupaye UPI se,2909,healthcare,upi,gpay,,hinglish_natural
BSNL me 40933 rupaiye ka payment kiya via Phonepe,40933,utilities,upi,phonepe,,hinglish_natural
coaching exam preparation study material Rs.203 G Pay,203,education,upi,gpay,bandhan,cue_row
Myntra 201.07 jupiter Completed icici 4206,201.07,shopping,upi,jupiter,icici,ocr_upi
Spent ₹3377.79 on Tata CLiQ using Gpay,3377.79,shopping,upi,gpay,niyo,english_natural
474 rupees bill bhra Airtel recharge ko bhim pe,474,utilities,upi,bhim,,hinglish_natural
school college tuition course books fees Rs 289 PayTM,289,education,upi,paytm,,cue_row
870 rs Zomato cash me zyada ho gaya,870,food,cash,,,hinglish_natural
education loan EMI 48951 rupaye debit card se,48951,emi,card,,union bank,hinglish_natural
19739 rs. food order kia Nature's Basket pe UPI se matlab,19739,food,upi,paytm,,hinglish_natural
POS/EXAM FEE/SLICE/8800,198,education,upi,slice,indusind,english_natural
bhai EatFit ka 30584 rupaye PhonePe se de diya,30584,food,upi,phonepe,,voice_transcript
Apollo Pharmacy ka medicine lia 246 cash me achha deal mila,246,healthcare,cash,,,hinglish_natural
Payment of Rs.295 to rickshaw was successful via Jupiter UPI Ref No 03282673549 HDFC Account 1838,295,travel,upi,jupiter,hdfc,ocr_upi
college fees 29453.74 GPay,29453.74,education,upi,gpay,axis,ocr_upi
"rent BILL
St: 90
Slice Approved",90,utilities,upi,slice,,ocr_receipt
HDFC loan ka 11073 rupees ka bill PayTM se pay kiya,11073,emi,upi,paytm,,voice_transcript
Just paid Rs 37276 to Divya through bhim,37276,friends,upi,bhim,,english_natural
18415 ₹ shopping kr diya electronics store ko PayTM se pay kia jupiter se,18415,shopping,upi,paytm,jupiter,hinglish_natural
bhai RedBus ka 450 rupaye cash se de diya,450,travel,cash,,,voice_transcript
Rahul 2735 SLICE Completed State Bank 4844,2735,friends,upi,slice,sbi,ocr_upi
school college tuition course books fees INR 2554 card,2554,education,card,,,cue_row
Neha ka 310 rupees ka bill phonepe se pay kiya,310,friends,upi,phonepe,icici,voice_transcript
INOX 2295.94,2295.94,entertainment,card,,fi,english_natural
593 Nykaa cash de diye,593,shopping,cash,,,hinglish_natural
₹135 charged for stationery on cash,135,education,cash,,sbi,english_natural
44596 rupees eye checkup gpay,44596,healthcare,upi,gpay,,voice_transcript
"EYE CHECKUP RESTAURANT
Total 603
Cash Received
Change 0.00",603,healthcare,upi,phonepe,,ocr_receipt
Amazon se khareed le liya 3197 rs ka debit card se,3197,shopping,card,,,hinglish_natural
i paid 352 rupees for credit card EMI using Google Pay,352,emi,upi,gpay,rbl,voice_transcript
aaj 75 rupaye loan payment kar diya HDFC loan pe debit card se HDFC wale account se,75,emi,card,,hdfc,hinglish_natural
sent Rs 23259 to friend on phonepe split bill UPI,23259,friends,upi,phonepe,,cue_row
coaching exam preparation study material Rs265 cash,265,education,cash,,,cue_row
322 ₹ Rapido haath se diyee,322,travel,cash,,,hinglish_natural
973 rupaye transfer kya bro pe UPI se pay kiya,973,friends,upi,fi,,hinglish_natural
156 rs. Lenskart debit card se,156,healthcare,card,,,hinglish_natural
618 ₹ stocks credit card se,618,investment,card,,,hinglish_natural
spent 274 rupees on Burger King via niyo,274,food,upi,niyo,,voice_transcript
Tata CLiQ INR 3237 card,3237,shopping,card,,,english_natural
breakfast snacks chai coffee ₹49145 card,49145,food,card,,,cue_row
WATER BILL INR 4134.28,4134.28,utilities,upi,cred,,english_natural
INR 1538 debited from your sbi account for INOX (paytm UPI),1538,entertainment,upi,paytm,sbi,ocr_upi
Payment of INR 2977.49 to Airtel recharge was successful via gpay UPI Ref No 711637039548 HDFC Account 5852,2977.49,utilities,upi,gpay,hdfc,ocr_upi
kal food court pe 39531 rupay ka food order kia CRED se pay kr diya,39531,food,upi,cred,kotak,hinglish_natural
1976 ₹ stationery UPI se diyee,1976,education,upi,paytm,,hinglish_natural
paid 420 to RedBus through phonepe,420,travel,upi,phonepe,,voice_transcript
bhai insurance premium ka 43584 rupaye slice se de diya,43584,utilities,upi,slice,,voice_transcript
PVR se game lya 1580 ka card se,1580,entertainment,card,,,hinglish_natural
paid 1789 to HDFC loan through card,1789,emi,card,,,voice_transcript
friend 255 cred,255,friends,upi,cred,sbi,ocr_upi
education loan EMI ka 219 rupees ka bill G Pay se pay kiya,219,emi,upi,gpay,,voice_transcript
gaming 505 GPay,505,entertainment,upi,gpay,,english_natural
"CANTEEN
Item 1 Rs.211
Item 2 354
Total t72.86
CASH",72.86,food,cash,,,ocr_receipt
society maintenance 18920 naqad,18920,utilities,cash,,,hinglish_natural
paid 49310 to Myntra through Cred,49310,shopping,upi,cred,,voice_transcript
35089 Paytm PharmEasy,35089,healthcare,upi,paytm,,english_natural
mutual fund SIP stocks PPF FD investment Rs3959 card,3959,investment,card,,,cue_row
22888 rupees admission kia books ko credit card se SBI wale account se,23550,education,card,,sbi,source_hinglish
bro ko 480 transfer kiya cash se,480,friends,cash,,,friends_synthetic
electronics clothes shoes accessories purchase 44123 via card,44123,shopping,card,,,cue_row
dinner split 16518 rupaye Arjun cred,16518,friends,upi,cred,icici,friends_synthetic
Just paid ?405.18 to eye checkup through PayTM,405.18,healthcare,upi,paytm,hdfc,english_natural
Myntra 15498 Bhim Successful HDFC Bank 6760,15498,shopping,upi,bhim,hdfc,ocr_upi
Payment of Rs3028 to Myntra was successful via GPay UPI Ref No 38509929010 sbi Account 7543,3028,shopping,upi,gpay,sbi,ocr_upi
tuition ka tuition de diye 43443 rs. card se,43443,education,card,,,hinglish_natural
maine 379 rupaye Vedantu ko diye card se,379,education,card,,jupiter,voice_transcript
3481 Lenskart haath se diye,1640,healthcare,cash,,,source_hinglish
1mg pe 271 rs ka medicine lya UPI se diye,1,healthcare,upi,phonepe,,hinglish_natural
Used Kotak Mahindra paytm to pay ₹1910 for mutual fund,1910,investment,upi,paytm,kotak,english_natural
bhai books 1335 rupaye credit card se,1335,education,card,,,hinglish_natural
tuition pe 6902 ₹ ka admission kia credit card se zyada ho gaya,6902,education,card,,,hinglish_natural
office se aate hue clinic 1192 rs. credit card se,1192,healthcare,card,,,hinglish_natural
paid 2985 to Rapido through fi,2985,travel,upi,fi,,voice_transcript
home loan EMI 29408 ₹ credit card se hdfc se,29408,emi,card,,hdfc,hinglish_natural
Zerodha Rs 4630.41 Bhim,4630.41,investment,upi,bhim,icici,ocr_upi
Amazon Prime se subscription renew kr diya 317 rupees ka Gpay se pay kiyaa,317,entertainment,upi,gpay,,hinglish_natural
Used hdfc Visa to pay 432.18 for college fees,432.18,education,card,,hdfc,english_natural
bhai Apollo Pharmacy ka 129 rupaye SLICE se de diya,129,healthcare,upi,slice,kotak,voice_transcript
Barbeque Nation se kha liya 4206 rupaiye ka paytm se achha deal mila,43419,food,upi,paytm,,source_hinglish
"SonyLIV BILL
St: ₹3015.34
CARD approved",3015.34,entertainment,card,,,ocr_receipt
Ola me 216 ka cab le liya debit card se HDFC Bank account se,216,travel,card,,hdfc,hinglish_natural
447 rs Zepto debit card se,447,food,card,,niyo,hinglish_natural
Used Bandhan CRED to pay ₹3111 for Divya,3111,friends,upi,cred,bandhan,english_natural
4422 rupaiye books liya Unacademy pe Gpay se pay kiyaa bc,4422,education,upi,gpay,icici,hinglish_natural
Rs446 charged for Divya on Paytm,446,friends,upi,paytm,fi,english_natural
Air India se ride liyaa 14617 rs. ka paytm pe,14617,travel,upi,paytm,,hinglish_natural
raat ko 7161 rupaiye loan payment kia car loan EMI ko NIYO pe,4088,emi,upi,niyo,,source_hinglish
Paid ₹398.22 for clinic from my slice account via cash,398.22,healthcare,cash,,slice,english_natural
Rs.184 paid to HDFC loan via phonepe UPI from Kotak Bank ending 4671,184,emi,upi,phonepe,kotak,ocr_upi
bhai books ka 4353 rupaye slice se de diya,4353,education,upi,slice,,voice_transcript
IRCTC se ride lia 2069 rupees ka naqad NIYO se kata,2069,travel,cash,,niyo,hinglish_natural
abhi 2909 rupaiye order kar diya Reliance Digital ko card se pay kr diya,2909,shopping,card,,,hinglish_natural
aaj Apple Music pe 3269 rupaye kharcha hua card se,3269,entertainment,card,,,voice_transcript
Spent INR 1990.59 on Tata CLiQ using Phone Pe,1990.59,shopping,upi,phonepe,,english_natural
personal loan installment EMI deduction Rs.2071 card,2071,emi,card,,,cue_row
mutual fund SIP stocks PPF FD investment ₹4925 card,4925,investment,card,,,cue_row
subah Coursera me 21835 rupay ka books lia card se yaar,21835,education,card,,,hinglish_natural
library 142 rupees via GPay,142,education,upi,gpay,,hinglish_natural
"Receipt #9270
Biryani Blues
Amount Paid: 2201.10
Mode: CASH",2201.10,food,cash,,,ocr_receipt
NEFT/TRANSFER/COIN/,270,investment,upi,paytm,,english_natural
Paid Rs 650 for hospital via cash,650,healthcare,cash,,hdfc,english_natural
4529 ka Meesho bill pay kiya card se,4529,shopping,card,,,voice_transcript
Goibibo 227 fi,227,travel,upi,fi,,english_natural
Netmeds 2242 Axis,2242,healthcare,card,,axis,english_natural
1410 rupees electricity bill Phonepe,1410,utilities,upi,phonepe,,voice_transcript
Nature's Basket se food order kr diya 343 rupees ka Bhim se,343,food,upi,bhim,bandhan,hinglish_natural
coaching exam preparation study material ₹26032 paytm,26032,education,upi,paytm,,cue_row
rent maintenance gas connection Rs.4201 SLICE,4201,utilities,upi,slice,sbi,cue_row
Payment of ₹422 to canteen was successful via PhonePe UPI Ref No 355599539720 Axis Account 2009,422,food,upi,phonepe,axis,ocr_upi
"lab test BILL
St: Rs.444
paytm Approved",444,healthcare,upi,paytm,hdfc,ocr_receipt
coaching exam preparation study material 2831 card,2831,education,card,,,cue_row
135 rupees doctor PhonePe pe,135,healthcare,upi,phonepe,,hinglish_natural
i did 4410 expense on Jio recharge using Cred,4410,utilities,upi,cred,hdfc,voice_transcript
bhai JioCinema ka 1709 rupaye Paytm se de diya,1709,entertainment,upi,paytm,,voice_transcript
3819 rupaiye kiraya de diya Bharat Petroleum pe CRED se,3819,travel,upi,cred,niyo,hinglish_natural
Just paid INR 14098 to Amazon Prime through Mastercard,14098,entertainment,card,,,english_natural
13145 rupees Goibibo Google Pay IndusInd account,13145,travel,upi,gpay,indusind,voice_transcript
netflix spotify hotstar subscription movie show ₹42 card,42,entertainment,card,,,cue_row
rent se recharge kya 8773 rupees ka cash me HDFC Bank card se,8773,utilities,cash,,hdfc,hinglish_natural
350 rs kha liya Behrouz ko naqad SBI se kata,350,food,cash,,sbi,hinglish_natural
bhai Airtel recharge ka payment kia 1394 credit card se jupiter se kata bhai,1394,utilities,card,,jupiter,hinglish_natural
Bought PharmEasy for 4048 with CRED,4048,healthcare,upi,cred,hdfc,english_natural
"TAX INVOICE
hospital
Grand Total: INR 2997
Payment: jupiter",2997,healthcare,upi,jupiter,sbi,ocr_receipt
Bought electronics store for INR 36.00 with credit card,36.00,shopping,card,,bandhan,english_natural
KFC ka kha liya 469 rupay UPI se pay kiyaa,469,food,upi,phonepe,,hinglish_natural
55 rupees Udemy card,55,education,card,,,voice_transcript
13145 rupees BYJU'S card SBI account,13145,education,card,,sbi,voice_transcript
"D DOCTOR 464 Completed 20Apr 2026,6:40 pm ICICI Bank 2166 UPI transaction ID 984607456256703 TO:DOCTOR doctor.30518@icicibank Googletransaction lD CICAgJjg875875 OPI G Pay",464,healthcare,upi,gpay,icici,ocr_upi
i paid 4634 rupees for car loan EMI using SLICE,4634,emi,upi,slice,pnb,voice_transcript
Meesho 1075,1075,shopping,card,,hdfc,english_natural
insurance premium 1727 rs. card se sasta tha,1727,utilities,card,,jupiter,hinglish_natural
292.16 debit card bike loan EMI,292.16,emi,card,,hdfc,english_natural
Paid PPF Rs.5666 using Phone Pe,5666,investment,upi,phonepe,,english_natural
350 rupaiye khana khaya canteen ko credit card se,350,food,card,,niyo,hinglish_natural
741 Kuvera,741,investment,upi,paytm,,english_natural
"HOSPITAL RESTAURANT
Total 24
Cash Received
Change 0.00",24,healthcare,cash,,,ocr_receipt
raat ko 34907 rupaye khana order kya Blinkit pe card se,34907,food,card,,,hinglish_natural
"Snapdeal 252 Completed 7Feb 2025,8:55 am Axis 6720 UPI transaction ID 9219167710866",252,shopping,upi,phonepe,axis,ocr_upi
Vikram 3506 rupay UPI se,3506,friends,upi,phonepe,,hinglish_natural
31388 rupees IRCTC card,31388,travel,card,,,voice_transcript
aaj Myntra pe 365 rupaye kharcha hua CRED se,365,shopping,upi,cred,slice,voice_transcript
POS/VIKRAM/SLICE/9808,1627,friends,upi,slice,,english_natural
paid roommate ?453 via CRED,453,friends,upi,cred,sbi,friends_synthetic
14397 rs Meesho cash me,14397,shopping,cash,,,hinglish_natural
Spent 1686 on HDFC loan using credit card,1686,emi,card,,,english_natural
"SOCIETY MAINTENANCE RESTAURANT
Total 284
Cash Received
Change 0.00",284,utilities,upi,phonepe,,ocr_receipt
1027 to Rohan Slice UPI,1027,friends,upi,slice,,friends_synthetic
Used RBL credit card to pay ?90 for crypto,90,investment,card,,rbl,english_natural
Used idfc G Pay to pay 197 for Karan,197,friends,upi,gpay,idfc,english_natural
Used SBI Gpay to pay Rs.4243 for FD,4243,investment,upi,gpay,sbi,english_natural
Paid Dunkin INR 450.39 using cash,450.39,food,cash,,,english_natural
EaseMyTrip 1262 rupees cash me,1262,travel,cash,,,hinglish_natural
3584 rupees Nature's Basket cash HDFC account,3584,food,cash,,hdfc,voice_transcript
Just paid Rs40808 to Vi recharge through credit card,40808,utilities,card,,,english_natural
SonyLIV ka show dekha 3426 rupees card se pay kiyaa bhai,3426,entertainment,card,,sbi,hinglish_natural
MakeMyTrip ₹1736 debited from sbi,1736,travel,upi,phonepe,sbi,english_natural
hospital doctor pharmacy medicine diagnostic Rs1261 G Pay,1261,healthcare,upi,gpay,hdfc,cue_row
35921.34 paytm bhai,35921.34,friends,upi,paytm,sbi,english_natural
insurance premium 4960 via CRED,4960,utilities,upi,cred,,hinglish_natural
Bought bike loan EMI for R 423 with credit card,423,emi,card,,,english_natural
2492 rs petrol bhar diya Yatra pe credit card se yaar,2492,travel,card,,idfc,hinglish_natural
TO:LIBRARY library.93903@hdfcbank From:RAHULKUMAR (hdfc fi : sender4747@okhdfcbank,4105.34,education,upi,fi,hdfc,ocr_upi
UPI/70441718/MALL/BANK,133,shopping,card,,,english_natural
Spent Rs.3169 on NPS using phonepe,3169,investment,upi,phonepe,,english_natural
Bought Amazon Prime for Rs.4267 with cash,4267,entertainment,cash,,,english_natural
14841 paid to rent via cash from Slice,14841,utilities,cash,,slice,english_natural
i did 443 expense on doctor using cash,443,healthcare,cash,,,voice_transcript
personal loan installment EMI deduction Rs3993 card,3993,emi,card,,,cue_row
"BILL
Lenskart
Rs2093.81
CASH
Thank You Visit Again",2093.81,healthcare,cash,,,ocr_receipt
"1MG
Item 1 144
Item 2 R 397
Total INR 8530
Jupiter",8530,healthcare,upi,jupiter,,ocr_receipt
split bill 387 cash se Rahul ko diya,387,friends,cash,,,friends_synthetic
235 ka broadband bill pay kiya Phonepe se,235,utilities,upi,phonepe,,voice_transcript
amazon flipkart myntra online shopping order t4913 card,4913,shopping,card,,,cue_row
Amazon Prime ka 119 rupees ka bill card se pay kiya,119,entertainment,card,,,voice_transcript
Kuvera 4036 debit card,4036,investment,card,,sbi,english_natural
MedPlus ka checkup karaya 37922 rs haath se diyee bohot mehenga,37922,healthcare,cash,,,hinglish_natural
coaching exam preparation study material ₹479 card,479,education,card,,,cue_row
yaar car loan EMI se installment diy 3763 ka via Phone Pe Jupiter se,3763,emi,upi,phonepe,jupiter,hinglish_natural
PVR ka 4766 rupees ka bill card se pay kiya,4766,entertainment,card,,,voice_transcript
441 charged for Udemy on PayTM,441,education,upi,paytm,,english_natural
school college tuition course books fees 4716 card,4716,education,card,,,cue_row
abhi 373 ₹ coaching credit card se,373,education,card,,,hinglish_natural
26 rs roommate UPI se,26,friends,upi,paytm,,hinglish_natural
aaj Rapido 288 rs. haath se diy,288,travel,cash,,,hinglish_natural
Google Pay payment ₹20454.83 Cleartrip Punjab National Bank 5891 done,20454.83,travel,upi,gpay,pnb,ocr_upi
"BILL
BookMyShow
₹4010
CARD
Thank You Visit Again",4010,entertainment,card,,,ocr_receipt
POS/1MG/CASH/1372,479,healthcare,cash,,,english_natural
Nature's Basket 373 rs. UPI se diyee,373,food,upi,jupiter,,hinglish_natural
spent 43289 rupees on credit card EMI via card,43289,emi,card,,,voice_transcript
credit card EMI 25474 debited from slice,25474,emi,card,,slice,english_natural
Bought school fees for ₹4452 with Visa,4452,education,card,,,english_natural
dost colleague ko 4951 rupaye Google Pay se bheje,4951,friends,upi,gpay,sbi,friends_synthetic
"H&M
Item 1 353
Item 2 Rs389
Total Rs.37876
Paytm",37876,shopping,upi,paytm,hdfc,ocr_receipt
i paid 131 rupees for diagnostic using Fi,131,healthcare,upi,fi,,voice_transcript
Payment of 2035.04 to Nykaa was successful via Jupiter UPI Ref No 12227615842511 ICICI Account 2137,2035.04,shopping,upi,jupiter,icici,ocr_upi
i did 1267 expense on Haldirams using BHIM,1267,food,upi,bhim,hdfc,voice_transcript
760 rs Haldirams card se,760,food,card,,axis,hinglish_natural
46783 rupees petrol bharra Ola ko card se jupiter wale account se,46783,travel,card,,jupiter,hinglish_natural
"personal loan EMI 288 Completed 15May 2026,9:32 am sbi 9528 UPI transaction ID 9276378628",288,emi,upi,gpay,sbi,ocr_upi
Spent 950 on concert using Phone Pe,950,entertainment,upi,phonepe,niyo,english_natural
313 ₹ Amazon cash me,313,shopping,cash,,,hinglish_natural
₹255 charged for Flipkart on card,255,shopping,card,,hdfc,english_natural
ACT Fibernet pe 2512 rs. ka bill bharaa cash die,2512,utilities,cash,,hdfc,hinglish_natural
21 rupees INOX Phone Pe,21,entertainment,upi,phonepe,,voice_transcript
split bill 361 cash se Amit ko diya,361,friends,cash,,pnb,friends_synthetic
dopahar ko Myntra ka buy kr diya 21915 rupaye UPI se pay kya,21915,shopping,upi,jupiter,,hinglish_natural
spent 263 rupees on Zerodha via card,263,investment,card,,,voice_transcript
"BILL
Amazon Prime
Rs 2116.65
CARD
Thank You Visit Again",2116.65,entertainment,card,,,ocr_receipt
home loan EMI se installment de diya 236 rupaye ka card se pay kar diya,236,emi,card,,,hinglish_natural
dopahar ko 4604 installment de diye education loan EMI pe debit card se axis account se,4604,emi,card,,axis,hinglish_natural
NEFT/TRANSFER/COLLEGE FEES/JUPITER,46150,education,upi,phonepe,jupiter,english_natural
office se aate hue yaar ka dost ko die 783 rs. UPI se diyee,783,friends,upi,slice,,hinglish_natural
raat ko bike loan EMI 4258 rupaiye card se,4258,emi,card,,hdfc,hinglish_natural
rent maintenance gas connection ₹376 cred,376,utilities,upi,cred,pnb,cue_row
grocery vegetables milk bread fruits Rs 4453 paid card,4453,food,card,,,cue_row
Ananya 3750.30 gpay,3750.30,friends,upi,gpay,,english_natural
market 367 rupaye gpay se pay kr diya,367,shopping,upi,gpay,icici,hinglish_natural
sent ₹3428 to flatmate on jupiter,3428,friends,upi,jupiter,,friends_synthetic
Spent Rs.4732.56 on Vi recharge using card,4732.56,utilities,card,,,english_natural
dinner split 15274 rupaye Rohan cash,15274,friends,cash,,,friends_synthetic
240 ₹ EMI kat gayi education loan EMI ko PhonePe pe Bank of Baroda account se,240,emi,upi,phonepe,bob,hinglish_natural
education loan EMI 1192.56 debited from SBI,1192.56,emi,upi,paytm,sbi,english_natural
UPI/85244182/COLLEGE FEES/NIYO,37757,education,cash,,niyo,english_natural
dost dost ko 1239 rupaye Google Pay se bheje,1239,friends,upi,gpay,,friends_synthetic
Paid 490 to school fees G Pay UPI HDFC 7408 Successful,490,education,upi,gpay,hdfc,ocr_upi
upGrad se course liya 2986 rupay ka credit card se yaar,2986,education,card,,icici,hinglish_natural
Paid ₹291.46 for rent from my State Bank account via SLICE,291.46,utilities,upi,slice,sbi,english_natural
Paid INR 163 to Blinkit Cred UPI axis 5042 Done,163,food,upi,cred,axis,ocr_upi
Kuvera se mutual fund kiyaa 1550 rupaye ka Slice pe,1550,investment,upi,slice,,hinglish_natural
Rs4520 to Netflix via GPay,4520,entertainment,upi,gpay,,english_natural
"DishTV BILL
St: ₹24520.59
Fi Money APPROVED",24520.59,utilities,upi,fi,hdfc,ocr_receipt
electronics store ka 23806 rupees ka bill Fi Money se pay kiya,23806,shopping,upi,fi,,voice_transcript
21770 rs. DishTV UPI se diy,21770,utilities,upi,gpay,fi,hinglish_natural
bhai Rohan ko udhar return kiya 161 rs cash se,161,friends,cash,,sbi,friends_synthetic
"D RICKSHAW 16705 Completed 12Jan 2026,1:02 pm PNB Bank 1286 UPI transaction ID 919765794105031 TO:RICKSHAW rickshaw.86971@pnbbank Googletransaction lD CICAgJjg170878 OPI Google Pay",16705,travel,upi,gpay,pnb,ocr_upi
15590 ₹ khana order kiyaa Dunkin ko cash de diye,15590,food,cash,,,hinglish_natural
aaj Coin se stock liyaa 450 ka UPI se diy,450,investment,upi,cred,fi,hinglish_natural
ACT Fibernet ₹392.05 debited from State Bank,392.05,utilities,card,,sbi,english_natural
"EYE CHECKUP RESTAURANT
Total 2968.23
Cash Received
Change 0.00",2968.23,healthcare,upi,paytm,,ocr_receipt
Rs.3455 debited from your YES BANK account for Bajaj Finance EMI (Phone Pe UPI),3455,emi,upi,phonepe,yes bank,ocr_upi
EaseMyTrip Rs421 debit card,421,travel,card,,,english_natural
"Apple Music BILL
St: R 43462.39
CARD Approved",43462.39,entertainment,card,,,ocr_receipt
spent 1862 rupees on Amazon Prime via card,1862,entertainment,card,,,voice_transcript
8147.97 Mastercard Reliance Digital,8147.97,shopping,card,,fi,english_natural
46023 paid to SBI loan via card from Punjab National Bank,46023,emi,card,,pnb,english_natural
flatmate rent share 133 Phone Pe Karan,133,friends,upi,phonepe,kotak,friends_synthetic
?23747.94 debited from your sbi account for FD (Google Pay UPI),23747.94,investment,upi,gpay,sbi,ocr_upi
office se aate hue 716 rupaiye Groww UPI se de diya,716,investment,upi,gpay,slice,hinglish_natural
"Groww 294 Completed 28May 2025,1:40 pm PNB 4082 UPI transaction ID 2948693504",294,investment,upi,cred,pnb,ocr_upi
i did 15963 expense on Zara using card,15963,shopping,card,,,voice_transcript
Rs 1959 debited from your SBI account for market (CRED UPI),1959,shopping,upi,cred,sbi,ocr_upi
SBI loan pe 91 rupay ka EMI kat gayi credit card se,91,emi,card,,,hinglish_natural
166 rupees doctor ko de diye lab test ko debit card se,166,healthcare,card,,,hinglish_natural
Spent ₹20672 on Hotstar using cash,20672,entertainment,cash,,,english_natural
yaar college fees 30509 haath se diyee,30509,education,cash,,,hinglish_natural
electricity water broadband mobile recharge bill Rs 3494 phonepe,3494,utilities,upi,phonepe,,cue_row
Paid Rs 11139 for Myntra via debit card,11139,shopping,card,,,english_natural
"DENTIST RESTAURANT
Total 473.61
Cash Received
Change 0.00",473.61,healthcare,upi,paytm,,ocr_receipt
₹25535 charged for mutual fund on debit card,25535,investment,card,,,english_natural
3918 Bajaj Finance EMI,3918,emi,card,,slice,english_natural
15320 rs khana order kr diya canteen ko GPay pe sbi se,15320,food,upi,gpay,sbi,hinglish_natural
office se aate hue Vi recharge ka payment kiya 41836 rs. debit card se,41836,utilities,card,,,hinglish_natural
Bought PharmEasy for ₹484 with card,484,healthcare,card,,,english_natural
i did 36 expense on coaching using card,36,education,card,,,voice_transcript
Rs.3256.24 paid to Faasos via Phonepe UPI from IndusInd Bank ending 8322,3256.24,food,upi,phonepe,indusind,ocr_upi
42440 rs. broadband UPI se,42440,utilities,upi,paytm,,hinglish_natural
4020.39 BookMyShow,4020.39,entertainment,cash,,,english_natural
netflix spotify hotstar subscription movie show INR 324 cash,324,entertainment,cash,,,cue_row
Box8 3732 rupay UPI se diye,8,food,upi,phonepe,,hinglish_natural
986 library cash me,986,education,cash,,,hinglish_natural
80 ka PVR bill pay kiya card se PNB se kata,80,entertainment,card,,pnb,voice_transcript
Rohan ko 9974 transfer kiya PhonePe se,9974,friends,upi,phonepe,,friends_synthetic
Rs.3814.16 paid to Vedantu via Phone Pe UPI from hdfc Bank ending 9555,3814.16,education,upi,phonepe,hdfc,ocr_upi
Paid ₹2700.98 to Gaana G Pay UPI Yes Bank 9990 Successful,2700.98,entertainment,upi,gpay,yes bank,ocr_upi
bhai roommate ko udhar return kiya 3482 rs Gpay se,3482,friends,upi,gpay,,friends_synthetic
Personal loan installment INR 48547,48547,emi,card,,,source_english
market 1538 haath se diyee SLICE se,1538,shopping,cash,,slice,hinglish_natural
tuition payment ₹3081.80 done via phonepe,3081.80,education,upi,phonepe,niyo,english_natural
Bewakoof ka order kiya 181 ₹ UPI se pay kya,181,shopping,upi,jupiter,,hinglish_natural
RedBus 178.60 Gpay Payment done hdfc 6662,178.60,travel,upi,gpay,hdfc,ocr_upi
Zepto 237 rupaye cred pe Niyo se,237,food,upi,cred,niyo,hinglish_natural
Spotify me 42976 rupaye ka game liya Phone Pe se pay kiya,42976,entertainment,upi,phonepe,,hinglish_natural
BigBasket se kha liya 3886 rupaye ka naqad,3886,food,cash,,,hinglish_natural
Amazon 589 ₹ UPI se,589,shopping,upi,cred,,hinglish_natural
"NETFLIX
Item 1 325
Item 2 ₹91
Total 45575.49
CASH",45575.49,entertainment,cash,,,ocr_receipt
"SpiceJet 351 Completed 4Aug 2026,5:39 pm Kotak Mahindra 5219 UPI transaction ID 3544925305",351,travel,upi,phonepe,kotak,ocr_upi
47518.79 GPay personal loan EMI,47518.79,emi,upi,gpay,,english_natural
Gaana 38205 rupaye debit card se,38205,entertainment,card,,,hinglish_natural
3986 rupees Reliance Digital Cred se pay kiyaa,3986,shopping,upi,cred,,hinglish_natural
sent 1701 to dost on Google Pay,1701,friends,upi,gpay,,friends_synthetic
BSNL 1972 rupaye card se Punjab National Bank wale account se,1972,utilities,card,,pnb,hinglish_natural
abhi 2435 rupaye EMI bharaa Bajaj Finance EMI pe card se pay kiya,13425,emi,card,,,source_hinglish
"ELECTRICITY BILL RESTAURANT
Total 16429
Cash Received
Change 0.00",16429,utilities,upi,cred,icici,ocr_receipt
education loan EMI 2950,2950,emi,card,,,english_natural
bhai RedBus ka 3097 rupaye cash se de diya,3097,travel,cash,,kotak,voice_transcript
stationery ka 451 rupees ka bill Cred se pay kiya,451,education,upi,cred,,voice_transcript
41788 rupaiye dost ko de diya Shreya ko via GPay,41788,friends,upi,gpay,,hinglish_natural
"MCDONALD'S
Item 1 Rs.384
Item 2 t386
Total ₹47
paytm",47,food,upi,paytm,icici,ocr_receipt
"BILL
Flipkart
₹4648
CASH
Thank You Visit Again",4648,shopping,cash,,,ocr_receipt
"TAX INVOICE
mall
Grand Total: 2885
Payment: CARD",2885,shopping,card,,,ocr_receipt
sent Rs26497 to friend on PayTM split bill UPI,26497,friends,upi,paytm,,cue_row
Tata CLiQ me 31873 rupay ka saman lya phonepe pe,31873,shopping,upi,phonepe,kotak,hinglish_natural
aaj SonyLIV se ticket liyaa 41017 ka credit card se,41017,entertainment,card,,,hinglish_natural
497 rs. paise bheje Amit pe UPI se,497,friends,upi,paytm,,hinglish_natural
auto ka ticket book kiya 49745 haath se die,12220,travel,cash,,,source_hinglish
maine 24576 rupaye Practo ko diye jupiter se,24576,healthcare,upi,jupiter,,voice_transcript
dopahar ko mess se food order kr diya 465 rupaye ka naqad,465,food,cash,,pnb,hinglish_natural
Angel One ka stock liya 27508 rupay PayTM pe,27508,investment,upi,paytm,,hinglish_natural
aaj FreshMenu pe 41546 rupaye kharcha hua phonepe se,41546,food,upi,phonepe,,voice_transcript
Paid Rs.1363 for dost from my Punjab National Bank account via gpay,1363,friends,upi,gpay,pnb,english_natural
uber ola cab ride airport train ticket ₹46585 card,46585,travel,card,,,cue_row
market ka shopping kr diya 20 UPI se pay kr diya,20,shopping,upi,cred,,hinglish_natural
"Receipt #9954
Lenskart
Amount Paid: Rs.405.70
Mode: CASH",405.70,shopping,cash,,,ocr_receipt
yaar 136 ₹ lab test card se,136,healthcare,card,,,hinglish_natural
amazon flipkart myntra online shopping order Rs.421 card,421,shopping,card,,,cue_row
"Meesho
Net Amount 42841
Paid via Cred",42841,shopping,upi,cred,,ocr_receipt
ATM/CASH/KOTAK/268,268,emi,card,,kotak,english_natural
stationery payment Rs766.56 done via credit card,766.56,education,card,,,english_natural
gas bill ka bill pay kr diya 4841 rupay Fi pe,4841,utilities,upi,fi,,hinglish_natural
flight booking travel ticket INR 395 card,395,travel,card,,,cue_row
"DMart 216 Completed 16Dec 2026,9:15 am HDFC 1382 UPI transaction ID 26374198703225",216,food,upi,niyo,hdfc,ocr_upi
Paid t1269 to bike loan EMI GPay UPI SBI 1795 Successful,1269,emi,upi,gpay,sbi,ocr_upi
Just paid ₹498.04 to college fees through credit card,498.04,education,card,,,english_natural
"broadband
Net Amount 1258
Paid via Fi",1258,utilities,upi,fi,,ocr_receipt
Rohan payment 402 done via Paytm,402,friends,upi,paytm,,english_natural
Karan ko 3740 transfer kiya G Pay se,3740,friends,upi,gpay,,friends_synthetic
i paid 38 rupees for Amit using Bhim,38,friends,upi,bhim,sbi,voice_transcript
Paid Rs433 to mess Google Pay UPI hdfc 8141 Done,433,food,upi,gpay,hdfc,ocr_upi
spent 682 rupees on rickshaw via card,682,travel,card,,,voice_transcript
raat ko 352 rs credit card EMI via gpay zyada ho gaya,352,emi,upi,gpay,,hinglish_natural
Apollo Pharmacy ka dawai liyaa 4660 rupaiye naqad,4660,healthcare,cash,,,hinglish_natural
66 rupay FirstCry debit card se,66,shopping,card,,,hinglish_natural
Amazon Prime 123 ₹ debit card se,123,entertainment,card,,sbi,hinglish_natural
Phonepe payment ₹42 bhai HDFC Bank 3544 done,42,friends,upi,phonepe,hdfc,ocr_upi
NEFT/TRANSFER/NYKAA/AXIS,186,shopping,upi,jupiter,axis,english_natural
"D VIRECHARGE 16989.89 Completed 19Feb 2026,4:42 pm hdfc Bank 3384 UPI transaction ID 1060394925839 TO:VIRECHARGE vi recharge.26019@hdfcbank Goog1etransaction lD CICAgJjg320998 OPI Phonepe",16989.89,utilities,upi,phonepe,hdfc,ocr_upi
aaj electricity bill pe 12530 rupaye kharcha hua cash se,12530,utilities,cash,,slice,voice_transcript
bhai Rapido me 17610 ka ride le liya haath se diy,17610,travel,cash,,,hinglish_natural
credit card EMI 204.05 card,204.05,emi,card,,bob,english_natural
Used Kotak Mahindra card to pay ₹4497 for car loan EMI,4497,emi,card,,kotak,english_natural
raat ko 115 rupaye kha liya Blinkit ko G Pay se,115,food,upi,gpay,,hinglish_natural
home loan car loan credit card EMI monthly INR 71 autopay card,71,emi,card,,,cue_row
"Receipt #8840
PharmEasy
Amount Paid: R 51
Mode: PayTM",51,healthcare,upi,paytm,,ocr_receipt
sent t10694 to Vikram on Phonepe,10694,friends,upi,phonepe,,friends_synthetic
POS/EYE CHECKUP/CASH/8357,3209.32,healthcare,cash,,,english_natural
paid 4924 to MakeMyTrip through card from slice,4924,travel,card,,slice,voice_transcript
440 ₹ bill pay kia electricity bill pe NIYO se Fi se kata,440,utilities,upi,niyo,fi,hinglish_natural
i did 324 expense on bike loan EMI using card,324,emi,card,,fi,voice_transcript
Paid ₹2302 for metro from my Jupiter account via Mastercard,2302,travel,card,,jupiter,english_natural
subah 229 rupees buy kr diya Flipkart ko Gpay se budget tod diya,229,shopping,upi,gpay,,hinglish_natural
bhai H&M pe 465 ₹ ka order kia credit card se,465,shopping,card,,,hinglish_natural
Paid 382 to education loan EMI GPay UPI Axis 8014 Successful,382,emi,upi,gpay,axis,ocr_upi
Rohan Rs.2222.88 BHIM,2222.88,friends,upi,bhim,bob,english_natural
Paid college fees R 28753.43 using debit card from HDFC,28753.43,education,card,,hdfc,english_natural
23 rupees Lenskart NIYO SLICE account,23,healthcare,upi,niyo,slice,voice_transcript
Airtel recharge mein 1007 lag gaye slice se bhara,1007,utilities,upi,slice,,voice_transcript
NETMEDS INR 4237.95 NIYO,4237.95,healthcare,upi,paytm,niyo,english_natural
47 credit card home loan EMI,47,emi,card,,sbi,english_natural
BARBEQUE NATION INR 276.97,276.97,food,upi,gpay,,english_natural
Paid R 7823.78 for YouTube Premium from my idfc account via Google Pay,7823.78,entertainment,upi,gpay,idfc,english_natural
flatmate ko 1529 transfer kiya cash se,1529,friends,cash,,,friends_synthetic
abhi car loan EMI me 1966 rs ka installment diy Phonepe se pay kiya,27259,emi,upi,phonepe,,source_hinglish
Spent 4767 on Airtel recharge using Mastercard,4767,utilities,card,,,english_natural
doctor 3240.99 jupiter Successful HDFC Bank 5035,3240.99,healthcare,upi,jupiter,hdfc,ocr_upi
Paytm Money se mutual fund kya 26300 rupaye ka Phonepe se,26300,investment,upi,phonepe,,hinglish_natural
111 NPS,111,investment,upi,paytm,,english_natural
Meesho se shopping kia 19161 rupaiye ka PayTM se,19161,shopping,upi,paytm,,hinglish_natural
"BILL
Ajio
INR 3084
CARD
Thank You Visit Again",3084,shopping,card,,,ocr_receipt
4734 charged for Zara on GPay,4734,shopping,upi,gpay,,english_natural
sent money to Arjun t16686 on jupiter,16686,friends,upi,jupiter,,friends_synthetic
lunch dinner food order swiggy zomato restaurant meal ₹45420 card,45420,food,card,,,cue_row
paid flatmate Rs.2333 via card,2333,friends,card,,,friends_synthetic
"DIAGNOSTIC RESTAURANT
Total 3543.38
Cash Received
Change 0.00",3543.38,healthcare,upi,jupiter,,ocr_receipt
Rs 15444 debited from your HDFC account for Tata CLiQ (Slice UPI),15444,shopping,upi,slice,hdfc,ocr_upi
Just paid 1843 to INOX through paytm,1843,entertainment,upi,paytm,,english_natural
INR 2723.94 paid to credit card EMI via cred from Federal Bank,2723.94,emi,upi,cred,federal bank,english_natural
ATM/CASH/SLICE/1937.73,1937.73,utilities,card,,slice,english_natural
yaar 10110 rupees buy kiyaa Tata CLiQ ko naqad Kotak card se,10110,shopping,cash,,kotak,hinglish_natural
aaj market 262 rupaye debit card se,262,shopping,card,,,hinglish_natural
ghar jaate waqt rent ka recharge kya 383 rs. haath se diyee,383,utilities,cash,,,hinglish_natural
"Gaana
Net Amount 49390
Paid via CASH",49390,entertainment,cash,,,ocr_receipt
dost bro ko 4688 rupaye Bhim se bheje,4688,friends,upi,bhim,,friends_synthetic
maine 3643 rupaye Dunkin ko diye jupiter se,3643,food,upi,jupiter,,voice_transcript
flatmate pe 231 rupaiye ka split kiyaa UPI se budget tod diya,231,friends,upi,cred,,hinglish_natural
hospital 4456.59 Gpay,4456.59,healthcare,upi,gpay,,english_natural
Spent 398 on Tata Play using slice,398,utilities,upi,slice,,english_natural
HDFC loan Rs 165 debited from slice,165,emi,card,,slice,english_natural
breakfast snacks chai coffee t43 paytm,43,food,upi,paytm,pnb,cue_row
RedBus 845.98,845.98,travel,upi,phonepe,,english_natural
292 rs. college fees debit card se,292,education,card,,,hinglish_natural
R 41219 charged for NPS on credit card,41219,investment,card,,,english_natural
school college tuition course books fees Rs.2820 gpay,2820,education,upi,gpay,hdfc,cue_row
2154 ka Meesho bill pay kiya PayTM se hdfc se kata,2154,shopping,upi,paytm,hdfc,voice_transcript
home loan EMI 1518 rupees card se yaar,1518,emi,card,,,hinglish_natural
bike loan EMI me 41591 ₹ ka EMI bhar diya card se pay kar diya,41591,emi,card,,,hinglish_natural
ghar jaate waqt Practo 465 rupaiye card se,465,healthcare,card,,fi,hinglish_natural
Zerodha ka stock liya 4225 rupay UPI se diy,4225,investment,upi,gpay,jupiter,hinglish_natural
ghar jaate waqt 18680 rs Amit Phone Pe se,18680,friends,upi,phonepe,fi,hinglish_natural
IRCTC mein 398 lag gaye cash se bhara,398,travel,cash,,,voice_transcript
"JioMart 235 Completed 10Sep 2025,10:57 pm kotak 9572 UPI transaction ID 7828625587",235,food,upi,slice,kotak,ocr_upi
72 Divya,72,friends,card,,axis,english_natural
today i spent 13116 on mall via card from my jupiter bank,13116,shopping,card,,jupiter,voice_transcript
coaching ka books lia 189 ₹ haath se diyee,189,education,cash,,,hinglish_natural
"Nature's Basket BILL
St: ?2162.10
gpay Approved",2162.10,food,upi,gpay,hdfc,ocr_receipt
"ELECTRONICS STORE RESTAURANT
Total 4271
Cash Received
Change 0.00",4271,shopping,upi,phonepe,,ocr_receipt
24910 ka Paytm Money bill pay kiya card se ICICI se kata,24910,investment,card,,icici,voice_transcript
"D EDUCATIONLOANEMI 2711.10 Completed 10Apr 2026,8:07 pm State Bank Bank 1050 UPI transaction ID 7249859634 TO:EDUCATIONLOANEMI education loan emi.36481@state bankbank Googletransaction lD XYZabc094162 OPI paytm",2711.10,emi,upi,paytm,sbi,ocr_upi
Practo 473 rupees Jupiter se State Bank se,473,healthcare,upi,jupiter,sbi,hinglish_natural
INR 21506 paid to cafe via G Pay from slice,21506,food,upi,gpay,slice,english_natural
clinic ka doctor ko diy 2819 rupay cash de diye,2819,healthcare,cash,,kotak,hinglish_natural
1404 to Ananya phonepe UPI,1404,friends,upi,phonepe,,friends_synthetic
Groww 735,735,investment,card,,kotak,english_natural
electronics clothes shoes accessories purchase Rs.45 via Slice,45,shopping,upi,slice,,cue_row
444 Croma,444,shopping,card,,,english_natural
SIP ka stock le liya 3483 rs UPI se diyee,20126,investment,upi,phonepe,,source_hinglish
i did 480 expense on home loan EMI using card,480,emi,card,,,voice_transcript
bhai Blinkit ka 2618 rupaye card se de diya,2618,food,card,,,voice_transcript
"DISHTV
Item 1 ₹125
Item 2 Rs.151
Total Rs 406.69
PayTM",406.69,utilities,upi,paytm,hdfc,ocr_receipt
paid back friend lent money Rs 3723 Phone Pe,3723,friends,upi,phonepe,,cue_row
maine 325 rupaye FD ko diye card se,325,investment,card,,,voice_transcript
aaj IRCTC pe 350 rupaye kharcha hua card se,350,travel,card,,,voice_transcript
coaching exam preparation study material Rs484 phonepe,484,education,upi,phonepe,,cue_row
ATM/CASH/BANK/1457.75,1457.75,travel,cash,,,english_natural
Paid Unacademy ₹3854.62 using jupiter,3854.62,education,upi,jupiter,,english_natural
278 charged for RedBus on Gpay,278,travel,upi,gpay,fi,english_natural
abhi SonyLIV ka ticket le liya 269 ₹ card se pay kiyaa,269,entertainment,card,,,hinglish_natural
netflix spotify hotstar subscription movie show Rs 31 card,31,entertainment,card,,,cue_row
Vikram 21113 rupees Phone Pe se pay kya Niyo se kata,21113,friends,upi,phonepe,niyo,hinglish_natural
Rohan se paise bheje 66 ₹ ka UPI se pay kya jupiter se kata,66,friends,upi,bhim,jupiter,hinglish_natural
yaar Bewakoof se khareed liya 12096 ka card se pay kya,12096,shopping,card,,,hinglish_natural
Medical test charges INR 41679,41679,healthcare,upi,bhim,,source_english
3365 paid to tuition via Fi Money UPI from IDFC Bank ending 2772,3365,education,upi,fi,idfc,ocr_upi
Kuvera ka paisa daala 97 UPI se pay kar diya,97,investment,upi,phonepe,,hinglish_natural
Rs.220.95 to personal loan EMI via Visa,220.95,emi,card,,,english_natural
mobile recharge me 445 rupaye ka bill bhara G Pay se,445,utilities,upi,gpay,,hinglish_natural
aaj 388 rupees mutual fund kia NPS pe Fi se,388,investment,upi,fi,,hinglish_natural
Payment of ₹2643 to SBI loan was successful via PhonePe UPI Ref No 89965599767910 Axis Account 2566,2643,emi,upi,phonepe,axis,ocr_upi
abhi 335 rs. khareed lia Snapdeal ko debit card se sbi card se,335,shopping,card,,sbi,hinglish_natural
dopahar ko eye checkup 2508 rs Google Pay se,2508,healthcare,upi,gpay,,hinglish_natural
paid 23739 to car loan EMI through card from hdfc,23739,emi,card,,hdfc,voice_transcript
Rs1550.96 to YouTube Premium via cash sbi account,1550.96,entertainment,cash,,sbi,english_natural
"BILL
society maintenance
Rs 21
Google Pay
Thank You Visit Again",21,utilities,upi,gpay,,ocr_receipt
dentist R 2788 debited from Slice,2788,healthcare,cash,,slice,english_natural
concert ka ticket liya 38259 rupay slice pe,38259,entertainment,upi,slice,,hinglish_natural
"gas bill
Net Amount 629.72
Paid via gpay",629.72,utilities,upi,gpay,hdfc,ocr_receipt
subah Pooja 209 rs slice se pay kar diya,209,friends,upi,slice,,hinglish_natural
Snapdeal 1686.02 PayTM,1686.02,shopping,upi,paytm,,english_natural
Water bill INR 20388,20388,utilities,upi,gpay,,source_english
R 2279 debited from your State Bank account for coaching (Paytm UPI),2279,education,upi,paytm,sbi,ocr_upi
241 rs petrol bharaa Indian Oil pe card se matlab,241,travel,card,,,hinglish_natural
Amit se dost ko diyee 184 rupaiye ka UPI se pay kr diya sbi se,184,friends,upi,bhim,sbi,hinglish_natural
friend 2597.91,2597.91,friends,upi,phonepe,,english_natural
Home loan EMI INR 38465,38465,emi,card,,,source_english
PPF se stock lia 381 ₹ ka card se,381,investment,card,,,hinglish_natural
Rohan ko 4441 transfer kiya Fi Money se,4441,friends,upi,fi,,friends_synthetic
exam fee ₹112 phonepe,112,education,upi,phonepe,sbi,ocr_upi
Nykaa payment INR 2676 done via debit card,2676,shopping,card,,,english_natural
yaar ko 1407 transfer kiya cash se,1407,friends,cash,,,friends_synthetic
POS/NATURE'S BASKET/SLICE/1198,3175.65,food,upi,slice,,english_natural
paid Divya Rs.11191 via card,11191,friends,card,,,friends_synthetic
Chai Point 4071 Paytm Completed Kotak Mahindra 1491,4071,food,upi,paytm,kotak,ocr_upi
Hospital bill INR 12672,12672,healthcare,upi,phonepe,hdfc,source_english
mall me 39480 rupaiye ka khareed lia UPI se pay kiya,39480,shopping,upi,gpay,slice,hinglish_natural
today i spent 4336 on ACT Fibernet via Phonepe,4336,utilities,upi,phonepe,,voice_transcript
electricity bill se payment kiya 15154 rupaye ka UPI se diye,15154,utilities,upi,phonepe,,hinglish_natural
4639 bike loan EMI,4639,emi,card,,,english_natural
i paid 14522 rupees for EaseMyTrip using cred,14522,travel,upi,cred,,voice_transcript
Neha ko 56 transfer kiya Gpay se,56,friends,upi,gpay,,friends_synthetic
Paid Rs.1860.45 for McDonald's via cash,1860.45,food,cash,,,english_natural
"electricity bill BILL
St: 39660
PhonePe approved",39660,utilities,upi,phonepe,hdfc,ocr_receipt
today i spent 78 on Priya via gpay from my kotak bank,78,friends,upi,gpay,kotak,voice_transcript
"BILL
society maintenance
₹12723.85
Paytm
Thank You Visit Again",12723.85,utilities,upi,paytm,,ocr_receipt
bhai Croma pe 15207 rs. ka buy kar diya via SLICE,15207,shopping,upi,slice,,hinglish_natural
HP Petrol Rs 257 PayTM,257,travel,upi,paytm,,english_natural
Rohan se paise bheje 88 rs ka haath se de diye Union Bank account se,88,friends,cash,,union bank,hinglish_natural
sent money to yaar Rs 190 on phonepe,190,friends,upi,phonepe,,friends_synthetic
aaj RedBus ka cab liyaa 267 rupaiye UPI se pay kya,267,travel,upi,paytm,,hinglish_natural
23692 ka library bill pay kiya card se,23692,education,card,,,voice_transcript
Rahul ko 274 transfer kiya Fi Money se,274,friends,upi,fi,,friends_synthetic
367 rupaiye Subway cash de diya,15700,food,cash,,,source_hinglish
stationery 33897 Phonepe Completed Axis 7145,33897,education,upi,phonepe,axis,ocr_upi
kal Shreya ka dost ko die 254 rupay cash diyee,254,friends,cash,,,hinglish_natural
Practo me 1598 rupees ka medicine lya credit card se,1598,healthcare,card,,,hinglish_natural
Used HDFC NIYO to pay ₹141 for mutual fund,141,investment,upi,niyo,hdfc,english_natural
society maintenance 28481 Phonepe,28481,utilities,upi,phonepe,,english_natural
Coursera payment 37222 done via GPay,37222,education,upi,gpay,,english_natural
dopahar ko 158 rupaiye BYJU'S credit card se,158,education,card,,,hinglish_natural
164 rs. kiraya de diye Cleartrip pe debit card se sasta tha,164,travel,card,,,hinglish_natural
Reliance Digital pe 12495 rs. ka buy kiya card se,12495,shopping,card,,slice,hinglish_natural
"BILL
water bill
₹594
G Pay
Thank You Visit Again",594,utilities,upi,gpay,hdfc,ocr_receipt
rent maintenance gas connection 196 card,196,utilities,card,,,cue_row
"ELECTRICITY BILL
Item 1 Rs98
Item 2 Rs.414
Total ₹4408
phonepe",4408,utilities,upi,phonepe,,ocr_receipt
today i spent 7417 on INOX via card,7417,entertainment,card,,,voice_transcript
home loan car loan credit card EMI monthly Rs47 autopay Slice,47,emi,upi,slice,sbi,cue_row
"stocks 256 Completed 21Apr 2025,7:37 pm idfc 3151 UPI transaction ID 6571211860",256,investment,upi,gpay,idfc,ocr_upi
38484 rupaiye Swiggy UPI se,38484,food,upi,slice,indusind,hinglish_natural
Vedantu pe 2946 rupay ka admission kar diya G Pay se,2946,education,upi,gpay,,hinglish_natural
lab test ka dawai liyaa 41335 rupay UPI se,41335,healthcare,upi,paytm,axis,hinglish_natural
HDFC loan 2298 rupay card se pay kiyaa Kotak se kata,2298,emi,card,,kotak,hinglish_natural
Just paid ?46342 to dost through Phone Pe,46342,friends,upi,phonepe,,english_natural
1370 rs food order kya JioMart ko PayTM pe,22420,food,upi,paytm,sbi,source_hinglish
diagnostic R 2438.98 credit card,2438.98,healthcare,card,,icici,english_natural
abhi Karan ka udhar return kar diya 18671 rupees BHIM se pay kiya,18671,friends,upi,bhim,,hinglish_natural
Rs4839 paid to INOX via Phonepe UPI from State Bank Bank ending 6060,4839,entertainment,upi,phonepe,sbi,ocr_upi
yaar Tata Play pe 47451 rs. ka bill pay kar diya cred pe,24747,utilities,upi,cred,,source_hinglish
Spent 2762 on HDFC loan using debit card,2762,emi,card,,,english_natural
"ZEE5 RESTAURANT
Total 3530
Cash Received
Change 0.00",3530,entertainment,upi,slice,,ocr_receipt
Tata Play Rs 2282 CRED,2282,utilities,upi,cred,hdfc,ocr_upi
ATM/CASH/BANK/7929.20,7929.20,investment,card,,,english_natural
Behrouz 2961.90 Cred Successful RBL Bank 8827,2961.90,food,upi,cred,rbl,ocr_upi
Tata Play ka recharge kya 2380 rs. haath se diye,2380,utilities,cash,,,hinglish_natural
Uber me 45941 rupay ka petrol bharaa Phonepe pe,45941,travel,upi,phonepe,icici,hinglish_natural
PVR 3704,3704,entertainment,upi,gpay,,english_natural
Just paid ₹32368.33 to Amazon Prime through cash,32368.33,entertainment,cash,,sbi,english_natural
personal loan installment EMI deduction Rs2702 card,2702,emi,card,,,cue_row
"BILL
electronics store
Rs81
CARD
Thank You Visit Again",81,shopping,card,,,ocr_receipt
Haldirams ?4649 paytm,4649,food,upi,paytm,hdfc,ocr_upi
cafe 2724 rupees naqad sasta tha,2724,food,cash,,,hinglish_natural
broadband 5321 rupees haath se diy,5321,utilities,cash,,,hinglish_natural
today i spent 558 on electronics store via card,558,shopping,card,,,voice_transcript
lunch dinner food order swiggy zomato restaurant meal Rs.360 cash,360,food,cash,,,cue_row
today i spent 47347 on Haldirams via PhonePe from my IDFC bank,47347,food,upi,phonepe,idfc,voice_transcript
Amazon se buy kiya 104 rs. ka UPI se pay kia,104,shopping,upi,paytm,,hinglish_natural
home loan EMI me 3923 rupaiye ka EMI kat gayi via Slice,3923,emi,upi,slice,,hinglish_natural
"BILL
Practo
Rs.12273
GPay
Thank You Visit Again",12273,healthcare,upi,gpay,,ocr_receipt
4227 charged for mutual fund on fi,4227,investment,upi,fi,niyo,english_natural
"dentist BILL
St: 3122.57
CASH Approved",3122.57,healthcare,cash,,,ocr_receipt
paid 1194 to Vikram through cash from Niyo,1194,friends,cash,,niyo,voice_transcript
Starbucks pe 26494 rupay ka khana khaya credit card se yaar,20350,food,card,,,source_hinglish
school fees 334 rupaiye SLICE pe SBI se kata,334,education,upi,slice,sbi,hinglish_natural
"gaming
Net Amount 24047.08
Paid via NIYO",24047.08,entertainment,upi,niyo,,ocr_receipt
Lenskart me 1960 ₹ ka checkup karaya UPI se,1960,healthcare,upi,phonepe,,hinglish_natural
aaj Biryani Blues me 220 ₹ ka khana kha liya cash de diya hdfc wale account se,39223,food,cash,,hdfc,source_hinglish
i paid 3598 rupees for Subway using card,3598,food,card,,,voice_transcript
2470 rupaiye bill bhara mobile recharge ko PhonePe se pay kiyaa,2470,utilities,upi,phonepe,,hinglish_natural
Kuvera ka 47738 rupees ka bill jupiter se pay kiya,47738,investment,upi,jupiter,jupiter,voice_transcript
"ACT FIBERNET RESTAURANT
Total 302
Cash Received
Change 0.00",302,utilities,upi,niyo,,ocr_receipt
"Subway BILL
St: INR 81.05
CASH APPROVED",81.05,food,cash,,,ocr_receipt
home loan car loan credit card EMI monthly Rs.4108 autopay card,4108,emi,card,,icici,cue_row
i paid 42728 rupees for Bajaj Finance EMI using Phonepe,42728,emi,upi,phonepe,kotak,voice_transcript
i did 28847 expense on Ola using cash,28847,travel,cash,,,voice_transcript
i did 41420 expense on colleague using cash,41420,friends,cash,,niyo,voice_transcript
mobile recharge ka payment kr diya 494 card se pay kiya,494,utilities,card,,,hinglish_natural
Rapido payment INR 41406.04 done via Mastercard,41406.04,travel,card,,,english_natural
subah 8968 rupay rent debit card se yaar,31776,utilities,card,,axis,source_hinglish
Pooja ko 3126 transfer kiya Gpay se,3126,friends,upi,gpay,hdfc,friends_synthetic
i did 2062 expense on Ola using card,2062,travel,card,,idfc,voice_transcript
BSNL 455 rupaye cash de diye,47207,utilities,cash,,,source_hinglish
357 charged for stationery on cash,357,education,cash,,,english_natural
3087 ₹ Groww gpay se pay kya,3087,investment,upi,gpay,,hinglish_natural
"TAX INVOICE
electricity bill
Grand Total: Rs 5916
Payment: jupiter",5916,utilities,upi,jupiter,,ocr_receipt
flight booking travel ticket Rs.31635 cash,31635,travel,cash,,,cue_row
Paid ₹121 to coaching PayTM UPI ICICI 1432 Successful,121,education,upi,paytm,icici,ocr_upi
Burger King pe 2668 ₹ ka kha liya UPI se diyee,2668,food,upi,paytm,sbi,hinglish_natural
TO:HDFCLOAN hdfcloan.31997@statebankbank From:RAHULKUMAR (State Bank G Pay : sender9215@okstatebankbank,219.16,emi,upi,gpay,sbi,ocr_upi
₹438 charged for YouTube Premium on Mastercard,438,entertainment,card,,,english_natural
BookMyShow se subscription renew kiya 55 rupay ka card se pay kr diya,55,entertainment,card,,,hinglish_natural
diagnostic se doctor ko de diya 386 rupaye ka UPI se de diya,386,healthcare,upi,paytm,fi,hinglish_natural
bhai Nykaa ka 134 rupaye phonepe se de diya,134,shopping,upi,phonepe,,voice_transcript
"CONCERT RESTAURANT
Total 424
Cash Received
Change 0.00",424,entertainment,card,,,ocr_receipt
Air India se cab lya 115 rs. ka Phone Pe se pay kia,115,travel,upi,phonepe,,hinglish_natural
ACT Fibernet se payment kia 44929 rs. ka PhonePe pe,44929,utilities,upi,phonepe,slice,hinglish_natural
INR 1634 charged for Vikram on Niyo,1634,friends,upi,niyo,,english_natural
hospital 254,254,healthcare,card,,,english_natural
POS/MYNTRA/SLICE/6733,2752,shopping,upi,slice,sbi,english_natural
sent money to friend Rs22245 on gpay,22245,friends,upi,gpay,,friends_synthetic
Payment of Rs3789 to flatmate was successful via cred UPI Ref No 188156754135455 Kotak Mahindra Account 4851,3789,friends,upi,cred,kotak,ocr_upi
"Receipt #9540
1mg
Amount Paid: Rs.6451.51
Mode: SLICE",6451.51,healthcare,upi,slice,,ocr_receipt
Rs.4889 to SIP via cred,4889,investment,upi,cred,,english_natural
Spent ₹25421.41 on colleague using BHIM,25421.41,friends,upi,bhim,,english_natural
raat ko Vi recharge se bill pay kia 4546 ka Phonepe pe,4546,utilities,upi,phonepe,,hinglish_natural
Rahul ko 3025 transfer kiya GPay se,3025,friends,upi,gpay,,friends_synthetic
aaj lab test pe 2531 rupaye kharcha hua card se,2531,healthcare,card,,,voice_transcript
Vi recharge ka 246 rupees ka bill Slice se pay kiya,246,utilities,upi,slice,,voice_transcript
paid 19438 to Bewakoof through card,19438,shopping,card,,,voice_transcript
Paid ACT Fibernet Rs3841.57 using cash,3841.57,utilities,cash,,,english_natural
raat ko 3346 khana khya Chai Point pe UPI se pay kr diya,3346,food,upi,gpay,,hinglish_natural
212 rs fees bhara books ko credit card se NIYO wale account se,212,education,card,,niyo,hinglish_natural
29504 rupees SIP bhra Angel One pe Paytm se pay kr diya,29504,investment,upi,paytm,,hinglish_natural
480 cred Rapido,480,travel,upi,cred,,english_natural
auto se ride liyaa 21520 rupay ka Cred se pay kiya budget tod diya,21520,travel,upi,cred,,hinglish_natural
"Lenskart BILL
St: ₹486.28
PayTM approved",486.28,shopping,upi,paytm,,ocr_receipt
Rs.4901 debited from your Axis account for McDonald's (jupiter UPI),4901,food,upi,jupiter,axis,ocr_upi
INR 44804.17 to food court via credit card,44804.17,food,card,,,english_natural
metro 33544 Visa,33544,travel,card,,idfc,english_natural
raat ko BSNL ka bill pay kiya 315 haath se diy,315,utilities,cash,,,hinglish_natural
hospital doctor pharmacy medicine diagnostic Rs.34733 BHIM,34733,healthcare,upi,bhim,,cue_row
Ola ka ticket book kr diya 2281 rupees naqad,2281,travel,cash,,slice,hinglish_natural
electronics store 1127.07 G Pay,1127.07,shopping,upi,gpay,fi,english_natural
Medical test charges INR 15222,15222,healthcare,upi,slice,sbi,source_english
₹323 charged for exam fee on cred,323,education,upi,cred,axis,english_natural
Divya ko 4798 transfer kiya cash se,4798,friends,cash,,icici,friends_synthetic
society maintenance ka bill bhra 9014 rupaye haath se diye HDFC account se budget tod diya,9014,utilities,cash,,hdfc,hinglish_natural
Bought friend for Rs3069 with cash,3069,friends,cash,,rbl,english_natural
INR 136 charged for Ananya on G Pay,136,friends,upi,gpay,,english_natural
45727 udhar return kar diya Arjun pe UPI se diy State Bank card se,45727,friends,upi,gpay,sbi,hinglish_natural
9157 rupaye education loan EMI card se,9157,emi,card,,,hinglish_natural
Coursera se course le liya 3415 rs ka credit card se,3415,education,card,,,hinglish_natural
electricity water broadband mobile recharge bill t4185 CRED,4185,utilities,upi,cred,,cue_row
split bill 318 cash se Neha ko diya,318,friends,cash,,,friends_synthetic
Vi recharge me 282 rs. ka bill bhara credit card se,282,utilities,card,,,hinglish_natural
paid 5721 to school fees through cash from Axis,5721,education,cash,,axis,voice_transcript
dost Karan ko 306 rupaye paytm se bheje,306,friends,upi,paytm,,friends_synthetic
ET Money mein 35677 lag gaye jupiter se bhara,35677,investment,upi,jupiter,axis,voice_transcript
netflix spotify hotstar subscription movie show 793 card,793,entertainment,card,,,cue_row
raat ko 49438 show dekha Spotify pe debit card se,49438,entertainment,card,,idfc,hinglish_natural
Payment of 3098 to Reliance Digital was successful via PayTM UPI Ref No 92662547800 HDFC Account 6415,3098,shopping,upi,paytm,hdfc,ocr_upi
Spent ₹27051 on Groww using Google Pay,27051,investment,upi,gpay,jupiter,english_natural
Netflix 2823.37 Gpay,2823.37,entertainment,upi,gpay,,english_natural
crypto gold bonds NPS portfolio 399 GPay,399,investment,upi,gpay,,cue_row
dost colleague ko 124 rupaye Bhim se bheje,124,friends,upi,bhim,,friends_synthetic
3254 Jupiter bhai,3254,friends,upi,jupiter,,english_natural
personal loan installment EMI deduction ₹3467 PayTM,3467,emi,upi,paytm,,cue_row
Home loan EMI INR 29470,29470,emi,card,,sbi,source_english
Spent Rs.4014 on Bajaj Finance EMI using Visa,4014,emi,card,,,english_natural
crypto se invest kr diya 3722 rupaiye ka via Slice,3722,investment,upi,slice,hdfc,hinglish_natural
mutual fund SIP stocks PPF FD investment Rs.158 phonepe,158,investment,upi,phonepe,yes bank,cue_row
raat ko auto se petrol bhara 47339 rupay ka card se ICICI Bank wale account se,47339,travel,card,,icici,hinglish_natural
aaj Reliance Digital pe 70 rupaye kharcha hua card se,70,shopping,card,,,voice_transcript
Shreya mein 2232 lag gaye card se bhara,2232,friends,card,,niyo,voice_transcript
Apple Music ka ticket liyaa 498 rs. haath se diye zyada ho gaya,498,entertainment,cash,,,hinglish_natural
i paid 3966 rupees for BookMyShow using cred,3966,entertainment,upi,cred,jupiter,voice_transcript
"H&M
Item 1 ₹132
Item 2 INR 290
Total 4850
Phone Pe",4850,shopping,upi,phonepe,hdfc,ocr_receipt
Clothing store bill INR 5495,5495,shopping,upi,paytm,,source_english
school college tuition course books fees ₹15163 card,15163,education,card,,,cue_row
ATM/CASH/BANK/46375,46375,friends,cash,,,english_natural
ATM/CASH/BANK/46556,46556,entertainment,upi,phonepe,,english_natural
Rs.46059 charged for Yatra on debit card,46059,travel,card,,hdfc,english_natural
155 rupaiye EMI bharaa personal loan EMI pe debit card se budget tod diya,155,emi,card,,icici,hinglish_natural
sent ?1113 to friend on G Pay split bill UPI,1113,friends,upi,gpay,,cue_row
42816 ka FD bill pay kiya Phone Pe se,42816,investment,upi,phonepe,,voice_transcript
"Hotstar BILL
St: Rs.46779.77
CARD approved",46779.77,entertainment,card,,sbi,ocr_receipt
"LENSKART RESTAURANT
Total 196
Cash Received
Change 0.00",196,healthcare,upi,paytm,icici,ocr_receipt
Bought bhai for INR 14829 with cash,14829,friends,cash,,,english_natural
phonepe payment Rs123 DMart kotak 1712 successful,123,food,upi,phonepe,kotak,ocr_upi
33170 rupees Goibibo cash,33170,travel,cash,,,voice_transcript
Paid ₹33018 for HDFC loan from my HDFC account via card,33018,emi,card,,hdfc,english_natural
crypto gold bonds NPS portfolio t2821 card,2821,investment,card,,,cue_row
office se aate hue Zee5 ka game liyaa 35998 PayTM se pay kiyaa bohot mehenga,5,entertainment,upi,paytm,,hinglish_natural
Just paid ₹40719 to Amit through Slice,40719,friends,upi,slice,fi,english_natural
home loan EMI me 395 rs ka EMI kat gayi debit card se,395,emi,card,,,hinglish_natural
water bill 34625 ₹ cash me achha deal mila,34625,utilities,cash,,hdfc,hinglish_natural
mutual fund SIP stocks PPF FD investment ₹4248 paytm,4248,investment,upi,paytm,,cue_row
Just paid Rs865.58 to electricity bill through slice,865.58,utilities,upi,slice,,english_natural
UPI/39151322/METRO/BANK,139.39,travel,card,,,english_natural
paid back friend lent money Rs434 phonepe,434,friends,upi,phonepe,,cue_row
flatmate ka udhar return kya 2440 rupees UPI se de diye,2440,friends,upi,gpay,bob,hinglish_natural
abhi dentist me 2658 rupaye ka medicine lya SLICE se,2658,healthcare,upi,slice,,hinglish_natural
IRCTC ka ticket book kr diya 1575 rupaiye cash diyee,1575,travel,cash,,,hinglish_natural
NEFT/TRANSFER/BIKE LOAN EMI/IDFC,297,emi,upi,paytm,idfc,english_natural
"D KARAN 163 Completed 28Mar 2026,6:50 pm HDFC Bank Bank 9503 UPI transaction ID 30506998758525 TO:KARAN karan.74007@hdfc bankbank Soogletransaction lD XYZabc259876 OPI Jupiter",163,friends,upi,jupiter,hdfc,ocr_upi
INR 2040 to bhai card UPI,2040,friends,card,,,friends_synthetic
Rs.873 to coaching via phonepe,873,education,upi,phonepe,,english_natural
"DOCTOR RESTAURANT
Total 161
Cash Received
Change 0.00",161,healthcare,card,,sbi,ocr_receipt
mobile recharge Rs3898.27 debited from hdfc,3898.27,utilities,upi,slice,hdfc,english_natural
Spent Rs.481.67 on SIP using Mastercard,481.67,investment,card,,icici,english_natural
365.59 paid to broadband via Gpay UPI from hdfc Bank ending 9440,365.59,utilities,upi,gpay,hdfc,ocr_upi
18064 ₹ udhar return kiyaa Pooja ko Fi se,18064,friends,upi,fi,,hinglish_natural
yaar 4117 rupaiye khareed le liya Flipkart pe GPay se pay kar diya,4117,shopping,upi,gpay,,hinglish_natural
electronics store ka buy kia 416 ₹ credit card se,416,shopping,card,,,hinglish_natural
auto ₹48555.94 Gpay,48555.94,travel,upi,gpay,axis,ocr_upi
?16662.86 charged for Rahul on phonepe,16662.86,friends,upi,phonepe,idfc,english_natural
flatmate rent share 9375 cash friend,9375,friends,cash,,bob,friends_synthetic
Croma ka 472 rupees ka bill card se pay kiya,472,shopping,card,,fi,voice_transcript
dinner split 191 rupaye colleague cash,191,friends,cash,,,friends_synthetic
Haldirams se food order kar diya 433 rupees ka UPI se pay kiyaa Niyo se,433,food,upi,slice,niyo,hinglish_natural
?27621 charged for MedPlus on SLICE,27621,healthcare,upi,slice,,english_natural
Electricity bill payment INR 19204,19204,utilities,upi,bhim,,source_english
Barbeque Nation Rs 16157.74 paytm,16157.74,food,upi,paytm,,english_natural
dinner split 4516 rupaye roommate Phonepe,4516,friends,upi,phonepe,hdfc,friends_synthetic
Amit ko 190 transfer kiya bhim se,190,friends,upi,bhim,,friends_synthetic
Paid INR 1114.07 for HDFC loan via BHIM,1114.07,emi,upi,bhim,,english_natural
restaurant ka food order kiya 440 rupaiye via G Pay,440,food,upi,gpay,niyo,hinglish_natural
Dunkin se mangwaya 2187 rs ka cash me,2187,food,cash,,,hinglish_natural
4898 rupees cab lia auto pe debit card se NIYO card se,4898,travel,card,,niyo,hinglish_natural
split bill 447 card se roommate ko diya,447,friends,card,,,friends_synthetic
grocery vegetables milk bread fruits Rs 4693 paid Gpay,4693,food,upi,gpay,pnb,cue_row
coaching exam preparation study material 272 CRED,272,education,upi,cred,,cue_row
netflix spotify hotstar subscription movie show ₹4686 card,4686,entertainment,card,,sbi,cue_row
colleague 476 ₹ debit card se HDFC Bank se,476,friends,card,,hdfc,hinglish_natural
auto pe 379 rupay ka cab liya debit card se,379,travel,card,,,hinglish_natural
Bought electricity bill for Rs.4974 with gpay,4974,utilities,upi,gpay,pnb,english_natural
i paid 2116 rupees for EaseMyTrip using card,2116,travel,card,,kotak,voice_transcript
Amit ka dost ko diye 3789 UPI se pay kr diya,3789,friends,upi,phonepe,,hinglish_natural
paid Neha ₹391 via G Pay,391,friends,upi,gpay,sbi,friends_synthetic
Paid 332.29 to Bajaj Finance EMI gpay UPI ICICI 5700 Successful,332.29,emi,upi,gpay,icici,ocr_upi
Paytm Money 3720 niyo Completed HDFC 1742,3720,investment,upi,niyo,hdfc,ocr_upi
spent 15884 rupees on upGrad via gpay,15884,education,upi,gpay,,voice_transcript
Payment of Rs.47237.84 to Flipkart was successful via Phonepe UPI Ref No 55462228476 Kotak Account 5181,47237.84,shopping,upi,phonepe,kotak,ocr_upi
coaching exam preparation study material 57 card,57,education,card,,,cue_row
Phone Pe payment Rs 3008 BookMyShow State Bank 4997 completed,3008,entertainment,upi,phonepe,sbi,ocr_upi
sent money to roommate Rs 834 on phonepe,834,friends,upi,phonepe,,friends_synthetic
NIYO payment t428.56 EatFit State Bank 7968 completed,428.56,food,upi,niyo,sbi,ocr_upi
broadband 384 rs. Phonepe se matlab,21746,utilities,upi,phonepe,,source_hinglish
MARKET INR 174,174,shopping,card,,,english_natural
spent 323 rupees on BookMyShow via card,323,entertainment,card,,hdfc,voice_transcript
Payment of Rs.41847 to Unacademy was successful via PhonePe UPI Ref No 050810563586990 ICICI Bank Account 1263,41847,education,upi,phonepe,icici,ocr_upi
Just paid Rs4134 to market through card,4134,shopping,card,,,english_natural
books 159 phonepe,159,education,upi,phonepe,sbi,ocr_upi
POS/JIOCINEMA/PHONEPE/9232,1181,entertainment,upi,phonepe,axis,english_natural
1082 rupaiye checkup karaya clinic pe credit card se,1082,healthcare,card,,fi,hinglish_natural
12368 home loan EMI,12368,emi,card,,sbi,english_natural
Phone Pe payment 363 Practo ICICI Bank 6399 completed,363,healthcare,upi,phonepe,icici,ocr_upi
rent maintenance gas connection ₹3606 card,3606,utilities,card,,,cue_row
"CONCERT RESTAURANT
Total 166.07
Cash Received
Change 0.00",166.07,entertainment,upi,gpay,,ocr_receipt
school college tuition course books fees INR 474 cash,474,education,cash,,pnb,cue_row
t3067 paid to Udemy via Slice UPI from hdfc Bank ending 1677,3067,education,upi,slice,hdfc,ocr_upi
MakeMyTrip 4225 State Bank,4225,travel,cash,,sbi,english_natural
Air India payment INR 1583 done via credit card,1583,travel,card,,,english_natural
clinic ka test karaya 4930 rs. cash me,4930,healthcare,cash,,,hinglish_natural
home loan car loan credit card EMI monthly Rs4119 autopay card,4119,emi,card,,hdfc,cue_row
POS/RELIANCE FRESH/CREDIT CARD/4518,151.78,food,card,,bob,english_natural
rent se bill bhara 1394 ka credit card se sbi se kata,11347,utilities,card,,sbi,source_hinglish
Spent ₹339 on JioMart using debit card,339,food,card,,,english_natural
Paid Rs 214 for rickshaw via debit card,214,travel,card,,hdfc,english_natural
Bewakoof 7350,7350,shopping,upi,phonepe,,english_natural
Payment of R 20213 to PVR was successful via bhim UPI Ref No 68779388949 axis Account 9372,20213,entertainment,upi,bhim,axis,ocr_upi
spent 38276 rupees on electricity bill via Google Pay,38276,utilities,upi,gpay,,voice_transcript
ghar jaate waqt yaar ka udhar return kia 492 rs GPay se pay kar diya achha deal mila,492,friends,upi,gpay,kotak,hinglish_natural
EaseMyTrip 2695,2695,travel,upi,phonepe,,english_natural
"BSNL
Item 1 Rs.168
Item 2 198
Total Rs 3577.78
CARD",3577.78,utilities,card,,,ocr_receipt
bhai 3068 rupees UPI se diy,3068,friends,upi,gpay,fi,hinglish_natural
personal loan EMI 390 rs. UPI se zyada ho gaya,390,emi,upi,cred,,hinglish_natural
dinner split 3170 rupaye Shreya Google Pay,3170,friends,upi,gpay,,friends_synthetic
Payment of ₹356.59 to HDFC loan was successful via BHIM UPI Ref No 656841546351 State Bank Account 4548,356.59,emi,upi,bhim,sbi,ocr_upi
kal upGrad pe 30042 ₹ ka admission kiya cash diyee NIYO account se,30042,education,cash,,niyo,hinglish_natural
"BILL
broadband
INR 2015.82
PhonePe
Thank You Visit Again",2015.82,utilities,upi,phonepe,canara,ocr_receipt
250 rs installment die Bajaj Finance EMI pe UPI se pay kia,250,emi,upi,gpay,,hinglish_natural
Bought Haldirams for Rs.468 with gpay,468,food,upi,gpay,,english_natural
3958 ka education loan EMI bill pay kiya card se,3958,emi,card,,,voice_transcript
yaar society maintenance me 2239 rupaye ka bill pay kya gpay pe Fi Money wale account se,2239,utilities,upi,gpay,fi,hinglish_natural
society maintenance 2753 rupaiye via Fi,2753,utilities,upi,fi,,hinglish_natural
42796 rupay khareed liyaa electronics store pe via GPay,42796,shopping,upi,gpay,,hinglish_natural
netflix spotify hotstar subscription movie show Rs 1913 jupiter,1913,entertainment,upi,jupiter,,cue_row
Bought Spotify for Rs22240 with debit card,22240,entertainment,card,,kotak,english_natural
3641 metro cash me,3641,travel,cash,,,hinglish_natural
aaj hospital pe 3598 rupaye kharcha hua BHIM se,3598,healthcare,upi,bhim,,voice_transcript
bhai ka 4762 rupees ka bill GPay se pay kiya,4762,friends,upi,gpay,,voice_transcript
4515.47 cash Unacademy,4515.47,education,cash,,,english_natural
3412 rupaye checkup karaya Practo ko credit card se,3412,healthcare,card,,,hinglish_natural
office se aate hue 3863 rupay MakeMyTrip credit card se,3863,travel,card,,,hinglish_natural
mutual fund 22997 rupaye UPI se pay kiya sasta tha,22997,investment,upi,gpay,,hinglish_natural
"BROADBAND
Item 1 ₹421
Item 2 ₹345
Total ₹112.30
slice",112.30,utilities,upi,slice,icici,ocr_receipt
23091 ka Priya bill pay kiya Gpay se,23091,friends,upi,gpay,,voice_transcript
school fees ka tuition diyee 4003 rupaye cash die axis se,4003,education,cash,,axis,hinglish_natural
37090 rupaiye recharge kiyaa gas bill ko UPI se diye Bank of Baroda account se,37090,utilities,upi,niyo,bob,hinglish_natural
JioCinema 11999.39,11999.39,entertainment,card,,,english_natural
spent 40355 rupees on NPS via card,40355,investment,card,,,voice_transcript
JioMart se food order kar diya 4006 rs. ka UPI se diye,4006,food,upi,bhim,,hinglish_natural
BSNL ka bill pay kiyaa 69 rupaiye naqad NIYO card se,69,utilities,cash,,niyo,hinglish_natural
exam fee mein 34727 lag gaye gpay se bhara,34727,education,upi,gpay,,voice_transcript
i paid 180 rupees for home loan EMI using card,180,emi,card,,,voice_transcript
Neha INR 129.49 debited from Yes Bank,129.49,friends,upi,phonepe,yes bank,english_natural
201 rs Lenskart Paytm pe bohot mehenga,201,shopping,upi,paytm,,hinglish_natural
Bought Paytm Money for Rs.8293 with card,8293,investment,card,,,english_natural
i did 10456 expense on bike loan EMI using card,10456,emi,card,,,voice_transcript
Paid Rs3328 for mall via cash,3328,shopping,cash,,,english_natural
hospital doctor pharmacy medicine diagnostic Rs.47727 Paytm,47727,healthcare,upi,paytm,,cue_row
Paid ₹2079.25 to Angel One NIYO UPI Indusind Bank 4748 Done,2079.25,investment,upi,niyo,indusind,ocr_upi
Coin 1528 rupay card se Jupiter account se,1528,investment,card,,jupiter,hinglish_natural
Phonepe payment 205 Air India kotak 2298 done,205,travel,upi,phonepe,kotak,ocr_upi
2140 rs. Kuvera credit card se matlab,2140,investment,card,,,hinglish_natural
"TAX INVOICE
JioMart
Grand Total: Rs.2922
Payment: GPay",2922,food,upi,gpay,kotak,ocr_receipt
Just paid ₹43 to flatmate through cash,43,friends,cash,,axis,english_natural
"Lenskart BILL
St: 349.64
CARD Approved",349.64,healthcare,card,,,ocr_receipt
dinner split 4488 rupaye Divya Paytm,4488,friends,upi,paytm,,friends_synthetic
electricity water broadband mobile recharge bill 39135 paytm,39135,utilities,upi,paytm,,cue_row
Spent t435 on Practo using PhonePe,435,healthcare,upi,phonepe,jupiter,english_natural
rent maintenance gas connection Rs.3625 Phonepe,3625,utilities,upi,phonepe,,cue_row
bhai Spotify ka 1154 rupaye phonepe se de diya,1154,entertainment,upi,phonepe,kotak,voice_transcript
i paid 319 rupees for Indian Oil using card,319,travel,card,,,voice_transcript
₹183.33 charged for petrol pump on card,183.33,travel,card,,jupiter,english_natural
coaching payment Rs21469 done via Visa,21469,education,card,,,english_natural
spent 600 rupees on education loan EMI via jupiter,600,emi,upi,jupiter,,voice_transcript
"SPOTIFY RESTAURANT
Total 30138
Cash Received
Change 0.00",30138,entertainment,card,,,ocr_receipt
3272 rupaiye auto SLICE se pay kar diya,3272,travel,upi,slice,jupiter,hinglish_natural
dost bro ko 15948 rupaye phonepe se bheje,15948,friends,upi,phonepe,,friends_synthetic
society maintenance mein 3276 lag gaye Google Pay se bhara,3276,utilities,upi,gpay,sbi,voice_transcript
medical checkup lab test health insurance ₹1650 CRED,1650,healthcare,upi,cred,,cue_row
raat ko Coin 53 rs. PhonePe se pay kr diya,53,investment,upi,phonepe,,hinglish_natural
4707 rupay Ajio debit card se,4707,shopping,card,,,hinglish_natural
Game purchase INR 19731,19731,entertainment,upi,phonepe,,source_english
sent t433 to friend on slice split bill UPI,433,friends,upi,slice,,cue_row
145 rupay recharge kiyaa society maintenance pe via Phone Pe sbi se kata,145,utilities,upi,phonepe,sbi,hinglish_natural
electronics clothes shoes accessories purchase INR 165 via CRED,165,shopping,upi,cred,union bank,cue_row
kal credit card EMI 758 credit card se,758,emi,card,,,hinglish_natural
flatmate ka paise bheje 250 rs. UPI se,250,friends,upi,phonepe,hdfc,hinglish_natural
ATM/CASH/BANK/477.32,477.32,investment,card,,,english_natural
493 Zee5 UPI se pay kiyaa,43764,entertainment,upi,gpay,,source_hinglish
gaming concert event ticket Rs397 Paytm,397,entertainment,upi,paytm,bob,cue_row
BookMyShow ka game lia 491 ₹ haath se diye achha deal mila,491,entertainment,cash,,,hinglish_natural
yaar credit card EMI se EMI bharra 37525 rupees ka Paytm se pay kia bc,37525,emi,upi,paytm,,hinglish_natural
ghar jaate waqt bike loan EMI ka EMI kat gayi 370 rs UPI se pay kar diya,370,emi,upi,phonepe,hdfc,hinglish_natural
maine 742 rupaye RedBus ko diye card se,742,travel,card,,hdfc,voice_transcript
"TAX INVOICE
Dunkin
Grand Total: 4661.21
Payment: CASH",4661.21,food,cash,,,ocr_receipt
Arjun ko 263 transfer kiya PhonePe se,263,friends,upi,phonepe,,friends_synthetic
medical checkup lab test health insurance 115 card,115,healthcare,card,,,cue_row
"McDonald's
Net Amount 669.04
Paid via CRED",669.04,food,upi,cred,hdfc,ocr_receipt
amazon flipkart myntra online shopping order INR 108 card,108,shopping,card,,hdfc,cue_row
Paid Unacademy 32819.55 using cash,32819.55,education,cash,,,english_natural
raat ko 868 buy kiya Meesho ko credit card se,868,shopping,card,,,hinglish_natural
22301 ka BYJU'S bill pay kiya phonepe se,22301,education,upi,phonepe,,voice_transcript
"ACT Fibernet BILL
St: Rs.333
niyo approved",333,utilities,upi,niyo,,ocr_receipt
i paid 4357 rupees for mess using gpay,4357,food,upi,gpay,,voice_transcript
aaj dhaba pe 156 ka khana order kia naqad Canara Bank wale account se zyada ho gaya,156,food,cash,,canara,hinglish_natural
Ajio 603 rupay debit card se bohot mehenga,603,shopping,card,,sbi,hinglish_natural
"ZARA
Item 1 ₹299
Item 2 ₹77
Total 333
CARD",333,shopping,card,,hdfc,ocr_receipt
flatmate rent share 17877 G Pay Amit,17877,friends,upi,gpay,,friends_synthetic
"Receipt #7682
Amazon
Amount Paid: Rs.7200
Mode: CARD",7200,shopping,card,,sbi,ocr_receipt
Angel One 173 rs GPay se sasta tha,173,investment,upi,gpay,,hinglish_natural
Haldirams ka khana order kya 4094 rupees UPI se pay kiyaa matlab,4094,food,upi,paytm,axis,hinglish_natural
256 rupees eye checkup cash diye,256,healthcare,cash,,,hinglish_natural
Rohan payment t116 done via phonepe,116,friends,upi,phonepe,fi,english_natural
"Tata Play 8282 Completed 3Jun 2025,11:47 pm SBI 5179 UPI transaction ID 79086808835",8282,utilities,upi,bhim,sbi,ocr_upi
subah books se tuition diye 4670 rs. ka UPI se die zyada ho gaya,4670,education,upi,paytm,slice,hinglish_natural
464 rupay admission kiya college fees ko UPI se de diya,464,education,upi,paytm,,hinglish_natural
i did 480 expense on school fees using phonepe,480,education,upi,phonepe,,voice_transcript
"BILL
hospital
3380
G Pay
Thank You Visit Again",3380,healthcare,upi,gpay,,ocr_receipt
23321 Paytm clinic,23321,healthcare,upi,paytm,pnb,english_natural
100 NIYO Unacademy,100,education,upi,niyo,,english_natural
Paid 112.66 for Netflix via debit card,112.66,entertainment,card,,,english_natural
1349 rs doctor ko diye Practo pe card se pay kiyaa,17396,healthcare,card,,,source_hinglish
subah Pizza Hut 8449 rupay UPI se pay kr diya,3878,food,upi,paytm,,source_hinglish
Uber 2658,2658,travel,card,,,english_natural
322 rupees personal loan EMI card Slice account,322,emi,card,,slice,voice_transcript
aaj Pooja pe 3665 rupaye kharcha hua GPay se,3665,friends,upi,gpay,,voice_transcript
INR 38131 paid to concert via Phone Pe UPI from Punjab National Bank Bank ending 6028,38131,entertainment,upi,phonepe,pnb,ocr_upi
kal 234 rupaye saman liyaa mall ko card se pay kya,234,shopping,card,,,hinglish_natural
"Reliance Digital BILL
St: ₹257
CASH approved",257,shopping,cash,,,ocr_receipt
2011 rupees insurance premium Cred Jupiter account,2011,utilities,upi,cred,jupiter,voice_transcript
ATM/CASH/BANK/476,476,utilities,upi,gpay,,english_natural
aaj IRCTC ka cab lia 413 rs. cash diye State Bank se,413,travel,cash,,sbi,hinglish_natural
doctor ₹12976 SLICE,12976,healthcare,upi,slice,icici,ocr_upi
sent money to Pooja Rs2842 on GPay,2842,friends,upi,gpay,,friends_synthetic
paid Pooja R 1215 via Phone Pe,1215,friends,upi,phonepe,axis,friends_synthetic
split bill 440 phonepe se Ananya ko diya,440,friends,upi,phonepe,,friends_synthetic
crypto gold bonds NPS portfolio Rs 6385 card,6385,investment,card,,,cue_row
TO:BROADBAND broadband.56034@kotakbank From:AMITSINGH (kotak PayTM : sender7257@okkotakbank,3844,utilities,upi,paytm,kotak,ocr_upi
"BILL
Vi recharge
Rs65
Gpay
Thank You Visit Again",65,utilities,upi,gpay,,ocr_receipt
ghar jaate waqt 428 rupaye Meesho credit card se,428,shopping,card,,,hinglish_natural
HOME LOAN EMI INR 159.87 ICICI BANK,159.87,emi,card,,icici,english_natural
Bought Udemy for ₹41240.94 with cash,41240.94,education,cash,,,english_natural
grocery vegetables milk bread fruits Rs.2138 paid gpay,2138,food,upi,gpay,,cue_row
229 Visa education loan EMI,229,emi,card,,,english_natural
TO:AIRTELRECHARGE airtelrecharge.91436@hdfcbankbank From:AMITSINGH (HDFC Bank PhonePe : user7165@okhdfcbankbank,25416,utilities,upi,phonepe,hdfc,ocr_upi
POS/BIKE LOAN EMI/CARD/4666,336.68,emi,card,,niyo,english_natural
"TAX INVOICE
gas bill
Grand Total: Rs.29948
Payment: Slice",29948,utilities,upi,slice,icici,ocr_receipt
Bharat Petroleum 15892.40 paytm Successful ICICI Bank 9284,15892.40,travel,upi,paytm,icici,ocr_upi
Nature's Basket 1961 rupaye slice se Kotak account se,1961,food,upi,slice,kotak,hinglish_natural
FreshMenu 4723.73 PayTM,4723.73,food,upi,paytm,,english_natural
paid 676 to mutual fund through PhonePe from IDFC First,676,investment,upi,phonepe,idfc,voice_transcript
kal bro ka split kar diya 36013 rupay UPI se pay kr diya HDFC Bank se,36013,friends,upi,phonepe,hdfc,hinglish_natural
25208 rupaiye 1mg Gpay se pay kiyaa,25208,healthcare,upi,gpay,,hinglish_natural
Phone Pe payment t2751 Rahul hdfc 2924 successful,2751,friends,upi,phonepe,hdfc,ocr_upi
Pooja Rs 2817 Paytm,2817,friends,upi,paytm,slice,english_natural
Lenskart 313 PayTM,313,shopping,upi,paytm,hdfc,ocr_upi
78 rupaiye Pizza Hut via Cred,78,food,upi,cred,,hinglish_natural
Rs 2258 to Goibibo via PhonePe,2258,travel,upi,phonepe,,english_natural
dinner split 891 rupaye Karan PayTM,891,friends,upi,paytm,sbi,friends_synthetic
aaj 384 rupaiye admission kia school fees pe bhim pe Jupiter se kata achha deal mila,384,education,upi,bhim,jupiter,hinglish_natural
Biryani Blues se khana kha liya 1229 rs ka naqad Niyo se kata,1229,food,cash,,niyo,hinglish_natural
car loan EMI ka installment diy 14836 paytm se sasta tha,14836,emi,upi,paytm,slice,hinglish_natural
612 rupees EaseMyTrip card,612,travel,card,,,voice_transcript
UPI/65748209/ZARA/BANK,13023,shopping,card,,,english_natural
INR 227 to EatFit via cash HDFC Bank account,227,food,cash,,hdfc,english_natural
1135 rupaiye tuition diy exam fee pe debit card se,49632,education,card,,,source_hinglish
"SPOTIFY RESTAURANT
Total 39233.88
Cash Received
Change 0.00",39233.88,entertainment,card,,,ocr_receipt
2694 ka Flipkart bill pay kiya card se,2694,shopping,card,,,voice_transcript
SLICE payment Rs.2054 RedBus icici 6250 successful,2054,travel,upi,slice,icici,ocr_upi
eye checkup pe 463 rupay ka dawai le liya Phone Pe se pay kar diya ICICI wale account se,463,healthcare,upi,phonepe,icici,hinglish_natural
Rapido me 36862 ₹ ka petrol bhar diya UPI se die zyada ho gaya,36862,travel,upi,paytm,,hinglish_natural
3449 rupay Bajaj Finance EMI UPI se diye,3449,emi,upi,slice,,hinglish_natural
Pooja ka udhar return kia 3820 ₹ card se pay kar diya,3820,friends,card,,,hinglish_natural
314 BookMyShow UPI se pay kar diya yaar,314,entertainment,upi,jupiter,,hinglish_natural
gpay payment Rs 70.23 Tata CLiQ ICICI 1910 successful,70.23,shopping,upi,gpay,icici,ocr_upi
₹3223 charged for Goibibo on Visa,3223,travel,card,,,english_natural
flatmate pe 249 ₹ ka udhar return kar diya via Fi slice se kata,249,friends,upi,fi,slice,hinglish_natural
Spent Rs259.54 on Rapido using debit card,259.54,travel,card,,axis,english_natural
"BILL
Myntra
16359.93
CARD
Thank You Visit Again",16359.93,shopping,card,,,ocr_receipt
diagnostic payment ₹453 done via Cred,453,healthcare,upi,cred,,english_natural
Neha me 1486 rupay ka dost ko de diye haath se diyee,1486,friends,cash,,sbi,hinglish_natural
412 ka Goibibo bill pay kiya cash se Union Bank se kata,412,travel,cash,,union bank,voice_transcript
"BILL
Chai Point
2354
slice
Thank You Visit Again",2354,food,upi,slice,,ocr_receipt
Spotify me 4338 rupay ka show dekha cash die,4338,entertainment,cash,,,hinglish_natural
Bought Box8 for ?27590 with debit card,27590,food,card,,,english_natural
TO:BLINKIT blinkit.95446@yesbankbank From:UTSAVJANA (YES BANK cred : sender9386@okyesbankbank,2851,food,upi,cred,yes bank,ocr_upi
Paid 3077.68 for Reliance Fresh via PayTM,3077.68,food,upi,paytm,fi,english_natural
Rs 303 paid to Biryani Blues via Slice from jupiter,303,food,upi,slice,jupiter,english_natural
1669 ₹ udhar return kia Vikram ko UPI se pay kar diya,1669,friends,upi,phonepe,,hinglish_natural
Myntra ka khareed liyaa 200 rupaiye card se,200,shopping,card,,,hinglish_natural
NEFT/TRANSFER/CAR LOAN EMI/,130.72,emi,card,,,english_natural
Paid ₹4395 for car loan EMI from my idfc account via credit card,4395,emi,card,,idfc,english_natural
Box8 2574 rupaye GPay se pay kiya State Bank se,8,food,upi,gpay,sbi,hinglish_natural
Paid 1325.20 for BYJU'S via paytm,1325.20,education,upi,paytm,,english_natural
ghar jaate waqt Airtel recharge ka bill bharaa 4998 rupees fi se pay kiya,4998,utilities,upi,fi,,hinglish_natural
lab test 495 ₹ UPI se,495,healthcare,upi,gpay,,hinglish_natural
Rs 3970 to flatmate via BHIM sbi account,3970,friends,upi,bhim,sbi,english_natural
Payment of 3017 to bhai was successful via jupiter UPI Ref No 4112478874 Kotak Account 6410,3017,friends,upi,jupiter,kotak,ocr_upi
electronics clothes shoes accessories purchase Rs.2375 via GPay,2375,shopping,upi,gpay,,cue_row
"Receipt #3669
Tata CLiQ
Amount Paid: ?196
Mode: CARD",196,shopping,card,,,ocr_receipt
crypto gold bonds NPS portfolio Rs 23668 slice,23668,investment,upi,slice,,cue_row
aaj Karan pe 133 rupaye kharcha hua card se,133,friends,card,,,voice_transcript
Cleartrip 2954 rupay debit card se,2954,travel,card,,hdfc,hinglish_natural
"BILL
Zee5
37903
CARD
Thank You Visit Again",37903,entertainment,card,,,ocr_receipt
breakfast snacks chai coffee 475 cash,475,food,cash,,,cue_row
"CCD BILL
St: Rs 483
phonepe Approved",483,food,upi,phonepe,axis,ocr_receipt
40031 rupees coaching slice PNB account,40031,education,upi,slice,pnb,voice_transcript
paid 40 to mutual fund through card,40,investment,card,,,voice_transcript
2655 FirstCry,2655,shopping,card,,,english_natural
education loan EMI mein 38887 lag gaye card se bhara,38887,emi,card,,,voice_transcript
electronics store 4536 rupaye debit card se,4536,shopping,card,,,hinglish_natural
school college tuition course books fees ₹7459 slice,7459,education,upi,slice,,cue_row
ATM/CASH/BANK/1137.94,1137.94,utilities,upi,paytm,,english_natural
HDFC loan pe 3634 rs. ka EMI kat gayi Paytm se,3634,emi,upi,paytm,,hinglish_natural
163 to SBI loan via card,163,emi,card,,,english_natural
i paid 4306 rupees for Burger King using cash,4306,food,cash,,,voice_transcript
mall 111 cred Completed HDFC Bank 6144,111,shopping,upi,cred,hdfc,ocr_upi
"Ajio BILL
St: Rs 237
Cred Approved",237,shopping,upi,cred,,ocr_receipt
Faasos 122 cred,122,food,upi,cred,,english_natural
Paid Practo Rs.1652 using CRED,1652,healthcare,upi,cred,,english_natural
"Receipt #7759
eye checkup
Amount Paid: Rs 200.21
Mode: CARD",200.21,healthcare,card,,,ocr_receipt
INR 493.87 debited from your SBI account for Paytm Money (PayTM UPI),493.87,investment,upi,paytm,sbi,ocr_upi
Spent ₹2887.03 on bro using Phone Pe,2887.03,friends,upi,phonepe,,english_natural
aaj FD pe 213 rupaye kharcha hua phonepe se,213,investment,upi,phonepe,niyo,voice_transcript
HDFC loan pe 2688 rupay ka loan payment kr diya Gpay pe yaar,2688,emi,upi,gpay,,hinglish_natural
spent 28194 rupees on Bajaj Finance EMI via card,28194,emi,card,,icici,voice_transcript
₹353 to IRCTC via cash,353,travel,cash,,,english_natural
bhai Jio recharge ka 368 rupaye Cred se de diya,368,utilities,upi,cred,,voice_transcript
NEFT/TRANSFER/RICKSHAW/AXIS,336,travel,card,,axis,english_natural
electronics clothes shoes accessories purchase Rs.406 via card,406,shopping,card,,,cue_row
4133 rs. Zara UPI se pay kiyaa budget tod diya,4133,shopping,upi,gpay,niyo,hinglish_natural
Paid Rs4256 for stocks via jupiter,4256,investment,upi,jupiter,,english_natural
bhai 209 rupay books UPI se,209,education,upi,phonepe,axis,hinglish_natural
Rohan ko 829 transfer kiya Phonepe se,829,friends,upi,phonepe,,friends_synthetic
Snapdeal ka order kya 37236 rupay card se kotak wale account se,37236,shopping,card,,kotak,hinglish_natural
1552 rupaye stock lya SIP ko via gpay,1552,investment,upi,gpay,,hinglish_natural
"BILL
electronics store
t4943
CRED
Thank You Visit Again",4943,shopping,upi,cred,,ocr_receipt
aaj Barbeque Nation ka kha liya 21382 ₹ UPI se diy,11308,food,upi,cred,,source_hinglish
coaching exam preparation study material Rs.284 cash,284,education,cash,,axis,cue_row
office se aate hue Priya me 4142 rs ka udhar return kia UPI se diyee,4142,friends,upi,gpay,,hinglish_natural
62 ₹ BYJU'S UPI se pay kiyaa,62,education,upi,paytm,,hinglish_natural
183 rupees kiraya diyee Air India pe phonepe pe sbi wale account se,183,travel,upi,phonepe,sbi,hinglish_natural
ghar jaate waqt 4916 ₹ Coin credit card se,4916,investment,card,,pnb,hinglish_natural
TO:AMIT amit.87389@sbibank From:PRIYASHARMA (sbi NIYO : sender2392@oksbibank,1309,friends,upi,niyo,sbi,ocr_upi
mutual fund SIP stocks PPF FD investment ₹4426 card,4426,investment,card,,,cue_row
raat ko NPS me 248 rupay ka invest kia credit card se,248,investment,card,,,hinglish_natural
"D ETMONEY 909 Completed 4Jan 2026,10:47 pm Yes Bank Bank 8367 UPI transaction ID 544880873612 TO:ETMONEY et money.92699@yes bankbank Googletransaction lD CICAgJjg639833 OPI Google Pay",909,investment,upi,gpay,yes bank,ocr_upi
personal loan EMI mein 3974 lag gaye phonepe se bhara,3974,emi,upi,phonepe,,voice_transcript
College fees payment INR 14408,14408,education,upi,gpay,,source_english
Just paid 26579 to stationery through cash,26579,education,cash,,,english_natural
2276 rupees NPS card kotak account,2276,investment,card,,kotak,voice_transcript
home loan EMI me 34 rupaye ka loan payment kia UPI se pay kiyaa,34,emi,upi,cred,,hinglish_natural
POS/DENTIST/PAYTM/4609,2577,healthcare,upi,paytm,kotak,english_natural
school college tuition course books fees ₹4066 cash,4066,education,cash,,,cue_row
3994 Visa Apollo Pharmacy,3994,healthcare,card,,,english_natural
credit card EMI 4372 Mastercard,4372,emi,card,,kotak,english_natural
796 rs. 1mg credit card se,796,healthcare,card,,slice,hinglish_natural
Rs 4043 paid to Zee5 via Phone Pe from slice,4043,entertainment,upi,phonepe,slice,english_natural
Burger King Rs.420 debited from jupiter,420,food,upi,paytm,jupiter,english_natural
coaching exam preparation study material ?4037 card,4037,education,card,,,cue_row
Netflix subscription INR 46218,46218,entertainment,card,,icici,source_english
Payment of Rs2536 to Indian Oil was successful via SLICE UPI Ref No 0144715997719 HDFC Account 7512,2536,travel,upi,slice,hdfc,ocr_upi
"BILL
mall
₹25017.30
CARD
Thank You Visit Again",25017.30,shopping,card,,sbi,ocr_receipt
yaar Priya me 343 rupay ka dost ko diyee Cred se,343,friends,upi,cred,,hinglish_natural
₹455 paid to IndiGo via Gpay UPI from Punjab National Bank Bank ending 3767,455,travel,upi,gpay,pnb,ocr_upi
Just paid Rs.12493.59 to NPS through paytm,12493.59,investment,upi,paytm,jupiter,english_natural
SBI loan R 474 debited from Axis,474,emi,card,,axis,english_natural
NEFT/TRANSFER/CLINIC/,65.04,healthcare,card,,,english_natural
subah Rahul 24221 rupay haath se die ICICI Bank wale account se,24221,friends,cash,,icici,hinglish_natural
Amazon Rs13949 Cred,13949,shopping,upi,cred,icici,ocr_upi
subah NPS pe 55 rupaiye ka paisa daala via Paytm Axis card se,55,investment,upi,paytm,axis,hinglish_natural
2029 Mastercard upGrad,2029,education,card,,,english_natural
POS/CLINIC/CASH/6629,4027,healthcare,cash,,,english_natural
572.20 PVR,572.20,entertainment,card,,hdfc,english_natural
IndiGo ka kiraya diyee 460 rupaye Cred se,460,travel,upi,cred,,hinglish_natural
Priya ka udhar return kia 9860 rupaiye cash me,9860,friends,cash,,,hinglish_natural
Box8 50 rupay UPI se diy,8,food,upi,phonepe,,hinglish_natural
Internet recharge INR 1395,1395,utilities,upi,phonepe,,source_english
Paid Rs 28239.91 for coaching via bhim,28239.91,education,upi,bhim,,english_natural
Pharmacy medicine purchase INR 25971,25971,healthcare,upi,phonepe,sbi,source_english
Rs 300 charged for Jio recharge on NIYO,300,utilities,upi,niyo,,english_natural
aaj Rahul pe 26443 rupaye kharcha hua G Pay se,26443,friends,upi,gpay,,voice_transcript
electricity water broadband mobile recharge bill Rs.22063 phonepe,22063,utilities,upi,phonepe,,cue_row
"TAX INVOICE
lab test
Grand Total: Rs.15529
Payment: Paytm",15529,healthcare,upi,paytm,,ocr_receipt
rent maintenance gas connection Rs.2628 PhonePe,2628,utilities,upi,phonepe,,cue_row
petrol pump 3411 Paytm Successful Axis 3020,3411,travel,upi,paytm,axis,ocr_upi
"Shreya 247 Completed 1Feb 2026,8:51 pm Kotak Mahindra 5130 UPI transaction ID 9953596071240",247,friends,upi,bhim,kotak,ocr_upi
"AIRTEL RECHARGE RESTAURANT
Total 3083
Cash Received
Change 0.00",3083,utilities,upi,niyo,union bank,ocr_receipt
Priya se transfer kya 477 rs. ka BHIM se pay kia,477,friends,upi,bhim,,hinglish_natural
stationery payment ₹39427 done via phonepe,39427,education,upi,phonepe,,english_natural
1151 charged for Coin on Cred,1151,investment,upi,cred,,english_natural
Amazon 17505 rupay card se,17505,shopping,card,,,hinglish_natural
₹148 to H&M via Google Pay Axis Bank account,148,shopping,upi,gpay,axis,english_natural
medical checkup lab test health insurance ₹2940 niyo,2940,healthcare,upi,niyo,,cue_row
2149 bill pay kiya Vi recharge ko debit card se,2149,utilities,card,,,hinglish_natural
aaj Kuvera se stock lya 4201 ₹ ka UPI se HDFC card se,4201,investment,upi,gpay,hdfc,hinglish_natural
Chai Point ka khana khaaya 9976 via Phone Pe,9976,food,upi,phonepe,hdfc,hinglish_natural
Hotstar se subscription renew kr diya 1720 ₹ ka cred pe achha deal mila,1720,entertainment,upi,cred,,hinglish_natural
Hospital bill INR 9625,9625,healthcare,upi,phonepe,kotak,source_english
stocks se SIP bharra 421 rupaye ka UPI se matlab,421,investment,upi,gpay,,hinglish_natural
Just paid 32046 to Unacademy through credit card,32046,education,card,,niyo,english_natural
Rs 4901 to Neha SLICE UPI,4901,friends,upi,slice,,friends_synthetic
Paid ₹1640.45 to Tata CLiQ Paytm UPI sbi 2272 Done,1640.45,shopping,upi,paytm,sbi,ocr_upi
jupiter payment ₹8360.92 tuition Yes Bank 9491 completed,8360.92,education,upi,jupiter,yes bank,ocr_upi
482 ₹ bill bhar diya society maintenance pe credit card se,482,utilities,card,,yes bank,hinglish_natural
ATM/CASH/BANK/3027.71,3027.71,utilities,upi,niyo,,english_natural
yaar BYJU'S se books liya 47036 ka credit card se Niyo account se,47036,education,card,,niyo,hinglish_natural
1740 rupaiye books card se pay kr diya,1740,education,card,,,hinglish_natural
tuition pe 18324 rupees ka tuition diy card se pay kiyaa zyada ho gaya,18324,education,card,,slice,hinglish_natural
Rs 4506 to stationery via gpay NIYO account,4506,education,upi,gpay,niyo,english_natural
flatmate ka paise bheje 36611 rupaiye via PayTM,36611,friends,upi,paytm,,hinglish_natural
Lenskart ka dawai le liya 1265 ₹ haath se diy,21053,healthcare,cash,,,source_hinglish
stationery 3057 rupaiye debit card se,3057,education,card,,,hinglish_natural
dost Divya ko 2986 rupaye PayTM se bheje,2986,friends,upi,paytm,,friends_synthetic
stationery 42815 cash,42815,education,cash,,hdfc,english_natural
stationery Rs 38757 debited from kotak,38757,education,upi,jupiter,kotak,english_natural
1609 rupees home loan EMI card,1609,emi,card,,,voice_transcript
HDFC loan pe 255 ka EMI kat gayi card se pay kya,255,emi,card,,,hinglish_natural
"TAX INVOICE
hospital
Grand Total: 224.91
Payment: CARD",224.91,healthcare,card,,,ocr_receipt
"Receipt #8823
ACT Fibernet
Amount Paid: Rs 387
Mode: Jupiter",387,utilities,upi,jupiter,,ocr_receipt
Paid Tata CLiQ ₹3714 using cash,3714,shopping,cash,,,english_natural
POS/CROMA/CASH/6888,2243.94,shopping,cash,,,english_natural
credit card EMI se installment die 31287 rupaiye ka credit card se HDFC se,31287,emi,card,,hdfc,hinglish_natural
Cleartrip me 3565 rupees ka cab liyaa Paytm pe,42573,travel,upi,paytm,,source_hinglish
Google Pay payment R 70.35 Croma State Bank 5517 successful,70.35,shopping,upi,gpay,sbi,ocr_upi
ATM/CASH/BANK/408,408,education,upi,gpay,,english_natural
Neha 1294,1294,friends,upi,paytm,,english_natural
gpay payment Rs.3929 YouTube Premium idfc 8913 successful,3929,entertainment,upi,gpay,idfc,ocr_upi
spent 40747 rupees on Haldirams via slice,40747,food,upi,slice,,voice_transcript
mutual fund se paisa daala 45218 ka card se pay kya,45218,investment,card,,,hinglish_natural
office se aate hue Rahul 30733 rupay UPI se pay kiya,30733,friends,upi,fi,icici,hinglish_natural
"SBI loan 151.63 Completed 16Jan 2026,1:28 am ICICI Bank 8466 UPI transaction ID 50626327624326",151.63,emi,upi,niyo,icici,ocr_upi
personal loan EMI ka EMI bharra 66 rs via cred,66,emi,upi,cred,,hinglish_natural
576 rupay YouTube Premium credit card se,576,entertainment,card,,,hinglish_natural
bhai JioCinema pe 49994 ₹ ka show dekha UPI se,49994,entertainment,upi,gpay,,hinglish_natural
Paid INR 1938 for INOX from my YES BANK account via cred,1938,entertainment,upi,cred,yes bank,english_natural
kal Swiggy se kha liya 3284 rupay ka Paytm se,3284,food,upi,paytm,,hinglish_natural
petrol diesel fuel Rs.26389 at pump cash,26389,travel,cash,,,cue_row
Lenskart ka order kiyaa 4056 rs card se pay kia,4056,shopping,card,,,hinglish_natural
Zee5 se ticket liya 3066 ka cash diyee Niyo account se,5,entertainment,cash,,niyo,hinglish_natural
Paid flatmate Rs.117 using Google Pay from slice,117,friends,upi,gpay,slice,english_natural
1285 dawai liya hospital ko Paytm se,1285,healthcare,upi,paytm,,hinglish_natural
TO:BOOKMYSHOW bookmyshow.68689@statebankbank From:PRIYASHARMA (State Bank G Pay : sender4783@okstatebankbank,451.97,entertainment,upi,gpay,sbi,ocr_upi
POS/SOCIETY MAINTENANCE/JUPITER/7809,19154.23,utilities,upi,jupiter,,english_natural
dopahar ko 4404 rupees khareed lia Bewakoof ko UPI se diyee,4404,shopping,upi,gpay,jupiter,hinglish_natural
Rapido mein 4040 lag gaye card se bhara,4040,travel,card,,,voice_transcript
spent 3705 rupees on mutual fund via Phone Pe,3705,investment,upi,phonepe,,voice_transcript
aaj Netmeds ka dawai liyaa 314 rupaye card se pay kr diya sasta tha,314,healthcare,card,,,hinglish_natural
maine 2332 rupaye Paytm Money ko diye card se,2332,investment,card,,,voice_transcript
Paid ₹4839.67 for stationery via Mastercard,4839.67,education,card,,,english_natural
"TAX INVOICE
hospital
Grand Total: Rs453
Payment: Google Pay",453,healthcare,upi,gpay,,ocr_receipt
ghar jaate waqt electricity bill 1365 rupaye UPI se,1365,utilities,upi,phonepe,,hinglish_natural
yaar DishTV se bill pay kya 391 ₹ ka UPI se,391,utilities,upi,phonepe,,hinglish_natural
bhai broadband 148 card se pay kya,148,utilities,card,,,hinglish_natural
exam fee 44064 debit card,44064,education,card,,,english_natural
Just paid Rs480 to DMart through CRED,480,food,upi,cred,,english_natural
raat ko 43080 rupees buy kiya Ajio ko debit card se achha deal mila,43080,shopping,card,,,hinglish_natural
aaj flatmate me 3050 ₹ ka udhar return kiya via PayTM,3050,friends,upi,paytm,,hinglish_natural
Gaana 204.05 Gpay Payment done Federal Bank 3861,204.05,entertainment,upi,gpay,federal bank,ocr_upi
Rs.1456 to dentist via Phone Pe,1456,healthcare,upi,phonepe,,english_natural
dinner split 4360 rupaye Vikram Cred,4360,friends,upi,cred,,friends_synthetic
"BILL
concert
60
Phone Pe
Thank You Visit Again",60,entertainment,upi,phonepe,,ocr_receipt
ghar jaate waqt 1772 rs. books lya books pe debit card se,1772,education,card,,,hinglish_natural
Ananya 23361.60,23361.60,friends,upi,gpay,niyo,english_natural
Apollo Pharmacy 347 ICICI,347,healthcare,cash,,icici,english_natural
Paid INR 4614 to YouTube Premium SLICE UPI IDFC 2748 Done,4614,entertainment,upi,slice,idfc,ocr_upi
roommate se paise bheje 4885 ka UPI se pay kia,4885,friends,upi,niyo,,hinglish_natural
CCD 396 rupees credit card se,396,food,card,,,hinglish_natural
aaj flatmate ka udhar return kr diya 1845 rupay UPI se Indusind Bank se kata,1845,friends,upi,cred,indusind,hinglish_natural
Water bill INR 46698,46698,utilities,upi,cred,,source_english
bhai roommate ko udhar return kiya 2206 rs paytm se,2206,friends,upi,paytm,,friends_synthetic
i did 39399 expense on Apple Music using Bhim,39399,entertainment,upi,bhim,,voice_transcript
Niyo payment Rs.708 YouTube Premium Canara 6619 completed,708,entertainment,upi,niyo,canara,ocr_upi
Spent Rs27681 on Karan using G Pay,27681,friends,upi,gpay,,english_natural
Amit se transfer kya 48650 rupaye ka via Gpay,48650,friends,upi,gpay,,hinglish_natural
2672 rupees Box8 gpay,2672,food,upi,gpay,,voice_transcript
Paid MedPlus ₹21086 using Visa,21086,healthcare,card,,,english_natural
438 rs saman lya Lenskart ko card se pay kya,438,shopping,card,,federal bank,hinglish_natural
crypto gold bonds NPS portfolio ₹293 Cred,293,investment,upi,cred,pnb,cue_row
insurance premium INR 21902.03 PayTM,21902.03,utilities,upi,paytm,icici,ocr_upi
Swiggy order INR 7352,7352,food,upi,slice,hdfc,source_english
Spent R 638 on Swiggy using cash,638,food,cash,,kotak,english_natural
raat ko JioCinema me 219 rupaiye ka subscription renew kiyaa UPI se,219,entertainment,upi,fi,,hinglish_natural
"DENTIST RESTAURANT
Total 2364
Cash Received
Change 0.00",2364,healthcare,cash,,,ocr_receipt
gaming pe 3344 rupees ka ticket lya card se,3344,entertainment,card,,kotak,hinglish_natural
Rahul ko 4044 transfer kiya G Pay se,4044,friends,upi,gpay,,friends_synthetic
rent maintenance gas connection R 35056 card,35056,utilities,card,,,cue_row
426 rupaye kiraya diye Cleartrip ko card se pay kiyaa,426,travel,card,,,hinglish_natural
spent 3251 rupees on SIP via card,3251,investment,card,,kotak,voice_transcript
"SONYLIV
Item 1 Rs.486
Item 2 Rs.263
Total ₹48546.43
GPay",48546.43,entertainment,upi,gpay,,ocr_receipt
electricity water broadband mobile recharge bill ₹2929 jupiter,2929,utilities,upi,jupiter,,cue_row
dopahar ko lab test pe 3583 rs ka doctor ko diye debit card se,3583,healthcare,card,,,hinglish_natural
Zara se buy kya 2745 rupaiye ka Gpay se Fi se kata,2745,shopping,upi,gpay,fi,hinglish_natural
dost friend ko 4712 rupaye Jupiter se bheje,4712,friends,upi,jupiter,icici,friends_synthetic
Rs 17527 to roommate paytm UPI,17527,friends,upi,paytm,,friends_synthetic
paid 461 to exam fee through Phonepe,461,education,upi,phonepe,,voice_transcript
medical checkup lab test health insurance Rs 495 Phone Pe,495,healthcare,upi,phonepe,,cue_row
paid bhai ₹3813 via GPay,3813,friends,upi,gpay,sbi,friends_synthetic
1103 rupaiye Bajaj Finance EMI UPI se pay kar diya,1103,emi,upi,bhim,sbi,hinglish_natural
NPS 2432 PNB,2432,investment,upi,gpay,pnb,english_natural
R 356.39 paid to dost via Phonepe UPI from SBI Bank ending 4490,356.39,friends,upi,phonepe,sbi,ocr_upi
SIP 1591 card se,1591,investment,card,,,hinglish_natural
"TAX INVOICE
Zee5
Grand Total: Rs3864
Payment: CARD",3864,entertainment,card,,axis,ocr_receipt
i paid 377 rupees for Ananya using BHIM,377,friends,upi,bhim,,voice_transcript
₹1388 paid to school fees via GPay UPI from SBI Bank ending 7370,1388,education,upi,gpay,sbi,ocr_upi
Paid tuition Rs.44 using G Pay,44,education,upi,gpay,,english_natural
car loan EMI ka EMI bhra 267 rupees credit card se,267,emi,card,,sbi,hinglish_natural
SonyLIV ka ticket liyaa 78 rupees card se pay kar diya,78,entertainment,card,,,hinglish_natural
ghar jaate waqt 1143 ₹ books liyaa Udemy pe debit card se IDFC First wale account se,1143,education,card,,idfc,hinglish_natural
gaming concert event ticket ₹239 card,239,entertainment,card,,,cue_row
1500.94 exam fee,1500.94,education,upi,cred,,english_natural
429 to Priya Cred UPI,429,friends,upi,cred,,friends_synthetic
personal loan EMI ₹34436.03 debited from hdfc,34436.03,emi,upi,gpay,hdfc,english_natural
spent 39574 rupees on Coin via card,39574,investment,card,,,voice_transcript
split bill 260 card se roommate ko diya,260,friends,card,,,friends_synthetic
flatmate rent share 79 Jupiter bro,79,friends,upi,jupiter,,friends_synthetic
Paid 4782 for Vedantu via Gpay,4782,education,upi,gpay,,english_natural
Amazon se saman lya 3506 rupay ka debit card se NIYO wale account se,3506,shopping,card,,niyo,hinglish_natural
Gpay payment ₹14278 JioCinema hdfc 7380 done,14278,entertainment,upi,gpay,hdfc,ocr_upi
"doctor BILL
St: t6335.09
CARD Approved",6335.09,healthcare,card,,pnb,ocr_receipt
aaj Vikram ka transfer kar diya 342 rs cash diy Niyo card se budget tod diya,342,friends,cash,,niyo,hinglish_natural
hospital pe 4020 rupaiye ka test karaya cash me,4020,healthcare,cash,,bob,hinglish_natural
"D PPF 32799.18 Completed 20Feb 2026,9:40 pm ICICI Bank 8149 UPI transaction ID 52894043935 TO:PPF ppf.25331@icicibank Googletransaction lD CICAgJjg695775 OPI GPay",32799.18,investment,upi,gpay,icici,ocr_upi
aaj Shreya pe 49797 rupaye kharcha hua G Pay se,49797,friends,upi,gpay,,voice_transcript
Paid 214.24 for electronics store via debit card,214.24,shopping,card,,,english_natural
ATM/CASH/STATE BANK/1776,1776,education,upi,jupiter,sbi,english_natural
220 cash gaming,220,entertainment,cash,,,english_natural
Bought Behrouz for ₹4699 with cash,4699,food,cash,,,english_natural
medical checkup lab test health insurance INR 37228 cash,37228,healthcare,cash,,,cue_row
bhai diagnostic ka 1142 rupaye card se de diya,1142,healthcare,card,,,voice_transcript
petrol pump me 31991 ka cab liyaa credit card se,31991,travel,card,,,hinglish_natural
doctor ₹118 phonepe,118,healthcare,upi,phonepe,sbi,ocr_upi
sent INR 2454 to Karan on card,2454,friends,card,,,friends_synthetic
278 rs Uber credit card se,278,travel,card,,icici,hinglish_natural
NEFT/TRANSFER/TUITION/SBI,2645.58,education,cash,,sbi,english_natural
dost Rahul ko 1841 rupaye paytm se bheje,1841,friends,upi,paytm,,friends_synthetic
Bike loan EMI INR 40005,40005,emi,card,,,source_english
spent 115 rupees on Rohan via SLICE,115,friends,upi,slice,,voice_transcript
dopahar ko ACT Fibernet se recharge kiya 2481 ka credit card se,39432,utilities,card,,hdfc,source_hinglish
Paid Rs 34570 for SonyLIV from my Slice account via Google Pay,34570,entertainment,upi,gpay,slice,english_natural
TO:METRO metro.67735@bankofbarodabank From:AMITSINGH (Bank of Baroda Gpay : user2969@okbankofbarodabank,422,travel,upi,gpay,bob,ocr_upi
paid back friend lent money t46341 jupiter,46341,friends,upi,jupiter,,cue_row
2756 rupees Yatra credit card se,2756,travel,card,,,hinglish_natural
bhai tuition 372 UPI se pay kiyaa,372,education,upi,slice,jupiter,hinglish_natural
Doctor consultation INR 2667,2667,healthcare,upi,cred,idfc,source_english
aaj CCD pe 255 rupaye kharcha hua card se,255,food,card,,,voice_transcript
netflix spotify hotstar subscription movie show Rs 304 card,304,entertainment,card,,,cue_row
Amit ka dost ko diyee 4188 rupaye UPI se diy,4188,friends,upi,paytm,,hinglish_natural
Mobile recharge INR 15729,15729,utilities,card,,,source_english
Priya ko 4024 transfer kiya cash se,4024,friends,cash,,,friends_synthetic
sent Rs.2606 to friend on card split bill UPI,2606,friends,card,,icici,cue_row
maine 3844 rupaye DMart ko diye GPay se,3844,food,upi,gpay,,voice_transcript
3033 rupaiye bike loan EMI credit card se,3033,emi,card,,,hinglish_natural
POS/YATRA/MASTERCARD/9444,30,travel,card,,axis,english_natural
"TAX INVOICE
MedPlus
Grand Total: Rs26248.53
Payment: CARD",26248.53,healthcare,card,,sbi,ocr_receipt
1136 rs order kiyaa Flipkart ko UPI se,1136,shopping,upi,gpay,,hinglish_natural
home loan car loan credit card EMI monthly ?482 autopay card,482,emi,card,,,cue_row
Neha pe 12644 ₹ ka udhar return kiya Cred pe,12644,friends,upi,cred,,hinglish_natural
UPI/73213854/BAJAJ FINANCE EMI/YES BANK,21562.49,emi,upi,phonepe,yes bank,english_natural
ghar jaate waqt stationery ka fees bharra 360 ₹ paytm se,360,education,upi,paytm,,hinglish_natural
Used icici debit card to pay R 1667.43 for Udemy,1667.43,education,card,,icici,english_natural
Ola INR 297.15 debited from Niyo,297.15,travel,cash,,niyo,english_natural
aaj 29043 ₹ movie dekhi Hotstar pe UPI se,29043,entertainment,upi,phonepe,,hinglish_natural
bhai Dunkin ka 657 rupaye PayTM se de diya,657,food,upi,paytm,,voice_transcript
Coursera 4835 rupaye fi pe,4835,education,upi,fi,,hinglish_natural
Neha ko 355 transfer kiya card se,355,friends,card,,,friends_synthetic
"IRCTC 467 Completed 2Jul 2025,5:14 pm Axis 8194 UPI transaction ID 972397661054",467,travel,upi,gpay,axis,ocr_upi
"electronics store BILL
St: Rs 548
CARD APPROVED",548,shopping,card,,axis,ocr_receipt
office se aate hue PPF pe 315 ka mutual fund kiya card se HDFC Bank se kata,315,investment,card,,hdfc,hinglish_natural
abhi education loan EMI se loan payment kr diya 2639 rs. ka card se pay kia,2639,emi,card,,,hinglish_natural
Just paid Rs 493 to rent through Mastercard,493,utilities,card,,,english_natural
"BILL
Subway
Rs.8421.43
SLICE
Thank You Visit Again",8421.43,food,upi,slice,,ocr_receipt
clinic pe 2317 rupay ka medicine lia card se pay kya zyada ho gaya,2317,healthcare,card,,hdfc,hinglish_natural
medical checkup lab test health insurance INR 37467 Bhim,37467,healthcare,upi,bhim,hdfc,cue_row
150 rupees mutual fund kr diya SIP ko debit card se sasta tha,150,investment,card,,,hinglish_natural
"Hotstar
Net Amount 3254
Paid via paytm",3254,entertainment,upi,paytm,,ocr_receipt
Faasos ka kha liya 47640 rupaye Phone Pe pe,47640,food,upi,phonepe,,hinglish_natural
Payment of 41068 to SBI loan was successful via Slice UPI Ref No 09713738849583 Kotak Mahindra Account 2063,41068,emi,upi,slice,kotak,ocr_upi
Paid Rs.301 for tuition via debit card,301,education,card,,,english_natural
Hotstar pe 103 ka movie dekhi Gpay se pay kia,103,entertainment,upi,gpay,axis,hinglish_natural
Practo se dawai le liya 4347 rupees ka naqad,4347,healthcare,cash,,,hinglish_natural
Rs 447 to DishTV via debit card,447,utilities,card,,,english_natural
dinner split 3294 rupaye Divya paytm,3294,friends,upi,paytm,,friends_synthetic
rent 390 Google Pay Payment done RBL Bank 9554,390,utilities,upi,gpay,rbl,ocr_upi
TO:AUTO auto.66779@hdfcbank From:AMITSINGH (hdfc phonepe : user4476@okhdfcbank,42875.25,travel,upi,phonepe,hdfc,ocr_upi
today i spent 4796 on SIP via PhonePe,4796,investment,upi,phonepe,,voice_transcript
amazon flipkart myntra online shopping order ₹229 bhim,229,shopping,upi,bhim,,cue_row
536 rupaiye EMI kat gayi Bajaj Finance EMI ko card se pay kar diya,536,emi,card,,axis,hinglish_natural
broadband 4468 PayTM,4468,utilities,upi,paytm,sbi,english_natural
Bought Biryani Blues for Rs 46.69 with slice,46.69,food,upi,slice,axis,english_natural
market me 36000 rupay ka order kiyaa debit card se,36000,shopping,card,,,hinglish_natural
dopahar ko 17201 rupees kha liya Box8 pe UPI se pay kya,17201,food,upi,paytm,,hinglish_natural
"Bajaj Finance EMI 4778.12 Completed 8Jun 2025,6:23 pm hdfc 8998 UPI transaction ID 53642137911569",4778.12,emi,upi,gpay,hdfc,ocr_upi
maine 44409 rupaye Unacademy ko diye gpay se,44409,education,upi,gpay,hdfc,voice_transcript
Shreya se udhar return kar diya 1877 rs. ka via PhonePe axis se kata,1877,friends,upi,phonepe,axis,hinglish_natural
abhi MedPlus 22383 rupees debit card se,22383,healthcare,card,,,hinglish_natural
spent 116 rupees on Shreya via Google Pay,116,friends,upi,gpay,,voice_transcript
Rs 489 to ACT Fibernet via Phone Pe,489,utilities,upi,phonepe,,english_natural
dopahar ko Udemy 1738 rupaye card se pay kia,1738,education,card,,,hinglish_natural
"Receipt #7223
Reliance Digital
Amount Paid: ?3518
Mode: CARD",3518,shopping,card,,hdfc,ocr_receipt
YouTube Premium 4529 rupaye phonepe se pay kya,4529,entertainment,upi,phonepe,,hinglish_natural
food court 21387 rupay via cred,21387,food,upi,cred,,hinglish_natural
Yatra ka 134 rupees ka bill CRED se pay kiya,134,travel,upi,cred,kotak,voice_transcript
"Dominos
Net Amount 374
Paid via GPay",374,food,upi,gpay,,ocr_receipt
aaj Pizza Hut pe 81 rs ka food order kya card se pay kiyaa Federal Bank se matlab,42951,food,card,,federal bank,source_hinglish
mess 2308 cash,2308,food,cash,,niyo,english_natural
today i spent 1825 on food court via cash,1825,food,cash,,,voice_transcript
uber ola cab ride airport train ticket ?4276 PhonePe,4276,travel,upi,phonepe,,cue_row
UPI/42490655/GAS BILL/BANK,4226,utilities,upi,paytm,,english_natural
canteen se mangwaya 60 rs. ka naqad matlab,60,food,cash,,,hinglish_natural
R 22 debited from your SBI account for Pizza Hut (paytm UPI),22,food,upi,paytm,sbi,ocr_upi
"dentist
Net Amount 13610.78
Paid via GPay",13610.78,healthcare,upi,gpay,,ocr_receipt
Lenskart pe 29857 rupaye ka shopping kiyaa UPI se diy,29857,shopping,upi,gpay,sbi,hinglish_natural
bhai Divya me 7774 rupay ka paise bheje UPI se pay kiyaa,7774,friends,upi,cred,,hinglish_natural
sent money to flatmate Rs.2089 on SLICE,2089,friends,upi,slice,,friends_synthetic
uber ola cab ride airport train ticket Rs 23478 cash,23478,travel,cash,,,cue_row
3752.40 charged for Spotify on card,3752.40,entertainment,card,,,english_natural
school college tuition course books fees t35657 card,35657,education,card,,,cue_row
Payment of Rs4390 to IRCTC was successful via Bhim UPI Ref No 14029030081 ICICI Bank Account 4612,4390,travel,upi,bhim,icici,ocr_upi
"D BURGERKING 11034.99 Completed 14Feb 2026,9:13 pm ICICI Bank Bank 4234 UPI transaction ID 038547289594211 TO:BURGERKING burger king.45444@icici bankbank Goog1etransaction lD XYZabc561978 OPI cred",11034.99,food,upi,cred,icici,ocr_upi
Myntra pe 1973 rupaye ka shopping kiya card se,34162,shopping,card,,hdfc,source_hinglish
Paid Rs 4180.86 to gaming G Pay UPI State Bank 1055 Completed,4180.86,entertainment,upi,gpay,sbi,ocr_upi
Payment of Rs.509 to college fees was successful via PayTM UPI Ref No 23565403079915 Axis Bank Account 7243,509,education,upi,paytm,axis,ocr_upi
19181 slice flatmate,19181,friends,upi,slice,pnb,english_natural
PharmEasy me 300 rupay ka medicine lia debit card se icici card se,300,healthcare,card,,icici,hinglish_natural
split bill 3990 CRED se Amit ko diya,3990,friends,upi,cred,,friends_synthetic
friend 26664 CRED Completed icici 9965,26664,friends,upi,cred,icici,ocr_upi
Paid Paytm Money Rs.297 using PhonePe,297,investment,upi,phonepe,,english_natural
paid 67 to Bharat Petroleum through SLICE from ICICI Bank,67,travel,upi,slice,icici,voice_transcript
"Ola 3767 Completed 6Apr 2025,10:15 am ICICI 1995 UPI transaction ID 00145016244",3767,travel,upi,phonepe,icici,ocr_upi
today i spent 4172 on DishTV via card,4172,utilities,card,,,voice_transcript
1392 auto,1392,travel,card,,,english_natural
electricity bill 22257 rupay card se pay kiyaa,22257,utilities,card,,fi,hinglish_natural
yaar PVR ka show dekha 3659 rupees UPI se de diya,3659,entertainment,upi,gpay,,hinglish_natural
ACT Fibernet 3052 rs. card se pay kr diya HDFC wale account se,3052,utilities,card,,hdfc,hinglish_natural
Ola cab INR 12308,12308,travel,card,,,source_english
Rs 4716 to Priya cash UPI,4716,friends,cash,,sbi,friends_synthetic
today i spent 48901 on Zerodha via card,48901,investment,card,,,voice_transcript
IndiGo ka cab liyaa 3565 rupees naqad,3565,travel,cash,,,hinglish_natural
Used icici credit card to pay R 1322.43 for roommate,1322.43,friends,card,,icici,english_natural
exam fee ka course lia 48114 rupay credit card se,48114,education,card,,,hinglish_natural
246 khana order kya Box8 ko UPI se diy,246,food,upi,bhim,,hinglish_natural
2593 rupees game liyaa INOX pe UPI se,2593,entertainment,upi,gpay,sbi,hinglish_natural
Spent INR 274 on concert using fi,274,entertainment,upi,fi,,english_natural
Paid 1760.23 to friend phonepe UPI hdfc 9954 Successful,1760.23,friends,upi,phonepe,hdfc,ocr_upi
i did 3064 expense on Karan using G Pay,3064,friends,upi,gpay,,voice_transcript
bhai JioCinema ka 16550 rupaye cash se de diya,16550,entertainment,cash,,,voice_transcript
BSNL ka payment kiya 26640 rupay Bhim se,26640,utilities,upi,bhim,,hinglish_natural
maine 3893 rupaye Lenskart ko diye card se,3893,healthcare,card,,,voice_transcript
"BARBEQUE NATION
Item 1 R 282
Item 2 t216
Total t122
jupiter",122,food,upi,jupiter,,ocr_receipt
Paid Rs3235 for BookMyShow via PhonePe,3235,entertainment,upi,phonepe,,english_natural
ATM/CASH/IDFC/10274.03,10274.03,travel,card,,idfc,english_natural
529 ₹ Netflix card se,529,entertainment,card,,,hinglish_natural
ACT Fibernet payment 12380 done via card,12380,utilities,card,,,english_natural
exam fee 10040 jupiter,10040,education,upi,paytm,jupiter,english_natural
school college tuition course books fees Rs496 card,496,education,card,,,cue_row
546 to car loan EMI via debit card,546,emi,card,,,english_natural
sent ₹24263 to dost on Phonepe,24263,friends,upi,phonepe,,friends_synthetic
POS/MEDPLUS/NIYO/7514,2905,healthcare,upi,niyo,niyo,english_natural
SLICE payment ₹2365 gold HDFC 5908 done,2365,investment,upi,slice,hdfc,ocr_upi
doctor Rs495 debited from SBI,495,healthcare,card,,sbi,english_natural
Spent 80 on flatmate using cash,80,friends,cash,,,english_natural
i paid 262 rupees for electronics store using bhim,262,shopping,upi,bhim,federal bank,voice_transcript
2579 bhim mutual fund,2579,investment,upi,bhim,sbi,english_natural
today i spent 1755 on Unacademy via card from my Jupiter bank,1755,education,card,,jupiter,voice_transcript
4436 paid to Kuvera via PhonePe UPI from ICICI Bank Bank ending 6393,4436,investment,upi,phonepe,icici,ocr_upi
dinner split 419 rupaye yaar cash,419,friends,cash,,sbi,friends_synthetic
school college tuition course books fees Rs.2464 Slice,2464,education,upi,slice,,cue_row
FreshMenu se khana khaaya 89 rupaye ka credit card se,31429,food,card,,,source_hinglish
Tata Play 461 ₹ cash de diye,461,utilities,cash,,hdfc,hinglish_natural
Nykaa 4532 niyo,4532,shopping,upi,niyo,fi,english_natural
"Subway
Net Amount 3123.71
Paid via CASH",3123.71,food,cash,,,ocr_receipt
EaseMyTrip se petrol bhara 2259 rs. ka gpay se pay kia,2259,travel,upi,gpay,,hinglish_natural
abhi doctor 122 rs. card se,122,healthcare,card,,,hinglish_natural
gaming payment t471 done via cash,471,entertainment,cash,,slice,english_natural
Paid Rs2040 for Rapido via Visa,2040,travel,card,,,english_natural
UPI/53570762/COURSERA/BANK,25104,education,upi,bhim,,english_natural
Amazon Prime ka show dekha 23439 rs. UPI se diy,23439,entertainment,upi,gpay,,hinglish_natural
rent maintenance gas connection 45740 Fi Money,45740,utilities,upi,fi,,cue_row
coaching exam preparation study material INR 190 Phone Pe,190,education,upi,phonepe,,cue_row
Karan se udhar return kar diya 2395 ₹ ka G Pay pe sbi se yaar,2395,friends,upi,gpay,sbi,hinglish_natural
₹3343 debited from your BOB account for PharmEasy (bhim UPI),3343,healthcare,upi,bhim,bob,ocr_upi
medical checkup lab test health insurance Rs2819 Google Pay,2819,healthcare,upi,gpay,sbi,cue_row
NEFT/TRANSFER/CREDIT CARD EMI/HDFC,4464,emi,card,,hdfc,english_natural
45146 Croma,45146,shopping,card,,,english_natural
"D ROOMMATE 1166.81 Completed 24Feb 2026,11:53 pm HDFC Bank 8628 UPI transaction ID 87322766548 TO:ROOMMATE roommate.92781@hdfcbank Googletransaction lD CICAgJjg494645 OPI phonepe",1166.81,friends,upi,phonepe,hdfc,ocr_upi
"D ELECTRONICSSTORE 2604 Completed 7Jan 2026,7:15 pm Punjab National Bank Bank 2642 UPI transaction ID 25336305757 TO:ELECTRONICSSTORE electronics store.76276@punjab national bankbank Googletransaction lD XYZabc702507 OPI SLICE",2604,shopping,upi,slice,pnb,ocr_upi
maine 227 rupaye Pooja ko diye cash se,227,friends,cash,,,voice_transcript
29652 rupees credit card EMI card,29652,emi,card,,,voice_transcript
POS/MOBILE RECHARGE/BHIM/1841,3185,utilities,upi,bhim,,english_natural
Amazon Prime 361 rupees UPI se,361,entertainment,upi,phonepe,,hinglish_natural
"ZARA
Item 1 Rs.116
Item 2 Rs 299
Total Rs.20638
CARD",20638,shopping,card,,,ocr_receipt
kal mutual fund ka stock liya 2175 rupaiye UPI se pay kiyaa,2409,investment,upi,phonepe,hdfc,source_hinglish
₹4836 to Tata Play via Visa,4836,utilities,card,,,english_natural
i did 2426 expense on Blinkit using cash,2426,food,cash,,niyo,voice_transcript
Netmeds 1152 gpay,1152,healthcare,upi,gpay,,english_natural
Lenskart 4157 SLICE Payment done Axis 2854,4157,shopping,upi,slice,axis,ocr_upi
Online shopping payment INR 45940,45940,shopping,upi,cred,,source_english
aaj hospital pe 78 rupaye kharcha hua Phone Pe se,78,healthcare,upi,phonepe,,voice_transcript
MedPlus ka 4860 rupees ka bill cash se pay kiya,4860,healthcare,cash,,,voice_transcript
1269 cash INOX,1269,entertainment,cash,,,english_natural
bhai Myntra ka 23642 rupaye jupiter se de diya,23642,shopping,upi,jupiter,,voice_transcript
"BSNL 1896.89 Completed 18Jan 2025,8:39 am ICICI Bank 7235 UPI transaction ID 762241419810250",1896.89,utilities,upi,gpay,icici,ocr_upi
petrol diesel fuel ₹32678 at pump PayTM,32678,travel,upi,paytm,,cue_row
abhi 468 rs EMI bharra credit card EMI ko UPI se diy Kotak account se achha deal mila,468,emi,upi,paytm,kotak,hinglish_natural
NEFT/TRANSFER/TATA CLIQ/SLICE,423.02,shopping,upi,slice,slice,english_natural
netflix spotify hotstar subscription movie show t124 card,124,entertainment,card,,,cue_row
SBI loan 16397 rs credit card se hdfc card se,16397,emi,card,,hdfc,hinglish_natural
907 ka Swiggy bill pay kiya Cred se Union Bank se kata,907,food,upi,cred,union bank,voice_transcript
Bharat Petroleum Rs12769.00 cash,12769.00,travel,cash,,,english_natural
806 rupaye food order kiya CCD pe via Phone Pe,806,food,upi,phonepe,,hinglish_natural
"Receipt #7795
PVR
Amount Paid: 3599.84
Mode: Jupiter",3599.84,entertainment,upi,jupiter,,ocr_receipt
"Zomato BILL
St: ₹3995.27
G Pay Approved",3995.27,food,upi,gpay,,ocr_receipt
23 rs NPS gpay se achha deal mila,23,investment,upi,gpay,,hinglish_natural
Payment of 949 to BookMyShow was successful via Fi Money UPI Ref No 41629062881566 Federal Bank Account 4767,949,entertainment,upi,fi,federal bank,ocr_upi
304 ₹ Groww via phonepe,304,investment,upi,phonepe,sbi,hinglish_natural
MedPlus 35177 rs. debit card se,35177,healthcare,card,,niyo,hinglish_natural
Hotstar 158.83 SLICE Payment done sbi 4202,158.83,entertainment,upi,slice,sbi,ocr_upi
"PharmEasy 187.69 Completed 21Nov 2025,1:08 pm IndusInd 5184 UPI transaction ID 37581835002287",187.69,healthcare,upi,phonepe,indusind,ocr_upi
FreshMenu ₹139.47 Visa,139.47,food,card,,,english_natural
Unacademy ka books lia 147 rupaiye debit card se Jupiter card se,147,education,card,,jupiter,hinglish_natural
Amit pe 90 rs ka udhar return kiyaa via phonepe,90,friends,upi,phonepe,,hinglish_natural
2484 rupees credit card EMI card sbi account,2484,emi,card,,sbi,voice_transcript
raat ko 410 rupaiye shopping kia Snapdeal ko UPI se de diya bhai,29532,shopping,upi,bhim,,source_hinglish
Zepto se khana khaya 475 rupees ka CRED se,475,food,upi,cred,icici,hinglish_natural
POS/SBI LOAN/DEBIT CARD/7774,3612.36,emi,card,,,english_natural
petrol diesel fuel ₹4351 at pump card,4351,travel,card,,,cue_row
Meesho ka order kia 5223 rupees naqad budget tod diya,5223,shopping,cash,,,hinglish_natural
coaching exam preparation study material Rs.1430 PayTM,1430,education,upi,paytm,,cue_row
dinner split 143 rupaye Ananya Slice,143,friends,upi,slice,hdfc,friends_synthetic
"D JIORECHARGE 129.70 Completed 25Apr 2026,1:33 pm ICICI Bank 9985 UPI transaction ID 1071492360 TO:JIORECHARGE jio recharge.42045@icicibank Googletransaction lD CICAgJjg588444 OPI PayTM",129.70,utilities,upi,paytm,icici,ocr_upi
PPF ₹41599 slice,41599,investment,upi,slice,icici,ocr_upi
Bought IndiGo for 1695 with debit card,1695,travel,card,,,english_natural
G Pay payment 353 Bajaj Finance EMI HDFC 4884 done,353,emi,upi,gpay,hdfc,ocr_upi
"Meesho BILL
St: Rs.4724
gpay APPROVED",4724,shopping,upi,gpay,hdfc,ocr_receipt
INR 359 to library via cash,359,education,cash,,,english_natural
subah SIP se invest kar diya 601 ₹ ka credit card se,601,investment,card,,,hinglish_natural
116 bro slice se,116,friends,upi,slice,,hinglish_natural
INR 13620.21 debited from your ICICI Bank account for personal loan EMI (GPay UPI),13620.21,emi,upi,gpay,icici,ocr_upi
dost colleague ko 720 rupaye niyo se bheje,720,friends,upi,niyo,,friends_synthetic
Rs.36692 to doctor via phonepe,36692,healthcare,upi,phonepe,,english_natural
electricity water broadband mobile recharge bill R 9559 Gpay,9559,utilities,upi,gpay,,cue_row
electronics clothes shoes accessories purchase Rs.163 via Google Pay,163,shopping,upi,gpay,,cue_row
crypto 988.84 paytm Payment done SBI 8364,988.84,investment,upi,paytm,sbi,ocr_upi
Spent t441.09 on gold using G Pay,441.09,investment,upi,gpay,sbi,english_natural
303 rupees MedPlus card Federal Bank account,303,healthcare,card,,federal bank,voice_transcript
abhi NPS me 12371 ka stock le liya Google Pay pe,12371,investment,upi,gpay,,hinglish_natural
today i spent 276 on tuition via card from my HDFC bank,276,education,card,,hdfc,voice_transcript
Just paid 17127 to Vi recharge through paytm,17127,utilities,upi,paytm,,english_natural
Coursera me 31842 rupaye ka books lya UPI se die,31842,education,upi,jupiter,icici,hinglish_natural
electronics clothes shoes accessories purchase Rs 3214 via Paytm,3214,shopping,upi,paytm,,cue_row
dopahar ko 12695 rupaiye dawai liyaa clinic pe card se icici account se,12695,healthcare,card,,icici,hinglish_natural
bhai Jio recharge pe 219 ₹ ka payment kar diya UPI se pay kya,219,utilities,upi,phonepe,niyo,hinglish_natural
t3028.95 to Amit via cred,3028.95,friends,upi,cred,,english_natural
office se aate hue hospital se checkup karaya 821 rs ka UPI se pay kiya,821,healthcare,upi,cred,kotak,hinglish_natural
₹3547.15 charged for clinic on Mastercard,3547.15,healthcare,card,,,english_natural
INOX ka show dekha 3525 ₹ card se,3525,entertainment,card,,jupiter,hinglish_natural
₹393.80 to EaseMyTrip via Mastercard,393.80,travel,card,,,english_natural
NPS 281 rs card se,281,investment,card,,niyo,hinglish_natural
4569 rupees mutual fund cred,4569,investment,upi,cred,,voice_transcript
i did 318 expense on tuition using card,318,education,card,,,voice_transcript
Used slice Phonepe to pay ₹154 for exam fee,154,education,upi,phonepe,slice,english_natural
sent money to bro ₹3753 on bhim,3753,friends,upi,bhim,,friends_synthetic
INDIGO INR 2128 HDFC,2128,travel,card,,hdfc,english_natural
aaj bike loan EMI pe 1647 rupaye kharcha hua card se,1647,emi,card,,niyo,voice_transcript
dinner split 22051 rupaye Vikram Slice,22051,friends,upi,slice,,friends_synthetic
"FirstCry BILL
St: Rs.4000.32
CARD approved",4000.32,shopping,card,,pnb,ocr_receipt
upGrad 2488 rupay card se,2488,education,card,,jupiter,hinglish_natural
Paid 94 for Vikram via gpay,94,friends,upi,gpay,fi,english_natural
bhai bro ko udhar return kiya 207 rs card se,207,friends,card,,,friends_synthetic
BYJU'S 686 ₹ debit card se Fi Money se,686,education,card,,fi,hinglish_natural
"eye checkup
Net Amount 2103
Paid via CASH",2103,healthcare,cash,,sbi,ocr_receipt
ghar jaate waqt bro se transfer kya 414 rupees ka Phonepe se pay kr diya,414,friends,upi,phonepe,,hinglish_natural
flatmate rent share 366 paytm Divya,366,friends,upi,paytm,,friends_synthetic
Just paid Rs 28549.78 to SIP through Gpay,28549.78,investment,upi,gpay,,english_natural
Swiggy order INR 18737,18737,food,upi,paytm,,source_english
Ajio ka 181 rupees ka bill phonepe se pay kiya,181,shopping,upi,phonepe,hdfc,voice_transcript
Paid Priya Rs185 using Mastercard from Niyo,185,friends,card,,niyo,english_natural
SpiceJet ka ride liyaa 257 rs Paytm pe,257,travel,upi,paytm,hdfc,hinglish_natural
yaar Indian Oil se ticket book kia 387 rupees ka GPay pe,387,travel,upi,gpay,,hinglish_natural
Used IDFC cash to pay ₹485 for mall,485,shopping,cash,,idfc,english_natural
33583 rs Uber card se,33583,travel,card,,,hinglish_natural
Paid dentist ₹2545 using Mastercard,2545,healthcare,card,,,english_natural
"BILL
FirstCry
Rs.44428
CARD
Thank You Visit Again",44428,shopping,card,,bob,ocr_receipt
kal Rapido ka cab liyaa 2380 haath se diye,2380,travel,cash,,,hinglish_natural
water bill 319 rupees cred pe State Bank se,319,utilities,upi,cred,sbi,hinglish_natural
spent 3661 rupees on MedPlus via bhim,3661,healthcare,upi,bhim,,voice_transcript
₹3034 to Karan PhonePe UPI,3034,friends,upi,phonepe,,friends_synthetic
paid 4841 to Practo through cash,4841,healthcare,cash,,,voice_transcript
Rs.140 to flatmate CRED UPI,140,friends,upi,cred,bandhan,friends_synthetic
office se aate hue 1036 rupees Unacademy cash me,1036,education,cash,,,hinglish_natural
3127 fi concert,3127,entertainment,upi,fi,,english_natural
electricity bill me 361 rs. ka bill pay kya UPI se pay kr diya Fi wale account se,361,utilities,upi,gpay,fi,hinglish_natural
Just paid Rs 265 to gas bill through CRED,265,utilities,upi,cred,,english_natural
NEFT/TRANSFER/HDFC LOAN/,437.50,emi,card,,,english_natural
1069 rupay khana khaaya Dunkin pe UPI se matlab,1069,food,upi,cred,,hinglish_natural
287 rupees Zara card,287,shopping,card,,,voice_transcript
TO:BLINKIT blinkit.37239@hdfcbankbank From:PRIYASHARMA (HDFC Bank Phone Pe : user6899@okhdfcbankbank,99.43,food,upi,phonepe,hdfc,ocr_upi
spent 1918 rupees on Unacademy via gpay,1918,education,upi,gpay,,voice_transcript
aaj library pe 4787 rupaye kharcha hua G Pay se,4787,education,upi,gpay,,voice_transcript
15940.05 to upGrad via Mastercard,15940.05,education,card,,,english_natural
sent Rs276 to friend on card split bill UPI,276,friends,card,,,cue_row
today i spent 15920 on Unacademy via card,15920,education,card,,,voice_transcript
home loan car loan credit card EMI monthly Rs.2606 autopay card,2606,emi,card,,,cue_row
Reliance Digital se shopping kiyaa 554 rupay ka cash diyee,554,shopping,cash,,hdfc,hinglish_natural
43197 rupees Zara Cred Punjab National Bank account,43197,shopping,upi,cred,pnb,voice_transcript
Just paid 2044 to concert through phonepe,2044,entertainment,upi,phonepe,,english_natural
Netmeds se medicine liyaa 344 rupaiye ka UPI se,344,healthcare,upi,gpay,hdfc,hinglish_natural
Paid restaurant 4726.50 using Paytm,4726.50,food,upi,paytm,,english_natural
flatmate rent share 2986 PayTM Divya,2986,friends,upi,paytm,,friends_synthetic
auto se ride lia 392 rs. ka card se,392,travel,card,,,hinglish_natural
ATM/CASH/BANK/5876,5876,friends,upi,paytm,,english_natural
bhai 1460 rupay exam fee debit card se,1460,education,card,,,hinglish_natural
"Receipt #6969
Myntra
Amount Paid: Rs2733
Mode: CARD",2733,shopping,card,,,ocr_receipt
kal crypto se mutual fund kar diya 310 rupaiye ka UPI se,310,investment,upi,cred,,hinglish_natural
concert 7466 rs UPI se RBL wale account se,7466,entertainment,upi,paytm,rbl,hinglish_natural
dopahar ko credit card EMI ka installment de diye 1138 rupees card se pay kiya,38744,emi,card,,,source_hinglish
Cleartrip ?38 credit card,38,travel,card,,,english_natural
Payment of Rs.38555 to petrol pump was successful via Paytm UPI Ref No 12470431240214 icici Account 7457,38555,travel,upi,paytm,icici,ocr_upi
Airtel recharge 68,68,utilities,upi,phonepe,,english_natural
split bill 79 Bhim se Arjun ko diya,79,friends,upi,bhim,canara,friends_synthetic
dost Arjun ko 192 rupaye cash se bheje,192,friends,cash,,,friends_synthetic
"PRACTO
Item 1 115
Item 2 t129
Total 24763.71
Phonepe",24763.71,healthcare,upi,phonepe,,ocr_receipt
dinner split 4369 rupaye bro cash,4369,friends,cash,,,friends_synthetic
"clinic
Net Amount 854.31
Paid via CARD",854.31,healthcare,card,,axis,ocr_receipt
Just paid INR 3417 to ACT Fibernet through cash,3417,utilities,cash,,,english_natural
yaar 419 rupaiye subscription renew kar diya Gaana ko debit card se hdfc se,419,entertainment,card,,hdfc,hinglish_natural
1270.95 Arjun,1270.95,friends,upi,jupiter,sbi,english_natural
i did 42095 expense on SBI loan using card,42095,emi,card,,,voice_transcript
home loan car loan credit card EMI monthly Rs 1657 autopay card,1657,emi,card,,,cue_row
dinner split 329 rupaye Amit cash,329,friends,cash,,,friends_synthetic
POS/CCD/CRED/5965,120.65,food,upi,cred,,english_natural
exam fee 272 Bhim Payment done sbi 5731,272,education,upi,bhim,sbi,ocr_upi
Rs.47 paid to H&M via Gpay UPI from hdfc Bank ending 8861,47,shopping,upi,gpay,hdfc,ocr_upi
restaurant se kha liya 37 ₹ ka UPI se pay kia,37,food,upi,gpay,,hinglish_natural
₹88 to Amit Gpay UPI,88,friends,upi,gpay,,friends_synthetic
Paid t3154 for doctor from my ICICI account via debit card,3154,healthcare,card,,icici,english_natural
yaar ₹2695 Phonepe,2695,friends,upi,phonepe,hdfc,ocr_upi
SLICE payment 1463.37 crypto axis 8891 done,1463.37,investment,upi,slice,axis,ocr_upi
food court INR 18387 cash,18387,food,cash,,,english_natural
raat ko Zepto pe 1267 rupay ka food order kia UPI se diyee hdfc se,1267,food,upi,phonepe,hdfc,hinglish_natural
NEFT/TRANSFER/AUTO/BANK OF BARODA,220.56,travel,cash,,bob,english_natural
Rs1268.50 to Croma via card,1268.50,shopping,card,,,english_natural
concert Rs.45333 phonepe,45333,entertainment,upi,phonepe,hdfc,ocr_upi
Ola 85.54,85.54,travel,cash,,,english_natural
HDFC loan 41476 paytm,41476,emi,upi,paytm,,english_natural
Paid home loan EMI Rs 51 using Visa,51,emi,card,,,english_natural
"ACT Fibernet
Net Amount 1279.17
Paid via CRED",1279.17,utilities,upi,cred,hdfc,ocr_receipt
personal loan EMI 31871.76,31871.76,emi,upi,phonepe,,english_natural
roommate pe 447 rupay ka transfer kiyaa via PayTM hdfc se kata,447,friends,upi,paytm,hdfc,hinglish_natural
Angel One 43568,43568,investment,upi,bhim,bob,english_natural
4943 rupay dawai lia Practo ko cash die,4943,healthcare,cash,,,hinglish_natural
Just paid Rs 15790 to Meesho through GPay,15790,shopping,upi,gpay,,english_natural
311 rupay invest kiya Kuvera ko debit card se,311,investment,card,,,hinglish_natural
ghar jaate waqt Vedantu 4253 rupaye naqad,4253,education,cash,,,hinglish_natural
today i spent 3312 on crypto via card,3312,investment,card,,,voice_transcript
Just paid 313 to SBI loan through card,313,emi,card,,,english_natural
4783 invest kya Groww ko debit card se HDFC card se yaar,4783,investment,card,,hdfc,hinglish_natural
INR 195 paid to car loan EMI via card from Jupiter,195,emi,card,,jupiter,english_natural
Just paid ₹381 to Lenskart through debit card,381,shopping,card,,hdfc,english_natural
Payment of 3969.14 to DishTV was successful via Google Pay UPI Ref No 91004924601285 sbi Account 5523,3969.14,utilities,upi,gpay,sbi,ocr_upi
182 rupaye invest kya Paytm Money ko card se,182,investment,card,,idfc,hinglish_natural
"Tata CLiQ
Net Amount 456
Paid via Jupiter",456,shopping,upi,jupiter,,ocr_receipt
aaj 27737 ₹ khana order kiya Reliance Fresh ko haath se de diya,27737,food,cash,,slice,hinglish_natural
INR 343 to Shreya PayTM UPI,343,friends,upi,paytm,,friends_synthetic
Cleartrip 4541 rupaiye Gpay se pay kiyaa,4541,travel,upi,gpay,,hinglish_natural
414 rs paise bheje roommate pe cash de diya,414,friends,cash,,,hinglish_natural
aaj Flipkart se shopping kr diya 145 rupay ka card se pay kia,16158,shopping,card,,axis,source_hinglish
118 rupees rent UPI se diye,118,utilities,upi,cred,,hinglish_natural
POS/PETROL PUMP/CRED/5043,18130,travel,upi,cred,,english_natural
petrol diesel fuel 10468 at pump card,10468,travel,card,,,cue_row
bhai ka transfer kia 245 rupaiye UPI se pay kr diya Jupiter se,245,friends,upi,gpay,jupiter,hinglish_natural
Bajaj Finance EMI 2628,2628,emi,upi,gpay,,english_natural
"EatFit
Net Amount 4292.31
Paid via Bhim",4292.31,food,upi,bhim,,ocr_receipt
Spent Rs.37366.50 on Myntra using card,37366.50,shopping,card,,,english_natural
Paid R 3633 to dhaba Paytm UPI State Bank 4366 Done,3633,food,upi,paytm,sbi,ocr_upi
TO:INDIGO indigo.67544@sbibank From:PRIYASHARMA (SBI BHIM : sender4814@oksbibank,43517.60,travel,upi,bhim,sbi,ocr_upi
1mg 32966 rupaiye cash me kotak wale account se,1,healthcare,cash,,kotak,hinglish_natural
POS/BROADBAND/PHONEPE/3086,984,utilities,upi,phonepe,slice,english_natural
ghar jaate waqt HDFC loan 465 rupees credit card se,465,emi,card,,,hinglish_natural
127 rupees Vi recharge bhim se pay kya,127,utilities,upi,bhim,,hinglish_natural
Paid ?274 for Groww via credit card,274,investment,card,,,english_natural
"ZEPTO
Item 1 Rs155
Item 2 375
Total Rs.4351
CASH",4351,food,cash,,,ocr_receipt
1002 rupees mess Google Pay se pay kr diya,1002,food,upi,gpay,slice,hinglish_natural
Payment of ₹44 to crypto was successful via CRED UPI Ref No 0910460052 Kotak Account 9170,44,investment,upi,cred,kotak,ocr_upi
maine 48663 rupaye Tata Play ko diye card se,48663,utilities,card,,bob,voice_transcript
12521 rupees Subway card,12521,food,card,,,voice_transcript
water bill 27,27,utilities,upi,fi,,english_natural
school fees me 47624 rupees ka books liya naqad,47624,education,cash,,,hinglish_natural
metro ka ride le liya 1444 rupay debit card se,1444,travel,card,,,hinglish_natural
BSNL 407,407,utilities,card,,,english_natural
Rs 426 to MedPlus via Slice HDFC account,426,healthcare,upi,slice,hdfc,english_natural
market 2644 rupaye card se,2644,shopping,card,,,hinglish_natural
FD 466,466,investment,upi,niyo,,english_natural
3634.55 cash Spotify,3634.55,entertainment,cash,,kotak,english_natural
paid back friend lent money ?380 cash,380,friends,cash,,,cue_row
Slice payment INR 154.51 BigBasket SBI 4009 done,154.51,food,upi,slice,sbi,ocr_upi
Paid Angel One ₹35433 using paytm,35433,investment,upi,paytm,,english_natural
Bought yaar for ₹4885 with Gpay,4885,friends,upi,gpay,,english_natural
GPay payment ₹4031 Lenskart Union Bank 2050 completed,4031,healthcare,upi,gpay,union bank,ocr_upi
yaar 4326 rs. Udemy cash die,4326,education,cash,,,hinglish_natural
Ananya ko 10985 transfer kiya Gpay se,10985,friends,upi,gpay,,friends_synthetic
Just paid 37407.41 to Jio recharge through Cred,37407.41,utilities,upi,cred,,english_natural
Vi recharge se payment kiya 3406 rupaiye ka paytm se pay kr diya,3406,utilities,upi,paytm,,hinglish_natural
DishTV pe 230 ka bill bharaa UPI se de diya,230,utilities,upi,paytm,,hinglish_natural
eye checkup 231 ₹ UPI se de diya,231,healthcare,upi,paytm,fi,hinglish_natural
Paid doctor INR 246 using Visa,246,healthcare,card,,,english_natural
Priya payment ₹400 done via G Pay,400,friends,upi,gpay,sbi,english_natural
Amazon se order kar diya 10331 rupay ka UPI se de diya,10331,shopping,upi,phonepe,,hinglish_natural
BookMyShow payment Rs4298 done via GPay,4298,entertainment,upi,gpay,hdfc,english_natural
crypto ka SIP bhar diya 3343 rupees UPI se de diya,3343,investment,upi,phonepe,,hinglish_natural
"TAX INVOICE
MedPlus
Grand Total: R 435.84
Payment: CASH",435.84,healthcare,cash,,,ocr_receipt
Uber 22929 rs. haath se diy zyada ho gaya,22929,travel,cash,,,hinglish_natural
"Receipt #4486
MedPlus
Amount Paid: ₹3858
Mode: CARD",3858,healthcare,card,,,ocr_receipt
paid Priya 4147 via PhonePe,4147,friends,upi,phonepe,,friends_synthetic
3779 ₹ coaching cash de diye,3779,education,cash,,,hinglish_natural
Practo 21906.87,21906.87,healthcare,upi,paytm,,english_natural
188 rupees 1mg gpay se pay kr diya,188,healthcare,upi,gpay,fi,hinglish_natural
electronics clothes shoes accessories purchase 1215 via card,1215,shopping,card,,,cue_row
TO:BHARATPETROLEUM bharatpetroleum.32954@indusindbankbank From:AMITSINGH (Indusind Bank gpay : sender8654@okindusindbankbank,432.58,travel,upi,gpay,indusind,ocr_upi
"SWIGGY RESTAURANT
Total 2451
Cash Received
Change 0.00",2451,food,upi,gpay,,ocr_receipt
metro mein 48570 lag gaye card se bhara,48570,travel,card,,,voice_transcript
bhai Croma ka 1744 rupaye card se de diya,1744,shopping,card,,,voice_transcript
?18562.96 to credit card EMI via Mastercard,18562.96,emi,card,,,english_natural
maine 422 rupaye Bajaj Finance EMI ko diye card se,422,emi,card,,,voice_transcript
PVR Rs 3189 debited from State Bank,3189,entertainment,upi,gpay,sbi,english_natural
Coin ka mutual fund kr diya 1094 rupay card se pay kr diya sbi account se,1094,investment,card,,sbi,hinglish_natural
Just paid Rs329.31 to Udemy through Visa,329.31,education,card,,,english_natural
maine 1346 rupaye Karan ko diye phonepe se,1346,friends,upi,phonepe,,voice_transcript
Bought Coursera for Rs.44932 with credit card,44932,education,card,,,english_natural
"BEWAKOOF RESTAURANT
Total 138
Cash Received
Change 0.00",138,shopping,cash,,axis,ocr_receipt
roommate payment INR 2403.51 done via cash,2403.51,friends,cash,,,english_natural
Coin 1803 phonepe Successful HDFC Bank 3277,1803,investment,upi,phonepe,hdfc,ocr_upi
"AIRTEL RECHARGE RESTAURANT
Total 1544.61
Cash Received
Change 0.00",1544.61,utilities,upi,phonepe,,ocr_receipt
bhai bro ko udhar return kiya 475 rs Phone Pe se,475,friends,upi,phonepe,,friends_synthetic
sent Rs2920 to Neha on PhonePe,2920,friends,upi,phonepe,,friends_synthetic
214 rs. Udemy UPI se,214,education,upi,gpay,,hinglish_natural
Spotify 328 rupees credit card se,328,entertainment,card,,,hinglish_natural
POOJA INR 124,124,friends,upi,slice,,english_natural
bhai Zee5 ka 3608 rupaye SLICE se de diya,3608,entertainment,upi,slice,,voice_transcript
office se aate hue Udemy ka course liyaa 13419 ₹ paytm se,13419,education,upi,paytm,,hinglish_natural
3303 rs. exam fee credit card se,3303,education,card,,sbi,hinglish_natural
i paid 394 rupees for friend using Bhim,394,friends,upi,bhim,hdfc,voice_transcript
"TAX INVOICE
water bill
Grand Total: 213
Payment: CARD",213,utilities,card,,icici,ocr_receipt
uber ola cab ride airport train ticket ₹49835 cash,49835,travel,cash,,,cue_row
i did 2010 expense on Coin using phonepe,2010,investment,upi,phonepe,,voice_transcript
PharmEasy 39 rupaye UPI se de diye,39,healthcare,upi,cred,,hinglish_natural
Paid Rs3612 for NPS via Google Pay,3612,investment,upi,gpay,,english_natural
Rs.37229 paid to Kuvera via phonepe UPI from HDFC Bank Bank ending 2463,37229,investment,upi,phonepe,hdfc,ocr_upi
gold me 4250 rupay ka SIP bhra card se,4250,investment,card,,,hinglish_natural
friend ko 2414 transfer kiya card se,2414,friends,card,,,friends_synthetic
upGrad 71 sbi,71,education,upi,niyo,sbi,english_natural
UPI/40374934/UDEMY/AXIS,35,education,upi,paytm,axis,english_natural
Rs310 paid to broadband via Google Pay from HDFC,310,utilities,upi,gpay,hdfc,english_natural
lunch dinner food order swiggy zomato restaurant meal ₹235 Phone Pe,235,food,upi,phonepe,,cue_row
₹10712.34 to SBI loan via Gpay icici account,10712.34,emi,upi,gpay,icici,english_natural
i did 1314 expense on Netmeds using cash,1314,healthcare,cash,,jupiter,voice_transcript
1mg 481 Gpay Successful kotak 6537,481,healthcare,upi,gpay,kotak,ocr_upi
2701 Flipkart,2701,shopping,card,,,english_natural
home loan car loan credit card EMI monthly Rs.29133 autopay card,29133,emi,card,,icici,cue_row
aaj Angel One pe 212 rupaye kharcha hua card se,212,investment,card,,sbi,voice_transcript
493 rupaye order kya Bewakoof pe credit card se,493,shopping,card,,,hinglish_natural
water bill 1110.42 Cred,1110.42,utilities,upi,cred,pnb,ocr_upi
"Apollo Pharmacy
Net Amount 57.59
Paid via CARD",57.59,healthcare,card,,,ocr_receipt
Shreya pe 43841 rupees ka paise bheje via Phonepe,43841,friends,upi,phonepe,,hinglish_natural
WATER BILL INR 26675.61,26675.61,utilities,cash,,,english_natural
electronics store 31149.15 Fi,31149.15,shopping,cash,,fi,english_natural
Paid Rs 473 for Amit from my SLICE account via paytm,473,friends,upi,paytm,slice,english_natural
INR 171.85 to stationery via slice Niyo account,171.85,education,upi,slice,niyo,english_natural
"BSNL BILL
St: 293.81
G Pay Approved",293.81,utilities,upi,gpay,,ocr_receipt
hospital 352.80 Google Pay Completed Punjab National Bank 4532,352.80,healthcare,upi,gpay,pnb,ocr_upi
Paid stocks 2475.96 using paytm,2475.96,investment,upi,paytm,,english_natural
3551.84 diagnostic,3551.84,healthcare,cash,,kotak,english_natural
YouTube Premium 159 rs. PayTM pe,159,entertainment,upi,paytm,,hinglish_natural
grocery vegetables milk bread fruits Rs 893 paid Gpay,893,food,upi,gpay,,cue_row
subah credit card EMI me 21783 ka loan payment kiya slice se,21783,emi,upi,slice,,hinglish_natural
"AMAZON PRIME
Item 1 INR 252
Item 2 INR 440
Total Rs.3687.63
CARD",3687.63,entertainment,card,,,ocr_receipt
YouTube Premium pe 2252 rupees ka game le liya phonepe se pay kiyaa Axis se kata,2252,entertainment,upi,phonepe,axis,hinglish_natural
Rs.461 paid to Chai Point via card from Jupiter,461,food,card,,jupiter,english_natural
Used Niyo card to pay 350.46 for bike loan EMI,350.46,emi,card,,niyo,english_natural
42005 to gaming via debit card,42005,entertainment,card,,,english_natural
"Zee5
Net Amount 41850
Paid via cred",41850,entertainment,upi,cred,,ocr_receipt
Pooja ka udhar return kiyaa 2904 rupay cred se pay kia Bandhan Bank se,2904,friends,upi,cred,bandhan,hinglish_natural
49360 rs. society maintenance credit card se,49360,utilities,card,,sbi,hinglish_natural
hospital doctor pharmacy medicine diagnostic Rs.3937 Paytm,3937,healthcare,upi,paytm,,cue_row
uber ola cab ride airport train ticket t212 card,212,travel,card,,,cue_row
Payment of Rs.1084 to Vi recharge was successful via slice UPI Ref No 3184560599 Kotak Account 6897,1084,utilities,upi,slice,kotak,ocr_upi
Spent Rs.30264 on Angel One using debit card,30264,investment,card,,,english_natural
paid back friend lent money 328 CRED,328,friends,upi,cred,,cue_row
exam fee Rs 33001 jupiter,33001,education,upi,jupiter,icici,ocr_upi
flight booking travel ticket 632 cash,632,travel,cash,,,cue_row
483 ₹ electricity bill via Phone Pe,483,utilities,upi,phonepe,,hinglish_natural
bhai Coin se mutual fund kiya 35444 ka card se,35444,investment,card,,,hinglish_natural
aaj INOX se ticket le liya 33 ₹ ka card se pay kiyaa Union Bank wale account se bhai,33,entertainment,card,,union bank,hinglish_natural
Rs 1013.68 to Behrouz via G Pay jupiter account,1013.68,food,upi,gpay,jupiter,english_natural
"Snapdeal BILL
St: 20522
fi APPROVED",20522,shopping,upi,fi,,ocr_receipt
Movie ticket booking INR 37647,37647,entertainment,cash,,,source_english
paid 31761 to EaseMyTrip through card,31761,travel,card,,,voice_transcript
"Receipt #5837
Amazon
Amount Paid: INR 248
Mode: SLICE",248,shopping,upi,slice,,ocr_receipt
"INOX BILL
St: ₹4036.43
CARD Approved",4036.43,entertainment,card,,sbi,ocr_receipt
school college tuition course books fees 32510 card,32510,education,card,,,cue_row
bhai ₹1639.30 Phonepe,1639.30,friends,upi,phonepe,hdfc,ocr_upi
₹4528 paid to Kuvera via Phone Pe UPI from HDFC Bank ending 1950,4528,investment,upi,phonepe,hdfc,ocr_upi
46570 rupees mobile recharge Fi Money,46570,utilities,upi,fi,,voice_transcript
i paid 159 rupees for FreshMenu using Jupiter,159,food,upi,jupiter,,voice_transcript
Bajaj Finance EMI se EMI kat gayi 48859 rupay ka GPay pe,48859,emi,upi,gpay,,hinglish_natural
"Receipt #3104
Tata Play
Amount Paid: 3904
Mode: CARD",3904,utilities,card,,,ocr_receipt
"DOCTOR RESTAURANT
Total 56
Cash Received
Change 0.00",56,healthcare,card,,,ocr_receipt
Paid ₹39420 for Rahul via card,39420,friends,card,,,english_natural
cafe pe 28187 rupees ka food order kiya UPI se,28187,food,upi,niyo,,hinglish_natural
"DIAGNOSTIC
Item 1 Rs.174
Item 2 ₹341
Total Rs.88.25
Gpay",88.25,healthcare,upi,gpay,sbi,ocr_receipt
raat ko 46782 ₹ rickshaw card se pay kiyaa,46782,travel,card,,,hinglish_natural
Paid Rs.1909.05 for doctor via cred,1909.05,healthcare,upi,cred,,english_natural
Paid rent ₹33543 using Cred,33543,utilities,upi,cred,,english_natural
aaj rickshaw 460 rupay gpay pe,460,travel,upi,gpay,,hinglish_natural
abhi HDFC loan me 2285 rs ka EMI bhara credit card se,2285,emi,card,,slice,hinglish_natural
Rs200.38 paid to eye checkup via PayTM UPI from State Bank Bank ending 9879,200.38,healthcare,upi,paytm,sbi,ocr_upi
"BSNL BILL
St: ₹1835
CASH Approved",1835,utilities,cash,,,ocr_receipt
"NETFLIX RESTAURANT
Total 30778
Cash Received
Change 0.00",30778,entertainment,upi,slice,,ocr_receipt
Bought Unacademy for 311 with card,311,education,card,,hdfc,english_natural
sent money to Karan ₹3188 on cash,3188,friends,cash,,,friends_synthetic
4955 to Amit phonepe UPI,4955,friends,upi,phonepe,,friends_synthetic
84 rupaye fees bhra books ko debit card se,84,education,card,,,hinglish_natural
ghar jaate waqt JioCinema 2936 rs paytm se icici card se,21214,entertainment,upi,paytm,icici,source_hinglish
Netflix Rs.32252 card,32252,entertainment,card,,,english_natural
crypto gold bonds NPS portfolio Rs 463 card,463,investment,card,,,cue_row
31846 rupees ticket book kiyaa HP Petrol ko UPI se,31846,travel,upi,slice,,hinglish_natural
84 MakeMyTrip card se,84,travel,card,,,hinglish_natural
1mg Rs 1686 debit card,1686,healthcare,card,,sbi,english_natural
Swiggy pe 2455 rs ka mangwaya naqad,2455,food,cash,,,hinglish_natural
Udemy 132 Federal Bank,132,education,cash,,federal bank,english_natural
Just paid ?4541 to personal loan EMI through Phone Pe,4541,emi,upi,phonepe,,english_natural
ATM/CASH/BANK/4456.26,4456.26,travel,upi,phonepe,,english_natural
crypto gold bonds NPS portfolio Rs 2532 phonepe,2532,investment,upi,phonepe,,cue_row
Payment of Rs1232 to Myntra was successful via Jupiter UPI Ref No 624206051169 Kotak Mahindra Account 9306,1232,shopping,upi,jupiter,kotak,ocr_upi
₹30997 paid to education loan EMI via Visa from YES BANK,30997,emi,card,,yes bank,english_natural
t5025 paid to electronics store via Visa from HDFC Bank,5025,shopping,card,,hdfc,english_natural
INR 293 paid to FirstCry via Cred UPI from Punjab National Bank Bank ending 1129,293,shopping,upi,cred,pnb,ocr_upi
"JIOCINEMA RESTAURANT
Total 677
Cash Received
Change 0.00",677,entertainment,card,,,ocr_receipt
personal loan EMI ka installment diyee 4217 rupay paytm se pay kiya Bank of Baroda account se,4217,emi,upi,paytm,bob,hinglish_natural
dinner split 22835 rupaye flatmate Gpay,22835,friends,upi,gpay,hdfc,friends_synthetic
4244 rs home loan EMI credit card se,4244,emi,card,,,hinglish_natural
Paid gold Rs.343 using Paytm from ICICI Bank,343,investment,upi,paytm,icici,english_natural
dost Rohan ko 266 rupaye Gpay se bheje,266,friends,upi,gpay,,friends_synthetic
crypto se mutual fund kiya 36 rs ka debit card se,36,investment,card,,,hinglish_natural
bhai friend ko udhar return kiya 4387 rs cash se,4387,friends,cash,,,friends_synthetic
3804 rupay bike loan EMI Google Pay pe,26884,emi,upi,gpay,,source_hinglish
insurance premium Rs437 Jupiter,437,utilities,upi,jupiter,,english_natural
aaj Cleartrip pe 28086 rupaye kharcha hua G Pay se,28086,travel,upi,gpay,,voice_transcript
Lenskart 3185 G Pay Payment done kotak 7704,3185,healthcare,upi,gpay,kotak,ocr_upi
Just paid Rs.373 to EaseMyTrip through debit card,373,travel,card,,,english_natural
94 rs. Gaana debit card se,27752,entertainment,card,,,source_hinglish
Gaana ka game liyaa 2707 rupaye GPay pe,2707,entertainment,upi,gpay,,hinglish_natural
INR 33252 to library via credit card,33252,education,card,,,english_natural
Spent ₹4846.76 on Hotstar using Gpay,4846.76,entertainment,upi,gpay,axis,english_natural
JioCinema se show dekha 4616 ka GPay pe,4616,entertainment,upi,gpay,,hinglish_natural
Spent t3028.24 on Meesho using Mastercard,3028.24,shopping,card,,,english_natural
ghar jaate waqt Amazon se khareed lya 219 rs ka PhonePe pe,219,shopping,upi,phonepe,,hinglish_natural
Paid 480.37 for mobile recharge via bhim,480.37,utilities,upi,bhim,,english_natural
Zomato 1382 cash,1382,food,cash,,,english_natural
paid 76 to H&M through card from Kotak,76,shopping,card,,kotak,voice_transcript
341 rupay PharmEasy debit card se,341,healthcare,card,,,hinglish_natural
dost ko 3048 transfer kiya bhim se,3048,friends,upi,bhim,,friends_synthetic
Lenskart 41020.07,41020.07,shopping,card,,,english_natural
kal doctor ka medicine lya 97 rupaye UPI se diyee,97,healthcare,upi,slice,,hinglish_natural
dopahar ko 341 ₹ school fees UPI se pay kar diya,341,education,upi,bhim,,hinglish_natural
Rohan ko 422 transfer kiya phonepe se,422,friends,upi,phonepe,,friends_synthetic
dopahar ko SpiceJet se cab le liya 4857 rs ka credit card se,4857,travel,card,,,hinglish_natural
Myntra se shopping kya 266 rupaiye ka via paytm,266,shopping,upi,paytm,,hinglish_natural
subah 3329 rupees Netflix paytm se,3329,entertainment,upi,paytm,,hinglish_natural
"RELIANCE FRESH RESTAURANT
Total 4194
Cash Received
Change 0.00",4194,food,upi,bhim,,ocr_receipt
dost bro ko 3347 rupaye cash se bheje,3347,friends,cash,,,friends_synthetic
split bill 2234 card se Divya ko diya,2234,friends,card,,,friends_synthetic
Bought Netmeds for 2775 with Fi,2775,healthcare,upi,fi,,english_natural
1022 Starbucks card se zyada ho gaya,1022,food,card,,,hinglish_natural
40214 rs. bike loan EMI UPI se de diya achha deal mila,40214,emi,upi,paytm,,hinglish_natural
Zerodha 318 card,318,investment,card,,sbi,english_natural
UPI/72165370/AMIT/STATE BANK,141,friends,upi,cred,sbi,english_natural
₹99.16 paid to Zara via phonepe UPI from HDFC Bank ending 3866,99.16,shopping,upi,phonepe,hdfc,ocr_upi
4767 rs. Coin Phone Pe pe,4767,investment,upi,phonepe,hdfc,hinglish_natural
"TAX INVOICE
Ajio
Grand Total: R 8282
Payment: PhonePe",8282,shopping,upi,phonepe,,ocr_receipt
today i spent 39489 on Vedantu via card from my HDFC Bank bank,39489,education,card,,hdfc,voice_transcript
7415 rs checkup karaya PharmEasy pe Google Pay se pay kar diya bc,7415,healthcare,upi,gpay,axis,hinglish_natural
"Flipkart
Net Amount 49942
Paid via Phonepe",49942,shopping,upi,phonepe,,ocr_receipt
TO:KUVERA kuvera.39906@icicibank From:RAHULKUMAR (ICICI GPay : sender1209@okicicibank,433,investment,upi,gpay,icici,ocr_upi
Croma 17604 ₹ naqad bhai,17604,shopping,cash,,,hinglish_natural
65 Apollo Pharmacy,65,healthcare,upi,gpay,,english_natural
Haldirams ₹2493 PhonePe,2493,food,upi,phonepe,,english_natural
mutual fund SIP stocks PPF FD investment INR 479 NIYO,479,investment,upi,niyo,,cue_row
HDFC loan 58 rupaiye debit card se,58,emi,card,,pnb,hinglish_natural
Paid R 4320 for library via card,4320,education,card,,,english_natural
ghar jaate waqt Meesho se buy kar diya 209 rupaye ka credit card se,209,shopping,card,,hdfc,hinglish_natural
HP Petrol 29403 rupay credit card se HDFC Bank card se,29403,travel,card,,hdfc,hinglish_natural
HP Petrol ka petrol bhara 57 rupaye naqad,57,travel,cash,,,hinglish_natural
Rs 146.13 paid to Angel One via PayTM UPI from icici Bank ending 2547,146.13,investment,upi,paytm,icici,ocr_upi
4532 ka HP Petrol bill pay kiya card se,4532,travel,card,,,voice_transcript
t6715 to concert via Visa,6715,entertainment,card,,,english_natural
"TAX INVOICE
Lenskart
Grand Total: R 2556
Payment: CARD",2556,healthcare,card,,,ocr_receipt
"BSNL
Item 1 Rs.368
Item 2 INR 221
Total ₹29055
CARD",29055,utilities,card,,,ocr_receipt
mess me 16601 rs. ka khana order kr diya PayTM se pay kiya,16601,food,upi,paytm,,hinglish_natural
maine 211 rupaye Pooja ko diye G Pay se,211,friends,upi,gpay,,voice_transcript
lunch dinner food order swiggy zomato restaurant meal ₹3916 cash,3916,food,cash,,indusind,cue_row
Doctor consultation INR 26612,26612,healthcare,cash,,,source_english
NPS ka paisa daala 47018 GPay se pay kya Fi Money se bc,47018,investment,upi,gpay,fi,hinglish_natural
paid 480 to Spotify through card,480,entertainment,card,,,voice_transcript
ghar jaate waqt MedPlus ka medicine liyaa 390 rupaiye via paytm,390,healthcare,upi,paytm,,hinglish_natural
coaching exam preparation study material 21510 card,21510,education,card,,,cue_row
"Meesho BILL
St: Rs 387
CASH APPROVED",387,shopping,cash,,,ocr_receipt
electronics clothes shoes accessories purchase 1781 via card,1781,shopping,card,,,cue_row
exam fee pe 4863 ka admission kar diya card se pay kia,18561,education,card,,,source_hinglish
Paid ₹3260.92 for Angel One from my SBI account via Jupiter,3260.92,investment,upi,jupiter,sbi,english_natural
Used Kotak Mahindra credit card to pay 3737 for Indian Oil,3737,travel,card,,kotak,english_natural
ghar jaate waqt hospital se test karaya 182 rs. ka UPI se pay kar diya,182,healthcare,upi,gpay,,hinglish_natural
POS/BOOKS/CREDIT CARD/2045,3223.77,education,card,,pnb,english_natural
Spent 157 on Box8 using jupiter,157,food,upi,jupiter,,english_natural
"D AUTO 283 Completed 8Apr 2026,1:27 pm hdfc Bank 3147 UPI transaction ID 66884487949317 TO:AUTO auto.35358@hdfcbank Soogletransaction lD CICAgJjg062480 OPI CRED",283,travel,upi,cred,hdfc,ocr_upi
bhai se udhar return kr diya 4747 rupees ka UPI se pay kya,4747,friends,upi,gpay,,hinglish_natural
Arjun se split kiya 207 rupaye ka phonepe pe,207,friends,upi,phonepe,bandhan,hinglish_natural
Paid INR 90 for Air India from my kotak account via slice,90,travel,upi,slice,kotak,english_natural
spent 447 rupees on upGrad via card,447,education,card,,,voice_transcript
books 37275.02 paytm Payment done ICICI 9530,37275.02,education,upi,paytm,icici,ocr_upi
214 rupaye clinic Fi Money se,214,healthcare,upi,fi,,hinglish_natural
"MEDPLUS RESTAURANT
Total 4313
Cash Received
Change 0.00",4313,healthcare,cash,,kotak,ocr_receipt
clinic pe 319 rupay ka doctor ko diy paytm pe,319,healthcare,upi,paytm,,hinglish_natural
Paid ?3379.42 to market Cred UPI PNB 4895 Done,3379.42,shopping,upi,cred,pnb,ocr_upi
"BILL
mall
t49380
Paytm
Thank You Visit Again",49380,shopping,upi,paytm,,ocr_receipt
diagnostic ka 3493 rupees ka bill card se pay kiya,3493,healthcare,card,,jupiter,voice_transcript
subah Rapido pe 4177 ₹ ka kiraya diyee card se,4177,travel,card,,,hinglish_natural
Paid lab test Rs.92 using G Pay,92,healthcare,upi,gpay,,english_natural
TO:MEDPLUS medplus.47026@bankofbarodabank From:RAHULKUMAR (Bank of Baroda gpay : user3389@okbankofbarodabank,42358,healthcare,upi,gpay,bob,ocr_upi
Cafe coffee INR 20997,20997,food,upi,jupiter,,source_english
395 to colleague Niyo UPI,395,friends,upi,niyo,kotak,friends_synthetic
Paid Rs.35498.71 for Croma via cash,35498.71,shopping,cash,,,english_natural
₹10881 to Amit card UPI,10881,friends,card,,,friends_synthetic
school fees 243 rupay UPI se pay kiyaa,243,education,upi,phonepe,,hinglish_natural
aaj 262 rs. kiraya de diye IndiGo pe cash me,26683,travel,cash,,,source_hinglish
INR 239 paid to Subway via cash from State Bank,239,food,cash,,sbi,english_natural
maine 1439 rupaye coaching ko diye cash se,1439,education,cash,,niyo,voice_transcript
dopahar ko FreshMenu 1106 ₹ UPI se diy,1106,food,upi,paytm,indusind,hinglish_natural
dopahar ko 1170 ₹ saman liya mall ko GPay se pay kar diya,1170,shopping,upi,gpay,axis,hinglish_natural
ACT Fibernet pe 42647 rupaye ka payment kiya debit card se matlab,42647,utilities,card,,axis,hinglish_natural
split bill 2381 PhonePe se Divya ko diya,2381,friends,upi,phonepe,hdfc,friends_synthetic
UPI/39377309/AIRTEL RECHARGE/SBI,40723,utilities,upi,gpay,sbi,english_natural
Apple Music me 64 ₹ ka subscription renew kiyaa UPI se,64,entertainment,upi,phonepe,slice,hinglish_natural
rickshaw 48581 rupees UPI se bc,48581,travel,upi,gpay,,hinglish_natural
"PVR RESTAURANT
Total 351.77
Cash Received
Change 0.00",351.77,entertainment,upi,fi,,ocr_receipt
JIOCINEMA INR 1022,1022,entertainment,card,,,english_natural
BSNL 27386 rupaye UPI se,27386,utilities,upi,paytm,kotak,hinglish_natural
"H&M RESTAURANT
Total 1199.96
Cash Received
Change 0.00",1199.96,shopping,upi,paytm,,ocr_receipt
Rahul 72 HDFC,72,friends,card,,hdfc,english_natural
PVR mein 1058 lag gaye PhonePe se bhara,1058,entertainment,upi,phonepe,,voice_transcript
paid 105 to personal loan EMI through card from jupiter,105,emi,card,,jupiter,voice_transcript
aaj diagnostic se medicine liya 28244 rupaye ka haath se de diya,42391,healthcare,cash,,,source_hinglish
10206 charged for Lenskart on paytm,10206,healthcare,upi,paytm,,english_natural
1182 rs. cab liyaa Indian Oil ko cash me,1182,travel,cash,,,hinglish_natural
society maintenance ka recharge kiyaa 1628 rs haath se diy,1628,utilities,cash,,,hinglish_natural
Zomato pe 3123 rupaye ka khana khaaya via paytm,3123,food,upi,paytm,hdfc,hinglish_natural
uber ola cab ride airport train ticket Rs21573 cred,21573,travel,upi,cred,,cue_row
sent money to Divya Rs.3260 on Jupiter,3260,friends,upi,jupiter,pnb,friends_synthetic
paid back friend lent money 410 BHIM,410,friends,upi,bhim,yes bank,cue_row
Nature's Basket ₹594 debited from ICICI,594,food,cash,,icici,english_natural
sent 3549 to friend on PayTM split bill UPI,3549,friends,upi,paytm,,cue_row
Paid INR 108 for SonyLIV via card,108,entertainment,card,,,english_natural
Vi recharge ka bill bhra 10589 rupaye UPI se sbi wale account se zyada ho gaya,10589,utilities,upi,gpay,sbi,hinglish_natural
flatmate rent share 3374 PhonePe Rahul,3374,friends,upi,phonepe,,friends_synthetic
"Dominos BILL
St: t31059.88
CASH Approved",31059.88,food,cash,,sbi,ocr_receipt
547 paisa daala ET Money ko Paytm pe Kotak Mahindra account se,547,investment,upi,paytm,kotak,hinglish_natural
"Receipt #8497
gaming
Amount Paid: ₹20
Mode: Paytm",20,entertainment,upi,paytm,,ocr_receipt
"concert 8507 Completed 18Jun 2026,12:04 pm HDFC 9747 UPI transaction ID 94889833119",8507,entertainment,upi,phonepe,hdfc,ocr_upi
amazon flipkart myntra online shopping order Rs 1391 card,1391,shopping,card,,,cue_row
213 rs Behrouz UPI se bhai,213,food,upi,slice,fi,hinglish_natural
EatFit Rs 2445 Cred,2445,food,upi,cred,hdfc,ocr_upi
Bajaj Finance EMI me 451 rs. ka loan payment kia debit card se,451,emi,card,,,hinglish_natural
broadband 322.27 jupiter,322.27,utilities,upi,jupiter,,english_natural
bro ko 2746 transfer kiya phonepe se,2746,friends,upi,phonepe,,friends_synthetic
bhai 1mg me 98 rs. ka test karaya cash me,1,healthcare,cash,,,hinglish_natural
119.55 cash MedPlus,119.55,healthcare,cash,,,english_natural
"stocks 1933.19 Completed 7Sep 2026,8:12 am HDFC 2925 UPI transaction ID 7789819687",1933.19,investment,upi,bhim,hdfc,ocr_upi
HP Petrol 19219 ₹ debit card se,19219,travel,card,,,hinglish_natural
Airtel recharge ka bill bhar diya 3781 rs Paytm pe,3781,utilities,upi,paytm,hdfc,hinglish_natural
Lenskart se dawai lia 22100 ₹ ka PayTM pe,22100,healthcare,upi,paytm,,hinglish_natural
bhai 1838.77,1838.77,friends,upi,gpay,,english_natural
office se aate hue 3776 rupees MakeMyTrip haath se die,3776,travel,cash,,,hinglish_natural
"Pizza Hut
Net Amount 2100
Paid via CARD",2100,food,card,,,ocr_receipt
296 diagnostic,296,healthcare,cash,,sbi,english_natural
raat ko Lenskart se saman liya 1995 rs ka card se,1995,shopping,card,,,hinglish_natural
Paid INR 190 for stocks from my Fi account via cred,190,investment,upi,cred,fi,english_natural
Jio recharge t4223 Paytm,4223,utilities,upi,paytm,,english_natural
split bill 710 Phone Pe se friend ko diya,710,friends,upi,phonepe,,friends_synthetic
Spotify 2702.06 debited from hdfc,2702.06,entertainment,card,,hdfc,english_natural
Spent ₹18023 on stocks using cred,18023,investment,upi,cred,,english_natural
grocery vegetables milk bread fruits Rs.372 paid PayTM,372,food,upi,paytm,sbi,cue_row
dost Shreya ko 55 rupaye PhonePe se bheje,55,friends,upi,phonepe,sbi,friends_synthetic
Rs.3361 to Rohan cash UPI,3361,friends,cash,,icici,friends_synthetic
PPF 3962 rs credit card se,3962,investment,card,,,hinglish_natural
office se aate hue 133 rs ride le liya IndiGo pe naqad,133,travel,cash,,,hinglish_natural
bhai Priya ko udhar return kiya 315 rs paytm se,315,friends,upi,paytm,,friends_synthetic
diagnostic ka checkup karaya 1955 rupees credit card se,6837,healthcare,card,,pnb,source_hinglish
"Flipkart BILL
St: 26232
CARD approved",26232,shopping,card,,sbi,ocr_receipt
stationery ka 223 rupees ka bill Google Pay se pay kiya,223,education,upi,gpay,,voice_transcript
Used Axis Bank Phone Pe to pay INR 1241 for crypto,1241,investment,upi,phonepe,axis,english_natural
ET MONEY INR 235.43,235.43,investment,upi,gpay,,english_natural
crypto gold bonds NPS portfolio 4328 card,4328,investment,card,,idfc,cue_row
bhai 1269 cash,1269,friends,cash,,,english_natural
39599 rs. transfer kia Arjun pe naqad,39599,friends,cash,,,hinglish_natural
water bill me 7512 rupay ka bill pay kr diya cred se pay kya,7512,utilities,upi,cred,,hinglish_natural
"MedPlus
Net Amount 485
Paid via CASH",485,healthcare,cash,,,ocr_receipt
electricity bill ₹4067 Paytm,4067,utilities,upi,paytm,hdfc,english_natural
"TAX INVOICE
Airtel recharge
Grand Total: INR 87.00
Payment: Jupiter",87.00,utilities,upi,jupiter,,ocr_receipt
dost 2959 rupay Phonepe se icici se kata,2959,friends,upi,phonepe,icici,hinglish_natural
Gaana se subscription renew kar diya 2534 rs ka debit card se Fi Money card se,2534,entertainment,card,,fi,hinglish_natural
Zepto se mangwaya 3848 rupay ka cash me SBI se kata,3848,food,cash,,sbi,hinglish_natural
47724.25 paid to education loan EMI via card from sbi,47724.25,emi,card,,sbi,english_natural
Shreya 2777 rupaiye naqad,2777,friends,cash,,,hinglish_natural
exam fee 5285 rs. CRED pe ICICI card se,5285,education,upi,cred,icici,hinglish_natural
abhi 4800 rupaiye Hotstar card se,10121,entertainment,card,,,source_hinglish
t25427.45 debited from your Yes Bank account for Tata Play (niyo UPI),25427.45,utilities,upi,niyo,yes bank,ocr_upi
Croma mein 3525 lag gaye card se bhara,3525,shopping,card,,,voice_transcript
Tata Play ka payment kar diya 39351 ₹ cash me,39351,utilities,cash,,hdfc,hinglish_natural
paid back friend lent money Rs 3828 PhonePe,3828,friends,upi,phonepe,,cue_row
home loan car loan credit card EMI monthly Rs.255 autopay jupiter,255,emi,upi,jupiter,,cue_row
office se aate hue 370 rupaye Bewakoof debit card se,6159,shopping,card,,,source_hinglish
water bill ka bill bhra 257 via PayTM,257,utilities,upi,paytm,,hinglish_natural
sent 366 to friend on cash split bill UPI,366,friends,cash,,kotak,cue_row
Train ticket IRCTC INR 16575,16575,travel,cash,,hdfc,source_english
dentist se medicine lya 33 rs. ka UPI se Union Bank card se,33,healthcare,upi,phonepe,union bank,hinglish_natural
Flipkart se buy kar diya 406 rs ka UPI se de diya,406,shopping,upi,cred,niyo,hinglish_natural
455 debited from your IDFC account for Pizza Hut (Google Pay UPI),455,food,upi,gpay,idfc,ocr_upi
Air India ka kiraya diy 269 credit card se,269,travel,card,,,hinglish_natural
3748 rs. mutual fund kar diya mutual fund ko UPI se de diye,3748,investment,upi,slice,,hinglish_natural
subah 14023 rs Haldirams via Cred,14023,food,upi,cred,,hinglish_natural
spent 812 rupees on IndiGo via Paytm,812,travel,upi,paytm,,voice_transcript
35162 rupay show dekha BookMyShow pe credit card se,35162,entertainment,card,,,hinglish_natural
subah 22142 Amazon card se pay kiyaa,35995,shopping,card,,,source_hinglish
spent 3449 rupees on stocks via card,3449,investment,card,,,voice_transcript
paid Neha 7159 via PhonePe,7159,friends,upi,phonepe,,friends_synthetic
i did 34500 expense on Nykaa using card,34500,shopping,card,,,voice_transcript
Myntra me 27967 ₹ ka saman lya debit card se,27967,shopping,card,,,hinglish_natural
Vikram payment ₹52.10 done via cash,52.10,friends,cash,,,english_natural
yaar 35315 insurance premium UPI se,35315,utilities,upi,paytm,,hinglish_natural
365 rupees Priya GPay,365,friends,upi,gpay,,voice_transcript
water bill pe 3599 rs. ka payment kia UPI se pay kiya,3599,utilities,upi,cred,,hinglish_natural
bro 3107 Slice Completed ICICI 1734,3107,friends,upi,slice,icici,ocr_upi
Spotify se show dekha 11399 rupaye ka UPI se pay kia,11399,entertainment,upi,jupiter,fi,hinglish_natural
yaar Jio recharge se bill pay kia 36151 ka via Gpay Jupiter wale account se,36151,utilities,upi,gpay,jupiter,hinglish_natural
48212 rupaiye Myntra debit card se,48212,shopping,card,,kotak,hinglish_natural
Paid BSNL ₹1007.50 using paytm from icici,1007.50,utilities,upi,paytm,icici,english_natural
2042 rupaye test karaya Apollo Pharmacy ko card se,2042,healthcare,card,,fi,hinglish_natural
Apple Music ka 209 rupees ka bill card se pay kiya,209,entertainment,card,,fi,voice_transcript
Paid ₹2408.52 for Amazon Prime from my SBI account via NIYO,2408.52,entertainment,upi,niyo,sbi,english_natural
spent 7543 rupees on Bharat Petroleum via card,7543,travel,card,,,voice_transcript
crypto gold bonds NPS portfolio ₹1119 card,1119,investment,card,,,cue_row
ghar jaate waqt 470 ₹ transfer kya bhai pe UPI se pay kiya yaar,470,friends,upi,gpay,fi,hinglish_natural
223 rs. movie dekhi Apple Music pe cash me,223,entertainment,cash,,niyo,hinglish_natural
1205 roommate,1205,friends,upi,jupiter,,english_natural
maine 337 rupaye credit card EMI ko diye niyo se,337,emi,upi,niyo,axis,voice_transcript
Reliance Digital 3449 ₹ debit card se,3449,shopping,card,,,hinglish_natural
raat ko Uber ka cab liya 466 gpay se pay kiyaa,466,travel,upi,gpay,,hinglish_natural
amazon flipkart myntra online shopping order Rs17782 card,17782,shopping,card,,yes bank,cue_row
abhi Coursera 48441 rupees credit card se,48441,education,card,,,hinglish_natural
aaj Nature's Basket se food order kya 4093 rupay ka card se Kotak card se zyada ho gaya,4093,food,card,,kotak,hinglish_natural
Just paid 33841.60 to insurance premium through Visa,33841.60,utilities,card,,,english_natural
"Receipt #5810
Croma
Amount Paid: ₹299.56
Mode: CARD",299.56,shopping,card,,,ocr_receipt
"D DIAGNOSTIC 45301 Completed 20Apr 2026,11:05 pm HDFC Bank 8350 UPI transaction ID 194466445370 TO:DIAGNOSTIC diagnostic.95179@hdfcbank Googletransaction lD XYZabc218509 OPI Google Pay",45301,healthcare,upi,gpay,hdfc,ocr_upi
₹2525 to tuition via credit card Axis account,2525,education,card,,axis,english_natural
394 paid to books via debit card from State Bank,394,education,card,,sbi,english_natural
231 rs. Croma credit card se,231,shopping,card,,,hinglish_natural
water bill ka bill pay kiya 3143 rupaye UPI se de diya bc,3143,utilities,upi,fi,,hinglish_natural
college fees 850 Gpay,850,education,upi,gpay,fi,english_natural
doctor se doctor ko de diye 387 rupees ka CRED pe,2667,healthcare,upi,cred,idfc,source_hinglish
sent 452 to Amit on cash,452,friends,cash,,,friends_synthetic
water bill Rs.106 GPay,106,utilities,upi,gpay,pnb,ocr_upi
Just paid ₹45616.66 to Zara through cash,45616.66,shopping,cash,,,english_natural
PharmEasy se medicine lia 47459 rs. ka haath se diyee,47459,healthcare,cash,,,hinglish_natural
paytm payment Rs3363.76 education loan EMI ICICI Bank 8003 successful,3363.76,emi,upi,paytm,icici,ocr_upi
i paid 210 rupees for Zara using gpay,210,shopping,upi,gpay,,voice_transcript
180 SBI loan,180,emi,card,,icici,english_natural
NEFT/TRANSFER/ANANYA/SBI,103,friends,upi,slice,sbi,english_natural
ATM/CASH/BANK/5227,5227,travel,upi,bhim,,english_natural
library se fees bharra 975 rupay ka UPI se,975,education,upi,gpay,,hinglish_natural
?1597 charged for Zee5 on card,1597,entertainment,card,,,english_natural
friend ₹445 PayTM,445,friends,upi,paytm,,english_natural
R 2705.20 to rent via Cred,2705.20,utilities,upi,cred,,english_natural
TO:LABTEST labtest.22545@sbibank From:PRIYASHARMA (SBI GPay : sender4580@oksbibank,29372,healthcare,upi,gpay,sbi,ocr_upi
rent maintenance gas connection 4908 CRED,4908,utilities,upi,cred,,cue_row
₹4549 to SonyLIV via gpay,4549,entertainment,upi,gpay,,english_natural
bhai Reliance Digital ka shopping kiyaa 4195 rupaye credit card se,4195,shopping,card,,,hinglish_natural
NIYO payment INR 320 BookMyShow HDFC Bank 3221 completed,320,entertainment,upi,niyo,hdfc,ocr_upi
medical checkup lab test health insurance 42138 SLICE,42138,healthcare,upi,slice,,cue_row
Amit 27896 cred,27896,friends,upi,cred,icici,ocr_upi
maine 34 rupaye dentist ko diye cred se,34,healthcare,upi,cred,axis,voice_transcript
TO:CLEARTRIP cleartrip.45213@icicibankbank From:AMITSINGH (ICICI Bank paytm : sender4829@okicicibankbank,1920,travel,upi,paytm,icici,ocr_upi
electronics store mein 39992 lag gaye paytm se bhara,39992,shopping,upi,paytm,,voice_transcript
bike loan EMI pe 225 ka EMI bhar diya card se,29705,emi,card,,,source_hinglish
Nature's Basket 1608 rupees UPI se bhai,1608,food,upi,gpay,,hinglish_natural
Netflix me 31398 rs. ka game lya fi pe,31398,entertainment,upi,fi,,hinglish_natural
today i spent 3148 on water bill via gpay from my HDFC bank,3148,utilities,upi,gpay,hdfc,voice_transcript
paid back friend lent money ₹4118 G Pay,4118,friends,upi,gpay,,cue_row
Amit se split kya 4455 ka via phonepe hdfc wale account se,4455,friends,upi,phonepe,hdfc,hinglish_natural
bike loan EMI se installment diyee 316 rupay ka via PhonePe,316,emi,upi,phonepe,hdfc,hinglish_natural
IndiGo 148 card se bc,148,travel,card,,pnb,hinglish_natural
Rs 300.24 to ET Money via slice,300.24,investment,upi,slice,,english_natural
mobile recharge payment Rs.468 done via Visa,468,utilities,card,,,english_natural
PPF contribution INR 1405,1405,investment,upi,paytm,hdfc,source_english
4242 ₹ ticket liya Spotify ko debit card se zyada ho gaya,4242,entertainment,card,,,hinglish_natural
Dominos 15339 Phonepe,15339,food,upi,phonepe,,english_natural
"D CONCERT 26620 Completed 19Apr 2026,8:38 pm ICICI Bank 2132 UPI transaction ID 501467093672502 TO:CONCERT concert.75995@icicibank Goog1etransaction lD CICAgJjg417707 OPI phonepe",26620,entertainment,upi,phonepe,icici,ocr_upi
paid back friend lent money 43042 Paytm,43042,friends,upi,paytm,,cue_row
415 dost cash me,415,friends,cash,,,hinglish_natural
i paid 3531 rupees for Starbucks using cash,3531,food,cash,,,voice_transcript
subah market pe 331 ₹ ka shopping kr diya card se pay kia,44176,shopping,card,,,source_hinglish
Bought DishTV for ₹1605.23 with Jupiter,1605.23,utilities,upi,jupiter,,english_natural
Rs.328.18 to Groww via PayTM,328.18,investment,upi,paytm,,english_natural
YouTube Premium me 89 rupaye ka game le liya UPI se pay kiya bc,89,entertainment,upi,phonepe,,hinglish_natural
i paid 2752 rupees for gas bill using PhonePe,2752,utilities,upi,phonepe,,voice_transcript
Rs 56 paid to Zee5 via Phonepe from Jupiter,56,entertainment,upi,phonepe,jupiter,english_natural
"BILL
Reliance Digital
INR 18713.05
Google Pay
Thank You Visit Again",18713.05,shopping,upi,gpay,,ocr_receipt
bhai Jio recharge me 2721 rs ka recharge kr diya UPI se diyee,2721,utilities,upi,gpay,,hinglish_natural
3230 buy kar diya Meesho ko Phonepe se,3230,shopping,upi,phonepe,,hinglish_natural
"eye checkup 397 Completed 23Sep 2025,10:29 pm HDFC 6048 UPI transaction ID 713495522576500",397,healthcare,upi,phonepe,hdfc,ocr_upi
Payment of INR 40215 to petrol pump was successful via SLICE UPI Ref No 4183590949 kotak Account 7944,40215,travel,upi,slice,kotak,ocr_upi
Just paid Rs.466 to Vi recharge through Mastercard,466,utilities,card,,,english_natural
mutual fund SIP stocks PPF FD investment Rs 4466 card,4466,investment,card,,sbi,cue_row
clinic payment Rs.1500 done via Phone Pe,1500,healthcare,upi,phonepe,fi,english_natural
Lenskart pe 34288 rupaiye ka shopping kia cash me,34288,shopping,cash,,,hinglish_natural
Bought SBI loan for Rs3411 with Mastercard,3411,emi,card,,,english_natural
abhi YouTube Premium ka ticket liyaa 417 rupaye niyo se matlab,417,entertainment,upi,niyo,,hinglish_natural
Stock purchase INR 9072,9072,investment,upi,paytm,,source_english
t2629 paid to Ajio via PhonePe UPI from Bank of Baroda Bank ending 2959,2629,shopping,upi,phonepe,bob,ocr_upi
84.78 EaseMyTrip,84.78,travel,upi,fi,slice,english_natural
165 rs checkup karaya PharmEasy pe credit card se bc,165,healthcare,card,,,hinglish_natural
Paid Rs 830 for Unacademy from my PNB account via card,830,education,card,,pnb,english_natural
Spent Rs 302.78 on Lenskart using Visa,302.78,healthcare,card,,,english_natural
3706 rs. electronics store haath se die,3706,shopping,cash,,,hinglish_natural
Zomato me 4735 rupaye ka khana khya card se pay kia,4735,food,card,,,hinglish_natural
breakfast snacks chai coffee R 552 Paytm,552,food,upi,paytm,,cue_row
rent maintenance gas connection 432 card,432,utilities,card,,hdfc,cue_row
Paytm Money 1720 card,1720,investment,card,,hdfc,english_natural
Vikram se dost ko de diye 188 rupaiye ka UPI se RBL se kata,188,friends,upi,gpay,rbl,hinglish_natural
aaj Zee5 pe 2774 rupaye kharcha hua card se,2774,entertainment,card,,,voice_transcript
4179 rupaye DishTV Phone Pe se pay kar diya sasta tha,4179,utilities,upi,phonepe,,hinglish_natural
gpay payment ₹376 Kuvera YES BANK 4581 completed,376,investment,upi,gpay,yes bank,ocr_upi
4915 ₹ gold Google Pay se pay kiya,39729,investment,upi,gpay,pnb,source_hinglish
Netflix subscription INR 16538,16538,entertainment,upi,cred,,source_english
gaming concert event ticket 359 card,359,entertainment,card,,,cue_row
rent maintenance gas connection Rs37169 gpay,37169,utilities,upi,gpay,,cue_row
office se aate hue 3246 ₹ stocks UPI se,3246,investment,upi,cred,icici,hinglish_natural
bhai Yatra 39236 BHIM se,21449,travel,upi,bhim,,source_hinglish
uber ola cab ride airport train ticket Rs 20634 card,20634,travel,card,,,cue_row
education loan EMI pe 1181 rupay ka installment die UPI se diye sbi wale account se,1181,emi,upi,gpay,sbi,hinglish_natural
NEFT/TRANSFER/AMIT/,1966.28,friends,cash,,,english_natural
"BookMyShow BILL
St: INR 4070
Phone Pe APPROVED",4070,entertainment,upi,phonepe,hdfc,ocr_receipt
Bhim payment Rs 3948 rent Bank of Baroda 7173 successful,3948,utilities,upi,bhim,bob,ocr_upi
dopahar ko Paytm Money 1023 rupees card se,31465,investment,card,,,source_hinglish
dentist 46633 paytm,46633,healthcare,upi,paytm,sbi,english_natural
Coin se mutual fund kar diya 245 ka debit card se sbi wale account se,245,investment,card,,sbi,hinglish_natural
split bill 16889 PhonePe se bro ko diya,16889,friends,upi,phonepe,,friends_synthetic
netflix spotify hotstar subscription movie show INR 426 Gpay,426,entertainment,upi,gpay,,cue_row
Swiggy R 488.38 BHIM,488.38,food,upi,bhim,idfc,ocr_upi
"Receipt #2818
BSNL
Amount Paid: ₹3239
Mode: PhonePe",3239,utilities,upi,phonepe,,ocr_receipt
bhai bro ko udhar return kiya 4278 rs slice se,4278,friends,upi,slice,,friends_synthetic
aaj NPS pe 4438 rupaye kharcha hua Gpay se,4438,investment,upi,gpay,,voice_transcript
aaj society maintenance pe 7367 rupaye kharcha hua cash se,7367,utilities,cash,,indusind,voice_transcript
dhaba ka food order kiya 466 rupay UPI se die,466,food,upi,phonepe,,hinglish_natural
183 rupees Myntra naqad zyada ho gaya,183,shopping,cash,,,hinglish_natural
market ka order kia 47639 ₹ credit card se,47639,shopping,card,,,hinglish_natural
NEFT/TRANSFER/GAS BILL/NIYO,587,utilities,upi,phonepe,niyo,english_natural
Bought Coin for t4872 with card,4872,investment,card,,,english_natural
petrol diesel fuel Rs.25765 at pump card,25765,travel,card,,,cue_row
ATM/CASH/BANK/345,345,entertainment,card,,,english_natural
Paid Zee5 ₹4114 using paytm,4114,entertainment,upi,paytm,,english_natural
203 ₹ mess haath se diye,203,food,cash,,,hinglish_natural
Divya 12825 ₹ UPI se pay kia HDFC Bank se,12825,friends,upi,phonepe,hdfc,hinglish_natural
yaar 21 rupees Bajaj Finance EMI credit card se,21,emi,card,,,hinglish_natural
"GAS BILL RESTAURANT
Total 2305
Cash Received
Change 0.00",2305,utilities,upi,phonepe,,ocr_receipt
bhai Rohan ko udhar return kiya 23027 rs jupiter se,23027,friends,upi,jupiter,,friends_synthetic
today i spent 22218 on RedBus via card,22218,travel,card,,,voice_transcript
Zomato pe 20021 ₹ ka mangwaya Phone Pe se sasta tha,20021,food,upi,phonepe,,hinglish_natural
"D BEHROUZ 2658 Completed 7Jan 2026,9:08 pm hdfc Bank 7450 UPI transaction ID 0155501553853 TO:BEHROUZ behrouz.24586@hdfcbank Goog1etransaction lD CICAgJjg864769 OPI Paytm",2658,food,upi,paytm,hdfc,ocr_upi
i paid 298 rupees for Meesho using card,298,shopping,card,,hdfc,voice_transcript
stationery 31971 rs card se,31971,education,card,,pnb,hinglish_natural
flatmate rent share 282 Slice yaar,282,friends,upi,slice,,friends_synthetic
Airtel recharge se bill bhar diya 830 ka via Google Pay,830,utilities,upi,gpay,,hinglish_natural
sent INR 139 to friend on paytm split bill UPI,139,friends,upi,paytm,,cue_row
1281 rupaiye game lia concert ko credit card se,1281,entertainment,card,,,hinglish_natural
37732 rupaye saman lya Lenskart pe haath se diy icici account se,37732,shopping,cash,,icici,hinglish_natural
₹3945.42 debited from your sbi account for BSNL (Slice UPI),3945.42,utilities,upi,slice,sbi,ocr_upi
Spent ₹3268 on Goibibo using debit card,3268,travel,card,,,english_natural
"Receipt #6633
Gaana
Amount Paid: ₹332.36
Mode: CASH",332.36,entertainment,cash,,hdfc,ocr_receipt
1174 ₹ Croma credit card se,1174,shopping,card,,hdfc,hinglish_natural
"D GOIBIBO 4419.63 Completed 28Apr 2026,8:59 pm hdfc Bank 8423 UPI transaction ID 53081580867 TO:GOIBIBO goibibo.78477@hdfcbank Goog1etransaction lD XYZabc119324 OPI jupiter",4419.63,travel,upi,jupiter,hdfc,ocr_upi
bhai crypto ka 1395 rupaye card se de diya,1395,investment,card,,,voice_transcript
4798 rupaye game liya Amazon Prime ko Paytm se pay kiyaa,4798,entertainment,upi,paytm,,hinglish_natural
SpiceJet ka cab lia 1402 rupaye card se pay kiya,1402,travel,card,,icici,hinglish_natural
Vedantu 4659.54 BHIM,4659.54,education,upi,bhim,,english_natural
UPI/51084963/UPGRAD/SBI,445,education,upi,paytm,sbi,english_natural
dinner split 2226 rupaye bhai bhim,2226,friends,upi,bhim,,friends_synthetic
Vi recharge 213,213,utilities,upi,jupiter,bandhan,english_natural
Paid Rs.196 for IndiGo via slice,196,travel,upi,slice,,english_natural
Spotify 275 rupay debit card se,18708,entertainment,card,,,source_hinglish
Barbeque Nation 31608 Gpay Completed ICICI 7939,31608,food,upi,gpay,icici,ocr_upi
dopahar ko Vikram ka paise bheje 2395 rupaiye debit card se,2395,friends,card,,,hinglish_natural
2436 rs EMI kat gayi credit card EMI pe debit card se Kotak se,2436,emi,card,,kotak,hinglish_natural
MUTUAL FUND INR 338.70,338.70,investment,card,,,english_natural
car loan EMI se loan payment kiya 417 rupay ka debit card se Axis card se,417,emi,card,,axis,hinglish_natural
10959 rupees Yatra card se,10959,travel,card,,,hinglish_natural
raat ko HP Petrol me 4338 rs ka petrol bhar diya card se pay kiya,4338,travel,card,,,hinglish_natural
NEFT/TRANSFER/DOMINOS/,111,food,upi,phonepe,,english_natural
CRED payment ₹4279.49 insurance premium sbi 8794 completed,4279.49,utilities,upi,cred,sbi,ocr_upi
raat ko Groww se paisa daala 25314 rupaiye ka UPI se pay kiyaa,25314,investment,upi,gpay,,hinglish_natural
dopahar ko water bill se bill pay kar diya 217 rupay ka UPI se pay kya,19958,utilities,upi,phonepe,,source_hinglish
ATM/CASH/BANK/21368,21368,food,cash,,,english_natural
Mutual fund SIP INR 12211,12211,investment,upi,paytm,hdfc,source_english
Payment of Rs.31025.15 to Netmeds was successful via GPay UPI Ref No 92271595769635 hdfc Account 2581,31025.15,healthcare,upi,gpay,hdfc,ocr_upi
Croma 200 paytm,200,shopping,upi,paytm,icici,english_natural
POS/GAANA/CREDIT CARD/4677,15499,entertainment,card,,,english_natural
NPS 451 rupees via slice,451,investment,upi,slice,,hinglish_natural
Rs 2028 to INOX via card,2028,entertainment,card,,,english_natural
school college tuition course books fees Rs2772 cash,2772,education,cash,,,cue_row
CCD ka khana order kr diya 4589 ₹ cash diye HDFC account se,847,food,cash,,hdfc,source_hinglish
2526 rupees coaching cash axis account,2526,education,cash,,axis,voice_transcript
Spent ₹49917.05 on Myntra using debit card,49917.05,shopping,card,,,english_natural
paid 10192 to hospital through card,10192,healthcare,card,,,voice_transcript
Just paid Rs.319 to Karan through paytm,319,friends,upi,paytm,,english_natural
Priya pe 1265 rupaiye ka transfer kya UPI se pay kar diya,1265,friends,upi,paytm,,hinglish_natural
abhi NPS me 22 rupay ka SIP bharaa credit card se,22,investment,card,,,hinglish_natural
Rapido 25774 rupees credit card se,25774,travel,card,,,hinglish_natural
market 160 phonepe,160,shopping,upi,phonepe,,english_natural
electricity water broadband mobile recharge bill ₹10143 card,10143,utilities,card,,,cue_row
Myntra ka order kya 1839 rs UPI se de diye,1839,shopping,upi,gpay,,hinglish_natural
Payment of INR 2631.50 to DishTV was successful via paytm UPI Ref No 5943496778737 idfc Account 2663,2631.50,utilities,upi,paytm,idfc,ocr_upi
yaar Kuvera 1751 ₹ credit card se jupiter se kata sasta tha,1751,investment,card,,jupiter,hinglish_natural
raat ko PVR 245 rs card se pay kr diya,18567,entertainment,card,,,source_hinglish
yaar exam fee me 21090 ₹ ka tuition diy UPI se de diya,21090,education,upi,gpay,,hinglish_natural
Rohan se paise bheje 40596 rupaiye ka UPI se,40596,friends,upi,niyo,,hinglish_natural
Netmeds ₹3568 debited from HDFC Bank,3568,healthcare,card,,hdfc,english_natural
Payment of R 400.06 to Nykaa was successful via Cred UPI Ref No 333501626251 Canara Account 8109,400.06,shopping,upi,cred,canara,ocr_upi
Just paid INR 11894.84 to college fees through Mastercard,11894.84,education,card,,,english_natural
Paid Rs.4798 to Croma Phonepe UPI icici 6806 Done,4798,shopping,upi,phonepe,icici,ocr_upi
friend 1038 rupaiye UPI se die,1038,friends,upi,paytm,,hinglish_natural
₹47852.23 paid to DishTV via Phone Pe UPI from Kotak Bank ending 4289,47852.23,utilities,upi,phonepe,kotak,ocr_upi
Zerodha se mutual fund kya 380 rs. ka debit card se,380,investment,card,,niyo,hinglish_natural
"D CREDITCARDEMI 11464 Completed 22Feb 2026,10:35 pm HDFC Bank Bank 5335 UPI transaction ID 61139554340541 TO:CREDITCARDEMI credit card emi.62704@hdfc bankbank Goog1etransaction lD CICAgJjg580817 OPI paytm",11464,emi,upi,paytm,hdfc,ocr_upi
metro ka ride le liya 49212 rupaye credit card se,49212,travel,card,,,hinglish_natural
PhonePe payment Rs.814.08 Snapdeal BOB 8098 done,814.08,shopping,upi,phonepe,bob,ocr_upi
sent money to bro Rs.2258 on paytm,2258,friends,upi,paytm,hdfc,friends_synthetic
aaj Zee5 2706 via gpay,5,entertainment,upi,gpay,,hinglish_natural
raat ko colleague pe 1095 rupees ka udhar return kiyaa UPI se diyee,1095,friends,upi,jupiter,pnb,hinglish_natural
"D ZEPTO 28156 Completed 19Feb 2026,8:33 pm HDFC Bank 7505 UPI transaction ID 884787181938347 TO:ZEPTO zepto.97751@hdfcbank Googletransaction lD CICAgJjg104730 OPI PhonePe",28156,food,upi,phonepe,hdfc,ocr_upi
Biryani Blues 187 paytm,187,food,upi,paytm,,english_natural
UPI/24027276/NETMEDS/BANK,3066,healthcare,upi,gpay,,english_natural
ATM/CASH/HDFC/490,490,travel,card,,hdfc,english_natural
Paid MedPlus Rs.423 using Bhim from icici,423,healthcare,upi,bhim,icici,english_natural
Chai Point se khana khya 4669 rs. ka naqad,4669,food,cash,,,hinglish_natural
Reliance Fresh 4524 ₹ credit card se Axis Bank se sasta tha,4524,food,card,,axis,hinglish_natural
abhi 4463 rupaiye recharge kia Airtel recharge pe UPI se,4463,utilities,upi,paytm,,hinglish_natural
i did 230 expense on Bajaj Finance EMI using card,230,emi,card,,,voice_transcript
sent ₹3632 to friend on PayTM split bill UPI,3632,friends,upi,paytm,,cue_row
Paid BYJU'S 2499 using cash,2499,education,cash,,,english_natural
aaj Gaana pe 117 rupaiye ka show dekha credit card se bhai,117,entertainment,card,,,hinglish_natural
339 Uber,339,travel,card,,,english_natural
G Pay payment R 1680.94 crypto Axis 7549 done,1680.94,investment,upi,gpay,axis,ocr_upi
35918 ka Vikram bill pay kiya cred se PNB se kata,35918,friends,upi,cred,pnb,voice_transcript
Paid ₹27260 for gold from my HDFC Bank account via CRED,27260,investment,upi,cred,hdfc,english_natural
"HOTSTAR RESTAURANT
Total 13608
Cash Received
Change 0.00",13608,entertainment,upi,gpay,,ocr_receipt
Niyo payment ?182 Meesho ICICI Bank 2368 done,182,shopping,upi,niyo,icici,ocr_upi
1368.45 Mastercard NPS,1368.45,investment,card,,jupiter,english_natural
i did 419 expense on metro using cash,419,travel,cash,,,voice_transcript
4806.35 Google Pay dentist,4806.35,healthcare,upi,gpay,,english_natural
Bought mall for 2425.78 with PhonePe,2425.78,shopping,upi,phonepe,,english_natural
Zara se saman lia 139 ₹ ka UPI se pay kiyaa,139,shopping,upi,fi,,hinglish_natural
crypto gold bonds NPS portfolio t263 cred,263,investment,upi,cred,,cue_row
split bill 4024 jupiter se Divya ko diya,4024,friends,upi,jupiter,hdfc,friends_synthetic
"WATER BILL RESTAURANT
Total 254.38
Cash Received
Change 0.00",254.38,utilities,cash,,sbi,ocr_receipt
47849 Mastercard Bajaj Finance EMI,47849,emi,card,,,english_natural
SBI loan 42800 rs. Phonepe pe State Bank card se matlab,42800,emi,upi,phonepe,sbi,hinglish_natural
amazon flipkart myntra online shopping order R 423 Phone Pe,423,shopping,upi,phonepe,sbi,cue_row
yaar IndiGo me 46375 rupay ka ticket book kia haath se de diya,46375,travel,cash,,,hinglish_natural
aaj Nykaa pe 32331 rupaye kharcha hua cash se,32331,shopping,cash,,,voice_transcript
gold pe 20107 ₹ ka stock liya via gpay matlab,20107,investment,upi,gpay,,hinglish_natural
i did 68 expense on Meesho using card,68,shopping,card,,icici,voice_transcript
NEFT/TRANSFER/WATER BILL/,921,utilities,upi,gpay,,english_natural
"BILL
Blinkit
33250.22
CARD
Thank You Visit Again",33250.22,food,card,,,ocr_receipt
23236 rupees PVR card,23236,entertainment,card,,,voice_transcript
mobile recharge 2953 rupaye phonepe pe,2953,utilities,upi,phonepe,,hinglish_natural
cafe ka kha liya 4396 rupay UPI se diyee,4396,food,upi,jupiter,,hinglish_natural
office se aate hue diagnostic se test karaya 33629 ₹ ka gpay se pay kar diya sasta tha,33629,healthcare,upi,gpay,,hinglish_natural
"BILL
MedPlus
INR 1131
CASH
Thank You Visit Again",1131,healthcare,cash,,,ocr_receipt
kal bhai 316 rs. GPay se ICICI se kata,316,friends,upi,gpay,icici,hinglish_natural
hospital doctor pharmacy medicine diagnostic 361 gpay,361,healthcare,upi,gpay,,cue_row
Pizza Hut Rs 558 paytm,558,food,upi,paytm,hdfc,ocr_upi
bike loan EMI payment 2292.73 done via card,2292.73,emi,card,,,english_natural
Spent Rs.46220.55 on upGrad using credit card,46220.55,education,card,,,english_natural
Rs.274 to BYJU'S via card axis account,274,education,card,,axis,english_natural
"HOTSTAR
Item 1 ₹246
Item 2 R 114
Total R 4497
Phonepe",4497,entertainment,upi,phonepe,,ocr_receipt
books 3436.38 HDFC,3436.38,education,upi,gpay,hdfc,english_natural
spent 463 rupees on Hotstar via paytm,463,entertainment,upi,paytm,,voice_transcript
yaar 49930 rupaye bill pay kiyaa broadband pe via Paytm,49930,utilities,upi,paytm,sbi,hinglish_natural
paid 289 to Amit through phonepe,289,friends,upi,phonepe,,voice_transcript
Coursera pe 29336 rs. ka tuition diyee card se,29336,education,card,,sbi,hinglish_natural
Hotstar me 1799 rupaye ka movie dekhi via GPay,1799,entertainment,upi,gpay,pnb,hinglish_natural
market ₹2369.67 Bhim,2369.67,shopping,upi,bhim,union bank,ocr_upi
Zee5 463 credit card,463,entertainment,card,,,english_natural
₹445.72 paid to stocks via GPay UPI from hdfc Bank ending 7306,445.72,investment,upi,gpay,hdfc,ocr_upi
raat ko broadband se bill bhra 4201 ₹ ka card se,4201,utilities,card,,,hinglish_natural
Spent 32040.96 on BookMyShow using card,32040.96,entertainment,card,,,english_natural
sent money to dost INR 4210 on PayTM,4210,friends,upi,paytm,indusind,friends_synthetic
medical checkup lab test health insurance ₹33869 card,33869,healthcare,card,,hdfc,cue_row
gaming concert event ticket Rs 640 card,640,entertainment,card,,,cue_row
"BILL
hospital
12686
CASH
Thank You Visit Again",12686,healthcare,cash,,kotak,ocr_receipt
NPS payment ₹23490.74 done via paytm,23490.74,investment,upi,paytm,,english_natural
Online course subscription INR 27299,27299,education,upi,gpay,,source_english
Groww R 314 slice,314,investment,upi,slice,,english_natural
gaming concert event ticket ₹49234 card,49234,entertainment,card,,,cue_row
dopahar ko 371 rs EMI bharaa home loan EMI ko card se,371,emi,card,,,hinglish_natural
tuition payment t42524 done via Mastercard,42524,education,card,,,english_natural
Just paid 1083 to petrol pump through Phonepe,1083,travel,upi,phonepe,,english_natural
Payment of R 48 to JioCinema was successful via Phonepe UPI Ref No 1819059746899 Punjab National Bank Account 8260,48,entertainment,upi,phonepe,pnb,ocr_upi
flight booking travel ticket Rs 31213 cash,31213,travel,cash,,,cue_row
Flipkart pe 59 ka shopping kya card se pay kiya yaar,59,shopping,card,,,hinglish_natural
phonepe payment 256.96 RedBus ICICI Bank 6869 done,256.96,travel,upi,phonepe,icici,ocr_upi
FIRSTCRY INR 23002.07 ICICI,23002.07,shopping,card,,icici,english_natural
Rapido pe 33778 rupay ka petrol bhar diya credit card se,33778,travel,card,,,hinglish_natural
TO:SOCIETYMAINTENANCE societymaintenance.83382@hdfcbankbank From:RAHULKUMAR (HDFC Bank Niyo : user5769@okhdfcbankbank,236,utilities,upi,niyo,hdfc,ocr_upi
279 ₹ Vedantu UPI se de diya,279,education,upi,jupiter,,hinglish_natural
6185 ka Practo bill pay kiya cash se,6185,healthcare,cash,,,voice_transcript
Lenskart 2634.69,2634.69,healthcare,card,,hdfc,english_natural
Just paid ?7290.76 to Dunkin through card,7290.76,food,card,,,english_natural
33556 rupees mutual fund Slice,33556,investment,upi,slice,,voice_transcript
Bharat Petroleum 34917,34917,travel,card,,,english_natural
"Receipt #2544
dhaba
Amount Paid: t4204
Mode: gpay",4204,food,upi,gpay,axis,ocr_receipt
9426 Udemy UPI se pay kia,9426,education,upi,paytm,,hinglish_natural
phonepe payment Rs 1787.52 HDFC loan Bank of Baroda 7424 completed,1787.52,emi,upi,phonepe,bob,ocr_upi
dost Karan ko 3926 rupaye card se bheje,3926,friends,card,,,friends_synthetic
Airtel recharge me 1993 ₹ ka payment kiyaa UPI se,1993,utilities,upi,phonepe,,hinglish_natural
paid back friend lent money INR 31045 Gpay,31045,friends,upi,gpay,bob,cue_row
Paid ?1753 to Rapido Paytm UPI Punjab National Bank 4796 Successful,1753,travel,upi,paytm,pnb,ocr_upi
flatmate 4290,4290,friends,upi,phonepe,slice,english_natural
Uber pe 459 rupaye ka ticket book kiya debit card se,27394,travel,card,,,source_hinglish
32618 Slice Dominos,32618,food,upi,slice,niyo,english_natural
i did 45616 expense on stationery using cash,45616,education,cash,,,voice_transcript
POS/EXAM FEE/CASH/7202,467.30,education,cash,,hdfc,english_natural
Zee5 ₹1362 debited from icici,1362,entertainment,cash,,icici,english_natural
1120.23 paid to Pooja via phonepe UPI from State Bank Bank ending 9870,1120.23,friends,upi,phonepe,sbi,ocr_upi
IRCTC se kiraya diye 593 rs. ka naqad,593,travel,cash,,slice,hinglish_natural
Rs3542 to bro Slice UPI,3542,friends,upi,slice,,friends_synthetic
Used axis paytm to pay Rs.392.06 for Spotify,392.06,entertainment,upi,paytm,axis,english_natural
Bought car loan EMI for INR 29 with gpay,29,emi,upi,gpay,,english_natural
ACT Fibernet t409 debit card,409,utilities,card,,,english_natural
Amit payment ₹38877.12 done via Google Pay,38877.12,friends,upi,gpay,,english_natural
Rs.46188 paid to upGrad via Fi Money from ICICI,46188,education,upi,fi,icici,english_natural
bhai cafe ka 27 rupaye card se de diya,27,food,card,,,voice_transcript
bhai yaar ko udhar return kiya 449 rs card se,449,friends,card,,,friends_synthetic
1787 Cred MedPlus,1787,healthcare,upi,cred,,english_natural
Rs.2274 debited from your HDFC Bank account for Paytm Money (GPay UPI),2274,investment,upi,gpay,hdfc,ocr_upi
Unacademy 34278 rs card se,34278,education,card,,kotak,hinglish_natural
Paytm Money ka stock lya 8617 rupay phonepe se pay kar diya,43053,investment,upi,phonepe,,source_hinglish
Paid ?4029.67 for Meesho from my Federal Bank account via Visa,4029.67,shopping,card,,federal bank,english_natural
₹72.34 debited from your axis account for Priya (PhonePe UPI),72.34,friends,upi,phonepe,axis,ocr_upi
"yaar 133.55 Completed 11Mar 2026,1:00 am HDFC 3853 UPI transaction ID 67643694882595",133.55,friends,upi,paytm,hdfc,ocr_upi
credit card EMI ka EMI kat gayi 4131 rs credit card se hdfc wale account se,4131,emi,card,,hdfc,hinglish_natural
home loan car loan credit card EMI monthly INR 566 autopay Cred,566,emi,upi,cred,,cue_row
bhai flatmate me 481 rs ka paise bheje Bhim se,481,friends,upi,bhim,,hinglish_natural
maine 1126 rupaye eye checkup ko diye card se,1126,healthcare,card,,,voice_transcript
INR 151 debited from your HDFC Bank account for PharmEasy (Paytm UPI),151,healthcare,upi,paytm,hdfc,ocr_upi
Payment of 14126 to bike loan EMI was successful via CRED UPI Ref No 9020510932821 hdfc Account 7831,14126,emi,upi,cred,hdfc,ocr_upi
"INOX BILL
St: ₹468.97
CASH approved",468.97,entertainment,cash,,,ocr_receipt
Spent INR 1168 on Reliance Fresh using phonepe,1168,food,upi,phonepe,,english_natural
1470 rs. Bajaj Finance EMI card se pay kya,1470,emi,card,,,hinglish_natural
105 rupaiye rent cash diy,105,utilities,cash,,hdfc,hinglish_natural
Udemy se admission kiyaa 3031 rs ka card se,3031,education,card,,niyo,hinglish_natural
coaching exam preparation study material 195 card,195,education,card,,icici,cue_row
mall ₹582.35 GPay,582.35,shopping,upi,gpay,hdfc,ocr_upi
gaming concert event ticket ₹342 cash,342,entertainment,cash,,sbi,cue_row
Paid Rs 213 to Subway Phonepe UPI State Bank 7099 Successful,213,food,upi,phonepe,sbi,ocr_upi
roommate ko 1390 transfer kiya jupiter se,1390,friends,upi,jupiter,,friends_synthetic
dost yaar ko 4291 rupaye cash se bheje,4291,friends,cash,,,friends_synthetic
ACT Fibernet Rs 3683.74 debited from Fi,3683.74,utilities,upi,jupiter,fi,english_natural
44 ₹ Cleartrip debit card se,44,travel,card,,,hinglish_natural
Burger King 3724 rupaye cash de diya,3724,food,cash,,,hinglish_natural
"BIGBASKET
Item 1 Rs 451
Item 2 267
Total Rs.391
Phone Pe",391,food,upi,phonepe,sbi,ocr_receipt
Bharat Petroleum payment Rs 4572.57 done via paytm,4572.57,travel,upi,paytm,,english_natural
Payment of Rs.3065.74 to BYJU'S was successful via Google Pay UPI Ref No 199550897754 State Bank Account 9808,3065.74,education,upi,gpay,sbi,ocr_upi
14872 rupees Burger King debit card se,14872,food,card,,sbi,hinglish_natural
Burger King 58 rs. UPI se pay kr diya NIYO wale account se,58,food,upi,paytm,niyo,hinglish_natural
Gaana 10737 cash,10737,entertainment,cash,,,english_natural
Paid Rs47713 to flatmate jupiter UPI kotak 9254 Completed,47713,friends,upi,jupiter,kotak,ocr_upi
rent maintenance gas connection 1501 card,1501,utilities,card,,,cue_row
"concert BILL
St: 1824
phonepe approved",1824,entertainment,upi,phonepe,,ocr_receipt
sent money to Priya ₹170 on card,170,friends,card,,,friends_synthetic
split bill 3778 G Pay se Arjun ko diya,3778,friends,upi,gpay,bob,friends_synthetic
paid back friend lent money 1717 cash,1717,friends,cash,,,cue_row
colleague ko 376 transfer kiya SLICE se,376,friends,upi,slice,,friends_synthetic
3095.38 debited from your sbi account for roommate (PayTM UPI),3095.38,friends,upi,paytm,sbi,ocr_upi
college fees 6918.60,6918.60,education,card,,,english_natural
education loan EMI mein 3938 lag gaye card se bhara,3938,emi,card,,,voice_transcript
Ola payment 10281.50 done via Cred,10281.50,travel,upi,cred,sbi,english_natural
"TAX INVOICE
Amazon
Grand Total: 3867
Payment: phonepe",3867,shopping,upi,phonepe,,ocr_receipt
Paid ₹34487.81 for SBI loan from my HDFC Bank account via debit card,34487.81,emi,card,,hdfc,english_natural
DishTV ₹439 GPay,439,utilities,upi,gpay,bob,ocr_upi
"EYE CHECKUP
Item 1 185
Item 2 Rs252
Total ₹4642
CASH",4642,healthcare,cash,,pnb,ocr_receipt
123 rs. Netmeds UPI se pay kya,123,healthcare,upi,phonepe,pnb,hinglish_natural
i did 4922 expense on Pooja using gpay,4922,friends,upi,gpay,sbi,voice_transcript
SIP me 24074 rupaiye ka SIP bhra CRED pe,24074,investment,upi,cred,,hinglish_natural
college fees 26519 ₹ debit card se,26519,education,card,,,hinglish_natural
crypto gold bonds NPS portfolio Rs 176 Fi Money,176,investment,upi,fi,,cue_row
"BILL
1mg
Rs3149.47
G Pay
Thank You Visit Again",3149.47,healthcare,upi,gpay,axis,ocr_receipt
home loan EMI 3632 rupay credit card se,3632,emi,card,,,hinglish_natural
paid 125 to Rapido through Fi Money from SBI,125,travel,upi,fi,sbi,voice_transcript
school college tuition course books fees INR 3212 Slice,3212,education,upi,slice,rbl,cue_row
Paid car loan EMI ₹3118 using PhonePe,3118,emi,upi,phonepe,,english_natural
"AIRTEL RECHARGE RESTAURANT
Total 2516
Cash Received
Change 0.00",2516,utilities,upi,gpay,,ocr_receipt
hospital doctor pharmacy medicine diagnostic ₹648 Google Pay,648,healthcare,upi,gpay,,cue_row
Rahul 1693 G Pay,1693,friends,upi,gpay,hdfc,ocr_upi
Paid Rs.224 for Arjun from my hdfc account via cash,224,friends,cash,,hdfc,english_natural
spent 2528 rupees on Paytm Money via card,2528,investment,card,,hdfc,voice_transcript
Vikram ka 325 rupees ka bill card se pay kiya,325,friends,card,,indusind,voice_transcript
"MEESHO RESTAURANT
Total 10769
Cash Received
Change 0.00",10769,shopping,card,,bob,ocr_receipt
netflix spotify hotstar subscription movie show Rs1247 card,1247,entertainment,card,,,cue_row
INR 36072 to personal loan EMI via card ICICI account,36072,emi,card,,icici,english_natural
"H&M
Net Amount 2543
Paid via CARD",2543,shopping,card,,,ocr_receipt
Yatra 4036 GPay,4036,travel,upi,gpay,pnb,ocr_upi
spent 48496 rupees on Faasos via Cred,48496,food,upi,cred,icici,voice_transcript
insurance premium 80 debit card se budget tod diya,80,utilities,card,,,hinglish_natural
4960 udhar return kiya Pooja ko UPI se pay kia,4960,friends,upi,phonepe,jupiter,hinglish_natural
flatmate rent share 3427 cash Rahul,3427,friends,cash,,,friends_synthetic
eye checkup ka dawai liyaa 4187 Cred pe Kotak account se,4187,healthcare,upi,cred,kotak,hinglish_natural
bike loan EMI se EMI bhar diya 269 rs. ka card se hdfc account se,269,emi,card,,hdfc,hinglish_natural
TO:ARJUN arjun.66976@indusindbank From:PRIYASHARMA (IndusInd PhonePe : sender9590@okindusindbank,1854.53,friends,upi,phonepe,indusind,ocr_upi
POS/EDUCATION LOAN EMI/VISA/3813,444.96,emi,card,,,english_natural
market 233.78,233.78,shopping,upi,phonepe,niyo,english_natural
4302 to Vikram Paytm UPI,4302,friends,upi,paytm,,friends_synthetic
raat ko FirstCry 20 rs. card se,20,shopping,card,,idfc,hinglish_natural
aaj Shreya pe 132 rupaye kharcha hua Phonepe se,132,friends,upi,phonepe,sbi,voice_transcript
coaching exam preparation study material ₹4112 SLICE,4112,education,upi,slice,,cue_row
INOX mein 1555 lag gaye Phonepe se bhara,1555,entertainment,upi,phonepe,,voice_transcript
TO:MEESHO meesho.36706@kotakbank From:AMITSINGH (Kotak Gpay : sender5928@okkotakbank,46.26,shopping,upi,gpay,kotak,ocr_upi
"LAB TEST
Item 1 INR 168
Item 2 Rs.326
Total Rs.143
CASH",143,healthcare,cash,,,ocr_receipt
abhi Reliance Fresh ka khana order kia 2048 UPI se pay kiya,2048,food,upi,phonepe,,hinglish_natural
ghar jaate waqt 9489 rupees cab lia EaseMyTrip pe debit card se HDFC se,9489,travel,card,,hdfc,hinglish_natural
rent maintenance gas connection ₹2514 Gpay,2514,utilities,upi,gpay,hdfc,cue_row
KFC pe 407 rs ka kha liya UPI se de diya,407,food,upi,bhim,idfc,hinglish_natural
"LAB TEST RESTAURANT
Total 46842
Cash Received
Change 0.00",46842,healthcare,card,,,ocr_receipt
1298 rupees McDonald's CRED,1298,food,upi,cred,,voice_transcript
Rs7628 paid to Burger King via G Pay from HDFC Bank,7628,food,upi,gpay,hdfc,english_natural
Payment of ₹35427 to gaming was successful via slice UPI Ref No 8573469867 HDFC Account 5736,35427,entertainment,upi,slice,hdfc,ocr_upi
Coin 387 rupay debit card se SBI account se,387,investment,card,,sbi,hinglish_natural
PIZZA HUT INR 540.63,540.63,food,cash,,,english_natural
kal FD pe 14981 ka invest kiya Jupiter pe hdfc se kata,14981,investment,upi,jupiter,hdfc,hinglish_natural
dost se paise bheje 12066 rupees ka UPI se diy,12066,friends,upi,gpay,indusind,hinglish_natural
Chai Point 521 rupaiye UPI se de diya,521,food,upi,phonepe,,hinglish_natural
kal Blinkit se kha liya 4687 ₹ ka card se pay kia,4687,food,card,,kotak,hinglish_natural
76 SIP bhar diya SIP pe gpay se budget tod diya,76,investment,upi,gpay,hdfc,hinglish_natural
Neha ka 3614 rupees ka bill Fi Money se pay kiya,3614,friends,upi,fi,hdfc,voice_transcript
"GAMING
Item 1 INR 218
Item 2 330
Total R 22464
PayTM",22464,entertainment,upi,paytm,,ocr_receipt
paid Rohan Rs 58 via PhonePe,58,friends,upi,phonepe,,friends_synthetic
"Blinkit
Net Amount 457
Paid via CARD",457,food,card,,,ocr_receipt
"D GAMING 45714.51 Completed 3Apr 2026,3:55 pm State Bank Bank 6218 UPI transaction ID 96124222616 TO:GAMING gaming.67414@state bankbank Soogletransaction lD CICAgJjg605389 OPI Phonepe",45714.51,entertainment,upi,phonepe,sbi,ocr_upi
"Receipt #5299
Nykaa
Amount Paid: R 21592.57
Mode: CARD",21592.57,shopping,card,,,ocr_receipt
"TAX INVOICE
society maintenance
Grand Total: INR 35302.30
Payment: Bhim",35302.30,utilities,upi,bhim,sbi,ocr_receipt
sent R 21112 to Neha on gpay,21112,friends,upi,gpay,,friends_synthetic
spent 29227 rupees on mobile recharge via Slice,29227,utilities,upi,slice,,voice_transcript
mutual fund me 19604 rupaye ka paisa daala UPI se pay kia,19604,investment,upi,gpay,,hinglish_natural
Paid 4905 to electronics store PhonePe UPI hdfc 8329 Done,4905,shopping,upi,phonepe,hdfc,ocr_upi
POOJA INR 185 PUNJAB NATIONAL BANK,185,friends,upi,gpay,pnb,english_natural
Payment of t4771 to Chai Point was successful via Phonepe UPI Ref No 30824130160644 sbi Account 1688,4771,food,upi,phonepe,sbi,ocr_upi
i did 2815 expense on Tata Play using card,2815,utilities,card,,,voice_transcript
ATM/CASH/NIYO/33877,33877,utilities,upi,bhim,niyo,english_natural
crypto gold bonds NPS portfolio ₹1392 Paytm,1392,investment,upi,paytm,,cue_row
personal loan EMI ka installment de diye 3511 rupaye card se sbi se kata,3511,emi,card,,sbi,hinglish_natural
Netmeds ka test karaya 626 rupees card se slice card se,626,healthcare,card,,slice,hinglish_natural
electricity bill pe 3701 ₹ ka payment kia UPI se pay kia,3701,utilities,upi,gpay,,hinglish_natural
Bought H&M for Rs 19547.39 with Mastercard,19547.39,shopping,card,,,english_natural
Cleartrip ka cab lya 1686 ₹ card se,1686,travel,card,,,hinglish_natural
NEFT/TRANSFER/CCD/FI,222,food,upi,fi,fi,english_natural
jupiter payment Rs 109.66 Jio recharge Union Bank 9971 done,109.66,utilities,upi,jupiter,union bank,ocr_upi
Swiggy 98 rs cash me yaar,98,food,cash,,,hinglish_natural
Just paid Rs.40626.48 to INOX through G Pay,40626.48,entertainment,upi,gpay,,english_natural
Dominos 4343.09 Cred Completed idfc 7206,4343.09,food,upi,cred,idfc,ocr_upi
i did 15374 expense on Paytm Money using card,15374,investment,card,,,voice_transcript
Paid Rs.1957 for Cleartrip via cash,1957,travel,cash,,,english_natural
Apollo Pharmacy me 20179 rupaiye ka medicine liya via PayTM,20179,healthcare,upi,paytm,,hinglish_natural
personal loan EMI ₹598 card,598,emi,card,,,english_natural
subah Lenskart se checkup karaya 10266 rupees ka Google Pay pe,10266,healthcare,upi,gpay,,hinglish_natural
Reliance Digital 3416 rupees UPI se zyada ho gaya,48981,shopping,upi,gpay,,source_hinglish
paid back friend lent money Rs.39 bhim,39,friends,upi,bhim,,cue_row
Practo ka doctor ko diye 2362 rupees card se,2362,healthcare,card,,,hinglish_natural
Mobile recharge INR 31776,31776,utilities,card,,axis,source_english
"FirstCry
Net Amount 3723
Paid via CARD",3723,shopping,card,,,ocr_receipt
Bought SBI loan for Rs 2587 with credit card,2587,emi,card,,,english_natural
paid 44662 to Amit through Cred,44662,friends,upi,cred,,voice_transcript
"NYKAA
Item 1 Rs.307
Item 2 ₹449
Total Rs.6468.93
gpay",6468.93,shopping,upi,gpay,,ocr_receipt
Paid Rs.42399.34 to bike loan EMI CRED UPI HDFC Bank 8381 Completed,42399.34,emi,upi,cred,hdfc,ocr_upi
TO:INDIGO indigo.42054@hdfcbank From:PRIYASHARMA (HDFC Paytm : sender2788@okhdfcbank,218,travel,upi,paytm,hdfc,ocr_upi
Used Kotak Mahindra card to pay R 8709 for Box8,8709,food,card,,kotak,english_natural
uber ola cab ride airport train ticket t2690 cash,2690,travel,cash,,hdfc,cue_row
BYJU'S 2869,2869,education,upi,gpay,,english_natural
Used axis Phone Pe to pay Rs154.28 for concert,154.28,entertainment,upi,phonepe,axis,english_natural
spent 20030 rupees on Rahul via cred,20030,friends,upi,cred,,voice_transcript
TO:MEESHO meesho.96142@hdfcbank From:PRIYASHARMA (hdfc Phonepe : user7590@okhdfcbank,1857,shopping,upi,phonepe,hdfc,ocr_upi
"NETMEDS RESTAURANT
Total 19521.80
Cash Received
Change 0.00",19521.80,healthcare,cash,,,ocr_receipt
flatmate rent share 24454 CRED Pooja,24454,friends,upi,cred,,friends_synthetic
Gaana 4614 rupees credit card se budget tod diya,4614,entertainment,card,,hdfc,hinglish_natural
Rs.478 debited from your HDFC Bank account for Vedantu (PhonePe UPI),478,education,upi,phonepe,hdfc,ocr_upi
UPI/63472091/JIOCINEMA/BANK,19840,entertainment,upi,bhim,,english_natural
₹5403 to Rahul Phonepe UPI,5403,friends,upi,phonepe,,friends_synthetic
market 1291 rs. UPI se pay kia bhai,1291,shopping,upi,phonepe,,hinglish_natural
"ELECTRICITY BILL RESTAURANT
Total 2887
Cash Received
Change 0.00",2887,utilities,upi,slice,axis,ocr_receipt
ghar jaate waqt stationery pe 2427 rupay ka tuition diye credit card se bc,2427,education,card,,,hinglish_natural
dhaba mein 4521 lag gaye cash se bhara,4521,food,cash,,,voice_transcript
bhai personal loan EMI ka 22915 rupaye card se de diya,22915,emi,card,,icici,voice_transcript
electronics clothes shoes accessories purchase INR 3333 via cred,3333,shopping,upi,cred,,cue_row
Lenskart payment ₹49838 done via Cred,49838,healthcare,upi,cred,,english_natural
crypto gold bonds NPS portfolio t4602 card,4602,investment,card,,hdfc,cue_row
Paid market Rs.772 using debit card,772,shopping,card,,,english_natural
Myntra ka shopping kar diya 1412 UPI se diye,1412,shopping,upi,cred,,hinglish_natural
490 rs. SBI loan card se,490,emi,card,,hdfc,hinglish_natural
ACT Fibernet ka payment kr diya 35772 rupaiye UPI se die sbi se bc,35772,utilities,upi,cred,sbi,hinglish_natural
roommate ko 2124 transfer kiya CRED se,2124,friends,upi,cred,rbl,friends_synthetic
FD 370,370,investment,upi,phonepe,hdfc,english_natural
today i spent 1258 on ET Money via phonepe,1258,investment,upi,phonepe,,voice_transcript
paid back friend lent money ₹70 SLICE,70,friends,upi,slice,,cue_row
Karan ko 21118 transfer kiya Jupiter se,21118,friends,upi,jupiter,,friends_synthetic
Paid ?303.22 to home loan EMI paytm UPI hdfc 5235 Successful,303.22,emi,upi,paytm,hdfc,ocr_upi
credit card EMI ka 231 rupees ka bill card se pay kiya,231,emi,card,,,voice_transcript
MakeMyTrip 607 rupaiye debit card se,607,travel,card,,,hinglish_natural
PPF 2997 Canara,2997,investment,card,,canara,english_natural
bhai Ajio ka 44304 rupaye card se de diya,44304,shopping,card,,,voice_transcript
BSNL 36972 rupay card se pay kar diya,36972,utilities,card,,,hinglish_natural
33979 ka Udemy bill pay kiya card se,33979,education,card,,,voice_transcript
rent maintenance gas connection R 3095 Phonepe,3095,utilities,upi,phonepe,,cue_row
flatmate rent share 100 cash Divya,100,friends,cash,,sbi,friends_synthetic
bhai ko 16813 transfer kiya card se,16813,friends,card,,,friends_synthetic
Neha 412 GPay Payment done State Bank 4643,412,friends,upi,gpay,sbi,ocr_upi
hospital se checkup karaya 437 rupaiye ka bhim se pay kr diya bc,437,healthcare,upi,bhim,,hinglish_natural
spent 815 rupees on Jio recharge via Phone Pe,815,utilities,upi,phonepe,slice,voice_transcript
"FreshMenu BILL
St: 2680.54
CASH Approved",2680.54,food,cash,,,ocr_receipt
yaar Airtel recharge se bill pay kia 48199 ₹ ka naqad,48199,utilities,cash,,hdfc,hinglish_natural
raat ko 454 rupaye dawai lia clinic ko gpay se achha deal mila,454,healthcare,upi,gpay,,hinglish_natural
"Croma BILL
St: 2950
CARD approved",2950,shopping,card,,sbi,ocr_receipt
₹24 to SBI loan via Mastercard Kotak Mahindra account,24,emi,card,,kotak,english_natural
Rs 157 charged for Groww on Phone Pe,157,investment,upi,phonepe,icici,english_natural
"Biryani Blues 12776 Completed 4Jun 2026,2:30 pm Kotak Mahindra 6398 UPI transaction ID 5786610000591",12776,food,upi,gpay,kotak,ocr_upi
₹390 to Rohan phonepe UPI,390,friends,upi,phonepe,yes bank,friends_synthetic
hospital doctor pharmacy medicine diagnostic INR 446 gpay,446,healthcare,upi,gpay,,cue_row
Cred payment t4043.59 Unacademy idfc 2477 done,4043.59,education,upi,cred,idfc,ocr_upi
Bought FD for 144 with gpay,144,investment,upi,gpay,,english_natural
₹2156.53 to upGrad via Jupiter kotak account,2156.53,education,upi,jupiter,kotak,english_natural
electronics clothes shoes accessories purchase Rs 3398 via card,3398,shopping,card,,,cue_row
"water bill
Net Amount 239.90
Paid via Phonepe",239.90,utilities,upi,phonepe,,ocr_receipt
Neha 256,256,friends,upi,paytm,,english_natural
Bajaj Finance EMI payment ?3681 done via card,3681,emi,card,,,english_natural
1180.86 to electronics store via G Pay icici account,1180.86,shopping,upi,gpay,icici,english_natural
Bought PharmEasy for 9102 with bhim,9102,healthcare,upi,bhim,,english_natural
college fees pe 281 rupees ka fees bhra credit card se Slice se kata,281,education,card,,slice,hinglish_natural
TO:NETMEDS netmeds.83722@hdfcbank From:PRIYASHARMA (hdfc slice : sender2275@okhdfcbank,1320,healthcare,upi,slice,hdfc,ocr_upi
Paid 29623 to friend G Pay UPI HDFC 9516 Completed,29623,friends,upi,gpay,hdfc,ocr_upi
Rs 4586 paid to NPS via phonepe UPI from State Bank Bank ending 3326,4586,investment,upi,phonepe,sbi,ocr_upi
Rs.3620 paid to Tata CLiQ via Visa from ICICI,3620,shopping,card,,icici,english_natural
upGrad se fees bhar diya 307 rs ka card se pay kia,307,education,card,,,hinglish_natural
ghar jaate waqt crypto pe 10415 rupaye ka mutual fund kiya UPI se pay kiya Canara se,10415,investment,upi,gpay,canara,hinglish_natural
auto se kiraya diye 863 rupay ka cash de diya NIYO card se,863,travel,cash,,niyo,hinglish_natural
split bill 1358 cash se Pooja ko diya,1358,friends,cash,,icici,friends_synthetic
i paid 32328 rupees for electronics store using Phone Pe,32328,shopping,upi,phonepe,hdfc,voice_transcript
"Lenskart BILL
St: ₹3029
Phonepe Approved",3029,healthcare,upi,phonepe,,ocr_receipt
kal Indian Oil ka ticket book kiyaa 26073 rupaiye credit card se,26073,travel,card,,slice,hinglish_natural
abhi Barbeque Nation ka khana order kar diya 28860 ₹ credit card se,28860,food,card,,,hinglish_natural
41141 ka concert bill pay kiya cash se,41141,entertainment,cash,,,voice_transcript
aaj bro pe 408 rupaye kharcha hua cash se,408,friends,cash,,,voice_transcript
Paid 28837 for eye checkup via cash,28837,healthcare,cash,,,english_natural
Kuvera 28145,28145,investment,upi,paytm,slice,english_natural
Paid lab test 21308 using Google Pay from Fi,21308,healthcare,upi,gpay,fi,english_natural
NPS payment ₹25886 done via Visa,25886,investment,card,,,english_natural
sent Rs 6434 to friend on paytm split bill UPI,6434,friends,upi,paytm,icici,cue_row
insurance premium ka payment kya 1977 rupaiye UPI se diy zyada ho gaya,1977,utilities,upi,gpay,,hinglish_natural
Rohan 25498 Fi Money,25498,friends,upi,fi,,english_natural
medical checkup lab test health insurance ₹4517 Paytm,4517,healthcare,upi,paytm,,cue_row
i paid 147 rupees for Neha using CRED,147,friends,upi,cred,kotak,voice_transcript
Amazon Prime se subscription renew kiya 46 rupaye ka card se pay kia,46,entertainment,card,,,hinglish_natural
home loan car loan credit card EMI monthly INR 13129 autopay card,13129,emi,card,,,cue_row
i did 49288 expense on Karan using Phone Pe,49288,friends,upi,phonepe,hdfc,voice_transcript
personal loan installment EMI deduction Rs 48353 card,48353,emi,card,,,cue_row
Unacademy payment 120 done via CRED,120,education,upi,cred,,english_natural
raat ko Rahul 4768 ₹ jupiter se,4768,friends,upi,jupiter,,hinglish_natural
INR 2205.01 to bike loan EMI via credit card HDFC account,2205.01,emi,card,,hdfc,english_natural
Payment of ?3182 to Unacademy was successful via Phone Pe UPI Ref No 414679693892 sbi Account 4579,3182,education,upi,phonepe,sbi,ocr_upi
Rs.16891 paid to INOX via cash from HDFC Bank,16891,entertainment,cash,,hdfc,english_natural
"Pizza Hut BILL
St: Rs284.94
CASH APPROVED",284.94,food,cash,,,ocr_receipt
Amit ko 4736 transfer kiya phonepe se,4736,friends,upi,phonepe,axis,friends_synthetic
Rs 2885 to Vikram Slice UPI,2885,friends,upi,slice,,friends_synthetic
"NETFLIX
Item 1 Rs.364
Item 2 Rs 340
Total Rs861.76
Bhim",861.76,entertainment,upi,bhim,,ocr_receipt
319 rs crypto G Pay se,319,investment,upi,gpay,,hinglish_natural
Bhim payment Rs.7249 home loan EMI RBL 3016 completed,7249,emi,upi,bhim,rbl,ocr_upi
sent ?4106 to bro on Gpay,4106,friends,upi,gpay,,friends_synthetic
eye checkup ka test karaya 2335 rupay UPI se pay kar diya,2335,healthcare,upi,cred,,hinglish_natural
gas bill se payment kia 48751 rupaye ka Phonepe se pay kiya,48751,utilities,upi,phonepe,,hinglish_natural
FreshMenu se mangwaya 1004 rupaiye ka credit card se,1004,food,card,,,hinglish_natural
paid Rahul ₹9775 via cash,9775,friends,cash,,,friends_synthetic
Bike loan EMI INR 9805,9805,emi,card,,,source_english
R 419 to NPS via Gpay SBI account,419,investment,upi,gpay,sbi,english_natural
personal loan EMI ka loan payment kar diya 2392 debit card se,2392,emi,card,,yes bank,hinglish_natural
"INOX
Item 1 437
Item 2 ₹171
Total 2171
CRED",2171,entertainment,upi,cred,,ocr_receipt
dost yaar ko 2337 rupaye phonepe se bheje,2337,friends,upi,phonepe,hdfc,friends_synthetic
yaar 73 rupaiye ticket lya PVR ko debit card se,73,entertainment,card,,,hinglish_natural
SonyLIV se movie dekhi 2882 rupay ka card se pay kya achha deal mila,2882,entertainment,card,,sbi,hinglish_natural
grocery vegetables milk bread fruits Rs.4778 paid CRED,4778,food,upi,cred,icici,cue_row
spent 273 rupees on Airtel recharge via Fi Money,273,utilities,upi,fi,niyo,voice_transcript
"BILL
FirstCry
?2361
CARD
Thank You Visit Again",2361,shopping,card,,sbi,ocr_receipt
insurance premium 8906 PhonePe,8906,utilities,upi,phonepe,hdfc,english_natural
Indian Oil R 147.82 G Pay,147.82,travel,upi,gpay,sbi,ocr_upi
dopahar ko gaming ka subscription renew kr diya 3008 SLICE se,3008,entertainment,upi,slice,,hinglish_natural
Just paid ₹146.39 to ET Money through Google Pay,146.39,investment,upi,gpay,,english_natural
netflix spotify hotstar subscription movie show 4013 card,4013,entertainment,card,,,cue_row
home loan car loan credit card EMI monthly ₹43356 autopay card,43356,emi,card,,,cue_row
Spent 300 on Lenskart using debit card,300,healthcare,card,,icici,english_natural
"BSNL
Item 1 370
Item 2 125
Total 4515
CARD",4515,utilities,card,,,ocr_receipt
spent 37362 rupees on NPS via NIYO,37362,investment,upi,niyo,,voice_transcript
Pooja 137 ₹ naqad Canara Bank card se,137,friends,cash,,canara,hinglish_natural
split bill 2855 SLICE se yaar ko diya,2855,friends,upi,slice,,friends_synthetic
today i spent 432 on exam fee via Slice from my SBI bank,432,education,upi,slice,sbi,voice_transcript
TO:INDIGO indigo.83671@bankofbarodabank From:PRIYASHARMA (Bank of Baroda Phonepe : user3092@okbankofbarodabank,440,travel,upi,phonepe,bob,ocr_upi
maine 27827 rupaye SBI loan ko diye card se,27827,emi,card,,,voice_transcript
roommate me 2628 ka paise bheje G Pay pe,2628,friends,upi,gpay,,hinglish_natural
metro ka ride liyaa 402 rupaye card se Canara Bank card se,402,travel,card,,canara,hinglish_natural
Spotify ka 57 rupees ka bill card se pay kiya,57,entertainment,card,,,voice_transcript
raat ko car loan EMI pe 31576 rupaiye ka EMI kat gayi credit card se,31576,emi,card,,,hinglish_natural
netflix spotify hotstar subscription movie show 31548 card,31548,entertainment,card,,,cue_row
crypto gold bonds NPS portfolio INR 87 card,87,investment,card,,,cue_row
₹3421 to dost cash UPI,3421,friends,cash,,axis,friends_synthetic
crypto gold bonds NPS portfolio INR 11393 card,11393,investment,card,,sbi,cue_row
dopahar ko Paytm Money se paisa daala 373 rs ka card se,373,investment,card,,,hinglish_natural
paid dost Rs 306 via cash,306,friends,cash,,,friends_synthetic
colleague se udhar return kar diya 39572 rs. ka PhonePe se pay kya Bank of Baroda account se,39572,friends,upi,phonepe,bob,hinglish_natural
Payment of R 107.83 to PharmEasy was successful via Google Pay UPI Ref No 0297480579687 kotak Account 1380,107.83,healthcare,upi,gpay,kotak,ocr_upi
office se aate hue Hotstar 4438 rupaiye UPI se HDFC se sasta tha,4438,entertainment,upi,slice,hdfc,hinglish_natural
Spent Rs.5754 on Netmeds using GPay,5754,healthcare,upi,gpay,icici,english_natural
Haldirams pe 22558 rupaiye ka khana order kiyaa naqad,41083,food,cash,,bob,source_hinglish
coaching exam preparation study material 22725 Gpay,22725,education,upi,gpay,,cue_row
"Pooja 181 Completed 12Jun 2025,5:04 am HDFC Bank 6980 UPI transaction ID 8715409922",181,friends,upi,paytm,hdfc,ocr_upi
4165 saman liyaa mall pe cash diyee icici account se,4165,shopping,cash,,icici,hinglish_natural
raat ko SonyLIV se game liya 43604 rupees ka debit card se,43604,entertainment,card,,,hinglish_natural
personal loan EMI 428 rs GPay se pay kiyaa ICICI Bank se,428,emi,upi,gpay,icici,hinglish_natural
office se aate hue stocks ka stock lia 408 rs via Fi achha deal mila,408,investment,upi,fi,,hinglish_natural
bhai concert 4849 rupaye UPI se pay kiyaa,4849,entertainment,upi,phonepe,,hinglish_natural
ET Money Rs.4175 Slice,4175,investment,upi,slice,bob,ocr_upi
ghar jaate waqt 17991 rupaye rickshaw UPI se,17991,travel,upi,gpay,,hinglish_natural
"D HDFCLOAN 161 Completed 28Apr 2026,1:27 pm PNB Bank 2118 UPI transaction ID 4462037445 TO:HDFCLOAN hdfc loan.72328@pnbbank Soogletransaction lD CICAgJjg673421 OPI CRED",161,emi,upi,cred,pnb,ocr_upi
flatmate rent share 2140 PayTM Priya,2140,friends,upi,paytm,,friends_synthetic
subah Lenskart se medicine le liya 934 rupaye ka debit card se,934,healthcare,card,,,hinglish_natural
28185.72 charged for gas bill on Paytm,28185.72,utilities,upi,paytm,hdfc,english_natural
maine 210 rupaye tuition ko diye Google Pay se,210,education,upi,gpay,jupiter,voice_transcript
Pooja pe 165 rs ka udhar return kar diya Gpay pe,165,friends,upi,gpay,,hinglish_natural
4929 rupaiye Amit haath se diyee,4929,friends,cash,,,hinglish_natural
MedPlus ka 3138 rupees ka bill cash se pay kiya,3138,healthcare,cash,,,voice_transcript
tuition 11936 Gpay Successful BOB 9217,11936,education,upi,gpay,bob,ocr_upi
Divya 294,294,friends,upi,gpay,,english_natural
2259 rupay MedPlus cash me,2259,healthcare,cash,,,hinglish_natural
Ananya ₹21729 Phonepe,21729,friends,upi,phonepe,hdfc,ocr_upi
bike loan EMI se loan payment kya 28817 rs. ka card se bohot mehenga,48892,emi,card,,,source_hinglish
HDFC loan se EMI kat gayi 17281 rupay ka debit card se,32186,emi,card,,,source_hinglish
POS/PPF/PAYTM/1023,495,investment,upi,paytm,sbi,english_natural
Paid Rs 48281.63 for Nature's Basket via cash,48281.63,food,cash,,,english_natural
i did 392 expense on NPS using slice,392,investment,upi,slice,,voice_transcript
coaching 9585 rupaye UPI se budget tod diya,9585,education,upi,gpay,,hinglish_natural
kal Bewakoof 43635 ₹ G Pay pe,43635,shopping,upi,gpay,,hinglish_natural
Amazon Prime t4147 debited from slice,4147,entertainment,card,,slice,english_natural
dost friend ko 11981 rupaye cash se bheje,11981,friends,cash,,,friends_synthetic
hospital doctor pharmacy medicine diagnostic ?4457 cred,4457,healthcare,upi,cred,,cue_row
sent 8176 to bro on slice,8176,friends,upi,slice,,friends_synthetic
netflix spotify hotstar subscription movie show t1203 SLICE,1203,entertainment,upi,slice,,cue_row
dhaba 19796.34 Gpay,19796.34,food,upi,gpay,pnb,ocr_upi
Dominos Rs3374 jupiter,3374,food,upi,jupiter,icici,ocr_upi
NEFT/TRANSFER/DIVYA/,146.90,friends,card,,,english_natural
Netflix subscription INR 44887,44887,entertainment,upi,bhim,,source_english
"D ZEPTO 328 Completed 16Feb 2026,2:06 pm hdfc Bank 4392 UPI transaction ID 03829983990 TO:ZEPTO zepto.23743@hdfcbank Googletransaction lD CICAgJjg595476 OPI Paytm",328,food,upi,paytm,hdfc,ocr_upi
Payment of INR 74 to bike loan EMI was successful via phonepe UPI Ref No 848936980225 Punjab National Bank Account 3503,74,emi,upi,phonepe,pnb,ocr_upi
105 ₹ Tata CLiQ card se,105,shopping,card,,,hinglish_natural
42948 rupees gold CRED Jupiter account,42948,investment,upi,cred,jupiter,voice_transcript
grocery vegetables milk bread fruits ?38970 paid cash,38970,food,cash,,,cue_row
334 rupay bike loan EMI Paytm se pay kia,334,emi,upi,paytm,,hinglish_natural
i did 1017 expense on home loan EMI using Gpay,1017,emi,upi,gpay,,voice_transcript
Hospital bill INR 19544,19544,healthcare,upi,bhim,hdfc,source_english
mutual fund SIP stocks PPF FD investment 275 card,275,investment,card,,hdfc,cue_row
Paid t276.25 for mutual fund via credit card,276.25,investment,card,,hdfc,english_natural
3420.46 MakeMyTrip,3420.46,travel,cash,,jupiter,english_natural
115 rs paise bheje Pooja pe UPI se die State Bank card se,115,friends,upi,bhim,sbi,hinglish_natural
"Receipt #1846
PharmEasy
Amount Paid: INR 4352
Mode: gpay",4352,healthcare,upi,gpay,,ocr_receipt
19697.46 to food court via card,19697.46,food,card,,,english_natural
270.77 SIP,270.77,investment,upi,cred,sbi,english_natural
dhaba 170 rs. cash de diye ICICI Bank wale account se,170,food,cash,,icici,hinglish_natural
3792 Slice Rahul,3792,friends,upi,slice,,english_natural
Zomato 485.31 slice Payment done SBI 3048,485.31,food,upi,slice,sbi,ocr_upi
498 ka Air India bill pay kiya cash se Fi Money se kata,498,travel,cash,,fi,voice_transcript
personal loan installment EMI deduction 298 Phonepe,298,emi,upi,phonepe,,cue_row
dopahar ko restaurant 45070 rs. card se,45070,food,card,,,hinglish_natural
i did 24986 expense on auto using cash,24986,travel,cash,,fi,voice_transcript
Paid Rs.1108 for upGrad via Visa,1108,education,card,,sbi,english_natural
Paid Rahul Rs10327.89 using cred,10327.89,friends,upi,cred,,english_natural
ATM/CASH/BANK/343,343,shopping,card,,,english_natural
education loan EMI ka EMI bhara 39197 rupaye card se BOB account se,39197,emi,card,,bob,hinglish_natural
Payment of 1694 to NPS was successful via jupiter UPI Ref No 07067151525862 HDFC Bank Account 2404,1694,investment,upi,jupiter,hdfc,ocr_upi
Mobile recharge INR 41014,41014,utilities,card,,,source_english
"gaming
Net Amount 244.24
Paid via CARD",244.24,entertainment,card,,,ocr_receipt
raat ko 14822 rupees paisa daala NPS ko card se pay kar diya,14822,investment,card,,,hinglish_natural
Bought IndiGo for ₹2245.19 with Mastercard,2245.19,travel,card,,,english_natural
i paid 890 rupees for Apollo Pharmacy using cash,890,healthcare,cash,,union bank,voice_transcript
"ACT Fibernet BILL
St: Rs.5546
G Pay APPROVED",5546,utilities,upi,gpay,hdfc,ocr_receipt
Uber ka petrol bhara 15862 slice se pay kiyaa,15862,travel,upi,slice,,hinglish_natural
"JioCinema BILL
St: INR 478
CARD Approved",478,entertainment,card,,icici,ocr_receipt
today i spent 4059 on car loan EMI via card,4059,emi,card,,,voice_transcript
401 rupees Ajio G Pay,401,shopping,upi,gpay,,voice_transcript
bhai clinic ka 3336 rupaye G Pay se de diya,3336,healthcare,upi,gpay,axis,voice_transcript
insurance premium pe 35224 rupay ka payment kiyaa UPI se,10694,utilities,upi,bhim,,source_hinglish
3415 to broadband via Phone Pe sbi account,3415,utilities,upi,phonepe,sbi,english_natural
UPI/72473355/EDUCATION LOAN EMI/STATE BANK,1141,emi,card,,sbi,english_natural
Just paid Rs 1834 to colleague through cash,1834,friends,cash,,,english_natural
canteen ka 4116 rupees ka bill cash se pay kiya,4116,food,cash,,,voice_transcript
Ajio 412.57,412.57,shopping,card,,,english_natural
"D VIRECHARGE 2243.01 Completed 3Mar 2026,10:22 pm HDFC Bank 2212 UPI transaction ID 81236886608823 TO:VIRECHARGE vi recharge.29417@hdfcbank Soogletransaction lD XYZabc139522 OPI gpay",2243.01,utilities,upi,gpay,hdfc,ocr_upi
flatmate se paise bheje 211 rupaiye ka G Pay se pay kiya slice se kata,211,friends,upi,gpay,slice,hinglish_natural
aaj CCD pe 247 rupaye kharcha hua PayTM se,247,food,upi,paytm,,voice_transcript
bhai Ola ka 46674 rupaye cash se de diya,46674,travel,cash,,,voice_transcript
38026 ka YouTube Premium bill pay kiya card se,38026,entertainment,card,,,voice_transcript
Used HDFC Bank Jupiter to pay 384 for colleague,384,friends,upi,jupiter,hdfc,english_natural
"MEESHO RESTAURANT
Total 4205
Cash Received
Change 0.00",4205,shopping,upi,cred,,ocr_receipt
Indian Oil ka cab liyaa 48 rupaiye card se,48,travel,card,,,hinglish_natural
restaurant ka food order kya 4674 rupaiye card se,4674,food,card,,,hinglish_natural
electronics store 361 ₹ Phone Pe se pay kiyaa,361,shopping,upi,phonepe,sbi,hinglish_natural
429 rs BSNL card se pay kiya,429,utilities,card,,sbi,hinglish_natural
Used ICICI Bank Visa to pay R 49653 for mess,49653,food,card,,icici,english_natural
SIP ka paisa daala 4333 rs. card se pay kar diya,4333,investment,card,,,hinglish_natural
2666 charged for Pizza Hut on Jupiter,2666,food,upi,jupiter,,english_natural
kal PharmEasy ka medicine le liya 2655 rupees UPI se diy,2655,healthcare,upi,gpay,kotak,hinglish_natural
3615 rupaye course lia Coursera pe card se pay kr diya NIYO account se,3615,education,card,,niyo,hinglish_natural
"broadband BILL
St: ₹7223.78
slice APPROVED",7223.78,utilities,upi,slice,icici,ocr_receipt
39166 rupaiye buy kiyaa market ko cred se pay kr diya bc,39166,shopping,upi,cred,,hinglish_natural
Electricity bill payment INR 12018,12018,utilities,upi,gpay,,source_english
uber ola cab ride airport train ticket Rs.4422 Cred,4422,travel,upi,cred,,cue_row
abhi Apollo Pharmacy 3745 rupees UPI se pay kia icici account se matlab,3745,healthcare,upi,phonepe,icici,hinglish_natural
₹4854.03 to rent via Paytm sbi account,4854.03,utilities,upi,paytm,sbi,english_natural
Just paid ?1353 to ET Money through card,1353,investment,card,,,english_natural
181 Visa food court,181,food,card,,,english_natural
colleague 4753 card,4753,friends,card,,,english_natural
office se aate hue KFC se kha liya 194 ka cash me,194,food,cash,,,hinglish_natural
"gas bill BILL
St: ₹2377.05
CARD APPROVED",2377.05,utilities,card,,,ocr_receipt
Yatra Rs48477.44 debited from slice,48477.44,travel,card,,slice,english_natural
sent money to yaar INR 231 on cash,231,friends,cash,,,friends_synthetic
POS/FLIPKART/MASTERCARD/7437,2513.95,shopping,card,,,english_natural
Paid 468.16 for doctor from my SLICE account via cash,468.16,healthcare,cash,,slice,english_natural
SonyLIV 73 ₹ UPI se pay kiya hdfc se,73,entertainment,upi,phonepe,hdfc,hinglish_natural
Amazon se khareed liya 448 ₹ ka via gpay,448,shopping,upi,gpay,,hinglish_natural
246 SonyLIV card se pay kya,246,entertainment,card,,,hinglish_natural
Rs29027 paid to Burger King via PayTM UPI from SBI Bank ending 8556,29027,food,upi,paytm,sbi,ocr_upi
electronics clothes shoes accessories purchase 406 via card,406,shopping,card,,,cue_row
Restaurant bill INR 41436,41436,food,cash,,,source_english
Divya ko 19710 transfer kiya Cred se,19710,friends,upi,cred,,friends_synthetic
Zomato pe 142 ₹ ka khana khaaya UPI se diye,142,food,upi,slice,,hinglish_natural
Bought Croma for Rs.4249 with Visa,4249,shopping,card,,kotak,english_natural
today i spent 3208 on MedPlus via PayTM from my State Bank bank,3208,healthcare,upi,paytm,sbi,voice_transcript
bhai diagnostic ka 2193 rupaye cash se de diya,2193,healthcare,cash,,,voice_transcript
₹3945 charged for mutual fund on Mastercard,3945,investment,card,,slice,english_natural
broadband 4066 rupees UPI se,4066,utilities,upi,gpay,,hinglish_natural
abhi 8747 khana kha liya Dunkin pe Phone Pe se pay kr diya,8747,food,upi,phonepe,,hinglish_natural
dopahar ko Subway ka khana order kar diya 3238 rs via paytm,3238,food,upi,paytm,,hinglish_natural
3339 ₹ doctor ko de diya doctor ko UPI se pay kiyaa axis se kata,3339,healthcare,upi,phonepe,axis,hinglish_natural
284.44 to Coursera via cash,284.44,education,cash,,,english_natural
"Practo BILL
St: INR 20967
Google Pay APPROVED",20967,healthcare,upi,gpay,,ocr_receipt
Bought Rahul for Rs.3291.22 with paytm,3291.22,friends,upi,paytm,niyo,english_natural
"D BEWAKOOF 2736 Completed 9Feb 2026,2:45 pm ICICI Bank Bank 7257 UPI transaction ID 28985354143 TO:BEWAKOOF bewakoof.14841@icici bankbank Soogletransaction lD XYZabc673632 OPI gpay",2736,shopping,upi,gpay,icici,ocr_upi
raat ko 13526 rs khana order kiya Burger King pe haath se de diye,5894,food,cash,,,source_hinglish
Just paid Rs 4598 to Pizza Hut through Paytm,4598,food,upi,paytm,,english_natural
lunch dinner food order swiggy zomato restaurant meal t2419 cash,2419,food,cash,,,cue_row
abhi 296 ₹ kiraya de diye Ola pe debit card se,296,travel,card,,,hinglish_natural
G Pay payment R 39294.03 auto ICICI 7849 successful,39294.03,travel,upi,gpay,icici,ocr_upi
"D CHAIPOINT 383.74 Completed 2Mar 2026,9:27 pm HDFC Bank Bank 5445 UPI transaction ID 919563938651604 TO:CHAIPOINT chai point.79878@hdfc bankbank Goog1etransaction lD XYZabc129065 OPI cred",383.74,food,upi,cred,hdfc,ocr_upi
Amit 2745 naqad,2745,friends,cash,,,hinglish_natural
CRED payment Rs.269 BYJU'S sbi 6943 done,269,education,upi,cred,sbi,ocr_upi
spent 404 rupees on PVR via PayTM,404,entertainment,upi,paytm,,voice_transcript
flatmate rent share 21961 card Shreya,21961,friends,card,,,friends_synthetic
"Receipt #9034
McDonald's
Amount Paid: 1458
Mode: Gpay",1458,food,upi,gpay,pnb,ocr_receipt
gold se paisa daala 33917 ka Phonepe se pay kia,33917,investment,upi,phonepe,,hinglish_natural
Amit me 487 rupees ka split kar diya Bhim pe Niyo account se,487,friends,upi,bhim,niyo,hinglish_natural
t2587 to flatmate cash UPI,2587,friends,cash,,,friends_synthetic
aaj stationery 283 rupaiye cash de diye,283,education,cash,,,hinglish_natural
subah Zara se shopping kr diya 2876 rupaye ka via gpay,2876,shopping,upi,gpay,,hinglish_natural
today i spent 1947 on bike loan EMI via card from my PNB bank,1947,emi,card,,pnb,voice_transcript
NEFT/TRANSFER/VEDANTU/AXIS,376,education,card,,axis,english_natural
1456 rupees mutual fund Google Pay se,1456,investment,upi,gpay,,hinglish_natural
sent 262 to friend on GPay split bill UPI,262,friends,upi,gpay,,cue_row
bhai books se tuition die 252 ka CRED pe,252,education,upi,cred,niyo,hinglish_natural
sent money to Ananya 12118 on cred,12118,friends,upi,cred,,friends_synthetic
INR 1158 charged for ACT Fibernet on cash,1158,utilities,cash,,,english_natural
Vikram me 10329 ka paise bheje Phonepe se ICICI se,10329,friends,upi,phonepe,icici,hinglish_natural
i paid 2986 rupees for car loan EMI using card,2986,emi,card,,,voice_transcript
Lenskart ka doctor ko de diye 386 rupaiye via Gpay,386,healthcare,upi,gpay,,hinglish_natural
home loan car loan credit card EMI monthly Rs.386 autopay Paytm,386,emi,upi,paytm,axis,cue_row
sent Rs.41749 to friend on Fi split bill UPI,41749,friends,upi,fi,,cue_row
stationery me 4898 ₹ ka fees bharra CRED se pay kiya,4898,education,upi,cred,,hinglish_natural
33355 rupees Goibibo card Niyo account,33355,travel,card,,niyo,voice_transcript
PPF ka stock le liya 848 ₹ Slice se pay kr diya matlab,848,investment,upi,slice,,hinglish_natural
Rs.440 charged for roommate on slice,440,friends,upi,slice,,english_natural
Meesho ₹1392.61 Google Pay,1392.61,shopping,upi,gpay,hdfc,ocr_upi
breakfast snacks chai coffee ₹3293 card,3293,food,card,,,cue_row
Blinkit 1122 rs. naqad,1122,food,cash,,,hinglish_natural
lab test se medicine liyaa 327 rupay ka UPI se,327,healthcare,upi,fi,,hinglish_natural
ghar jaate waqt 25359 rs. petrol bhara MakeMyTrip pe card se pay kia budget tod diya,25359,travel,card,,,hinglish_natural
POS/CRYPTO/DEBIT CARD/6414,233,investment,card,,icici,english_natural
29492 rupaiye EMI kat gayi credit card EMI pe credit card se,29492,emi,card,,jupiter,hinglish_natural
office se aate hue 399 ₹ SpiceJet UPI se pay kiya,399,travel,upi,bhim,,hinglish_natural
Airtel recharge 13215.42,13215.42,utilities,cash,,,english_natural
paid yaar INR 2692 via G Pay,2692,friends,upi,gpay,hdfc,friends_synthetic
"BILL
diagnostic
₹4068
Cred
Thank You Visit Again",4068,healthcare,upi,cred,icici,ocr_receipt
54 ₹ Ajio bhim pe,54,shopping,upi,bhim,,hinglish_natural
exam fee INR 32 cash,32,education,cash,,,english_natural
Zerodha ka 228 rupees ka bill card se pay kiya,228,investment,card,,,voice_transcript
3496 rupay Lenskart Bhim se pay kya,3496,shopping,upi,bhim,,hinglish_natural
t1945 debited from your hdfc account for Rapido (Phone Pe UPI),1945,travel,upi,phonepe,hdfc,ocr_upi
1mg ka doctor ko diyee 3510 rupaiye cash diy,1,healthcare,cash,,,hinglish_natural
270 rupay doctor ko de diye dentist ko UPI se pay kar diya,270,healthcare,upi,phonepe,,hinglish_natural
mutual fund ka 1784 rupees ka bill Slice se pay kiya,1784,investment,upi,slice,,voice_transcript
2087 paid to Paytm Money via Phonepe UPI from Axis Bank Bank ending 6110,2087,investment,upi,phonepe,axis,ocr_upi
Used icici Google Pay to pay ₹22091 for mess,22091,food,upi,gpay,icici,english_natural
43651 Google Pay YouTube Premium,43651,entertainment,upi,gpay,,english_natural
TO:SUBWAY subway.74319@hdfcbankbank From:UTSAVJANA (HDFC Bank PhonePe : sender1806@okhdfcbankbank,4713.83,food,upi,phonepe,hdfc,ocr_upi
25278 rs. EMI bhar diya SBI loan pe credit card se,25278,emi,card,,,hinglish_natural
GAANA INR 3549 AXIS,3549,entertainment,card,,axis,english_natural
24569 rupees Air India Phone Pe,24569,travel,upi,phonepe,,voice_transcript
bro pe 83 rs ka udhar return kr diya PayTM se pay kr diya,83,friends,upi,paytm,,hinglish_natural
1483 rupees petrol pump fi,1483,travel,upi,fi,,voice_transcript
Bought Udemy for t540 with Mastercard,540,education,card,,slice,english_natural
bhai Subway pe 1330 rs. ka khana order kya SLICE se pay kia Yes Bank se zyada ho gaya,1330,food,upi,slice,yes bank,hinglish_natural
aaj 26589 rs car loan EMI credit card se,26589,emi,card,,,hinglish_natural
41.94 JioMart,41.94,food,upi,phonepe,,english_natural
electricity water broadband mobile recharge bill Rs.3365 slice,3365,utilities,upi,slice,,cue_row
214 rupees ticket book kr diya Rapido ko UPI se pay kar diya,214,travel,upi,bhim,,hinglish_natural
coaching exam preparation study material Rs 37456 cash,37456,education,cash,,sbi,cue_row
Just paid INR 1852.16 to DishTV through debit card,1852.16,utilities,card,,,english_natural
₹2884 debited from your sbi account for Zee5 (PhonePe UPI),2884,entertainment,upi,phonepe,sbi,ocr_upi
4641 rs. show dekha Amazon Prime pe bhim se,4641,entertainment,upi,bhim,,hinglish_natural
"INOX
Net Amount 420
Paid via CARD",420,entertainment,card,,,ocr_receipt
Pizza delivery INR 15700,15700,food,cash,,,source_english
CRED payment Rs.309.84 Faasos Axis Bank 9174 done,309.84,food,upi,cred,axis,ocr_upi
Exam fee INR 4436,4436,education,card,,,source_english
roommate se udhar return kiya 2556 ₹ ka UPI se pay kiyaa yaar,2556,friends,upi,gpay,,hinglish_natural
HP Petrol Rs13416.84 Mastercard,13416.84,travel,card,,hdfc,english_natural
2080 rupay subscription renew kr diya BookMyShow pe card se pay kia,2080,entertainment,card,,,hinglish_natural
Nature's Basket se kha liya 1772 rupaye ka cash de diye,1772,food,cash,,,hinglish_natural
exam fee 31760.04,31760.04,education,cash,,hdfc,english_natural
netflix spotify hotstar subscription movie show Rs.932 card,932,entertainment,card,,,cue_row
split bill 438 Phonepe se flatmate ko diya,438,friends,upi,phonepe,,friends_synthetic
aaj Bharat Petroleum pe 186 rupaye kharcha hua paytm se,186,travel,upi,paytm,,voice_transcript
Priya ko 6507 transfer kiya Fi Money se,6507,friends,upi,fi,,friends_synthetic
Online shopping payment INR 49061,49061,shopping,card,,,source_english
spent 184 rupees on Rahul via card,184,friends,card,,jupiter,voice_transcript
gaming concert event ticket Rs.268 Gpay,268,entertainment,upi,gpay,,cue_row
abhi 44590 rs. concert UPI se pay kiya,2852,entertainment,upi,gpay,kotak,source_hinglish
IRCTC se ride liya 35 rupaye ka credit card se Axis Bank wale account se budget tod diya,35,travel,card,,axis,hinglish_natural
Paid Unacademy ₹2077 using cash,2077,education,cash,,,english_natural
petrol diesel fuel Rs15326 at pump card,15326,travel,card,,,cue_row
Ola cab INR 18152,18152,travel,card,,,source_english
COURSERA INR 5136 NIYO,5136,education,upi,paytm,niyo,english_natural
flatmate rent share 3816 PhonePe Ananya,3816,friends,upi,phonepe,,friends_synthetic
dinner split 19470 rupaye Rahul PayTM,19470,friends,upi,paytm,,friends_synthetic
SBI loan 330 G Pay Successful idfc 2396,330,emi,upi,gpay,idfc,ocr_upi
subah 43817 rupaye shopping kar diya Nykaa ko UPI se,43817,shopping,upi,fi,,hinglish_natural
today i spent 4791 on Angel One via card from my PNB bank,4791,investment,card,,pnb,voice_transcript
Rs.261 to Groww via Mastercard,261,investment,card,,,english_natural
3729 ka RedBus bill pay kiya card se,3729,travel,card,,,voice_transcript
i did 77 expense on Angel One using card,77,investment,card,,axis,voice_transcript
concert me 3539 rupaye ka subscription renew kar diya credit card se,3539,entertainment,card,,,hinglish_natural
"H&M BILL
St: Rs.33661
CARD approved",33661,shopping,card,,,ocr_receipt
Used Bank of Baroda Gpay to pay ₹2365 for Myntra,2365,shopping,upi,gpay,bob,english_natural
Rapido mein 46221 lag gaye Google Pay se bhara,46221,travel,upi,gpay,,voice_transcript
NEFT/TRANSFER/BYJU'S/,14930,education,cash,,,english_natural
"Receipt #1463
restaurant
Amount Paid: R 287
Mode: CARD",287,food,card,,,ocr_receipt
abhi 780 ₹ khareed lia Tata CLiQ ko UPI se de diya SBI account se,780,shopping,upi,bhim,sbi,hinglish_natural
yaar HP Petrol me 14341 rupaiye ka kiraya de diye haath se diye icici se,14341,travel,cash,,icici,hinglish_natural
SpiceJet se ticket book kiyaa 25530 rupay ka card se,13296,travel,card,,,source_hinglish
Zerodha ka paisa daala 11570 rupay PayTM se,11570,investment,upi,paytm,,hinglish_natural
Just paid ?36319 to Reliance Fresh through credit card,36319,food,card,,,english_natural
flatmate mein 4542 lag gaye Google Pay se bhara,4542,friends,upi,gpay,,voice_transcript
10811 rupay dawai lya diagnostic pe G Pay se,10811,healthcare,upi,gpay,icici,hinglish_natural
Bike loan EMI INR 5913,5913,emi,card,,,source_english
Shreya ko 16440 transfer kiya Google Pay se,16440,friends,upi,gpay,sbi,friends_synthetic
Phonepe payment INR 4354.28 Lenskart ICICI Bank 9594 done,4354.28,shopping,upi,phonepe,icici,ocr_upi
PVR me 2018 rs ka ticket le liya card se pay kia,2018,entertainment,card,,yes bank,hinglish_natural
split bill 13588 phonepe se Arjun ko diya,13588,friends,upi,phonepe,,friends_synthetic
4366 rs electronics store credit card se matlab,4366,shopping,card,,,hinglish_natural
subah Zara se buy kiyaa 3165 rs ka jupiter se Canara Bank wale account se,3165,shopping,upi,jupiter,canara,hinglish_natural
NEFT/TRANSFER/CLEARTRIP/YES BANK,4290,travel,cash,,yes bank,english_natural
i did 420 expense on dhaba using card,420,food,card,,kotak,voice_transcript
"Subway
Net Amount 4078.85
Paid via SLICE",4078.85,food,upi,slice,hdfc,ocr_receipt
bike loan EMI ka EMI bhra 15585 ₹ debit card se yaar,15585,emi,card,,,hinglish_natural
INR 4484.70 charged for Airtel recharge on PhonePe,4484.70,utilities,upi,phonepe,pnb,english_natural
Amazon Rs.17606 Paytm,17606,shopping,upi,paytm,,english_natural
Bharat Petroleum 25793 credit card se,25793,travel,card,,slice,hinglish_natural
stocks me 2415 ₹ ka mutual fund kiyaa G Pay se pay kr diya,2415,investment,upi,gpay,,hinglish_natural
paid 2530 to school fees through cash,2530,education,cash,,,voice_transcript
339 bill bhara water bill ko Slice pe,339,utilities,upi,slice,,hinglish_natural
electronics clothes shoes accessories purchase Rs6985 via card,6985,shopping,card,,,cue_row
uber ola cab ride airport train ticket 3322 cash,3322,travel,cash,,icici,cue_row
ghar jaate waqt SpiceJet se ticket book kya 17259 rupees ka card se pay kar diya,11610,travel,card,,,source_hinglish
3919 rs loan payment kiya SBI loan pe credit card se,3919,emi,card,,,hinglish_natural
subah Lenskart 4192 via Phone Pe,4192,healthcare,upi,phonepe,,hinglish_natural
"HOSPITAL
Item 1 t482
Item 2 Rs.66
Total 3534
CARD",3534,healthcare,card,,,ocr_receipt
gold se paisa daala 29438 ka card se pay kiya axis card se,29438,investment,card,,axis,hinglish_natural
Paid Rs 3713 for MedPlus from my axis account via PayTM,3713,healthcare,upi,paytm,axis,english_natural
hospital 1322 Gpay Completed ICICI Bank 1167,1322,healthcare,upi,gpay,icici,ocr_upi
Groww mein 3104 lag gaye card se bhara,3104,investment,card,,,voice_transcript
bhai mobile recharge ka 4756 rupaye card se de diya,4756,utilities,card,,sbi,voice_transcript
Uber 1114 ₹ haath se diye,1114,travel,cash,,,hinglish_natural
bro ka paise bheje 8120 rupees cash me sasta tha,8120,friends,cash,,,hinglish_natural
827.75 Amit,827.75,friends,upi,fi,,english_natural
Rs 5895 debited from your State Bank account for Cleartrip (cred UPI),5895,travel,upi,cred,sbi,ocr_upi
ghar jaate waqt 62 medicine liyaa dentist ko UPI se pay kar diya,62,healthcare,upi,phonepe,,hinglish_natural
crypto gold bonds NPS portfolio INR 233 card,233,investment,card,,axis,cue_row
paid Ananya Rs 652 via G Pay,652,friends,upi,gpay,,friends_synthetic
Snapdeal 213 Jupiter,213,shopping,upi,jupiter,hdfc,english_natural
Apple Music 4663,4663,entertainment,upi,phonepe,,english_natural
bhai hospital ka 542 rupaye Google Pay se de diya,542,healthcare,upi,gpay,,voice_transcript
today i spent 780 on bike loan EMI via card,780,emi,card,,,voice_transcript
"BILL
KFC
3464.11
jupiter
Thank You Visit Again",3464.11,food,upi,jupiter,,ocr_receipt
bhai restaurant ka 829 rupaye gpay se de diya,829,food,upi,gpay,,voice_transcript
Vedantu 26450 debit card se budget tod diya,26450,education,card,,,hinglish_natural
3656.03 paid to BigBasket via GPay UPI from axis Bank ending 6196,3656.03,food,upi,gpay,axis,ocr_upi
stocks 8898.66 Visa,8898.66,investment,card,,icici,english_natural
1721 rupees food order kia Reliance Fresh pe credit card se,1721,food,card,,,hinglish_natural
Hotel booking INR 4219,4219,travel,upi,fi,hdfc,source_english
INR 4592 debited from your BOB account for stocks (Google Pay UPI),4592,investment,upi,gpay,bob,ocr_upi
kal education loan EMI 39582 rupees credit card se bhai,39582,emi,card,,,hinglish_natural
dost Karan ko 994 rupaye cash se bheje,994,friends,cash,,,friends_synthetic
bhai Air India se kiraya de diya 436 rupay ka G Pay se pay kia,436,travel,upi,gpay,,hinglish_natural
3495.46 PayTM Gaana,3495.46,entertainment,upi,paytm,slice,english_natural
R 4208 paid to petrol pump via cash from sbi,4208,travel,cash,,sbi,english_natural
₹1955.36 charged for Netmeds on cash,1955.36,healthcare,cash,,,english_natural
credit card EMI ka installment diye 6553 ₹ via phonepe axis se kata,6553,emi,upi,phonepe,axis,hinglish_natural
bhai mall 203 rupay debit card se,203,shopping,card,,,hinglish_natural
paid Neha ?882 via Gpay,882,friends,upi,gpay,hdfc,friends_synthetic
"AIRTEL RECHARGE
Item 1 Rs.112
Item 2 Rs 319
Total 424.52
CARD",424.52,utilities,card,,,ocr_receipt
Pizza delivery INR 48825,48825,food,upi,bhim,,source_english
kal Indian Oil ka ticket book kr diya 9571 rupees credit card se,9571,travel,card,,,hinglish_natural
diagnostic se checkup karaya 1753 rs ka card se pay kiyaa,1753,healthcare,card,,,hinglish_natural
spent 252 rupees on dost via card,252,friends,card,,,voice_transcript
Uber payment INR 1398.81 done via Mastercard,1398.81,travel,card,,niyo,english_natural
9200 ka Kuvera bill pay kiya Google Pay se,9200,investment,upi,gpay,,voice_transcript
credit card EMI se EMI kat gayi 2676 rupaye ka UPI se pay kia,2676,emi,upi,bhim,,hinglish_natural
cred payment ₹39726 Ajio HDFC Bank 4489 successful,39726,shopping,upi,cred,hdfc,ocr_upi
Hotel booking INR 43691,43691,travel,card,,,source_english
medical checkup lab test health insurance Rs.11758 card,11758,healthcare,card,,,cue_row
Just paid Rs.4905.58 to Netmeds through cash,4905.58,healthcare,cash,,,english_natural
Zepto me 433 ka mangwaya UPI se pay kiyaa hdfc se kata,433,food,upi,phonepe,hdfc,hinglish_natural
Paid Pizza Hut t1000.74 using Mastercard,1000.74,food,card,,,english_natural
medical checkup lab test health insurance ₹41641 gpay,41641,healthcare,upi,gpay,kotak,cue_row
330 rupaye Nykaa UPI se de diya,330,shopping,upi,gpay,niyo,hinglish_natural
aaj metro ka cab le liya 3365 rupaiye UPI se diye,3365,travel,upi,gpay,,hinglish_natural
Spent Rs 168 on Cleartrip using PayTM,168,travel,upi,paytm,,english_natural
MedPlus se test karaya 368 rupay ka card se,368,healthcare,card,,,hinglish_natural
32453 rupay bhai Phone Pe pe,32453,friends,upi,phonepe,axis,hinglish_natural
Vi recharge me 238 ₹ ka bill bhar diya cash de diya,238,utilities,cash,,niyo,hinglish_natural
Divya payment INR 46964.67 done via phonepe,46964.67,friends,upi,phonepe,,english_natural
Spent ?439.04 on ET Money using cred,439.04,investment,upi,cred,fi,english_natural
1mg me 882 rs ka medicine liya credit card se matlab,1,healthcare,card,,hdfc,hinglish_natural
personal loan EMI se EMI bhra 13690 ka UPI se de diye icici se kata,13690,emi,upi,phonepe,icici,hinglish_natural
Vedantu ka tuition diyee 600 ₹ debit card se,600,education,card,,,hinglish_natural
i did 596 expense on Ajio using card,596,shopping,card,,,voice_transcript
DishTV 4351 rs UPI se de diya,4351,utilities,upi,phonepe,,hinglish_natural
paid 3430 to education loan EMI through card from Bank of Baroda,3430,emi,card,,bob,voice_transcript
Netmeds me 28500 ₹ ka doctor ko diyee credit card se yaar,28500,healthcare,card,,hdfc,hinglish_natural
colleague me 274 rupaiye ka split kya UPI se de diye,274,friends,upi,paytm,,hinglish_natural
₹30218.66 paid to SonyLIV via niyo UPI from axis Bank ending 8242,30218.66,entertainment,upi,niyo,axis,ocr_upi
t29797 paid to mall via NIYO UPI from Axis Bank ending 9277,29797,shopping,upi,niyo,axis,ocr_upi
Kuvera ₹1700 Phone Pe,1700,investment,upi,phonepe,,english_natural
amazon flipkart myntra online shopping order 29476 card,29476,shopping,card,,,cue_row
split bill 408 bhim se flatmate ko diya,408,friends,upi,bhim,,friends_synthetic
"tuition 11316.39 Completed 12Aug 2026,8:53 am ICICI 7945 UPI transaction ID 6703100511127",11316.39,education,upi,gpay,icici,ocr_upi
coaching exam preparation study material ₹4875 card,4875,education,card,,,cue_row
Starbucks se mangwaya 24725 ka credit card se,25482,food,card,,,source_hinglish
office se aate hue BigBasket ka kha liya 45286 rs. credit card se achha deal mila,45286,food,card,,,hinglish_natural
Paid ₹2102 for Zepto via cash,2102,food,cash,,,english_natural
metro se ride lya 495 ₹ ka haath se de diye,22422,travel,cash,,,source_hinglish
dentist se checkup karaya 29053 rupay ka debit card se,29053,healthcare,card,,,hinglish_natural
6595 ka dost bill pay kiya phonepe se ICICI se kata,6595,friends,upi,phonepe,icici,voice_transcript
dopahar ko yaar ka split kar diya 923 rupaiye UPI se diye,923,friends,upi,gpay,fi,hinglish_natural
Just paid 362 to Unacademy through Mastercard,362,education,card,,niyo,english_natural
"Starbucks 50 Completed 24Oct 2026,3:32 am HDFC Bank 9290 UPI transaction ID 9062032730",50,food,upi,gpay,hdfc,ocr_upi
clinic ka 3124 rupees ka bill paytm se pay kiya,3124,healthcare,upi,paytm,,voice_transcript
Concert ticket INR 36577,36577,entertainment,upi,fi,,source_english
488.99 paid to HP Petrol via slice UPI from axis Bank ending 1679,488.99,travel,upi,slice,axis,ocr_upi
479 rs checkup karaya PharmEasy ko cash me,479,healthcare,cash,,,hinglish_natural
ATM/CASH/AXIS BANK/4653,4653,friends,card,,axis,english_natural
"TAX INVOICE
electricity bill
Grand Total: Rs.42638
Payment: Google Pay",42638,utilities,upi,gpay,indusind,ocr_receipt
yaar 2737 EMI bhara home loan EMI pe card se,2737,emi,card,,,hinglish_natural
Vedantu se course lia 313 ka via phonepe,313,education,upi,phonepe,,hinglish_natural
351 ₹ order kia Nykaa ko debit card se,351,shopping,card,,icici,hinglish_natural
uber ola cab ride airport train ticket 27606 cash,27606,travel,cash,,kotak,cue_row
broadband ka payment kia 470 rupay debit card se jupiter wale account se,470,utilities,card,,jupiter,hinglish_natural
Paid Rs 1017.95 to bro Phone Pe UPI ICICI Bank 3905 Done,1017.95,friends,upi,phonepe,icici,ocr_upi
1mg me 14528 rupees ka doctor ko diy Paytm se,1,healthcare,upi,paytm,niyo,hinglish_natural
Bought Coursera for ₹32160 with credit card,32160,education,card,,,english_natural
PayTM payment Rs164 Zee5 HDFC Bank 3949 done,164,entertainment,upi,paytm,hdfc,ocr_upi
2960 Visa personal loan EMI,2960,emi,card,,bob,english_natural
2403 rupees khana order kiyaa EatFit ko haath se de diya,2403,food,cash,,,hinglish_natural
"TAX INVOICE
doctor
Grand Total: 1601
Payment: CASH",1601,healthcare,cash,,,ocr_receipt
Lenskart 13453.67,13453.67,healthcare,upi,phonepe,sbi,english_natural
Yatra me 388 rupay ka petrol bharra via gpay,388,travel,upi,gpay,,hinglish_natural
"Box8 BILL
St: ₹4502
CARD APPROVED",4502,food,card,,,ocr_receipt
546.30 to Vikram via Gpay,546.30,friends,upi,gpay,,english_natural
ATM/CASH/BANK/90,90,friends,upi,jupiter,,english_natural
school college tuition course books fees Rs77 card,77,education,card,,,cue_row
raat ko 211 Vi recharge GPay se pay kya,211,utilities,upi,gpay,,hinglish_natural
982 rs dawai le liya clinic ko debit card se NIYO se,982,healthcare,card,,niyo,hinglish_natural
bhai DishTV ka 167 rupaye gpay se de diya,167,utilities,upi,gpay,,voice_transcript
hospital doctor pharmacy medicine diagnostic Rs.1086 Fi Money,1086,healthcare,upi,fi,kotak,cue_row
Amazon 3677 G Pay,3677,shopping,upi,gpay,,english_natural
medical checkup lab test health insurance Rs145 SLICE,145,healthcare,upi,slice,,cue_row
Used SBI Google Pay to pay Rs 13447 for mall,13447,shopping,upi,gpay,sbi,english_natural
Flipkart me 131 rs. ka saman lya card se pay kia,131,shopping,card,,,hinglish_natural
"BILL
INOX
Rs.29120
Google Pay
Thank You Visit Again",29120,entertainment,upi,gpay,,ocr_receipt
INR 43995 paid to KFC via gpay UPI from Kotak Mahindra Bank ending 1693,43995,food,upi,gpay,kotak,ocr_upi
"bro 2575 Completed 5Jan 2025,9:34 pm SBI 2152 UPI transaction ID 7136042121",2575,friends,upi,phonepe,sbi,ocr_upi
rent maintenance gas connection Rs.151 Bhim,151,utilities,upi,bhim,,cue_row
1276 rupaye dawai lia clinic ko G Pay se achha deal mila,1276,healthcare,upi,gpay,,hinglish_natural
paid Vikram ₹127 via paytm,127,friends,upi,paytm,icici,friends_synthetic
443 Netflix,443,entertainment,card,,,english_natural
hospital doctor pharmacy medicine diagnostic ₹323 card,323,healthcare,card,,,cue_row
PPF 2875 debited from ICICI Bank,2875,investment,upi,phonepe,icici,english_natural
Just paid 33666.59 to Ajio through Mastercard,33666.59,shopping,card,,,english_natural
lab test pe 34602 rupaye ka checkup karaya naqad,34602,healthcare,cash,,jupiter,hinglish_natural
1656 ka Bajaj Finance EMI bill pay kiya Gpay se,1656,emi,upi,gpay,,voice_transcript
coaching exam preparation study material Rs.25761 SLICE,25761,education,upi,slice,,cue_row
Priya se paise bheje 34592 rupees ka gpay se,34592,friends,upi,gpay,,hinglish_natural
"Karan 2978.84 Completed 12Jun 2026,9:00 am axis 8340 UPI transaction ID 725294493099",2978.84,friends,upi,slice,axis,ocr_upi
133 rupaye doctor ko diyee doctor ko cash me,133,healthcare,cash,,,hinglish_natural
ACT Fibernet 346 rupaye UPI se pay kr diya,346,utilities,upi,niyo,,hinglish_natural
422 concert card se pay kya,422,entertainment,card,,,hinglish_natural
21031 rupay saman liyaa FirstCry pe cash de diye,21031,shopping,cash,,,hinglish_natural
aaj Bajaj Finance EMI 37624 ₹ credit card se,37624,emi,card,,,hinglish_natural
paid 19338 to dentist through Paytm,19338,healthcare,upi,paytm,,voice_transcript
bhai Ola ka 428 rupaye cash se de diya,428,travel,cash,,,voice_transcript
Yatra 241 ₹ cash me sbi card se,241,travel,cash,,sbi,hinglish_natural
Croma ka 151 rupees ka bill card se pay kiya,151,shopping,card,,sbi,voice_transcript
Paid mutual fund INR 4217.46 using debit card,4217.46,investment,card,,,english_natural
NPS ?414 gpay,414,investment,upi,gpay,yes bank,ocr_upi
bhai Uber ka 46 rupaye cash se de diya,46,travel,cash,,kotak,voice_transcript
Used sbi cash to pay Rs.754 for RedBus,754,travel,cash,,sbi,english_natural
Bharat Petroleum se ride liya 488 rupaiye ka credit card se SBI se,488,travel,card,,sbi,hinglish_natural
TO:KARAN karan.28939@hdfcbank From:RAHULKUMAR (HDFC GPay : sender1135@okhdfcbank,312,friends,upi,gpay,hdfc,ocr_upi
"mobile recharge BILL
St: ₹1611
CASH APPROVED",1611,utilities,cash,,idfc,ocr_receipt
college fees mein 26121 lag gaye card se bhara,26121,education,card,,,voice_transcript
NEFT/TRANSFER/AIR INDIA/,4048.47,travel,card,,,english_natural
SIP 4176 rs. card se,13070,investment,card,,,source_hinglish
Just paid 184 to restaurant through phonepe,184,food,upi,phonepe,,english_natural
office se aate hue bike loan EMI 906 credit card se matlab,45506,emi,card,,,source_hinglish
"TAX INVOICE
hospital
Grand Total: Rs.222
Payment: CARD",222,healthcare,card,,,ocr_receipt
Blinkit se food order kya 480 rupaye ka card se pay kr diya,480,food,card,,axis,hinglish_natural
34888 ka Lenskart bill pay kiya bhim se,34888,healthcare,upi,bhim,,voice_transcript
abhi Bajaj Finance EMI se loan payment kia 480 ka UPI se pay kr diya bc,480,emi,upi,paytm,slice,hinglish_natural
library se tuition die 1107 ₹ ka haath se die,1107,education,cash,,,hinglish_natural
Rs4577 charged for Ola on slice,4577,travel,upi,slice,,english_natural
Air India ka kiraya diyee 21065 rupees card se pay kr diya bhai,21065,travel,card,,,hinglish_natural
Paid Rs.437 to Amazon jupiter UPI Axis 5074 Successful,437,shopping,upi,jupiter,axis,ocr_upi
Just paid ₹1085.72 to Uber through debit card,1085.72,travel,card,,,english_natural
Paid rickshaw ₹661 using paytm,661,travel,upi,paytm,,english_natural
flatmate rent share 2216 CRED Rahul,2216,friends,upi,cred,,friends_synthetic
"BILL
Hotstar
10197
Gpay
Thank You Visit Again",10197,entertainment,upi,gpay,,ocr_receipt
1989.03 water bill,1989.03,utilities,card,,icici,english_natural
Used State Bank cash to pay Rs.4395 for Udemy,4395,education,cash,,sbi,english_natural
Spent Rs.695.29 on Rahul using Paytm,695.29,friends,upi,paytm,hdfc,english_natural
aaj Pooja ka split kr diya 488 ₹ UPI se,488,friends,upi,paytm,,hinglish_natural
abhi market pe 2845 rs. ka saman lya haath se diy,2845,shopping,cash,,hdfc,hinglish_natural
"BILL
mobile recharge
Rs 3320
slice
Thank You Visit Again",3320,utilities,upi,slice,,ocr_receipt
502 rupees Indian Oil via Bhim,502,travel,upi,bhim,icici,hinglish_natural
aaj 4843 rupay khana kha liya dhaba ko debit card se,4843,food,card,,hdfc,hinglish_natural
grocery vegetables milk bread fruits Rs30582 paid Google Pay,30582,food,upi,gpay,,cue_row
381 rs Shreya cash me,381,friends,cash,,jupiter,hinglish_natural
paid back friend lent money 6377 Phone Pe,6377,friends,upi,phonepe,,cue_row
sent 3896 to friend on cash,3896,friends,cash,,,friends_synthetic
Payment of 47987 to metro was successful via Google Pay UPI Ref No 4054568125 SBI Account 2925,47987,travel,upi,gpay,sbi,ocr_upi
paid 762 to colleague through cash,762,friends,cash,,,voice_transcript
Rs445.75 charged for tuition on cash,445.75,education,cash,,niyo,english_natural
eye checkup ka checkup karaya 494 rs. paytm se matlab,494,healthcare,upi,paytm,,hinglish_natural
UPI/00993735/EDUCATION LOAN EMI/FI,4559,emi,upi,phonepe,fi,english_natural
SBI loan me 2797 rupay ka installment diy UPI se die,2797,emi,upi,phonepe,,hinglish_natural
dopahar ko 34900 rupaye installment diy home loan EMI pe credit card se,34900,emi,card,,,hinglish_natural
286 rupaye khana order kiyaa cafe pe cash me PNB se kata,286,food,cash,,pnb,hinglish_natural
408 ka Meesho bill pay kiya card se,408,shopping,card,,,voice_transcript
Paid Divya ?40737 using Slice,40737,friends,upi,slice,,english_natural
4154 rupaye Lenskart card se pay kar diya,4154,shopping,card,,,hinglish_natural
paid yaar R 9006 via PayTM,9006,friends,upi,paytm,,friends_synthetic
Bought car loan EMI for ₹26070 with card,26070,emi,card,,niyo,english_natural
coaching ka 33121 rupees ka bill Google Pay se pay kiya,33121,education,upi,gpay,,voice_transcript
Blinkit ka 366 rupees ka bill cred se pay kiya,366,food,upi,cred,slice,voice_transcript
"BSNL
Item 1 INR 106
Item 2 Rs 194
Total Rs1692
CARD",1692,utilities,card,,,ocr_receipt
1mg me 4142 ka doctor ko diyee cash de diya,1,healthcare,cash,,,hinglish_natural
paytm payment Rs.2881.13 Lenskart ICICI Bank 6568 successful,2881.13,shopping,upi,paytm,icici,ocr_upi
POS/ELECTRONICS STORE/CREDIT CARD/8099,30142,shopping,card,,,english_natural
"INSURANCE PREMIUM RESTAURANT
Total 4644
Cash Received
Change 0.00",4644,utilities,upi,gpay,,ocr_receipt
Ola cab INR 6339,6339,travel,cash,,,source_english
"Receipt #1069
Zara
Amount Paid: t43221
Mode: Google Pay",43221,shopping,upi,gpay,canara,ocr_receipt
1159 rs. checkup karaya 1mg ko naqad,1159,healthcare,cash,,,hinglish_natural
dhaba 728,728,food,upi,cred,,english_natural
gold ₹40059.37 paytm,40059.37,investment,upi,paytm,axis,ocr_upi
bhai Flipkart se buy kiya 214 ₹ ka PhonePe pe,214,shopping,upi,phonepe,,hinglish_natural
paid 29800 to Tata CLiQ through Gpay,29800,shopping,upi,gpay,,voice_transcript
SpiceJet ka kiraya diy 40473 rupaye UPI se pay kar diya,40473,travel,upi,gpay,,hinglish_natural
aaj 2278 ₹ tuition diyee tuition ko haath se diyee,2278,education,cash,,,hinglish_natural
Lenskart me 2404 ₹ ka doctor ko diy UPI se pay kia,2404,healthcare,upi,phonepe,,hinglish_natural
Personal loan installment INR 48231,48231,emi,card,,,source_english
Indian Oil ka cab lia 431 rupaye Cred pe bhai,431,travel,upi,cred,slice,hinglish_natural
"Receipt #8061
Apollo Pharmacy
Amount Paid: ₹395.26
Mode: CARD",395.26,healthcare,card,,,ocr_receipt
PVR 41243 rs phonepe se pay kiya,264,entertainment,upi,phonepe,,source_hinglish
mutual fund SIP stocks PPF FD investment t2476 CRED,2476,investment,upi,cred,,cue_row
water bill 3612 rs via cred bc,3612,utilities,upi,cred,hdfc,hinglish_natural
TO:FIRSTCRY firstcry.68631@hdfcbank From:PRIYASHARMA (hdfc gpay : sender3917@okhdfcbank,255.07,shopping,upi,gpay,hdfc,ocr_upi
bhai Amit ko udhar return kiya 13081 rs cash se,13081,friends,cash,,bob,friends_synthetic
"D HDFCLOAN 22759 Completed 12Feb 2026,9:04 pm Union Bank Bank 1147 UPI transaction ID 46594021614370 TO:HDFCLOAN hdfc loan.85618@union bankbank Soogletransaction lD CICAgJjg695259 OPI PhonePe",22759,emi,upi,phonepe,union bank,ocr_upi
gpay payment 3868 SonyLIV sbi 3663 completed,3868,entertainment,upi,gpay,sbi,ocr_upi
today i spent 3735 on EatFit via fi,3735,food,upi,fi,,voice_transcript
UPI/84257072/MOBILE RECHARGE/HDFC BANK,1886,utilities,upi,gpay,hdfc,english_natural
INR 9281.10 paid to Dominos via Phonepe UPI from Axis Bank Bank ending 8552,9281.10,food,upi,phonepe,axis,ocr_upi
SBI loan se EMI kat gayi 346 rs ka UPI se,346,emi,upi,phonepe,icici,hinglish_natural
subah 73 rs. Kuvera UPI se die,73,investment,upi,gpay,,hinglish_natural
aaj Flipkart se order kiya 22575 rupaiye ka card se,43520,shopping,card,,,source_hinglish
Rohan ko 463 transfer kiya cash se,463,friends,cash,,,friends_synthetic
ghar jaate waqt Swiggy se khana order kr diya 49869 rupaye ka Fi Money se,49869,food,upi,fi,niyo,hinglish_natural
netflix spotify hotstar subscription movie show 345 gpay,345,entertainment,upi,gpay,,cue_row
school college tuition course books fees ₹3457 card,3457,education,card,,,cue_row
breakfast snacks chai coffee R 13783 card,13783,food,card,,,cue_row
colleague Rs.4473 debited from Slice,4473,friends,cash,,slice,english_natural
₹4772.12 charged for Priya on cash,4772.12,friends,cash,,,english_natural
Coin me 2767 rs. ka stock liyaa UPI se,2767,investment,upi,gpay,,hinglish_natural
uber ola cab ride airport train ticket t14646 cash,14646,travel,cash,,,cue_row
371 ₹ books le liya Vedantu ko card se pay kar diya,371,education,card,,,hinglish_natural
1161 ₹ doctor ko die lab test pe cash me,1161,healthcare,cash,,,hinglish_natural
breakfast snacks chai coffee Rs 3147 card,3147,food,card,,,cue_row
Paid 35106 for Unacademy from my Niyo account via Jupiter,35106,education,upi,jupiter,niyo,english_natural
subah Gaana me 4353 rupees ka show dekha card se pay kia,9640,entertainment,card,,,source_hinglish
Just paid 409.81 to BYJU'S through cred,409.81,education,upi,cred,,english_natural
Paytm Money pe 110 rs ka mutual fund kiya PayTM se,110,investment,upi,paytm,,hinglish_natural
Bajaj Finance EMI ka loan payment kiya 47939 ₹ debit card se,47939,emi,card,,hdfc,hinglish_natural
friend ka transfer kiyaa 3674 ₹ UPI se pay kiyaa Yes Bank se,3674,friends,upi,gpay,yes bank,hinglish_natural
flatmate se paise bheje 48017 rupees ka paytm se pay kia,48017,friends,upi,paytm,,hinglish_natural
ACT Fibernet mein 390 lag gaye cash se bhara,390,utilities,cash,,sbi,voice_transcript
29704 ₹ Jio recharge Gpay se,29704,utilities,upi,gpay,,hinglish_natural
Bought Meesho for Rs161.59 with Mastercard,161.59,shopping,card,,idfc,english_natural
exam fee 26535,26535,education,cash,,,english_natural
312.91 Phone Pe FD,312.91,investment,upi,phonepe,slice,english_natural
Amazon Prime ₹8591.08 CRED,8591.08,entertainment,upi,cred,sbi,ocr_upi
electricity water broadband mobile recharge bill Rs 4115 card,4115,utilities,card,,,cue_row
kal broadband pe 4445 rs ka recharge kr diya Gpay se,4445,utilities,upi,gpay,,hinglish_natural
Shreya 18690 naqad,18690,friends,cash,,,hinglish_natural
"TATA PLAY
Item 1 476
Item 2 R 162
Total Rs 122
CARD",122,utilities,card,,,ocr_receipt
NPS 341 rs debit card se,341,investment,card,,,hinglish_natural
3745 ka ET Money bill pay kiya card se,3745,investment,card,,,voice_transcript
personal loan installment EMI deduction Rs.203 card,203,emi,card,,,cue_row
ghar jaate waqt Zomato se kha liya 71 rs ka NIYO se,71,food,upi,niyo,kotak,hinglish_natural
SpiceJet se ticket book kar diya 293 rupaiye ka card se pay kia yaar,293,travel,card,,,hinglish_natural
SBI loan ka installment de diya 408 rupees card se pay kr diya,408,emi,card,,,hinglish_natural
829 rupees broadband cash diyee,829,utilities,cash,,sbi,hinglish_natural
bhai education loan EMI ka 52 rupaye card se de diya,52,emi,card,,pnb,voice_transcript
t6957 charged for auto on Visa,6957,travel,card,,,english_natural
"BILL
Gaana
₹2991
CARD
Thank You Visit Again",2991,entertainment,card,,,ocr_receipt
Cred payment ₹192.16 doctor axis 9080 completed,192.16,healthcare,upi,cred,axis,ocr_upi
bhai Rs408.09 Bhim,408.09,friends,upi,bhim,sbi,english_natural
₹4853 charged for Barbeque Nation on cash,4853,food,cash,,,english_natural
"LENSKART RESTAURANT
Total 849.18
Cash Received
Change 0.00",849.18,healthcare,upi,cred,,ocr_receipt
CCD 11288 rs. haath se diy,11288,food,cash,,axis,hinglish_natural
Stock purchase INR 16129,16129,investment,upi,phonepe,sbi,source_english
friend se dost ko diy 51 rs. ka card se pay kiya,51,friends,card,,,hinglish_natural
paid back friend lent money R 2204 NIYO,2204,friends,upi,niyo,,cue_row
bhai hospital ka 2868 rupaye Phone Pe se de diya,2868,healthcare,upi,phonepe,niyo,voice_transcript
ATM/CASH/ICICI BANK/3460.58,3460.58,healthcare,card,,icici,english_natural
Paid INR 8817.79 for Air India from my YES BANK account via debit card,8817.79,travel,card,,yes bank,english_natural
Ananya payment 4432 done via Google Pay,4432,friends,upi,gpay,sbi,english_natural
FRESHMENU INR 88 KOTAK,88,food,upi,gpay,kotak,english_natural
Paid ₹1124 for lab test from my axis account via card,1124,healthcare,card,,axis,english_natural
FD me 2094 rupees ka invest kar diya card se pay kar diya yaar,2094,investment,card,,,hinglish_natural
split bill 2930 Niyo se Vikram ko diya,2930,friends,upi,niyo,sbi,friends_synthetic
coaching exam preparation study material Rs224 paytm,224,education,upi,paytm,hdfc,cue_row
coaching 40650 rupees phonepe pe,40650,education,upi,phonepe,,hinglish_natural
ATM/CASH/BANK/18073.31,18073.31,food,upi,fi,,english_natural
electronics clothes shoes accessories purchase ₹302 via card,302,shopping,card,,,cue_row
23964 rupees SBI loan card,23964,emi,card,,,voice_transcript
HDFC loan se installment diy 25949 rs. ka card se,25949,emi,card,,,hinglish_natural
POS/MARKET/CREDIT CARD/1582,22290,shopping,card,,sbi,english_natural
paid 1749 to crypto through Bhim,1749,investment,upi,bhim,,voice_transcript
today i spent 414 on Rohan via paytm,414,friends,upi,paytm,,voice_transcript
maine 19738 rupaye gas bill ko diye Phone Pe se,19738,utilities,upi,phonepe,,voice_transcript
Rs.487 to Croma via debit card,487,shopping,card,,,english_natural
broadband 36130 Paytm Completed axis 6290,36130,utilities,upi,paytm,axis,ocr_upi
COACHING INR 4650,4650,education,card,,,english_natural
ATM/CASH/AXIS/7883.22,7883.22,utilities,upi,bhim,axis,english_natural
Rs 2728 debited from your sbi account for Zee5 (fi UPI),2728,entertainment,upi,fi,sbi,ocr_upi
Spent ₹2518.98 on NPS using Niyo,2518.98,investment,upi,niyo,axis,english_natural
Payment of 147.44 to DishTV was successful via G Pay UPI Ref No 20777482125 ICICI Bank Account 9932,147.44,utilities,upi,gpay,icici,ocr_upi
"D CARLOANEMI 32626 Completed 18Mar 2026,8:32 pm ICICI Bank Bank 3420 UPI transaction ID 158968594217260 TO:CARLOANEMI car loan emi.77086@icici bankbank Soogletransaction lD CICAgJjg591292 OPI cred",32626,emi,upi,cred,icici,ocr_upi
387 rs. IRCTC credit card se,1590,travel,card,,,source_hinglish
raat ko personal loan EMI ka installment diyee 369 rs UPI se bc,369,emi,upi,slice,,hinglish_natural
30882 Ola Phonepe se pay kia,18691,travel,upi,phonepe,,source_hinglish
POS/HOME LOAN EMI/MASTERCARD/6724,443,emi,card,,,english_natural
Used Kotak Mahindra Gpay to pay Rs 4921 for diagnostic,4921,healthcare,upi,gpay,kotak,english_natural
ATM/CASH/NIYO/737,737,travel,upi,phonepe,niyo,english_natural
POS/CLEARTRIP/CASH/4863,50,travel,cash,,,english_natural
Netflix 498.95,498.95,entertainment,cash,,sbi,english_natural
UPI/52723250/FLIPKART/FI MONEY,186,shopping,cash,,fi,english_natural
Medical test charges INR 1640,1640,healthcare,cash,,,source_english
Doctor consultation INR 38968,38968,healthcare,upi,gpay,,source_english
electricity water broadband mobile recharge bill 263 Google Pay,263,utilities,upi,gpay,icici,cue_row
488 to bhai PayTM UPI,488,friends,upi,paytm,,friends_synthetic
"RENT
Item 1 Rs109
Item 2 130
Total R 3976
Paytm",3976,utilities,upi,paytm,,ocr_receipt
dinner split 4817 rupaye Rohan CRED,4817,friends,upi,cred,sbi,friends_synthetic
"BILL
Airtel recharge
₹215
PhonePe
Thank You Visit Again",215,utilities,upi,phonepe,,ocr_receipt
"Blinkit BILL
St: Rs.23970.76
CASH approved",23970.76,food,cash,,sbi,ocr_receipt
t1627.85 charged for Apollo Pharmacy on Mastercard,1627.85,healthcare,card,,,english_natural
amazon flipkart myntra online shopping order 288 Phonepe,288,shopping,upi,phonepe,sbi,cue_row
i did 45752 expense on Zomato using card,45752,food,card,,slice,voice_transcript
clinic se test karaya 470 rupaye ka cred se,470,healthcare,upi,cred,,hinglish_natural
t6400 paid to Coursera via G Pay from kotak,6400,education,upi,gpay,kotak,english_natural
Used Slice Visa to pay Rs 935 for YouTube Premium,935,entertainment,card,,slice,english_natural
dinner split 2299 rupaye Neha CRED,2299,friends,upi,cred,,friends_synthetic
bhai Practo ka 177 rupaye Phone Pe se de diya,177,healthcare,upi,phonepe,niyo,voice_transcript
"Receipt #7317
Lenskart
Amount Paid: 148
Mode: CARD",148,healthcare,card,,,ocr_receipt
spent 2176 rupees on dentist via Google Pay,2176,healthcare,upi,gpay,,voice_transcript
uber ola cab ride airport train ticket INR 19144 bhim,19144,travel,upi,bhim,,cue_row
rent maintenance gas connection Rs 383 Phonepe,383,utilities,upi,phonepe,,cue_row
"TAX INVOICE
gaming
Grand Total: ₹40107.43
Payment: CARD",40107.43,entertainment,card,,,ocr_receipt
flight booking travel ticket ?3349 paytm,3349,travel,upi,paytm,,cue_row
"lab test
Net Amount 31
Paid via CASH",31,healthcare,cash,,,ocr_receipt
20656 subscription renew kar diya SonyLIV ko NIYO se pay kiyaa,20656,entertainment,upi,niyo,jupiter,hinglish_natural
Just paid Rs 32310 to Burger King through Jupiter,32310,food,upi,jupiter,,english_natural
bhai Shreya ko udhar return kiya 1210 rs CRED se,1210,friends,upi,cred,,friends_synthetic
R 463 paid to broadband via Gpay UPI from HDFC Bank ending 5911,463,utilities,upi,gpay,hdfc,ocr_upi
Reliance Digital me 22133 rupaye ka order kya credit card se,22133,shopping,card,,,hinglish_natural
"DHABA RESTAURANT
Total 39597.33
Cash Received
Change 0.00",39597.33,food,upi,phonepe,,ocr_receipt
TO:GROWW groww.88595@hdfcbankbank From:UTSAVJANA (HDFC Bank SLICE : sender6806@okhdfcbankbank,3088,investment,upi,slice,hdfc,ocr_upi
insurance premium me 1626 rupees ka bill bharaa PhonePe pe,1626,utilities,upi,phonepe,sbi,hinglish_natural
Paid Flipkart INR 9250 using Mastercard,9250,shopping,card,,,english_natural
Rs5984 debited from your HDFC Bank account for CCD (cred UPI),5984,food,upi,cred,hdfc,ocr_upi
Used Fi credit card to pay 2270 for BYJU'S,2270,education,card,,fi,english_natural
"SWIGGY RESTAURANT
Total 30778
Cash Received
Change 0.00",30778,food,upi,phonepe,rbl,ocr_receipt
Vi recharge pe 661 rupaye ka bill bharra UPI se pay kr diya,661,utilities,upi,jupiter,kotak,hinglish_natural
Air India payment 29032.53 done via debit card,29032.53,travel,card,,,english_natural
Bought dhaba for R 4317 with Mastercard,4317,food,card,,,english_natural
"TAX INVOICE
Zee5
Grand Total: Rs.3130.45
Payment: Google Pay",3130.45,entertainment,upi,gpay,,ocr_receipt
lab test ka 3212 rupees ka bill card se pay kiya,3212,healthcare,card,,,voice_transcript
R 2955 to bro Jupiter UPI,2955,friends,upi,jupiter,,friends_synthetic
Zomato dinner INR 22420,22420,food,upi,paytm,sbi,source_english
Payment of Rs 350 to Behrouz was successful via Phonepe UPI Ref No 323273379180 HDFC Bank Account 5991,350,food,upi,phonepe,hdfc,ocr_upi
Divya se udhar return kar diya 25355 rs. ka UPI se diyee Fi Money account se,25355,friends,upi,gpay,fi,hinglish_natural
slice payment 146 BookMyShow icici 1419 completed,146,entertainment,upi,slice,icici,ocr_upi
ghar jaate waqt 384 Gaana Gpay se pay kia,384,entertainment,upi,gpay,niyo,hinglish_natural
Dominos ka mangwaya 20382 ₹ cash diye,20382,food,cash,,,hinglish_natural
ATM/CASH/NIYO/277.49,277.49,food,cash,,niyo,english_natural
"TAX INVOICE
mall
Grand Total: t3375.59
Payment: CARD",3375.59,shopping,card,,,ocr_receipt
SBI loan 18608 rs UPI se die,18608,emi,upi,phonepe,,hinglish_natural
ghar jaate waqt education loan EMI ka EMI kat gayi 27134 card se pay kiyaa SLICE account se,27134,emi,card,,slice,hinglish_natural
Air India 133 cred Successful Kotak Mahindra 8456,133,travel,upi,cred,kotak,ocr_upi
electronics clothes shoes accessories purchase t254 via card,254,shopping,card,,,cue_row
raat ko 67 rs car loan EMI debit card se,67,emi,card,,fi,hinglish_natural
Hospital bill INR 48731,48731,healthcare,cash,,,source_english
TO:EXAMFEE examfee.45648@kotakbank From:UTSAVJANA (kotak Google Pay : sender4356@okkotakbank,378.61,education,upi,gpay,kotak,ocr_upi
Shreya 2784,2784,friends,upi,paytm,,english_natural
"TAX INVOICE
dhaba
Grand Total: Rs 626.40
Payment: Phonepe",626.40,food,upi,phonepe,,ocr_receipt
ATM/CASH/BANK/90,90,emi,card,,,english_natural
Apollo Pharmacy me 28456 rupay ka test karaya UPI se diy,28456,healthcare,upi,gpay,indusind,hinglish_natural
home loan car loan credit card EMI monthly ₹409 autopay Paytm,409,emi,upi,paytm,,cue_row
split bill 484 Gpay se Ananya ko diya,484,friends,upi,gpay,,friends_synthetic
mutual fund SIP stocks PPF FD investment t378 card,378,investment,card,,,cue_row
paid bro Rs4434 via G Pay,4434,friends,upi,gpay,sbi,friends_synthetic
43853 rs. ticket book kr diya IndiGo ko debit card se icici se,17271,travel,card,,icici,source_hinglish
Paid Rs.3887.49 for H&M via debit card,3887.49,shopping,card,,,english_natural
2403 ka water bill bill pay kiya card se,2403,utilities,card,,,voice_transcript
abhi 127 rupees market card se pay kiyaa,127,shopping,card,,,hinglish_natural
Paid t7809 for petrol pump via PhonePe,7809,travel,upi,phonepe,,english_natural
spent 435 rupees on Netmeds via cash,435,healthcare,cash,,,voice_transcript
3161 rs. Dominos CRED se pay kya,3161,food,upi,cred,kotak,hinglish_natural
Priya ko 1873 transfer kiya cash se,1873,friends,cash,,,friends_synthetic
flatmate ka dost ko die 261 rupees Slice se matlab,261,friends,upi,slice,fi,hinglish_natural
"stocks 136 Completed 17Jan 2025,11:56 am PNB 2422 UPI transaction ID 649135974895642",136,investment,upi,phonepe,pnb,ocr_upi
Payment of Rs.3977 to broadband was successful via PhonePe UPI Ref No 424955926946 Canara Account 3599,3977,utilities,upi,phonepe,canara,ocr_upi
lab test se doctor ko diye 3638 rupaiye ka naqad,3638,healthcare,cash,,,hinglish_natural
33192 rupees eye checkup Phone Pe hdfc account,33192,healthcare,upi,phonepe,hdfc,voice_transcript
Bought Zara for 316 with GPay,316,shopping,upi,gpay,,english_natural
"Amazon Prime
Net Amount 746.44
Paid via Jupiter",746.44,entertainment,upi,jupiter,,ocr_receipt
paid back friend lent money ₹996 cred,996,friends,upi,cred,,cue_row
education loan EMI mein 302 lag gaye card se bhara,302,emi,card,,fi,voice_transcript
aaj college fees pe 31602 rupaye kharcha hua paytm se,31602,education,upi,paytm,,voice_transcript
HDFC loan 14656.78 phonepe,14656.78,emi,upi,phonepe,axis,ocr_upi
hospital 327,327,healthcare,upi,gpay,,english_natural
IRCTC 1594 rupaiye naqad budget tod diya,1594,travel,cash,,,hinglish_natural
Paid Rs3745.63 for stationery from my NIYO account via Mastercard,3745.63,education,card,,niyo,english_natural
Paid mobile recharge 4369 using phonepe,4369,utilities,upi,phonepe,,english_natural
FirstCry 166,166,shopping,upi,cred,,english_natural
grocery vegetables milk bread fruits INR 764 paid jupiter,764,food,upi,jupiter,,cue_row
bhai Apple Music me 4560 ka ticket liya credit card se,4560,entertainment,card,,icici,hinglish_natural
library me 289 rupaiye ka fees bhar diya card se pay kiyaa,36137,education,card,,,source_hinglish
society maintenance 266.61 icici,266.61,utilities,upi,paytm,icici,english_natural
subah Bharat Petroleum 37 rupees naqad,37,travel,cash,,,hinglish_natural
kal 234 colleague haath se diye,234,friends,cash,,,hinglish_natural
Haldirams 1203 rs. via GPay bhai,1203,food,upi,gpay,yes bank,hinglish_natural
Just paid 1617.13 to Spotify through Fi Money,1617.13,entertainment,upi,fi,,english_natural
Payment of INR 4494.04 to metro was successful via jupiter UPI Ref No 39871409619 Axis Bank Account 9017,4494.04,travel,upi,jupiter,axis,ocr_upi
Bought college fees for Rs.21553 with cash,21553,education,cash,,niyo,english_natural
Spent ₹46 on Amazon Prime using cash,46,entertainment,cash,,,english_natural
34682 ka school fees bill pay kiya card se,34682,education,card,,,voice_transcript
Angel One 157 G Pay,157,investment,upi,gpay,icici,english_natural
Paid ₹293.69 for Netmeds via cash,293.69,healthcare,cash,,,english_natural
"BOOKMYSHOW RESTAURANT
Total 3332
Cash Received
Change 0.00",3332,entertainment,cash,,,ocr_receipt
aaj flatmate me 13798 rs. ka split kiya UPI se pay kiya Kotak account se,13798,friends,upi,gpay,kotak,hinglish_natural
2749 rupees colleague cash,2749,friends,cash,,,voice_transcript
Rs.495 paid to Cleartrip via phonepe from SBI,495,travel,upi,phonepe,sbi,english_natural
TO:BHAI bhai.46213@hdfcbank From:UTSAVJANA (HDFC GPay : sender1131@okhdfcbank,425.96,friends,upi,gpay,hdfc,ocr_upi
Just paid ?496.01 to Zerodha through Paytm,496.01,investment,upi,paytm,,english_natural
"TAX INVOICE
Hotstar
Grand Total: Rs4263.85
Payment: SLICE",4263.85,entertainment,upi,slice,,ocr_receipt
broadband se bill bhara 44258 rs ka UPI se Axis Bank card se,44258,utilities,upi,cred,axis,hinglish_natural
dost Amit ko 23772 rupaye jupiter se bheje,23772,friends,upi,jupiter,,friends_synthetic
"Receipt #2564
Spotify
Amount Paid: 21729
Mode: CARD",21729,entertainment,card,,hdfc,ocr_receipt
Lenskart ka doctor ko de diya 143 rupaye cash diyee bhai,143,healthcare,cash,,,hinglish_natural
lunch dinner food order swiggy zomato restaurant meal INR 2921 slice,2921,food,upi,slice,,cue_row
kal 166 rupees insurance premium UPI se,166,utilities,upi,jupiter,yes bank,hinglish_natural
423 rupees Ananya PayTM,423,friends,upi,paytm,,voice_transcript
Rohan INR 238 PayTM,238,friends,upi,paytm,hdfc,ocr_upi
654 rupaye shopping kiyaa mall pe BHIM se pay kya,654,shopping,upi,bhim,sbi,hinglish_natural
Paid Rs 122 to school fees Phonepe UPI Bank of Baroda 6769 Completed,122,education,upi,phonepe,bob,ocr_upi
"ZARA RESTAURANT
Total 168
Cash Received
Change 0.00",168,shopping,cash,,icici,ocr_receipt
4530 to Meesho via Gpay SBI account,4530,shopping,upi,gpay,sbi,english_natural
Just paid ₹18916 to credit card EMI through Mastercard,18916,emi,card,,pnb,english_natural
mutual fund SIP stocks PPF FD investment ₹1832 card,1832,investment,card,,,cue_row
electronics clothes shoes accessories purchase Rs4626 via Phone Pe,4626,shopping,upi,phonepe,,cue_row
284 ka ET Money bill pay kiya card se Kotak se kata,284,investment,card,,kotak,voice_transcript
Rs470 paid to Indian Oil via Bhim UPI from HDFC Bank ending 4930,470,travel,upi,bhim,hdfc,ocr_upi
Gaana ka 113 rupees ka bill Gpay se pay kiya,113,entertainment,upi,gpay,,voice_transcript
Rs 348 debited from your icici account for coaching (CRED UPI),348,education,upi,cred,icici,ocr_upi
Hotstar ka movie dekhi 3744 ₹ debit card se,3744,entertainment,card,,hdfc,hinglish_natural
H&M ka 2017 rupees ka bill card se pay kiya,2017,shopping,card,,niyo,voice_transcript
Fixed deposit investment INR 41097,41097,investment,upi,cred,hdfc,source_english
"ZARA
Item 1 ₹383
Item 2 ₹319
Total Rs 318
CARD",318,shopping,card,,,ocr_receipt
DMart me 1099 rs ka khana order kiyaa cash diy,24784,food,cash,,,source_hinglish
stocks se SIP bhara 4538 rupay ka UPI se SBI se kata matlab,4538,investment,upi,gpay,sbi,hinglish_natural
27049 rupaiye BYJU'S UPI se,27049,education,upi,jupiter,,hinglish_natural
spent 32965 rupees on Bajaj Finance EMI via card,32965,emi,card,,jupiter,voice_transcript
Bajaj Finance EMI ka loan payment kar diya 3902 rupees credit card se,3902,emi,card,,,hinglish_natural
crypto gold bonds NPS portfolio ₹2200 Slice,2200,investment,upi,slice,,cue_row
friend ka paise bheje 1737 UPI se pay kia sbi account se,1737,friends,upi,jupiter,sbi,hinglish_natural
bhai roommate ko udhar return kiya 21775 rs Jupiter se,21775,friends,upi,jupiter,,friends_synthetic
flatmate 314.89 Phone Pe Payment done HDFC 9610,314.89,friends,upi,phonepe,hdfc,ocr_upi
426 ka car loan EMI bill pay kiya card se,426,emi,card,,,voice_transcript
Paid electricity bill INR 12132.23 using PhonePe from hdfc,12132.23,utilities,upi,phonepe,hdfc,english_natural
ATM/CASH/SLICE/4406.59,4406.59,emi,card,,slice,english_natural
dopahar ko bhai se transfer kiyaa 18175 rs. ka Slice se,18175,friends,upi,slice,,hinglish_natural
Bought home loan EMI for ₹1186.08 with PayTM,1186.08,emi,upi,paytm,niyo,english_natural
Paid Rs233 for eye checkup from my State Bank account via cash,233,healthcare,cash,,sbi,english_natural
"MCDONALD'S RESTAURANT
Total 40689.20
Cash Received
Change 0.00",40689.20,food,cash,,sbi,ocr_receipt
"Reliance Digital
Net Amount 364
Paid via CARD",364,shopping,card,,,ocr_receipt
Chai Point me 43595 rupees ka kha liya UPI se pay kiyaa,43595,food,upi,phonepe,,hinglish_natural
409 rupaye Myntra card se,1586,shopping,card,,federal bank,source_hinglish
maine 3694 rupaye Unacademy ko diye card se,3694,education,card,,,voice_transcript
yaar flatmate ka split kya 3305 rupaiye cash me HDFC card se,3305,friends,cash,,hdfc,hinglish_natural
Rs 265 paid to petrol pump via Phone Pe UPI from kotak Bank ending 2067,265,travel,upi,phonepe,kotak,ocr_upi
dost 39240 rupay cred se pay kya,39240,friends,upi,cred,icici,hinglish_natural
"PVR BILL
St: t21428
CARD approved",21428,entertainment,card,,,ocr_receipt
aaj insurance premium pe 4426 rupaye kharcha hua paytm se,4426,utilities,upi,paytm,icici,voice_transcript
bike loan EMI me 48879 rupay ka EMI bhra card se,48879,emi,card,,,hinglish_natural
"Receipt #3091
Jio recharge
Amount Paid: R 185
Mode: Gpay",185,utilities,upi,gpay,,ocr_receipt
₹3413 debited from your sbi account for Uber (jupiter UPI),3413,travel,upi,jupiter,sbi,ocr_upi
credit card EMI me 4915 rs. ka EMI bharaa card se,4915,emi,card,,,hinglish_natural
abhi Netflix se show dekha 4827 ka credit card se sasta tha,4827,entertainment,card,,,hinglish_natural
Priya ko 12834 transfer kiya card se,12834,friends,card,,,friends_synthetic
29432 rs. Practo card se,29432,healthcare,card,,yes bank,hinglish_natural
Amazon Prime payment t20821 done via Phonepe,20821,entertainment,upi,phonepe,icici,english_natural
bhai ACT Fibernet se bill pay kiya 88 rupaiye ka via cred,88,utilities,upi,cred,,hinglish_natural
"D FRIEND 4125 Completed 14Jan 2026,7:57 pm HDFC Bank Bank 8203 UPI transaction ID 38638130326 TO:FRIEND friend.27016@hdfc bankbank Googletransaction lD XYZabc094665 OPI G Pay",4125,friends,upi,gpay,hdfc,ocr_upi
Paid t175.59 for Apple Music from my hdfc account via Paytm,175.59,entertainment,upi,paytm,hdfc,english_natural
abhi 972 ₹ EMI kat gayi home loan EMI pe UPI se pay kr diya,972,emi,upi,bhim,,hinglish_natural
subah 4911 rs Indian Oil haath se diye,4911,travel,cash,,,hinglish_natural
Just paid 14858 to mobile recharge through bhim,14858,utilities,upi,bhim,,english_natural
Bought rent for t266 with Cred,266,utilities,upi,cred,,english_natural
kal 7535 rupees bill bharra BSNL ko Paytm se,7535,utilities,upi,paytm,,hinglish_natural
2223 rs medicine lia Netmeds pe UPI se pay kr diya,2223,healthcare,upi,gpay,,hinglish_natural
1781 paid to dentist via credit card from icici,1781,healthcare,card,,icici,english_natural
Food court payment INR 3926,3926,food,upi,cred,,source_english
flight booking travel ticket ₹37367 card,37367,travel,card,,hdfc,cue_row
McDonald's ka kha liya 464 rupay Gpay se pay kiyaa,464,food,upi,gpay,,hinglish_natural
"ZEE5 RESTAURANT
Total 386
Cash Received
Change 0.00",386,entertainment,upi,cred,,ocr_receipt
amazon flipkart myntra online shopping order Rs.1588 card,1588,shopping,card,,,cue_row
INR 486.37 paid to dhaba via Gpay UPI from HDFC Bank ending 1041,486.37,food,upi,gpay,hdfc,ocr_upi
Lenskart 1913 rupaiye card se,1913,shopping,card,,,hinglish_natural
HOME LOAN EMI INR 202.64,202.64,emi,card,,,english_natural
Used SBI paytm to pay ₹4146 for Arjun,4146,friends,upi,paytm,sbi,english_natural
5047 ka rent bill pay kiya GPay se,5047,utilities,upi,gpay,,voice_transcript
Chai Point me 48009 rupaye ka khana khaya cred se pay kia Axis se kata,48009,food,upi,cred,axis,hinglish_natural
office se aate hue society maintenance pe 33743 rupees ka payment kiya haath se diye sasta tha,33743,utilities,cash,,,hinglish_natural
Bought Coursera for ?3794.04 with Paytm,3794.04,education,upi,paytm,,english_natural
"BILL
Biryani Blues
t3225
SLICE
Thank You Visit Again",3225,food,upi,slice,,ocr_receipt
Rs.4764 to Yatra via cash,4764,travel,cash,,,english_natural
196 Meesho debit card se,196,shopping,card,,sbi,hinglish_natural
dentist se doctor ko de diya 3058 ka UPI se pay kiya,3058,healthcare,upi,slice,,hinglish_natural
abhi 42148 rupees friend haath se diy,42148,friends,cash,,,hinglish_natural
PRIYA INR 2929 ICICI BANK,2929,friends,upi,cred,icici,english_natural
sent money to Priya ?431 on Paytm,431,friends,upi,paytm,,friends_synthetic
233.26 cash MedPlus,233.26,healthcare,cash,,,english_natural
H&M se buy kiya 1021 rupaiye ka card se,1021,shopping,card,,kotak,hinglish_natural
Uber ride INR 6702,6702,travel,card,,sbi,source_english
Lenskart se medicine le liya 2400 rupees ka haath se die,2400,healthcare,cash,,,hinglish_natural
i did 70 expense on Rahul using SLICE,70,friends,upi,slice,sbi,voice_transcript
BYJU'S payment INR 39695 done via G Pay,39695,education,upi,gpay,icici,english_natural
college fees se course lia 3956 ₹ ka Gpay se pay kia,3956,education,upi,gpay,,hinglish_natural
uber ola cab ride airport train ticket ₹49717 cash,49717,travel,cash,,,cue_row
4308 ka Meesho bill pay kiya card se,4308,shopping,card,,,voice_transcript
Bought rickshaw for t49784 with paytm,49784,travel,upi,paytm,,english_natural
i did 2146 expense on Air India using cash,2146,travel,cash,,slice,voice_transcript
Rohan ka 886 rupees ka bill cash se pay kiya,886,friends,cash,,,voice_transcript
breakfast snacks chai coffee ₹27859 Google Pay,27859,food,upi,gpay,sbi,cue_row
Paytm Money se paisa daala 145 rs ka card se budget tod diya,145,investment,card,,,hinglish_natural
Vedantu 3203 Visa,3203,education,card,,icici,english_natural
BYJU'S payment ₹3359 done via debit card,3359,education,card,,,english_natural
22625 Angel One credit card se,22625,investment,card,,sbi,hinglish_natural
education loan EMI se EMI bhara 238 rupees ka card se pay kiya Axis se kata,238,emi,card,,axis,hinglish_natural
Bought Arjun for 12677 with cash,12677,friends,cash,,,english_natural
maine 157 rupaye stationery ko diye cash se,157,education,cash,,hdfc,voice_transcript
"1mg
Net Amount 437.08
Paid via CASH",437.08,healthcare,cash,,idfc,ocr_receipt
office se aate hue flatmate se dost ko de diye 12882 rupaye ka via PhonePe bhai,12882,friends,upi,phonepe,,hinglish_natural
breakfast snacks chai coffee 185 GPay,185,food,upi,gpay,union bank,cue_row
Paid Tata CLiQ Rs.1429.64 using G Pay from HDFC Bank,1429.64,shopping,upi,gpay,hdfc,english_natural
petrol diesel fuel t148 at pump Bhim,148,travel,upi,bhim,hdfc,cue_row
Rs 160 to dost fi UPI,160,friends,upi,fi,,friends_synthetic
Paid 77.89 for ET Money via debit card,77.89,investment,card,,slice,english_natural
"Receipt #4982
gas bill
Amount Paid: 45939.00
Mode: GPay",45939.00,utilities,upi,gpay,,ocr_receipt
Paid 49699 for water bill via Cred,49699,utilities,upi,cred,,english_natural
"D FRIEND 16206.55 Completed 27Apr 2026,7:34 pm ICICI Bank 8210 UPI transaction ID 245848516626357 TO:FRIEND friend.52421@icicibank Googletransaction lD XYZabc240541 OPI GPay",16206.55,friends,upi,gpay,icici,ocr_upi
aaj SBI loan pe 3667 rupaye kharcha hua card se,3667,emi,card,,hdfc,voice_transcript
"PHARMEASY
Item 1 t458
Item 2 R 327
Total 5837.30
cred",5837.30,healthcare,upi,cred,,ocr_receipt
JioCinema payment ₹32989.88 done via cash,32989.88,entertainment,cash,,slice,english_natural
NEFT/TRANSFER/AMAZON PRIME/SBI,45927,entertainment,card,,sbi,english_natural
₹141 charged for Netmeds on credit card,141,healthcare,card,,,english_natural
Rs 4077 debited from your hdfc account for Pizza Hut (cred UPI),4077,food,upi,cred,hdfc,ocr_upi
Amazon ka 492 rupees ka bill card se pay kiya,492,shopping,card,,,voice_transcript
INR 27183.36 paid to Jio recharge via phonepe UPI from State Bank Bank ending 8946,27183.36,utilities,upi,phonepe,sbi,ocr_upi
aaj Practo pe 15009 rupaye kharcha hua cash se,15009,healthcare,cash,,jupiter,voice_transcript
"TAX INVOICE
Myntra
Grand Total: 11644.12
Payment: CARD",11644.12,shopping,card,,,ocr_receipt
College fees payment INR 47985,47985,education,upi,slice,,source_english
1mg se test karaya 466 ka credit card se,1,healthcare,card,,,hinglish_natural
Goibibo se ticket book kiya 42544 ka card se,42544,travel,card,,pnb,hinglish_natural
bhai gold ka stock liya 16514 card se ICICI card se yaar,16514,investment,card,,icici,hinglish_natural
Nature's Basket R 3362.12 PhonePe,3362.12,food,upi,phonepe,sbi,ocr_upi
Used Bank of Baroda BHIM to pay R 3232 for Groww,3232,investment,upi,bhim,bob,english_natural
HP Petrol 3273 rupay haath se die,3273,travel,cash,,,hinglish_natural
amazon flipkart myntra online shopping order Rs.2934 CRED,2934,shopping,upi,cred,,cue_row
uber ola cab ride airport train ticket ₹313 phonepe,313,travel,upi,phonepe,hdfc,cue_row
hospital ka doctor ko die 498 rupaiye via slice,498,healthcare,upi,slice,,hinglish_natural
BSNL 392 rs. via PayTM,392,utilities,upi,paytm,sbi,hinglish_natural
Dominos pe 429 rs ka food order kya UPI se pay kiya Axis Bank card se bc,429,food,upi,phonepe,axis,hinglish_natural
Dominos 183 hdfc,183,food,upi,gpay,hdfc,english_natural
"ZEE5 RESTAURANT
Total 403
Cash Received
Change 0.00",403,entertainment,upi,phonepe,,ocr_receipt
dost Neha ko 22768 rupaye Slice se bheje,22768,friends,upi,slice,,friends_synthetic
amazon flipkart myntra online shopping order Rs.4011 PhonePe,4011,shopping,upi,phonepe,,cue_row
dost Arjun ko 731 rupaye jupiter se bheje,731,friends,upi,jupiter,,friends_synthetic
229 Visa Paytm Money,229,investment,card,,jupiter,english_natural
petrol pump ka 374 rupees ka bill bhim se pay kiya,374,travel,upi,bhim,,voice_transcript
paytm payment 341.39 Rahul SBI 5213 successful,341.39,friends,upi,paytm,sbi,ocr_upi
bhai 40753 rupaye bill pay kya mobile recharge ko UPI se pay kr diya,40753,utilities,upi,gpay,,hinglish_natural
53 rupay kha liya EatFit pe Gpay pe achha deal mila,53,food,upi,gpay,,hinglish_natural
tuition 330 rupaye card se pay kya,330,education,card,,,hinglish_natural
electricity water broadband mobile recharge bill Rs.3080 Fi Money,3080,utilities,upi,fi,,cue_row
509 rs. BYJU'S card se pay kr diya yaar,509,education,card,,niyo,hinglish_natural
Zepto se khana khaya 3829 rupaye ka cash diyee bc,3829,food,cash,,slice,hinglish_natural
Bewakoof 430.38 Visa,430.38,shopping,card,,,english_natural
school fees 487 ₹ card se,487,education,card,,,hinglish_natural
Paid INR 55 for HDFC loan from my Jupiter account via credit card,55,emi,card,,jupiter,english_natural
electricity water broadband mobile recharge bill Rs.4724 SLICE,4724,utilities,upi,slice,,cue_row
t508 paid to Myntra via Google Pay UPI from HDFC Bank Bank ending 9716,508,shopping,upi,gpay,hdfc,ocr_upi
education loan EMI se EMI bharra 43874 ₹ ka via Jupiter,43874,emi,upi,jupiter,hdfc,hinglish_natural
458 card upGrad,458,education,card,,,english_natural
"BURGER KING
Item 1 433
Item 2 Rs428
Total ₹1399.37
cred",1399.37,food,upi,cred,,ocr_receipt
4980 dost ko diy Rohan ko NIYO se pay kiya,4980,friends,upi,niyo,,hinglish_natural
Groww ka stock le liya 375 rupaiye debit card se,375,investment,card,,fi,hinglish_natural
Paid Rs 4986.22 for JioCinema via Cred,4986.22,entertainment,upi,cred,,english_natural
16413 bhai,16413,friends,card,,axis,english_natural
Cred payment 26531.31 Burger King Bank of Baroda 3805 done,26531.31,food,upi,cred,bob,ocr_upi
Spent ₹59 on Starbucks using fi,59,food,upi,fi,,english_natural
321 rupaye MedPlus UPI se pay kiyaa,321,healthcare,upi,phonepe,,hinglish_natural
Stock purchase INR 21141,21141,investment,upi,bhim,kotak,source_english
42332 rupees PVR Bhim,42332,entertainment,upi,bhim,,voice_transcript
Snapdeal se order kar diya 4771 rupees ka card se,4771,shopping,card,,,hinglish_natural
2689 charged for books on cash,2689,education,cash,,,english_natural
dinner split 24281 rupaye Shreya cash,24281,friends,cash,,,friends_synthetic
1541 rupaiye bro gpay pe achha deal mila,1541,friends,upi,gpay,,hinglish_natural
"Zara BILL
St: R 14204
CARD approved",14204,shopping,card,,,ocr_receipt
kal college fees ka course lia 46806 rupaiye card se,46806,education,card,,,hinglish_natural
26095.66 paid to Udemy via phonepe UPI from PNB Bank ending 6524,26095.66,education,upi,phonepe,pnb,ocr_upi
270 ₹ personal loan EMI card se,270,emi,card,,,hinglish_natural
maine 1089 rupaye electricity bill ko diye cash se,1089,utilities,cash,,,voice_transcript
1163 rs. SpiceJet cash me,1163,travel,cash,,,hinglish_natural
"TAX INVOICE
Jio recharge
Grand Total: Rs.4967
Payment: CARD",4967,utilities,card,,hdfc,ocr_receipt
subah 3190 Netflix debit card se,3190,entertainment,card,,,hinglish_natural
bhai Kuvera ka 21972 rupaye card se de diya,21972,investment,card,,jupiter,voice_transcript
yaar Dominos pe 2666 rupay ka khana order kr diya NIYO se,2666,food,upi,niyo,,hinglish_natural
bhai gas bill se recharge kiya 854 rs ka via Phonepe,854,utilities,upi,phonepe,,hinglish_natural
friend se udhar return kia 2890 rupaye ka UPI se de diye,2890,friends,upi,paytm,,hinglish_natural
57 Slice school fees,57,education,upi,slice,,english_natural
6274.81 credit card Apple Music,6274.81,entertainment,card,,,english_natural
electronics clothes shoes accessories purchase ₹1031 via card,1031,shopping,card,,,cue_row
1221 ₹ khana order kia Box8 pe cash me,1221,food,cash,,hdfc,hinglish_natural
uber ola cab ride airport train ticket 2139 Paytm,2139,travel,upi,paytm,,cue_row
"BILL
dentist
417
G Pay
Thank You Visit Again",417,healthcare,upi,gpay,,ocr_receipt
maine 401 rupaye PPF ko diye paytm se,401,investment,upi,paytm,icici,voice_transcript
Reliance Digital me 241 rupees ka shopping kiya Paytm se pay kar diya,241,shopping,upi,paytm,,hinglish_natural
Paid school fees t3205.17 using credit card,3205.17,education,card,,,english_natural
46050 ka SonyLIV bill pay kiya card se,46050,entertainment,card,,,voice_transcript
Payment of Rs4967 to hospital was successful via Jupiter UPI Ref No 907541183241 Axis Account 4304,4967,healthcare,upi,jupiter,axis,ocr_upi
society maintenance 31880 rupaye PayTM pe Kotak Mahindra account se,31880,utilities,upi,paytm,kotak,hinglish_natural
"EATFIT
Item 1 Rs.100
Item 2 ₹421
Total ₹38688
PayTM",38688,food,upi,paytm,axis,ocr_receipt
JioCinema ka game lya 8763 rupay credit card se,8763,entertainment,card,,,hinglish_natural
library se fees bharaa 452 rs. ka card se pay kia,452,education,card,,idfc,hinglish_natural
spent 370 rupees on bike loan EMI via card,370,emi,card,,pnb,voice_transcript
Paid t14666.89 to Ola Google Pay UPI YES BANK 4411 Successful,14666.89,travel,upi,gpay,yes bank,ocr_upi
Netmeds Rs 1242 PhonePe,1242,healthcare,upi,phonepe,,english_natural
49437 rs ticket book kar diya Ola ko card se Slice card se achha deal mila,49437,travel,card,,slice,hinglish_natural
netflix spotify hotstar subscription movie show Rs.4119 G Pay,4119,entertainment,upi,gpay,union bank,cue_row
bhai 2283 rs. installment diye education loan EMI ko card se pay kiyaa ICICI se kata bc,2283,emi,card,,icici,hinglish_natural
"DUNKIN RESTAURANT
Total 12488
Cash Received
Change 0.00",12488,food,upi,bhim,sbi,ocr_receipt
40324.01 charged for SIP on Visa,40324.01,investment,card,,,english_natural
Just paid INR 291.95 to MakeMyTrip through GPay,291.95,travel,upi,gpay,sbi,english_natural
auto mein 100 lag gaye card se bhara,100,travel,card,,sbi,voice_transcript
Mobile recharge INR 27870,27870,utilities,upi,fi,,source_english
bhai INOX ka 2052 rupaye card se de diya,2052,entertainment,card,,,voice_transcript
Pooja 476.64,476.64,friends,upi,phonepe,,english_natural
Lenskart 42687.70 Cred Payment done ICICI Bank 9073,42687.70,shopping,upi,cred,icici,ocr_upi
gas bill se payment kr diya 11916 rupaye ka slice pe SBI se,11916,utilities,upi,slice,sbi,hinglish_natural
4129 rupaye dentist debit card se,4129,healthcare,card,,niyo,hinglish_natural
BOOKMYSHOW INR 3675.06,3675.06,entertainment,upi,phonepe,,english_natural
Reliance Digital me 578 rupay ka saman lia card se,578,shopping,card,,,hinglish_natural
i did 41681 expense on CCD using Cred,41681,food,upi,cred,,voice_transcript
INR 2178.35 charged for restaurant on Visa,2178.35,food,card,,,english_natural
Zara ₹13010.94 SLICE,13010.94,shopping,upi,slice,sbi,ocr_upi
MedPlus payment t2507.74 done via Visa,2507.74,healthcare,card,,,english_natural
Internet recharge INR 7712,7712,utilities,card,,,source_english
4257 rs. ride lya rickshaw ko haath se diye,4257,travel,cash,,axis,hinglish_natural
4509 DishTV,4509,utilities,upi,cred,,english_natural
37116 charged for PPF on Mastercard,37116,investment,card,,,english_natural
rickshaw 4003.89 niyo Successful Axis 9750,4003.89,travel,upi,niyo,axis,ocr_upi
₹1434 paid to Gaana via Slice UPI from HDFC Bank Bank ending 8676,1434,entertainment,upi,slice,hdfc,ocr_upi
breakfast snacks chai coffee ₹398 cash,398,food,cash,,,cue_row
23234 rupaye PVR card se,23234,entertainment,card,,fi,hinglish_natural
bhai Rapido ka 228 rupaye Cred se de diya,228,travel,upi,cred,,voice_transcript
431 rupaye Airtel recharge UPI se de diya,431,utilities,upi,phonepe,,hinglish_natural
Paid HDFC loan t264 using paytm from sbi,264,emi,upi,paytm,sbi,english_natural
electronics clothes shoes accessories purchase ₹39766 via Phonepe,39766,shopping,upi,phonepe,bob,cue_row
2046 rs. Reliance Digital via CRED,2046,shopping,upi,cred,,hinglish_natural
Just paid Rs41610 to Paytm Money through G Pay,41610,investment,upi,gpay,,english_natural
rent mein 9301 lag gaye Phonepe se bhara,9301,utilities,upi,phonepe,,voice_transcript
maine 284 rupaye upGrad ko diye SLICE se,284,education,upi,slice,,voice_transcript
Payment of ₹16358.68 to SIP was successful via PayTM UPI Ref No 986245311571826 Axis Account 2583,16358.68,investment,upi,paytm,axis,ocr_upi
flatmate rent share 7153 Paytm dost,7153,friends,upi,paytm,,friends_synthetic
ghar jaate waqt education loan EMI me 7586 ₹ ka EMI kat gayi UPI se diy bohot mehenga,7586,emi,upi,paytm,idfc,hinglish_natural
4493 cafe UPI se diyee,4493,food,upi,phonepe,,hinglish_natural
sent money to friend Rs.473 on Bhim,473,friends,upi,bhim,,friends_synthetic
grocery vegetables milk bread fruits Rs.14132 paid Jupiter,14132,food,upi,jupiter,icici,cue_row
upGrad ka fees bharaa 751 ₹ cash diye,46201,education,cash,,,source_hinglish
Bought Zee5 for Rs 23253.22 with debit card,23253.22,entertainment,card,,,english_natural
dopahar ko NPS me 3905 rupay ka SIP bharra credit card se,3905,investment,card,,,hinglish_natural
Payment of ₹2693.18 to lab test was successful via Phonepe UPI Ref No 341916288448357 State Bank Account 3696,2693.18,healthcare,upi,phonepe,sbi,ocr_upi
home loan car loan credit card EMI monthly Rs3947 autopay card,3947,emi,card,,,cue_row
office se aate hue crypto me 2487 rupaiye ka stock le liya card se pay kar diya bohot mehenga,2828,investment,card,,,source_hinglish
"Receipt #4544
mall
Amount Paid: ₹40338
Mode: CARD",40338,shopping,card,,sbi,ocr_receipt
Lenskart me 24189 rupaye ka saman le liya debit card se sasta tha,24189,shopping,card,,,hinglish_natural
dinner split 2229 rupaye Arjun Gpay,2229,friends,upi,gpay,icici,friends_synthetic
32294 rupaiye order kya Tata CLiQ ko card se pay kiya,32294,shopping,card,,,hinglish_natural
Paid 377.63 to Zerodha gpay UPI hdfc 4978 Successful,377.63,investment,upi,gpay,hdfc,ocr_upi
Rs 328 to Rapido via phonepe,328,travel,upi,phonepe,,english_natural
sent Rs 4068 to Pooja on gpay,4068,friends,upi,gpay,,friends_synthetic
bhai mall ka 155 rupaye paytm se de diya,155,shopping,upi,paytm,,voice_transcript
clinic 1806 rs card se,1806,healthcare,card,,,hinglish_natural
roommate mein 2741 lag gaye card se bhara,2741,friends,card,,,voice_transcript
gaming concert event ticket 22925 Bhim,22925,entertainment,upi,bhim,,cue_row
32329 rs Goibibo via PhonePe,32329,travel,upi,phonepe,,hinglish_natural
"JioCinema BILL
St: Rs.45726
jupiter Approved",45726,entertainment,upi,jupiter,,ocr_receipt
ATM/CASH/BANK/573,573,education,upi,gpay,,english_natural
bhai Shreya ko udhar return kiya 487 rs cash se,487,friends,cash,,,friends_synthetic
726 ₹ khana khaya Box8 pe via jupiter achha deal mila,726,food,upi,jupiter,,hinglish_natural
sent money to Vikram Rs363 on Cred,363,friends,upi,cred,,friends_synthetic
bhai Groww ka 417 rupaye card se de diya,417,investment,card,,,voice_transcript
today i spent 1512 on Netmeds via slice from my Fi bank,1512,healthcare,upi,slice,fi,voice_transcript
paid 20 to gold through gpay from IDFC First,20,investment,upi,gpay,idfc,voice_transcript
1301 Faasos,1301,food,card,,,english_natural
312 rupay show dekha Netflix ko card se pay kiyaa,312,entertainment,card,,,hinglish_natural
Groww payment Rs.344 done via G Pay,344,investment,upi,gpay,,english_natural
spent 4528 rupees on college fees via card,4528,education,card,,,voice_transcript
flatmate rent share 4935 gpay colleague,4935,friends,upi,gpay,,friends_synthetic
Amazon Prime se movie dekhi 17395 rs ka paytm se bohot mehenga,17395,entertainment,upi,paytm,indusind,hinglish_natural
mess 334 rs debit card se Niyo wale account se,334,food,card,,niyo,hinglish_natural
2843 ka Spotify bill pay kiya card se YES BANK se kata,2843,entertainment,card,,yes bank,voice_transcript
gaming concert event ticket 3606 NIYO,3606,entertainment,upi,niyo,yes bank,cue_row
home loan car loan credit card EMI monthly INR 161 autopay card,161,emi,card,,,cue_row
sent INR 20797 to roommate on PayTM,20797,friends,upi,paytm,,friends_synthetic
subah 4080 rs medicine liyaa dentist ko credit card se,23876,healthcare,card,,,source_hinglish
office se aate hue RedBus se cab liya 34251 rupay ka cash diy RBL card se,34251,travel,cash,,rbl,hinglish_natural
Rs217.61 to doctor via PayTM YES BANK account,217.61,healthcare,upi,paytm,yes bank,english_natural
kal personal loan EMI 6499 rupaye card se,6499,emi,card,,yes bank,hinglish_natural
bhai Rohan ko udhar return kiya 244 rs niyo se,244,friends,upi,niyo,,friends_synthetic
dopahar ko mutual fund 460 ₹ via BHIM,460,investment,upi,bhim,,hinglish_natural
INR 17969.28 paid to college fees via cred UPI from icici Bank ending 1246,17969.28,education,upi,cred,icici,ocr_upi
Neha ko 4174 transfer kiya Jupiter se,4174,friends,upi,jupiter,,friends_synthetic
Unacademy 261.26,261.26,education,card,,,english_natural
Bajaj Finance EMI mein 807 lag gaye card se bhara,807,emi,card,,,voice_transcript
Used Fi Money Phonepe to pay Rs 4719 for Vi recharge,4719,utilities,upi,phonepe,fi,english_natural
Paid Rs21753 to Pizza Hut Phonepe UPI icici 9369 Completed,21753,food,upi,phonepe,icici,ocr_upi
4854 rupees Shreya cash,4854,friends,cash,,,voice_transcript
Blinkit mein 857 lag gaye card se bhara,857,food,card,,,voice_transcript
29 rupay Nature's Basket G Pay se,29,food,upi,gpay,niyo,hinglish_natural
i paid 2203 rupees for SIP using Cred,2203,investment,upi,cred,,voice_transcript
split bill 4240 GPay se Rahul ko diya,4240,friends,upi,gpay,,friends_synthetic
hospital doctor pharmacy medicine diagnostic Rs.1440 card,1440,healthcare,card,,,cue_row
ghar jaate waqt insurance premium 121 rupaye PayTM se pay kia,121,utilities,upi,paytm,,hinglish_natural
bhai friend ko udhar return kiya 4795 rs gpay se,4795,friends,upi,gpay,,friends_synthetic
home loan car loan credit card EMI monthly ₹265 autopay card,265,emi,card,,kotak,cue_row
Used SLICE Mastercard to pay INR 240.80 for Vikram,240.80,friends,card,,slice,english_natural
concert me 1474 rupaiye ka game liya debit card se Kotak se,42388,entertainment,card,,kotak,source_hinglish
Box8 mein 23389 lag gaye GPay se bhara,23389,food,upi,gpay,pnb,voice_transcript
sent money to Arjun Rs 311 on card,311,friends,card,,icici,friends_synthetic
restaurant me 43852 ka mangwaya card se pay kia,43852,food,card,,,hinglish_natural
rickshaw Rs.3385.06 Google Pay,3385.06,travel,upi,gpay,icici,ocr_upi
tuition 12043 rupees UPI se pay kar diya sasta tha,12043,education,upi,slice,,hinglish_natural
Bajaj Finance EMI se loan payment kr diya 3551 rs. ka card se pay kia Kotak wale account se,3551,emi,card,,kotak,hinglish_natural
Angel One ka stock lia 271 rupaye via Fi yaar,271,investment,upi,fi,bandhan,hinglish_natural
coaching exam preparation study material Rs.84 cash,84,education,cash,,hdfc,cue_row
books 78 cash me,78,education,cash,,,hinglish_natural
Rs 42 to eye checkup via Gpay State Bank account,42,healthcare,upi,gpay,sbi,english_natural
INR 47 paid to Airtel recharge via Phone Pe from IDFC,47,utilities,upi,phonepe,idfc,english_natural
stocks Rs 1335.59 PayTM,1335.59,investment,upi,paytm,axis,ocr_upi
"LENSKART RESTAURANT
Total 4201
Cash Received
Change 0.00",4201,healthcare,cash,,,ocr_receipt
i did 1349 expense on Rapido using Phonepe,1349,travel,upi,phonepe,,voice_transcript
1063 rupees mess cash,1063,food,cash,,,voice_transcript
Paid 1771.54 for Apollo Pharmacy via PayTM,1771.54,healthcare,upi,paytm,slice,english_natural
electronics clothes shoes accessories purchase Rs 2123 via card,2123,shopping,card,,,cue_row
"PVR RESTAURANT
Total 4408.20
Cash Received
Change 0.00",4408.20,entertainment,upi,cred,,ocr_receipt
paid 13811 to eye checkup through card,13811,healthcare,card,,,voice_transcript
Indian Oil ka ride le liya 46794 rupaye naqad,6339,travel,cash,,,source_hinglish
sent Rs.3823 to bhai on cash,3823,friends,cash,,,friends_synthetic
34325 rupees diagnostic GPay,34325,healthcare,upi,gpay,,voice_transcript
college fees 152 haath se diyee,152,education,cash,,,hinglish_natural
"Reliance Digital
Net Amount 1046
Paid via G Pay",1046,shopping,upi,gpay,,ocr_receipt
4750 ka Air India bill pay kiya card se,4750,travel,card,,,voice_transcript
Zepto 48489 rupees card se,48489,food,card,,,hinglish_natural
Uber ride INR 40312,40312,travel,cash,,,source_english
today i spent 25897 on Croma via Paytm,25897,shopping,upi,paytm,,voice_transcript
Rs.62.70 to Netmeds via gpay,62.70,healthcare,upi,gpay,,english_natural
today i spent 3066 on JioCinema via fi,3066,entertainment,upi,fi,,voice_transcript
Spent Rs.2870 on library using card,2870,education,card,,jupiter,english_natural
UPI/45881082/COURSERA/BANK,1721.61,education,card,,,english_natural
Electronics shopping INR 9846,9846,shopping,upi,paytm,,source_english
books me 2081 rupay ka tuition de diya debit card se,2081,education,card,,,hinglish_natural
16309 rupees Airtel recharge UPI se pay kar diya sasta tha,16309,utilities,upi,gpay,kotak,hinglish_natural
office se aate hue Lenskart ka doctor ko diye 4100 rupees haath se de diye,4100,healthcare,cash,,,hinglish_natural
4145 rs car loan EMI UPI se pay kar diya,4145,emi,upi,cred,,hinglish_natural
dopahar ko 2280 ₹ rent card se,2280,utilities,card,,,hinglish_natural
12588.54 paid to home loan EMI via Mastercard from hdfc,12588.54,emi,card,,hdfc,english_natural
i paid 233 rupees for college fees using Paytm,233,education,upi,paytm,idfc,voice_transcript
Paid INR 14923.32 for bike loan EMI via Fi Money,14923.32,emi,upi,fi,,english_natural
paid 161 to Yatra through cash,161,travel,cash,,,voice_transcript
Rs4529 debited from your icici account for JioCinema (PhonePe UPI),4529,entertainment,upi,phonepe,icici,ocr_upi
ghar jaate waqt 333 rupaye doctor ko de diya Practo ko card se pay kiyaa,333,healthcare,card,,,hinglish_natural
EaseMyTrip me 955 rupaiye ka cab lia card se pay kiyaa matlab,955,travel,card,,,hinglish_natural
i paid 1354 rupees for doctor using cash,1354,healthcare,cash,,hdfc,voice_transcript
"TAX INVOICE
electricity bill
Grand Total: Rs 4593.81
Payment: CARD",4593.81,utilities,card,,,ocr_receipt
i did 452 expense on cafe using cash,452,food,cash,,,voice_transcript
Practo 392.38,392.38,healthcare,upi,phonepe,,english_natural
BSNL pe 1836 rs. ka payment kiyaa UPI se sasta tha,1836,utilities,upi,slice,,hinglish_natural
paid 24197 to Yatra through card,24197,travel,card,,,voice_transcript
3532 ₹ cab le liya Ola ko debit card se matlab,3532,travel,card,,,hinglish_natural
SpiceJet Rs 4894 cash,4894,travel,cash,,,english_natural
Crypto investment INR 5216,5216,investment,card,,,source_english
Slice payment ₹39402 exam fee Union Bank 1505 completed,39402,education,upi,slice,union bank,ocr_upi
UPI/65183586/GAMING/JUPITER,249,entertainment,card,,jupiter,english_natural
TO:CREDITCARDEMI creditcardemi.37789@sbibank From:PRIYASHARMA (SBI Gpay : user4564@oksbibank,1518,emi,upi,gpay,sbi,ocr_upi
Croma ka khareed lya 446 credit card se,446,shopping,card,,kotak,hinglish_natural
INR 45876.99 debited from your ICICI Bank account for PharmEasy (Phone Pe UPI),45876.99,healthcare,upi,phonepe,icici,ocr_upi
"MedPlus BILL
St: 2370.97
bhim approved",2370.97,healthcare,upi,bhim,,ocr_receipt
electricity water broadband mobile recharge bill ₹460 slice,460,utilities,upi,slice,,cue_row
UPI/23058932/MARKET/BANK,4983,shopping,cash,,,english_natural
mutual fund SIP stocks PPF FD investment Rs4030 Cred,4030,investment,upi,cred,,cue_row
322 rs. Arjun niyo se pay kiyaa,322,friends,upi,niyo,,hinglish_natural
i did 3398 expense on Ajio using cred,3398,shopping,upi,cred,,voice_transcript
aaj 210 Air India credit card se,210,travel,card,,,hinglish_natural
food court ka khana order kia 249 ₹ BHIM se pay kar diya HDFC Bank se,249,food,upi,bhim,hdfc,hinglish_natural
abhi MedPlus 170 rs UPI se bohot mehenga,170,healthcare,upi,phonepe,hdfc,hinglish_natural
maine 176 rupaye exam fee ko diye card se,176,education,card,,yes bank,voice_transcript
22384 rupaiye recharge kya insurance premium pe UPI se die HDFC se,22384,utilities,upi,paytm,hdfc,hinglish_natural
gas bill me 3088 rs ka payment kya phonepe se pay kya,26351,utilities,upi,phonepe,,source_hinglish
gas bill 12035.66 cred Payment done HDFC Bank 2549,12035.66,utilities,upi,cred,hdfc,ocr_upi
497 rupaye BYJU'S card se pay kiya,497,education,card,,,hinglish_natural
kal 26616 rupaiye show dekha Spotify pe card se pay kr diya zyada ho gaya,26616,entertainment,card,,icici,hinglish_natural
school college tuition course books fees Rs2745 card,2745,education,card,,,cue_row
Rs230 to SonyLIV via Visa,230,entertainment,card,,,english_natural
i did 2634 expense on BSNL using card,2634,utilities,card,,,voice_transcript
BigBasket INR 2860 jupiter,2860,food,upi,jupiter,,english_natural
bhai Coursera ka 416 rupaye card se de diya,416,education,card,,hdfc,voice_transcript
aaj Air India pe 2246 rupaye kharcha hua cash se,2246,travel,cash,,,voice_transcript
spent 386 rupees on JioCinema via card,386,entertainment,card,,,voice_transcript
aaj broadband 30265 rupaiye debit card se,30265,utilities,card,,,hinglish_natural
TO:EYECHECKUP eyecheckup.94620@hdfcbank From:UTSAVJANA (HDFC Cred : user4499@okhdfcbank,2579,healthcare,upi,cred,hdfc,ocr_upi
gaming concert event ticket INR 7213 card,7213,entertainment,card,,,cue_row
gaming 20605 PhonePe,20605,entertainment,upi,phonepe,icici,english_natural
lab test se test karaya 40876 rs. ka cred se,40876,healthcare,upi,cred,,hinglish_natural
gold me 23634 rupay ka stock liya debit card se,23634,investment,card,,yes bank,hinglish_natural
Coin 251 rupees credit card se State Bank se achha deal mila,251,investment,card,,sbi,hinglish_natural
paid 483 to Croma through card,483,shopping,card,,,voice_transcript
Snapdeal 42678.49,42678.49,shopping,upi,cred,,english_natural
Personal loan installment INR 6446,6446,emi,card,,idfc,source_english
"BILL
YouTube Premium
₹28726
SLICE
Thank You Visit Again",28726,entertainment,upi,slice,,ocr_receipt
4059 ₹ movie dekhi Zee5 ko Gpay pe NIYO card se,4059,entertainment,upi,gpay,niyo,hinglish_natural
i did 314 expense on clinic using slice,314,healthcare,upi,slice,,voice_transcript
office se aate hue 9700 rs. Nature's Basket UPI se diye,9700,food,upi,cred,sbi,hinglish_natural
Paid Rs.509 for SIP via Mastercard,509,investment,card,,,english_natural
Bought education loan EMI for Rs.2128 with debit card,2128,emi,card,,,english_natural
"HOTSTAR RESTAURANT
Total 167.34
Cash Received
Change 0.00",167.34,entertainment,card,,,ocr_receipt
medical checkup lab test health insurance Rs459 Paytm,459,healthcare,upi,paytm,,cue_row
yaar 2673 rs bill pay kia BSNL pe card se zyada ho gaya,2673,utilities,card,,sbi,hinglish_natural
Meesho 2153 rs. cash diye achha deal mila,2153,shopping,cash,,,hinglish_natural
?14758 to Jio recharge via gpay,14758,utilities,upi,gpay,,english_natural
INR 4640 paid to EaseMyTrip via Visa from kotak,4640,travel,card,,kotak,english_natural
NPS me 27521 rs. ka paisa daala via phonepe,27521,investment,upi,phonepe,,hinglish_natural
i did 2617 expense on gas bill using cred,2617,utilities,upi,cred,hdfc,voice_transcript
47 rupees BigBasket Gpay,47,food,upi,gpay,,voice_transcript
PayTM payment ?90 NPS ICICI Bank 7938 completed,90,investment,upi,paytm,icici,ocr_upi
personal loan EMI 328 rupaiye card se pay kia budget tod diya,328,emi,card,,,hinglish_natural
College fees payment INR 21209,21209,education,card,,hdfc,source_english
Just paid Rs3620 to Vi recharge through debit card,3620,utilities,card,,,english_natural
323 rs college fees card se,323,education,card,,,hinglish_natural
4601 rupees recharge kya DishTV ko BHIM se pay kya,19204,utilities,upi,bhim,,source_hinglish
Cleartrip payment t4391 done via cash,4391,travel,cash,,,english_natural
Paid 15684 to HP Petrol BHIM UPI Bandhan 1297 Completed,15684,travel,upi,bhim,bandhan,ocr_upi
abhi Ajio se order kr diya 419 rs. ka card se pay kr diya,419,shopping,card,,,hinglish_natural
MakeMyTrip 471.27 SLICE Successful axis 4063,471.27,travel,upi,slice,axis,ocr_upi
497 rupees Vedantu cash IDFC account,497,education,cash,,idfc,voice_transcript
874 debited from your idfc account for Biryani Blues (Phonepe UPI),874,food,upi,phonepe,idfc,ocr_upi
JioMart pe 175 rupees ka kha liya GPay pe,175,food,upi,gpay,,hinglish_natural
electricity water broadband mobile recharge bill Rs.63 phonepe,63,utilities,upi,phonepe,,cue_row
INR 733 to flatmate SLICE UPI,733,friends,upi,slice,,friends_synthetic
jupiter payment 376.30 water bill sbi 3532 done,376.30,utilities,upi,jupiter,sbi,ocr_upi
461 rupees paisa daala stocks pe card se pay kiyaa,461,investment,card,,,hinglish_natural
CANTEEN INR 383.70,383.70,food,upi,bhim,,english_natural
Netflix pe 39030 rupees ka game liyaa haath se de diye Kotak Mahindra se,39030,entertainment,cash,,kotak,hinglish_natural
Subway mein 2112 lag gaye Phonepe se bhara,2112,food,upi,phonepe,hdfc,voice_transcript
aaj 28182 rupaye books lya exam fee ko Phonepe pe State Bank card se,28182,education,upi,phonepe,sbi,hinglish_natural
Spent Rs.370 on Netmeds using card,370,healthcare,card,,,english_natural
₹4167 paid to rent via paytm UPI from Axis Bank ending 7853,4167,utilities,upi,paytm,axis,ocr_upi
Lenskart 161.00 phonepe Payment done Axis Bank 3788,161.00,shopping,upi,phonepe,axis,ocr_upi
paid 3233 to Unacademy through card from NIYO,3233,education,card,,niyo,voice_transcript
SonyLIV payment R 375 done via debit card,375,entertainment,card,,,english_natural
gaming concert event ticket INR 3343 card,3343,entertainment,card,,,cue_row
Reliance Fresh ka food order kr diya 295 rupay via cred,295,food,upi,cred,,hinglish_natural
"Biryani Blues
Net Amount 21475.74
Paid via paytm",21475.74,food,upi,paytm,axis,ocr_receipt
Zara se saman lia 4703 rupaye ka credit card se,4703,shopping,card,,kotak,hinglish_natural
BSNL 2008 rupay via Gpay,2008,utilities,upi,gpay,,hinglish_natural
Practo 8172 cred Successful HDFC 3373,8172,healthcare,upi,cred,hdfc,ocr_upi
dost flatmate ko 149 rupaye cash se bheje,149,friends,cash,,,friends_synthetic
Angel One ka 18536 rupees ka bill card se pay kiya,18536,investment,card,,,voice_transcript
Paid ₹34973.44 to coaching PayTM UPI icici 2927 Completed,34973.44,education,upi,paytm,icici,ocr_upi
R 12325.48 to Flipkart via Visa,12325.48,shopping,card,,,english_natural
2528 ₹ yaar UPI se die,2528,friends,upi,slice,,hinglish_natural
Rs 28215.60 paid to Lenskart via G Pay from Axis,28215.60,healthcare,upi,gpay,axis,english_natural
Payment of 148.60 to FD was successful via SLICE UPI Ref No 4080862835 State Bank Account 2042,148.60,investment,upi,slice,sbi,ocr_upi
35597 petrol pump,35597,travel,upi,phonepe,,english_natural
raat ko Divya me 21244 rs ka transfer kar diya via Gpay,21244,friends,upi,gpay,,hinglish_natural
32051 rupaiye market Cred se,32051,shopping,upi,cred,sbi,hinglish_natural
"RENT
Item 1 t331
Item 2 493
Total Rs 40273
Paytm",40273,utilities,upi,paytm,,ocr_receipt
Angel One 235 rs. card se pay kar diya,10474,investment,card,,hdfc,source_hinglish
234.89 to eye checkup via paytm SLICE account,234.89,healthcare,upi,paytm,slice,english_natural
2718.67 debited from your Canara account for Ola (PhonePe UPI),2718.67,travel,upi,phonepe,canara,ocr_upi
215 rupaiye paise bheje Divya ko Cred se Jupiter se,215,friends,upi,cred,jupiter,hinglish_natural
Myntra se order kya 1322 rupay ka PayTM pe,1322,shopping,upi,paytm,,hinglish_natural
ghar jaate waqt Paytm Money ka mutual fund kia 1665 rupees card se pay kya,507,investment,card,,,source_hinglish
Paid 1646.26 for diagnostic via cash,1646.26,healthcare,cash,,,english_natural
personal loan installment EMI deduction ?49584 BHIM,49584,emi,upi,bhim,,cue_row
Nature's Basket mein 1110 lag gaye Google Pay se bhara,1110,food,upi,gpay,fi,voice_transcript
Just paid 28735 to BYJU'S through Slice,28735,education,upi,slice,,english_natural
flatmate rent share 3085 Phone Pe Amit,3085,friends,upi,phonepe,,friends_synthetic
bhai Rohan ka 333 rupaye cred se de diya,333,friends,upi,cred,,voice_transcript
dopahar ko SIP ka mutual fund kia 321 rupaiye UPI se,321,investment,upi,cred,,hinglish_natural
Hotel booking INR 17249,17249,travel,cash,,sbi,source_english
ghar jaate waqt Coursera se admission kiyaa 3779 rupees ka cash diyee,3779,education,cash,,,hinglish_natural
aaj Lenskart pe 124 rupaye kharcha hua cash se,124,healthcare,cash,,axis,voice_transcript
maine 1389 rupaye Coursera ko diye Slice se,1389,education,upi,slice,slice,voice_transcript
Spent INR 529.30 on water bill using Fi Money,529.30,utilities,upi,fi,,english_natural
gaming se game liyaa 162 rupay ka card se pay kya,162,entertainment,card,,,hinglish_natural
FD me 47156 rupay ka paisa daala UPI se,47156,investment,upi,gpay,federal bank,hinglish_natural
office se aate hue 3824 rupay game liyaa JioCinema pe naqad Fi account se,3824,entertainment,cash,,fi,hinglish_natural
aaj Reliance Digital pe 128 rupaye kharcha hua Paytm se,128,shopping,upi,paytm,,voice_transcript
Pooja se transfer kiyaa 3499 ₹ ka UPI se pay kiya Niyo account se,3499,friends,upi,gpay,niyo,hinglish_natural
Gaana 17267 rs naqad,17267,entertainment,cash,,hdfc,hinglish_natural
FD me 2049 ₹ ka mutual fund kar diya cred se Federal Bank card se yaar,2049,investment,upi,cred,federal bank,hinglish_natural
"mobile recharge BILL
St: ₹2646
SLICE APPROVED",2646,utilities,upi,slice,,ocr_receipt
aaj 48355 ₹ Neha UPI se pay kia yaar,48355,friends,upi,gpay,,hinglish_natural
Angel One INR 11657 card,11657,investment,card,,,english_natural
Payment of 2725.85 to rickshaw was successful via Paytm UPI Ref No 244792975914489 ICICI Account 2442,2725.85,travel,upi,paytm,icici,ocr_upi
4539 rupees medicine liyaa lab test pe card se,4539,healthcare,card,,,hinglish_natural
dost Neha ko 12365 rupaye cash se bheje,12365,friends,cash,,sbi,friends_synthetic
ATM/CASH/BANK/73,73,travel,cash,,,english_natural
coaching se course liya 497 ₹ ka card se,497,education,card,,,hinglish_natural
lunch dinner food order swiggy zomato restaurant meal INR 2422 PayTM,2422,food,upi,paytm,idfc,cue_row
"INOX
Net Amount 3806
Paid via Phone Pe",3806,entertainment,upi,phonepe,hdfc,ocr_receipt
Spent Rs3245 on water bill using slice,3245,utilities,upi,slice,idfc,english_natural
spent 4748 rupees on Practo via phonepe,4748,healthcare,upi,phonepe,bob,voice_transcript
"FIRSTCRY
Item 1 308
Item 2 362
Total R 243
CRED",243,shopping,upi,cred,,ocr_receipt
Paid rickshaw ₹427.87 using Bhim from jupiter,427.87,travel,upi,bhim,jupiter,english_natural
home loan car loan credit card EMI monthly ₹1195 autopay card,1195,emi,card,,yes bank,cue_row
today i spent 10342 on Amazon via card,10342,shopping,card,,,voice_transcript
Payment of t158 to upGrad was successful via Phonepe UPI Ref No 6190174842524 sbi Account 3962,158,education,upi,phonepe,sbi,ocr_upi
Spent 11854 on PVR using Mastercard,11854,entertainment,card,,indusind,english_natural
today i spent 50 on personal loan EMI via card,50,emi,card,,,voice_transcript
credit card EMI ka installment de diye 324 rs. via Gpay yaar,324,emi,upi,gpay,kotak,hinglish_natural
?44633 debited from your Bank of Baroda account for Airtel recharge (phonepe UPI),44633,utilities,upi,phonepe,bob,ocr_upi
Paid HDFC loan 49501.90 using Slice from hdfc,49501.90,emi,upi,slice,hdfc,english_natural
paid 2218 to JioCinema through card,2218,entertainment,card,,,voice_transcript
"library 3355 Completed 1Mar 2025,11:30 am HDFC 9646 UPI transaction ID 609314173361239",3355,education,upi,gpay,hdfc,ocr_upi
spent 261 rupees on education loan EMI via card,261,emi,card,,,voice_transcript
office se aate hue 4524 rs. dost ko diyee Amit pe via G Pay,4524,friends,upi,gpay,,hinglish_natural
3385 rupees Karan UPI se,3385,friends,upi,paytm,sbi,hinglish_natural
raat ko Karan me 47122 rupaye ka paise bheje cash me,47122,friends,cash,,,hinglish_natural
FD ka paisa daala 23629 rupaye Cred se pay kr diya,23629,investment,upi,cred,bandhan,hinglish_natural
TO:SONYLIV sonyliv.56610@hdfcbank From:PRIYASHARMA (HDFC Google Pay : user1580@okhdfcbank,1843.25,entertainment,upi,gpay,hdfc,ocr_upi
Paid 3381.42 to Subway Bhim UPI State Bank 7268 Successful,3381.42,food,upi,bhim,sbi,ocr_upi
Rs.1980 to flatmate cash UPI,1980,friends,cash,,,friends_synthetic
987 rupees Starbucks cash,987,food,cash,,,voice_transcript
sent ₹104 to Priya on SLICE,104,friends,upi,slice,,friends_synthetic
"BILL
clinic
3079.28
CARD
Thank You Visit Again",3079.28,healthcare,card,,,ocr_receipt
amazon flipkart myntra online shopping order 326 NIYO,326,shopping,upi,niyo,,cue_row
765 ₹ Tata CLiQ cash me,765,shopping,cash,,,hinglish_natural
BYJU'S 37013 cash die,37013,education,cash,,,hinglish_natural
home loan car loan credit card EMI monthly Rs3281 autopay Fi,3281,emi,upi,fi,icici,cue_row
ACT Fibernet me 226 ₹ ka recharge kiya UPI se diy,226,utilities,upi,cred,,hinglish_natural
diagnostic ka 167 rupees ka bill Fi se pay kiya,167,healthcare,upi,fi,,voice_transcript
Just paid INR 75 to clinic through cash,75,healthcare,cash,,jupiter,english_natural
"Receipt #2888
dentist
Amount Paid: 31979
Mode: Gpay",31979,healthcare,upi,gpay,indusind,ocr_receipt
47991 rupaiye stock liyaa crypto pe debit card se,47991,investment,card,,,hinglish_natural
24139 rupaiye gaming card se pay kar diya,24139,entertainment,card,,,hinglish_natural
"market 1115.29 Completed 27May 2025,12:35 am HDFC 3479 UPI transaction ID 3763158690451",1115.29,shopping,upi,gpay,hdfc,ocr_upi
credit card EMI payment Rs.478 done via Visa,478,emi,card,,sbi,english_natural
BYJU'S se books liyaa 4364 rs ka UPI se,32630,education,upi,cred,,source_hinglish
TO:DISHTV dishtv.87933@icicibank From:UTSAVJANA (ICICI PhonePe : user6698@okicicibank,42949,utilities,upi,phonepe,icici,ocr_upi
abhi YouTube Premium pe 487 rupees ka show dekha UPI se,487,entertainment,upi,gpay,,hinglish_natural
subah books pe 996 rupaiye ka books lya card se pay kia bohot mehenga,996,education,card,,,hinglish_natural
uber ola cab ride airport train ticket t2185 G Pay,2185,travel,upi,gpay,,cue_row
H&M se order kiya 4437 rupaye ka Phone Pe pe icici se,4437,shopping,upi,phonepe,icici,hinglish_natural
422 khareed liyaa electronics store ko phonepe pe,422,shopping,upi,phonepe,,hinglish_natural
UPI/19081340/BHARAT PETROLEUM/BANK,27930.77,travel,card,,,english_natural
aaj HDFC loan pe 12664 rupaye kharcha hua card se,12664,emi,card,,,voice_transcript
Myntra 452 credit card se,452,shopping,card,,idfc,hinglish_natural
Amazon Prime se ticket le liya 44680 ₹ ka card se,44680,entertainment,card,,,hinglish_natural
Rs.451 paid to Coin via BHIM UPI from HDFC Bank Bank ending 3590,451,investment,upi,bhim,hdfc,ocr_upi
paid 214 to stationery through card,214,education,card,,,voice_transcript
subah 602 credit card EMI gpay se bohot mehenga,602,emi,upi,gpay,fi,hinglish_natural
47 rupay ride liya HP Petrol pe cash me State Bank se kata,10845,travel,cash,,sbi,source_hinglish
INOX 3338 rs cash me,3338,entertainment,cash,,,hinglish_natural
subah Spotify 44 rupees credit card se Axis Bank card se,44,entertainment,card,,axis,hinglish_natural
gaming concert event ticket 26160 card,26160,entertainment,card,,icici,cue_row
"BILL
Amazon
t11862.64
CASH
Thank You Visit Again",11862.64,shopping,cash,,hdfc,ocr_receipt
Bought dentist for ₹388 with Google Pay,388,healthcare,upi,gpay,hdfc,english_natural
Bought upGrad for Rs.406 with GPay,406,education,upi,gpay,,english_natural
POS/DOMINOS/GPAY/9881,37175.59,food,upi,gpay,sbi,english_natural
410 rupees Bewakoof PayTM,410,shopping,upi,paytm,,voice_transcript
Unacademy ₹21366.08 cash,21366.08,education,cash,,,english_natural
spent 17422 rupees on library via Gpay,17422,education,upi,gpay,,voice_transcript
hospital doctor pharmacy medicine diagnostic ₹3395 Phone Pe,3395,healthcare,upi,phonepe,,cue_row
Paid 40827.99 to mutual fund Phone Pe UPI ICICI Bank 4584 Successful,40827.99,investment,upi,phonepe,icici,ocr_upi
Subway 30957 ₹ via G Pay,30957,food,upi,gpay,,hinglish_natural
"lab test BILL
St: INR 168
phonepe APPROVED",168,healthcare,upi,phonepe,,ocr_receipt
credit card EMI me 253 rupay ka EMI kat gayi UPI se de diya,253,emi,upi,gpay,,hinglish_natural
metro 30 cash me HDFC se kata bohot mehenga,30,travel,cash,,hdfc,hinglish_natural
"Airtel recharge 4429.82 Completed 5Sep 2025,3:04 am Yes Bank 4044 UPI transaction ID 64011662892",4429.82,utilities,upi,gpay,yes bank,ocr_upi
Movie ticket booking INR 7731,7731,entertainment,upi,slice,,source_english
"TAX INVOICE
water bill
Grand Total: ₹1177.13
Payment: CARD",1177.13,utilities,card,,,ocr_receipt
bhai ka udhar return kr diya 3084 rs. card se pay kya sbi se,3084,friends,card,,sbi,hinglish_natural
paid 417 to Bewakoof through card,417,shopping,card,,,voice_transcript
Personal loan installment INR 13688,13688,emi,upi,fi,,source_english
TO:EDUCATIONLOANEMI educationloanemi.33805@icicibank From:PRIYASHARMA (ICICI Niyo : sender6011@okicicibank,47598.62,emi,upi,niyo,icici,ocr_upi
home loan EMI ka EMI kat gayi 4132 rs credit card se bohot mehenga,4132,emi,card,,,hinglish_natural
Rapido Rs.2916 cred,2916,travel,upi,cred,kotak,ocr_upi
"AMAZON PRIME RESTAURANT
Total 4113.63
Cash Received
Change 0.00",4113.63,entertainment,upi,gpay,hdfc,ocr_receipt
dinner split 1629 rupaye Priya BHIM,1629,friends,upi,bhim,,friends_synthetic
crypto 45318 Google Pay Payment done Federal Bank 3776,45318,investment,upi,gpay,federal bank,ocr_upi
FreshMenu pe 3736 rupaiye ka food order kiyaa haath se die SBI se kata,3736,food,cash,,sbi,hinglish_natural
IRCTC 4995 rupay debit card se axis se,4995,travel,card,,axis,hinglish_natural
Paid R 11642 to car loan EMI slice UPI HDFC 3294 Completed,11642,emi,upi,slice,hdfc,ocr_upi
138 rupees Priya paytm icici account,138,friends,upi,paytm,icici,voice_transcript
tuition se books lya 80 ka via Fi Money,80,education,upi,fi,,hinglish_natural
today i spent 49429 on Groww via Phonepe,49429,investment,upi,phonepe,,voice_transcript
Rs 3265 paid to Haldirams via Phone Pe UPI from HDFC Bank Bank ending 6389,3265,food,upi,phonepe,hdfc,ocr_upi
Used PNB Google Pay to pay 33742 for Biryani Blues,33742,food,upi,gpay,pnb,english_natural
Bought education loan EMI for Rs 22838 with debit card,22838,emi,card,,,english_natural
aaj insurance premium ka bill pay kar diya 62 rs. card se Fi Money se kata sasta tha,62,utilities,card,,fi,hinglish_natural
"D MESS 50 Completed 14Apr 2026,2:43 pm Kotak Bank 7305 UPI transaction ID 85502940628 TO:MESS mess.89713@kotakbank Goog1etransaction lD CICAgJjg042514 OPI Gpay",50,food,upi,gpay,kotak,ocr_upi
roommate 346 cash,346,friends,cash,,,english_natural
NEFT/TRANSFER/SONYLIV/,395.96,entertainment,upi,phonepe,,english_natural
today i spent 2173 on Vedantu via card,2173,education,card,,,voice_transcript
Blinkit pe 4982 rupay ka mangwaya jupiter se yaar,4982,food,upi,jupiter,,hinglish_natural
₹2829.47 to DMart via Google Pay HDFC Bank account,2829.47,food,upi,gpay,hdfc,english_natural
aaj RedBus pe 4431 ka ticket book kiyaa naqad,49865,travel,cash,,,source_hinglish
Uber me 382 rupees ka kiraya die cash me,382,travel,cash,,,hinglish_natural
Goibibo ka 4001 rupees ka bill card se pay kiya,4001,travel,card,,,voice_transcript
Bajaj Finance EMI ka 14533 rupees ka bill Cred se pay kiya,14533,emi,upi,cred,niyo,voice_transcript
paid back friend lent money INR 66 GPay,66,friends,upi,gpay,,cue_row
"PVR
Net Amount 300
Paid via Google Pay",300,entertainment,upi,gpay,,ocr_receipt
car loan EMI se EMI bharra 2482 rupaye ka Paytm pe,2482,emi,upi,paytm,,hinglish_natural
Rs.446 debited from your hdfc account for bro (gpay UPI),446,friends,upi,gpay,hdfc,ocr_upi
raat ko canteen 3560 rs. UPI se pay kya,3560,food,upi,gpay,,hinglish_natural
"SPOTIFY
Item 1 ₹452
Item 2 t264
Total 206.54
Slice",206.54,entertainment,upi,slice,idfc,ocr_receipt
hospital ka doctor ko die 4265 ₹ UPI se pay kiya,4265,healthcare,upi,jupiter,fi,hinglish_natural
flight booking travel ticket Rs 26721 cash,26721,travel,cash,,,cue_row
friend 42637 rs UPI se pay kar diya,42637,friends,upi,paytm,,hinglish_natural
uber ola cab ride airport train ticket ₹3647 cred,3647,travel,upi,cred,axis,cue_row
"APPLE MUSIC RESTAURANT
Total 10928.61
Cash Received
Change 0.00",10928.61,entertainment,upi,phonepe,,ocr_receipt
exam fee se course liyaa 22581 rs ka credit card se Jupiter se,22581,education,card,,jupiter,hinglish_natural
uber ola cab ride airport train ticket 1277 cash,1277,travel,cash,,,cue_row
clinic 166 rs naqad HDFC Bank card se,166,healthcare,cash,,hdfc,hinglish_natural
kal 239 rupaye clinic card se,239,healthcare,card,,,hinglish_natural
16195 rupees Myntra CRED,16195,shopping,upi,cred,,voice_transcript
74 electronics store,74,shopping,card,,sbi,english_natural
Paid ₹431.52 to PVR Paytm UPI kotak 8372 Done,431.52,entertainment,upi,paytm,kotak,ocr_upi
Rs.703 paid to Air India via Visa from sbi,703,travel,card,,sbi,english_natural
Bajaj Finance EMI payment Rs 14956 done via credit card,14956,emi,card,,,english_natural
Bharat Petroleum se ride lya 326 ₹ ka UPI se pay kiya,326,travel,upi,bhim,hdfc,hinglish_natural
sent money to dost ₹296 on phonepe,296,friends,upi,phonepe,,friends_synthetic
Used hdfc card to pay Rs 497 for Hotstar,497,entertainment,card,,hdfc,english_natural
4500 ₹ ride lia Ola pe Phone Pe se HDFC Bank se,4500,travel,upi,phonepe,hdfc,hinglish_natural
ATM/CASH/IDFC FIRST/25598,25598,education,card,,idfc,english_natural
644 ₹ show dekha Netflix pe via GPay Union Bank wale account se yaar,644,entertainment,upi,gpay,union bank,hinglish_natural
gaming se show dekha 290 rs. ka gpay se pay kya,290,entertainment,upi,gpay,,hinglish_natural
eye checkup ka checkup karaya 1540 debit card se,1540,healthcare,card,,,hinglish_natural
4767 rs khana khya Behrouz ko card se pay kiyaa SBI wale account se,4767,food,card,,sbi,hinglish_natural
dinner split 163 rupaye Priya CRED,163,friends,upi,cred,,friends_synthetic
Meesho ka khareed le liya 26404 rs. card se pay kar diya,26404,shopping,card,,,hinglish_natural
Priya pe 17574 rs ka dost ko de diya via Gpay,17574,friends,upi,gpay,sbi,hinglish_natural
aaj Lenskart pe 2028 rupaye kharcha hua card se,2028,shopping,card,,jupiter,voice_transcript
TO:BAJAJFINANCEEMI bajajfinanceemi.25560@hdfcbank From:UTSAVJANA (HDFC Paytm : sender9815@okhdfcbank,1026,emi,upi,paytm,hdfc,ocr_upi
Payment of 21576 to Kuvera was successful via PayTM UPI Ref No 840991269176498 hdfc Account 3876,21576,investment,upi,paytm,hdfc,ocr_upi
YouTube Premium me 37588 ka show dekha debit card se,27551,entertainment,card,,,source_hinglish
"BILL
diagnostic
?2455.97
CASH
Thank You Visit Again",2455.97,healthcare,cash,,,ocr_receipt
ghar jaate waqt books se tuition de diye 16482 rupaiye ka debit card se,16482,education,card,,,hinglish_natural
1512 rupaiye installment diy HDFC loan ko UPI se,1512,emi,upi,gpay,,hinglish_natural
Practo ka test karaya 29915 rupaiye via Phonepe,29915,healthcare,upi,phonepe,,hinglish_natural
INOX 31998.57,31998.57,entertainment,upi,cred,yes bank,english_natural
Zara se buy kar diya 24 rs. ka cash de diya,24,shopping,cash,,,hinglish_natural
FD 4680.47,4680.47,investment,card,,,english_natural
concert 227.96 debited from axis,227.96,entertainment,cash,,axis,english_natural
education loan EMI payment 4225.18 done via Visa,4225.18,emi,card,,,english_natural
"D KARAN 3416.04 Completed 10Jan 2026,3:58 pm ICICI Bank Bank 2380 UPI transaction ID 4053529322769 TO:KARAN karan.73661@icici bankbank Soogletransaction lD CICAgJjg721864 OPI slice",3416.04,friends,upi,slice,icici,ocr_upi
aaj BigBasket 40604 haath se diyee,40604,food,cash,,sbi,hinglish_natural
3589 test karaya eye checkup ko cash me Jupiter se kata,3589,healthcare,cash,,jupiter,hinglish_natural
₹405.44 to gaming via Fi Money,405.44,entertainment,upi,fi,,english_natural
subah JioMart ka khana kha liya 4817 ₹ gpay pe,4817,food,upi,gpay,,hinglish_natural
Bajaj Finance EMI pe 10596 rupaiye ka EMI bharra card se,10596,emi,card,,niyo,hinglish_natural
Paid stocks 46101 using Cred,46101,investment,upi,cred,,english_natural
₹633 debited from your hdfc account for HP Petrol (niyo UPI),633,travel,upi,niyo,hdfc,ocr_upi
26753.22 debited from your sbi account for IndiGo (PhonePe UPI),26753.22,travel,upi,phonepe,sbi,ocr_upi
378 rs movie dekhi concert pe naqad,378,entertainment,cash,,,hinglish_natural
TO:BIRYANIBLUES biryaniblues.80718@rblbankbank From:PRIYASHARMA (RBL Bank Paytm : user1158@okrblbankbank,260.85,food,upi,paytm,rbl,ocr_upi
subah Karan pe 47040 ₹ ka paise bheje naqad,47040,friends,cash,,,hinglish_natural
gaming concert event ticket Rs32952 card,32952,entertainment,card,,,cue_row
mutual fund SIP stocks PPF FD investment 355 card,355,investment,card,,,cue_row
Paid ₹146 for Swiggy from my YES BANK account via card,146,food,card,,yes bank,english_natural
dopahar ko 50 ₹ tuition die school fees pe debit card se,50,education,card,,,hinglish_natural
today i spent 31174 on car loan EMI via card from my Bandhan bank,31174,emi,card,,bandhan,voice_transcript
Spotify 4719 rupaiye Cred se pay kia bc,4719,entertainment,upi,cred,,hinglish_natural
raat ko 4606 rupay split kya bhai pe cash me Axis Bank se,4606,friends,cash,,axis,hinglish_natural
68 rupaye Apollo Pharmacy UPI se,68,healthcare,upi,gpay,,hinglish_natural
DMart ka kha liya 67 rupees UPI se,12649,food,upi,gpay,,source_hinglish
Cleartrip 46980,46980,travel,cash,,kotak,english_natural
credit card EMI se installment de diya 7479 rupay ka Paytm se PNB wale account se,7479,emi,upi,paytm,pnb,hinglish_natural
Used sbi GPay to pay 46549 for Jio recharge,46549,utilities,upi,gpay,sbi,english_natural
Paytm Money mein 200 lag gaye card se bhara,200,investment,card,,,voice_transcript
49834 doctor,49834,healthcare,card,,hdfc,english_natural
sent 8471 to Rahul on card,8471,friends,card,,,friends_synthetic
crypto me 624 ₹ ka SIP bhar diya card se pay kiya,624,investment,card,,axis,hinglish_natural
abhi water bill ka bill pay kia 601 UPI se,601,utilities,upi,phonepe,,hinglish_natural
Zerodha ka invest kr diya 3247 ₹ card se,3247,investment,card,,sbi,hinglish_natural
metro me 3196 ₹ ka ticket book kr diya haath se die,3196,travel,cash,,,hinglish_natural
Paid Udemy ₹3893 using Cred from HDFC,3893,education,upi,cred,hdfc,english_natural
Angel One se paisa daala 3367 rupaiye ka card se pay kiyaa,3367,investment,card,,,hinglish_natural
2169 ka Vikram bill pay kiya CRED se BOB se kata,2169,friends,upi,cred,bob,voice_transcript
Kuvera 43 jupiter Payment done sbi 2008,43,investment,upi,jupiter,sbi,ocr_upi
Pizza delivery INR 9140,9140,food,card,,,source_english
paid Rohan 1192 via SLICE,1192,friends,upi,slice,icici,friends_synthetic
INR 1121 debited from your Federal Bank account for petrol pump (Gpay UPI),1121,travel,upi,gpay,federal bank,ocr_upi
bhai clinic ka checkup karaya 3337 rs. naqad SLICE se kata achha deal mila,3337,healthcare,cash,,slice,hinglish_natural
5947 khana khya Barbeque Nation pe naqad sasta tha,5947,food,cash,,,hinglish_natural
SBI loan me 79 rupaiye ka installment diy debit card se,79,emi,card,,rbl,hinglish_natural
TO:INDIANOIL indianoil.40896@unionbankbank From:RAHULKUMAR (Union Bank gpay : user2133@okunionbankbank,4821,travel,upi,gpay,union bank,ocr_upi
2168 petrol bharaa Rapido pe credit card se,2168,travel,card,,icici,hinglish_natural
food court 389 rs. haath se de diya,389,food,cash,,,hinglish_natural
MEDPLUS INR 340 ICICI,340,healthcare,card,,icici,english_natural
rent se payment kia 17631 rs ka via phonepe,17631,utilities,upi,phonepe,,hinglish_natural
251 rupaiye show dekha Spotify ko debit card se yaar,251,entertainment,card,,axis,hinglish_natural
Lenskart ka doctor ko de diya 775 rupees UPI se pay kr diya,775,healthcare,upi,gpay,,hinglish_natural
Payment of INR 2531 to Faasos was successful via Phonepe UPI Ref No 103188727796068 State Bank Account 7677,2531,food,upi,phonepe,sbi,ocr_upi
4439 rupees petrol pump haath se diyee,4439,travel,cash,,kotak,hinglish_natural
Water bill INR 2800,2800,utilities,card,,,source_english
96 rupees test karaya dentist ko UPI se pay kya HDFC se,96,healthcare,upi,gpay,hdfc,hinglish_natural
education loan EMI se EMI kat gayi 36719 rupay ka UPI se diy,36719,emi,upi,cred,hdfc,hinglish_natural
Netmeds se dawai lya 4215 rs. ka debit card se,4215,healthcare,card,,,hinglish_natural
concert 34666 ₹ credit card se,34666,entertainment,card,,,hinglish_natural
INR 32304.74 paid to IndiGo via Phonepe UPI from axis Bank ending 2305,32304.74,travel,upi,phonepe,axis,ocr_upi
bhai MedPlus ka medicine le liya 3243 ₹ card se pay kya SBI wale account se,3243,healthcare,card,,sbi,hinglish_natural
office se aate hue MakeMyTrip 62 ₹ cash me RBL card se,62,travel,cash,,rbl,hinglish_natural
Game purchase INR 264,264,entertainment,upi,phonepe,,source_english
Water bill INR 48781,48781,utilities,upi,jupiter,,source_english
Paid Rs 526.07 for Croma from my Fi account via Bhim,526.07,shopping,upi,bhim,fi,english_natural
water bill se recharge kar diya 26774 rupees ka UPI se bhai,26774,utilities,upi,phonepe,,hinglish_natural
INR 16696 to petrol pump via credit card,16696,travel,card,,,english_natural
dopahar ko IndiGo pe 20252 rupees ka cab liya haath se diy,20252,travel,cash,,,hinglish_natural
Dominos mein 174 lag gaye Gpay se bhara,174,food,upi,gpay,sbi,voice_transcript
ghar jaate waqt 32719 rupaye loan payment kiyaa car loan EMI ko card se,32447,emi,card,,,source_hinglish
Paid 43791 for colleague from my NIYO account via Paytm,43791,friends,upi,paytm,niyo,english_natural
i did 25929 expense on education loan EMI using card,25929,emi,card,,,voice_transcript
"Pizza Hut
Net Amount 41111
Paid via CASH",41111,food,cash,,,ocr_receipt
office se aate hue 32150 rupaye books liyaa college fees pe card se pay kya,32150,education,card,,,hinglish_natural
INR 5010.06 to home loan EMI via Mastercard,5010.06,emi,card,,,english_natural
Payment of ₹274 to SonyLIV was successful via GPay UPI Ref No 096526121669481 YES BANK Account 9439,274,entertainment,upi,gpay,yes bank,ocr_upi
EatFit 244 jupiter Payment done YES BANK 1837,244,food,upi,jupiter,yes bank,ocr_upi
337 rs. friend haath se diye,337,friends,cash,,,hinglish_natural
school college tuition course books fees t27213 card,27213,education,card,,,cue_row
UPI/85737576/MALL/BANK,31255,shopping,upi,jupiter,,english_natural
"Bewakoof BILL
St: Rs.2176
CARD approved",2176,shopping,card,,,ocr_receipt
auto ka 3028 rupees ka bill cash se pay kiya,3028,travel,cash,,,voice_transcript
Rs46104.51 paid to Croma via Phonepe UPI from icici Bank ending 3486,46104.51,shopping,upi,phonepe,icici,ocr_upi
crypto ₹474 PayTM,474,investment,upi,paytm,axis,ocr_upi
dost roommate ko 694 rupaye Phone Pe se bheje,694,friends,upi,phonepe,,friends_synthetic
33 rupaye khareed lia H&M pe Jupiter se pay kar diya achha deal mila,33,shopping,upi,jupiter,sbi,hinglish_natural
"TAX INVOICE
Zomato
Grand Total: ₹216
Payment: PayTM",216,food,upi,paytm,axis,ocr_receipt
concert pe 476 ka movie dekhi Bhim se pay kr diya,44887,entertainment,upi,bhim,,source_hinglish
Lenskart 4996,4996,shopping,card,,,english_natural
Just paid Rs2690 to library through cash,2690,education,cash,,,english_natural
Pizza Hut ka mangwaya 28513 rs UPI se,28513,food,upi,gpay,,hinglish_natural
maine 350 rupaye PPF ko diye PayTM se,350,investment,upi,paytm,,voice_transcript
Bought flatmate for ₹18060 with slice,18060,friends,upi,slice,,english_natural
INR 2460.75 debited from your Axis Bank account for colleague (Phone Pe UPI),2460.75,friends,upi,phonepe,axis,ocr_upi
Bajaj Finance EMI se EMI kat gayi 515 rupay ka card se pay kr diya,515,emi,card,,,hinglish_natural
mutual fund SIP stocks PPF FD investment 1662 phonepe,1662,investment,upi,phonepe,,cue_row
Hotstar payment Rs.510 done via Phone Pe,510,entertainment,upi,phonepe,,english_natural
sent ₹426 to friend on CRED split bill UPI,426,friends,upi,cred,axis,cue_row
"MCDONALD'S RESTAURANT
Total 2848.37
Cash Received
Change 0.00",2848.37,food,upi,gpay,,ocr_receipt
paid bro ₹1994 via phonepe,1994,friends,upi,phonepe,hdfc,friends_synthetic
3750 ka Zerodha bill pay kiya card se HDFC Bank se kata,3750,investment,card,,hdfc,voice_transcript
128 ₹ FirstCry debit card se matlab,128,shopping,card,,,hinglish_natural
Paid Rs.166 for Tata Play via gpay,166,utilities,upi,gpay,,english_natural
i paid 268 rupees for credit card EMI using card,268,emi,card,,,voice_transcript
Paid 73 for Ananya via Slice,73,friends,upi,slice,,english_natural
office se aate hue auto ka petrol bhra 286 ₹ naqad,286,travel,cash,,,hinglish_natural
170.31 charged for Paytm Money on PayTM,170.31,investment,upi,paytm,,english_natural
maine 194 rupaye Ajio ko diye Phonepe se,194,shopping,upi,phonepe,fi,voice_transcript
POS/AUTO/CREDIT CARD/9664,304,travel,card,,axis,english_natural
PIZZA HUT INR 378,378,food,upi,paytm,,english_natural
paid Shreya Rs3939 via Paytm,3939,friends,upi,paytm,,friends_synthetic
Rs11156.73 paid to IndiGo via Cred UPI from icici Bank ending 9714,11156.73,travel,upi,cred,icici,ocr_upi
9865 rs. test karaya Lenskart ko debit card se,9865,healthcare,card,,,hinglish_natural
electronics clothes shoes accessories purchase 2538 via phonepe,2538,shopping,upi,phonepe,,cue_row
paid back friend lent money ₹1484 gpay,1484,friends,upi,gpay,,cue_row
Spent INR 4797 on Neha using cash,4797,friends,cash,,,english_natural
SpiceJet se petrol bhra 4790 ka via SLICE,4790,travel,upi,slice,jupiter,hinglish_natural
personal loan installment EMI deduction INR 2007 card,2007,emi,card,,,cue_row
Just paid Rs81 to Meesho through cash,81,shopping,cash,,,english_natural
Paid Rs.3252.08 to stocks Paytm UPI YES BANK 7643 Completed,3252.08,investment,upi,paytm,yes bank,ocr_upi
Spent ₹3846 on Paytm Money using debit card,3846,investment,card,,,english_natural
"Receipt #7561
Netmeds
Amount Paid: Rs.177
Mode: Phone Pe",177,healthcare,upi,phonepe,,ocr_receipt
Pizza Hut me 119 rupees ka khana order kiya via PayTM matlab,119,food,upi,paytm,,hinglish_natural
bhai gaming 108 debit card se,108,entertainment,card,,,hinglish_natural
42545 paid to FirstCry via GPay UPI from HDFC Bank ending 4029,42545,shopping,upi,gpay,hdfc,ocr_upi
Paid 20983 to mutual fund Jupiter UPI HDFC 1722 Completed,20983,investment,upi,jupiter,hdfc,ocr_upi
aaj Croma 27227 rupaiye card se,27227,shopping,card,,slice,hinglish_natural
Bajaj Finance EMI ka EMI bhra 471 rupay card se pay kar diya,471,emi,card,,,hinglish_natural
uber ola cab ride airport train ticket Rs 4444 cash,4444,travel,cash,,,cue_row
383 rupees Unacademy card,383,education,card,,,voice_transcript
3957 rupees diagnostic cash,3957,healthcare,cash,,,voice_transcript
UPI/12976866/BLINKIT/BANK,23149,food,cash,,,english_natural
education loan EMI 4429 rs. credit card se,4429,emi,card,,sbi,hinglish_natural
kal tuition ka tuition diy 69 rupaye credit card se,22947,education,card,,,source_hinglish
Just paid Rs.1080 to Netmeds through cred,1080,healthcare,upi,cred,,english_natural
2495 charged for PPF on Jupiter,2495,investment,upi,jupiter,,english_natural
4374 rupees broadband paytm,4374,utilities,upi,paytm,,voice_transcript
INR 297 paid to school fees via Phone Pe UPI from HDFC Bank ending 9622,297,education,upi,phonepe,hdfc,ocr_upi
bhai Vikram ko udhar return kiya 3938 rs Bhim se,3938,friends,upi,bhim,,friends_synthetic
stocks 1450 rs. debit card se,1450,investment,card,,,hinglish_natural
31183 rs. checkup karaya Practo ko via CRED,31183,healthcare,upi,cred,sbi,hinglish_natural
spent 40041 rupees on DishTV via Slice,40041,utilities,upi,slice,,voice_transcript
mutual fund ₹33278.63 debited from hdfc,33278.63,investment,card,,hdfc,english_natural
RICKSHAW INR 1677,1677,travel,upi,paytm,,english_natural
dost roommate ko 80 rupaye Phone Pe se bheje,80,friends,upi,phonepe,,friends_synthetic
POS/PHARMEASY/VISA/2184,90,healthcare,card,,,english_natural
insurance premium ka bill bharaa 4806 ₹ via Jupiter achha deal mila,4806,utilities,upi,jupiter,,hinglish_natural
R 264.93 paid to dentist via G Pay UPI from BOB Bank ending 1030,264.93,healthcare,upi,gpay,bob,ocr_upi
paytm payment Rs 3512 Snapdeal kotak 4032 successful,3512,shopping,upi,paytm,kotak,ocr_upi
Coin me 2412 rupaiye ka mutual fund kar diya CRED pe,2412,investment,upi,cred,,hinglish_natural
35966 paid to Netmeds via cash from Punjab National Bank,35966,healthcare,cash,,pnb,english_natural
education loan EMI me 836 rupees ka EMI bhara Google Pay se,836,emi,upi,gpay,,hinglish_natural
Groww pe 1209 rupaye ka stock liyaa via slice HDFC Bank wale account se,1209,investment,upi,slice,hdfc,hinglish_natural
petrol diesel fuel Rs.167 at pump card,167,travel,card,,,cue_row
office se aate hue Arjun ka split kiya 1755 GPay pe,1755,friends,upi,gpay,,hinglish_natural
SpiceJet se ride lya 230 rs. ka UPI se pay kia,230,travel,upi,niyo,,hinglish_natural
market pe 704 rupaye ka saman liya Gpay se pay kar diya,704,shopping,upi,gpay,,hinglish_natural
today i spent 5517 on Reliance Fresh via card from my State Bank bank,5517,food,card,,sbi,voice_transcript
Mobile recharge INR 23236,23236,utilities,upi,paytm,icici,source_english
aaj Pooja pe 351 rupaye kharcha hua Cred se,351,friends,upi,cred,slice,voice_transcript
raat ko rent ka bill pay kiya 83 rs UPI se diyee BOB se yaar,83,utilities,upi,gpay,bob,hinglish_natural
"FirstCry
Net Amount 1772
Paid via CARD",1772,shopping,card,,,ocr_receipt
INR 1006.38 debited from your ICICI Bank account for dost (paytm UPI),1006.38,friends,upi,paytm,icici,ocr_upi
NPS se invest kiyaa 358 rupaiye ka UPI se de diye HDFC Bank se,2149,investment,upi,gpay,hdfc,source_hinglish
dinner split 4869 rupaye flatmate GPay,4869,friends,upi,gpay,,friends_synthetic
ATM/CASH/STATE BANK/395,395,travel,cash,,sbi,english_natural
raat ko 300 rs. car loan EMI UPI se pay kar diya,300,emi,upi,fi,,hinglish_natural
water bill se payment kar diya 2558 rs ka UPI se diy,2558,utilities,upi,phonepe,,hinglish_natural
Used NIYO cash to pay Rs.44367 for mess,44367,food,cash,,niyo,english_natural
BookMyShow ka 40643 rupees ka bill card se pay kiya,40643,entertainment,card,,,voice_transcript
Amit 2956 rs UPI se,2956,friends,upi,gpay,,hinglish_natural
paid friend Rs.3372 via Bhim,3372,friends,upi,bhim,,friends_synthetic
college fees se course lya 597 rs. ka CRED se pay kiyaa icici se,597,education,upi,cred,icici,hinglish_natural
i paid 389 rupees for Bajaj Finance EMI using card,389,emi,card,,,voice_transcript
1653 rupay bill bharra Jio recharge ko UPI se Fi Money se kata,1653,utilities,upi,gpay,fi,hinglish_natural
"Reliance Digital BILL
St: Rs 2909
CASH APPROVED",2909,shopping,cash,,,ocr_receipt
258 Subway,258,food,upi,gpay,idfc,english_natural
raat ko 327 rupaiye khana order kiya CCD pe haath se diy,327,food,cash,,fi,hinglish_natural
₹3796 paid to Faasos via Fi Money from Axis Bank,3796,food,upi,fi,axis,english_natural
Uber me 4634 rs ka kiraya de diye debit card se,4634,travel,card,,,hinglish_natural
today i spent 1635 on DMart via card,1635,food,card,,,voice_transcript
"D RELIANCEDIGITAL 3917.30 Completed 9Mar 2026,4:27 pm HDFC Bank Bank 5003 UPI transaction ID 5204102680330 TO:RELIANCEDIGITAL reliance digital.93211@hdfc bankbank Googletransaction lD XYZabc950087 OPI Phonepe",3917.30,shopping,upi,phonepe,hdfc,ocr_upi
school fees 492 HDFC Bank,492,education,card,,hdfc,english_natural
"AJIO
Item 1 INR 380
Item 2 147
Total 51.78
Phone Pe",51.78,shopping,upi,phonepe,hdfc,ocr_receipt
i did 81 expense on library using card,81,education,card,,,voice_transcript
office se aate hue 38958 rupaye khana khaya FreshMenu pe card se pay kiyaa,38958,food,card,,,hinglish_natural
hospital doctor pharmacy medicine diagnostic t3332 niyo,3332,healthcare,upi,niyo,,cue_row
Paid Bharat Petroleum ₹358 using cash,358,travel,cash,,,english_natural
"Airtel recharge 942 Completed 1Feb 2025,1:28 am Axis Bank 1212 UPI transaction ID 85467347436939",942,utilities,upi,phonepe,axis,ocr_upi
diagnostic 2286 rupaiye UPI se,2286,healthcare,upi,paytm,,hinglish_natural
medical checkup lab test health insurance ₹354 cash,354,healthcare,cash,,,cue_row
stocks ka paisa daala 3158 rupees UPI se,19084,investment,upi,phonepe,,source_hinglish
paid Divya INR 21242 via paytm,21242,friends,upi,paytm,,friends_synthetic
ghar jaate waqt 410 rupaiye food court UPI se,410,food,upi,gpay,slice,hinglish_natural
3481 khareed liyaa Ajio pe Phone Pe se pay kar diya bohot mehenga,3481,shopping,upi,phonepe,fi,hinglish_natural
tuition 3260.13,3260.13,education,card,,icici,english_natural
1641 rupees course lia exam fee pe cash diy,1641,education,cash,,,hinglish_natural
29074 rupees CCD card,29074,food,card,,,voice_transcript
"Receipt #4898
FirstCry
Amount Paid: INR 3956
Mode: CARD",3956,shopping,card,,sbi,ocr_receipt
"Zee5
Net Amount 451.64
Paid via phonepe",451.64,entertainment,upi,phonepe,,ocr_receipt
Rs.42391.73 paid to EaseMyTrip via PayTM UPI from Yes Bank Bank ending 4602,42391.73,travel,upi,paytm,yes bank,ocr_upi
petrol pump se petrol bharra 5398 rupaiye ka PayTM se pay kr diya,39480,travel,upi,paytm,,source_hinglish
21207 rs. kha liya Pizza Hut ko card se pay kr diya yaar,21207,food,card,,,hinglish_natural
Just paid Rs 193 to mutual fund through debit card,193,investment,card,,,english_natural
34959 PhonePe flatmate,34959,friends,upi,phonepe,,english_natural
"TAX INVOICE
Reliance Digital
Grand Total: 3664
Payment: jupiter",3664,shopping,upi,jupiter,,ocr_receipt
Just paid t47072.88 to doctor through Mastercard,47072.88,healthcare,card,,,english_natural
paid back friend lent money t3704 Gpay,3704,friends,upi,gpay,,cue_row
Just paid 35545.61 to YouTube Premium through card,35545.61,entertainment,card,,,english_natural
t33636 charged for stationery on Visa,33636,education,card,,,english_natural
Groww se SIP bhra 2887 rupaye ka UPI se pay kiya,2887,investment,upi,cred,,hinglish_natural
"BigBasket
Net Amount 3294
Paid via gpay",3294,food,upi,gpay,,ocr_receipt
Payment of INR 1315.31 to Amit was successful via Fi UPI Ref No 8390282976722 axis Account 2360,1315.31,friends,upi,fi,axis,ocr_upi
"doctor
Net Amount 1867
Paid via GPay",1867,healthcare,upi,gpay,,ocr_receipt
bike loan EMI ka EMI kat gayi 73 rupaiye PayTM se,73,emi,upi,paytm,slice,hinglish_natural
"Receipt #4789
Lenskart
Amount Paid: ?10543
Mode: CASH",10543,healthcare,cash,,,ocr_receipt
amazon flipkart myntra online shopping order ₹33 card,33,shopping,card,,,cue_row
Bought INOX for R 32509 with card,32509,entertainment,card,,,english_natural
kal HDFC loan se loan payment kiyaa 9033 rupay ka via SLICE,9033,emi,upi,slice,federal bank,hinglish_natural
abhi 3980 loan payment kiya SBI loan pe credit card se,3980,emi,card,,,hinglish_natural
3226 rupaye Apollo Pharmacy UPI se pay kiya,3226,healthcare,upi,gpay,,hinglish_natural
4390 rupees bike loan EMI card,4390,emi,card,,,voice_transcript
fi payment Rs 2204 mobile recharge Federal Bank 7048 done,2204,utilities,upi,fi,federal bank,ocr_upi
TO:STOCKS stocks.33322@icicibank From:UTSAVJANA (icici Phonepe : user2415@okicicibank,16036,investment,upi,phonepe,icici,ocr_upi
medical checkup lab test health insurance ₹39940 card,39940,healthcare,card,,,cue_row
Kuvera 217,217,investment,card,,,english_natural
Spent INR 26778 on 1mg using credit card,26778,healthcare,card,,,english_natural
Rs.1133.69 charged for Nature's Basket on PayTM,1133.69,food,upi,paytm,,english_natural
"upGrad 1135.99 Completed 4May 2026,3:59 am Kotak Mahindra 1199 UPI transaction ID 32914204179",1135.99,education,upi,gpay,kotak,ocr_upi
Paid Rs 47801 for Croma from my Niyo account via cash,47801,shopping,cash,,niyo,english_natural
crypto Rs2350 Phonepe,2350,investment,upi,phonepe,sbi,ocr_upi
yaar school fees ka books le liya 8653 Slice se pay kia ICICI Bank se,8653,education,upi,slice,icici,hinglish_natural
crypto gold bonds NPS portfolio ₹223 Phone Pe,223,investment,upi,phonepe,,cue_row
stocks se invest kia 436 rupay ka card se,436,investment,card,,,hinglish_natural
Starbucks me 7885 rs. ka khana order kiya UPI se pay kar diya PNB card se,7885,food,upi,gpay,pnb,hinglish_natural
bhai Blinkit 7696 ₹ UPI se pay kya HDFC wale account se,7696,food,upi,gpay,hdfc,hinglish_natural
paid back friend lent money R 281 Phonepe,281,friends,upi,phonepe,,cue_row
SpiceJet mein 2360 lag gaye cash se bhara,2360,travel,cash,,,voice_transcript
aaj Tata CLiQ pe 883 rupaye kharcha hua Fi se,883,shopping,upi,fi,,voice_transcript
today i spent 3178 on Bajaj Finance EMI via card from my Union Bank bank,3178,emi,card,,union bank,voice_transcript
yaar 2332 rs. BSNL GPay pe,2332,utilities,upi,gpay,,hinglish_natural
"BILL
lab test
₹36084.99
CARD
Thank You Visit Again",36084.99,healthcare,card,,,ocr_receipt
aaj Ananya pe 1189 rupaye kharcha hua gpay se,1189,friends,upi,gpay,icici,voice_transcript
4479 jupiter roommate,4479,friends,upi,jupiter,,english_natural
spent 973 rupees on Blinkit via cash,973,food,cash,,fi,voice_transcript
subah credit card EMI 4282 credit card se,4282,emi,card,,,hinglish_natural
178 rupaiye Shreya UPI se diye bohot mehenga,178,friends,upi,gpay,,hinglish_natural
Food court payment INR 7932,7932,food,upi,paytm,,source_english
"Spotify
Net Amount 44
Paid via CARD",44,entertainment,card,,sbi,ocr_receipt
"BILL
MedPlus
Rs.351
CARD
Thank You Visit Again",351,healthcare,card,,,ocr_receipt
TO:LIBRARY library.40240@statebankbank From:UTSAVJANA (State Bank Slice : user1660@okstatebankbank,4281,education,upi,slice,sbi,ocr_upi
Rs1231 paid to diagnostic via credit card from HDFC Bank,1231,healthcare,card,,hdfc,english_natural
1350.43 charged for Groww on card,1350.43,investment,card,,,english_natural
33205 rs Lenskart gpay se pay kiyaa,33205,healthcare,upi,gpay,,hinglish_natural
RedBus ka cab lia 36728 Gpay se,36728,travel,upi,gpay,sbi,hinglish_natural
i did 16171 expense on YouTube Premium using Jupiter,16171,entertainment,upi,jupiter,,voice_transcript
"lab test 3971.86 Completed 21Nov 2026,2:36 pm Indusind Bank 3484 UPI transaction ID 348520584708541",3971.86,healthcare,upi,paytm,indusind,ocr_upi
"D FRIEND 3450 Completed 4Apr 2026,10:48 pm Kotak Bank 5959 UPI transaction ID 403242216453244 TO:FRIEND friend.93190@kotakbank Soogletransaction lD CICAgJjg610049 OPI SLICE",3450,friends,upi,slice,kotak,ocr_upi
"Receipt #2652
gas bill
Amount Paid: ₹15620
Mode: CARD",15620,utilities,card,,,ocr_receipt
gpay payment 1590 hospital HDFC Bank 7048 done,1590,healthcare,upi,gpay,hdfc,ocr_upi
rent maintenance gas connection ₹622 card,622,utilities,card,,,cue_row
Zerodha 4612 rupaiye GPay se,4612,investment,upi,gpay,slice,hinglish_natural
split bill 1621 Jupiter se Rohan ko diya,1621,friends,upi,jupiter,,friends_synthetic
maine 4870 rupaye Croma ko diye cash se,4870,shopping,cash,,,voice_transcript
"TAX INVOICE
MedPlus
Grand Total: R 427
Payment: Paytm",427,healthcare,upi,paytm,,ocr_receipt
"electricity bill
Net Amount 2161
Paid via paytm",2161,utilities,upi,paytm,,ocr_receipt
Spent ₹1796.75 on Starbucks using cash,1796.75,food,cash,,,english_natural
hospital doctor pharmacy medicine diagnostic Rs.9498 card,9498,healthcare,card,,,cue_row
SpiceJet se kiraya die 190 rupees ka CRED se pay kr diya,190,travel,upi,cred,,hinglish_natural
Paid 2357.94 for Zee5 via NIYO,2357.94,entertainment,upi,niyo,,english_natural
today i spent 21 on Angel One via Google Pay from my Niyo bank,21,investment,upi,gpay,niyo,voice_transcript
"dentist 2547 Completed 3Mar 2025,6:48 pm icici 9839 UPI transaction ID 08361088025",2547,healthcare,upi,paytm,icici,ocr_upi
FirstCry me 40135 rupaye ka shopping kiyaa card se pay kiya,40135,shopping,card,,,hinglish_natural
"Receipt #2229
Netflix
Amount Paid: 406
Mode: CARD",406,entertainment,card,,,ocr_receipt
aaj INOX se show dekha 18509 rs. ka PhonePe se,18509,entertainment,upi,phonepe,,hinglish_natural
POS/MYNTRA/PHONEPE/5273,482.31,shopping,upi,phonepe,,english_natural
Hotstar 231.53 phonepe Payment done ICICI Bank 7415,231.53,entertainment,upi,phonepe,icici,ocr_upi
office se aate hue coaching ka course le liya 481 cash diy HDFC Bank se,481,education,cash,,hdfc,hinglish_natural
Rs.220 paid to PharmEasy via Slice UPI from axis Bank ending 6291,220,healthcare,upi,slice,axis,ocr_upi
2318 rupaye Bewakoof UPI se pay kr diya,2318,shopping,upi,jupiter,sbi,hinglish_natural
51.87 SLICE Box8,51.87,food,upi,slice,,english_natural
POS/VI RECHARGE/CRED/5686,564.03,utilities,upi,cred,,english_natural
rent maintenance gas connection ₹3769 card,3769,utilities,card,,,cue_row
Home loan EMI INR 3558,3558,emi,upi,cred,,source_english
Paid Netmeds ₹984 using Jupiter,984,healthcare,upi,jupiter,,english_natural
food court se food order kar diya 2588 rs ka cash me,2588,food,cash,,sbi,hinglish_natural
gaming concert event ticket 4112 card,4112,entertainment,card,,,cue_row
Electronics shopping INR 27442,27442,shopping,card,,,source_english
"BILL
Dunkin
1592
CASH
Thank You Visit Again",1592,food,cash,,icici,ocr_receipt
SonyLIV payment ₹2746 done via paytm,2746,entertainment,upi,paytm,,english_natural
133 card Myntra,133,shopping,card,,sbi,english_natural
Lenskart se shopping kiya 3231 ka cash die bohot mehenga,3231,shopping,cash,,,hinglish_natural
Rapido ka ride le liya 37269 naqad,37269,travel,cash,,,hinglish_natural
14582 ka INOX bill pay kiya Phonepe se,14582,entertainment,upi,phonepe,,voice_transcript
INR 209 paid to Ola via PhonePe UPI from SBI Bank ending 4233,209,travel,upi,phonepe,sbi,ocr_upi
POS/MOBILE RECHARGE/CASH/7385,28348,utilities,cash,,,english_natural
dopahar ko SBI loan ka loan payment kr diya 33261 credit card se,33261,emi,card,,,hinglish_natural
i did 4628 expense on Netflix using card,4628,entertainment,card,,,voice_transcript
sent 403 to roommate on cash,403,friends,cash,,,friends_synthetic
Paid R 25970 for car loan EMI from my Slice account via debit card,25970,emi,card,,slice,english_natural
Rs4894 paid to auto via Slice UPI from Kotak Bank ending 4900,4894,travel,upi,slice,kotak,ocr_upi
Cleartrip mein 98 lag gaye card se bhara,98,travel,card,,,voice_transcript
Cleartrip 20066 cash me,20066,travel,cash,,,hinglish_natural
credit card EMI se installment diye 11010 rupees ka card se pay kiyaa,11010,emi,card,,,hinglish_natural
Apollo Pharmacy Rs 24895 debited from Fi Money,24895,healthcare,card,,fi,english_natural
yaar 2096 rs. test karaya eye checkup pe SLICE se,2096,healthcare,upi,slice,,hinglish_natural
kal car loan EMI ka EMI kat gayi 432 rs. UPI se,432,emi,upi,jupiter,,hinglish_natural
Just paid Rs 3742 to clinic through Paytm,3742,healthcare,upi,paytm,,english_natural
Used axis cash to pay Rs 223 for bhai,223,friends,cash,,axis,english_natural
spent 40146 rupees on personal loan EMI via card,40146,emi,card,,,voice_transcript
split bill 130 SLICE se Priya ko diya,130,friends,upi,slice,,friends_synthetic
paid 11455 to JioCinema through card,11455,entertainment,card,,,voice_transcript
dost Neha ko 2879 rupaye phonepe se bheje,2879,friends,upi,phonepe,,friends_synthetic
mutual fund SIP stocks PPF FD investment ₹3414 card,3414,investment,card,,,cue_row
flatmate rent share 20697 SLICE Vikram,20697,friends,upi,slice,,friends_synthetic
raat ko car loan EMI pe 18377 rupaye ka EMI bharaa credit card se HDFC se kata,18377,emi,card,,hdfc,hinglish_natural
sent t279 to yaar on card,279,friends,card,,,friends_synthetic
Just paid Rs.13510 to stocks through Phonepe,13510,investment,upi,phonepe,,english_natural
today i spent 3731 on Indian Oil via card,3731,travel,card,,,voice_transcript
personal loan installment EMI deduction Rs 3704 card,3704,emi,card,,,cue_row
"EatFit 183.29 Completed 7Jul 2025,2:11 pm PNB 6037 UPI transaction ID 827091760240263",183.29,food,upi,fi,pnb,ocr_upi
school college tuition course books fees t1261 card,1261,education,card,,,cue_row
"GAANA RESTAURANT
Total 4221.12
Cash Received
Change 0.00",4221.12,entertainment,card,,,ocr_receipt
Ananya se paise bheje 3212 rupay ka UPI se pay kya,3212,friends,upi,cred,axis,hinglish_natural
"BILL
Netflix
₹386
Phonepe
Thank You Visit Again",386,entertainment,upi,phonepe,,ocr_receipt
Paid Ananya ₹62.49 using paytm,62.49,friends,upi,paytm,,english_natural
Spent 418 on doctor using cash,418,healthcare,cash,,,english_natural
SIP pe 4983 ka paisa daala card se,4983,investment,card,,,hinglish_natural
HP Petrol me 3580 rupaiye ka ticket book kia BHIM se,32888,travel,upi,bhim,,source_hinglish
NEFT/TRANSFER/DIAGNOSTIC/SBI,4553,healthcare,cash,,sbi,english_natural
"D TUITION 32 Completed 6Feb 2026,4:21 pm SBI Bank 4558 UPI transaction ID 220941245621 TO:TUITION tuition.29381@sbibank Goog1etransaction lD CICAgJjg540941 OPI G Pay",32,education,upi,gpay,sbi,ocr_upi
Paid Rs.3215 to upGrad Phone Pe UPI ICICI Bank 7160 Done,3215,education,upi,phonepe,icici,ocr_upi
colleague mein 15915 lag gaye Slice se bhara,15915,friends,upi,slice,hdfc,voice_transcript
Hotstar ka game liya 2036 rs. card se,2036,entertainment,card,,,hinglish_natural
broadband 449.62 Fi Money,449.62,utilities,upi,fi,,english_natural
SLICE payment Rs.340.99 coaching Canara 4119 completed,340.99,education,upi,slice,canara,ocr_upi
stocks Rs181 phonepe,181,investment,upi,phonepe,pnb,ocr_upi
kal friend se transfer kr diya 17428 rupees ka Google Pay se achha deal mila,17428,friends,upi,gpay,,hinglish_natural
"MedPlus
Net Amount 1979
Paid via CARD",1979,healthcare,card,,,ocr_receipt
Pizza Hut se khana khya 3638 rs. ka UPI se de diye,3638,food,upi,phonepe,,hinglish_natural
Reliance Digital ka saman le liya 3777 rs Phonepe pe Kotak Mahindra se,3777,shopping,upi,phonepe,kotak,hinglish_natural
POS/ROOMMATE/PAYTM/2759,4588,friends,upi,paytm,bob,english_natural
INR 42071.19 to Jio recharge via Slice RBL Bank account,42071.19,utilities,upi,slice,rbl,english_natural
SpiceJet pe 232 rupaye ka ticket book kar diya naqad,232,travel,cash,,,hinglish_natural
college fees 44477 ₹ card se pay kiyaa,44477,education,card,,,hinglish_natural
Paid Rs4247.33 for Netmeds via Visa,4247.33,healthcare,card,,,english_natural
MedPlus ka 15985 rupees ka bill card se pay kiya,15985,healthcare,card,,,voice_transcript
Paid 40008.23 for RedBus via Mastercard,40008.23,travel,card,,,english_natural
MedPlus pe 171 ₹ ka checkup karaya UPI se pay kiyaa,171,healthcare,upi,cred,hdfc,hinglish_natural
Spent Rs 343 on ET Money using Phonepe,343,investment,upi,phonepe,,english_natural
aaj dost pe 376 rupaye kharcha hua Cred se,376,friends,upi,cred,,voice_transcript
Just paid ₹265 to Swiggy through cash,265,food,cash,,,english_natural
kal PVR se game liya 75 rupaye ka cash me,75,entertainment,cash,,,hinglish_natural
dinner split 62 rupaye Amit GPay,62,friends,upi,gpay,,friends_synthetic
bhai 474 ₹ UPI se,474,friends,upi,gpay,,hinglish_natural
HDFC loan ka 786 rupees ka bill card se pay kiya,786,emi,card,,,voice_transcript
subah car loan EMI se EMI bhara 25267 ₹ ka gpay se,25267,emi,upi,gpay,,hinglish_natural
ATM/CASH/HDFC BANK/4550.25,4550.25,shopping,upi,paytm,hdfc,english_natural
Paid Rs.992 for Meesho from my HDFC account via debit card,992,shopping,card,,hdfc,english_natural
38135 rupaye paisa daala Kuvera pe PhonePe pe,38135,investment,upi,phonepe,,hinglish_natural
"Receipt #1521
PVR
Amount Paid: R 482.02
Mode: CARD",482.02,entertainment,card,,,ocr_receipt
Ananya ko 4413 transfer kiya Jupiter se,4413,friends,upi,jupiter,,friends_synthetic
Indian Oil 329 axis,329,travel,card,,axis,english_natural
Rs 35069 paid to upGrad via Mastercard from ICICI,35069,education,card,,icici,english_natural
credit card EMI ka installment de diye 409 rupay via cred,409,emi,upi,cred,,hinglish_natural
bhai 4312 rupay ride le liya Yatra pe card se pay kiyaa zyada ho gaya,4312,travel,card,,sbi,hinglish_natural
raat ko dentist me 428 rupaye ka dawai le liya cash me HDFC se,428,healthcare,cash,,hdfc,hinglish_natural
i did 37480 expense on Vedantu using card,37480,education,card,,kotak,voice_transcript
coaching exam preparation study material INR 430 cash,430,education,cash,,,cue_row
today i spent 3505 on RedBus via card,3505,travel,card,,,voice_transcript
grocery vegetables milk bread fruits INR 4141 paid Phone Pe,4141,food,upi,phonepe,,cue_row
school fees 48,48,education,upi,phonepe,sbi,english_natural
"CHAI POINT
Item 1 INR 304
Item 2 INR 303
Total ?310.08
Slice",310.08,food,upi,slice,icici,ocr_receipt
Pooja ko 9119 transfer kiya phonepe se,9119,friends,upi,phonepe,,friends_synthetic
Used SLICE cash to pay t7006.07 for auto,7006.07,travel,cash,,slice,english_natural
raat ko SBI loan se installment de diye 38808 rupaye ka debit card se,38808,emi,card,,hdfc,hinglish_natural
Pizza Hut se food order kar diya 31 rupaiye ka cash me,31,food,cash,,fi,hinglish_natural
IRCTC pe 3220 rupaye ka cab lya card se Fi account se,3220,travel,card,,fi,hinglish_natural
185 rupay split kia dost pe cash de diye,185,friends,cash,,,hinglish_natural
2025 to Ananya Gpay UPI,2025,friends,upi,gpay,,friends_synthetic
bhai roommate ko udhar return kiya 309 rs CRED se,309,friends,upi,cred,sbi,friends_synthetic
TO:SUBWAY subway.33729@canarabank From:AMITSINGH (Canara PhonePe : user4348@okcanarabank,1447.54,food,upi,phonepe,canara,ocr_upi
Payment of Rs.76 to Indian Oil was successful via G Pay UPI Ref No 3618774978 HDFC Account 8486,76,travel,upi,gpay,hdfc,ocr_upi
society maintenance 3719 UPI se pay kya bohot mehenga,3719,utilities,upi,gpay,,hinglish_natural
bhai market se order kiyaa 33261 rupaye ka cash diye HDFC Bank se kata,33261,shopping,cash,,hdfc,hinglish_natural
bhai 8550 rs car loan EMI card se budget tod diya,2780,emi,card,,,source_hinglish
4233 to Neha cash UPI,4233,friends,cash,,,friends_synthetic
bhai Zara ka 3960 rupaye card se de diya,3960,shopping,card,,,voice_transcript
bhai PharmEasy ka 130 rupaye CRED se de diya,130,healthcare,upi,cred,jupiter,voice_transcript
Haldirams INR 38706.25 card,38706.25,food,card,,hdfc,english_natural
Pizza delivery INR 13580,13580,food,upi,gpay,,source_english
lunch dinner food order swiggy zomato restaurant meal 448 card,448,food,card,,hdfc,cue_row
"Nykaa BILL
St: ₹314
CARD Approved",314,shopping,card,,,ocr_receipt
Bharat Petroleum me 2441 ka petrol bhara CRED se pay kiya,2441,travel,upi,cred,,hinglish_natural
ghar jaate waqt credit card EMI me 308 rupaiye ka installment de diya debit card se,308,emi,card,,,hinglish_natural
Rs.484.83 paid to personal loan EMI via gpay UPI from Yes Bank Bank ending 7385,484.83,emi,upi,gpay,yes bank,ocr_upi
paid 3011 to education loan EMI through card from ICICI,3011,emi,card,,icici,voice_transcript
NEFT/TRANSFER/BYJU'S/AXIS BANK,28566,education,upi,phonepe,axis,english_natural
library ?3933 bhim,3933,education,upi,bhim,sbi,ocr_upi
bhai Uber ka 17747 rupaye cash se de diya,17747,travel,cash,,,voice_transcript
2854 rupaiye medicine lia Practo ko UPI se,2854,healthcare,upi,slice,,hinglish_natural
Rs85 debited from your ICICI Bank account for Divya (Gpay UPI),85,friends,upi,gpay,icici,ocr_upi
Library fee INR 35740,35740,education,upi,gpay,,source_english
car loan EMI 3797 rs. card se Axis account se,3797,emi,card,,axis,hinglish_natural
3521 Spotify card se,3521,entertainment,card,,kotak,hinglish_natural
stocks se SIP bharra 58 ₹ ka Jupiter se achha deal mila,58,investment,upi,jupiter,axis,hinglish_natural
857.81 HDFC loan,857.81,emi,card,,,english_natural
Snapdeal 35861.58,35861.58,shopping,card,,,english_natural
Car loan EMI INR 38908,38908,emi,card,,union bank,source_english
school college tuition course books fees INR 424 CRED,424,education,upi,cred,kotak,cue_row
split bill 4831 CRED se Arjun ko diya,4831,friends,upi,cred,,friends_synthetic
"Receipt #7348
electronics store
Amount Paid: 3734
Mode: CARD",3734,shopping,card,,,ocr_receipt
colleague ko 18544 transfer kiya Slice se,18544,friends,upi,slice,,friends_synthetic
credit card EMI ka installment diye 1543 rs. card se pay kia,1543,emi,card,,,hinglish_natural
diagnostic ka test karaya 288 rupaye card se pay kar diya State Bank se kata,288,healthcare,card,,sbi,hinglish_natural
Paid ₹13587.47 for Zee5 from my ICICI Bank account via Google Pay,13587.47,entertainment,upi,gpay,icici,english_natural
school fees pe 36124 rs ka course liya via gpay,36124,education,upi,gpay,,hinglish_natural
sent Rs 4419 to friend on cash split bill UPI,4419,friends,cash,,kotak,cue_row
"JioCinema BILL
St: 2249
CARD approved",2249,entertainment,card,,,ocr_receipt
H&M 24875 bhim,24875,shopping,upi,bhim,hdfc,ocr_upi
grocery vegetables milk bread fruits Rs.3087 paid cash,3087,food,cash,,,cue_row
amazon flipkart myntra online shopping order Rs.5641 Phonepe,5641,shopping,upi,phonepe,,cue_row
Udemy payment ?20954 done via debit card,20954,education,card,,,english_natural
"Receipt #1171
ACT Fibernet
Amount Paid: ₹34259
Mode: PhonePe",34259,utilities,upi,phonepe,,ocr_receipt
bhai 4096 rupaiye movie dekhi gaming pe Gpay se ICICI Bank se,4096,entertainment,upi,gpay,icici,hinglish_natural
sent 4439 to bro on cash,4439,friends,cash,,,friends_synthetic
exam fee se books le liya 167 rs. ka card se pay kiyaa Fi wale account se,167,education,card,,fi,hinglish_natural
"SNAPDEAL
Item 1 Rs 268
Item 2 78
Total 109
CASH",109,shopping,cash,,sbi,ocr_receipt
Unacademy ka books liya 4573 ₹ card se pay kia,4573,education,card,,slice,hinglish_natural
ghar jaate waqt 10688 rupees Bewakoof card se,10688,shopping,card,,,hinglish_natural
"TAX INVOICE
Subway
Grand Total: Rs500.59
Payment: CARD",500.59,food,card,,,ocr_receipt
hospital mein 26772 lag gaye Slice se bhara,26772,healthcare,upi,slice,,voice_transcript
3567 rupees Spotify credit card se zyada ho gaya,32308,entertainment,card,,axis,source_hinglish
grocery vegetables milk bread fruits 3568 paid card,3568,food,card,,,cue_row
Paid Rs29917.62 for HDFC loan via debit card,29917.62,emi,card,,sbi,english_natural
Bajaj Finance EMI ₹38961.82 debited from SBI,38961.82,emi,upi,phonepe,sbi,english_natural
dost roommate ko 408 rupaye Slice se bheje,408,friends,upi,slice,,friends_synthetic
Udemy 175 Paytm,175,education,upi,paytm,,english_natural
TO:ZOMATO zomato.55068@icicibankbank From:RAHULKUMAR (ICICI Bank Jupiter : sender3411@okicicibankbank,348,food,upi,jupiter,icici,ocr_upi
aaj Practo pe 665 rupaye kharcha hua card se,665,healthcare,card,,,voice_transcript
NPS me 383 rupaye ka invest kar diya card se pay kiyaa,383,investment,card,,,hinglish_natural
Just paid Rs2407 to Vedantu through cash,2407,education,cash,,hdfc,english_natural
36728 rs eye checkup fi se pay kya,2679,healthcare,upi,fi,,source_hinglish
medical checkup lab test health insurance Rs.3385 G Pay,3385,healthcare,upi,gpay,,cue_row
7540 rupees hospital card,7540,healthcare,card,,,voice_transcript
Unacademy pe 16322 ka books le liya haath se de diye,16322,education,cash,,,hinglish_natural
split bill 13630 Fi se Karan ko diya,13630,friends,upi,fi,,friends_synthetic
home loan EMI 33569 ₹ debit card se,33569,emi,card,,,hinglish_natural
Pizza delivery INR 931,931,food,card,,,source_english
"BYJU'S 48333 Completed 22Mar 2025,12:38 pm IndusInd 8464 UPI transaction ID 1743264172255",48333,education,upi,phonepe,indusind,ocr_upi
Practo se medicine le liya 6582 ka UPI se Bank of Baroda se,6582,healthcare,upi,gpay,bob,hinglish_natural
350 EMI kat gayi personal loan EMI ko card se,350,emi,card,,,hinglish_natural
Payment of ₹44958 to school fees was successful via Gpay UPI Ref No 631251776983671 ICICI Account 4582,44958,education,upi,gpay,icici,ocr_upi
Rs.299 paid to SBI loan via PayTM from Slice,299,emi,upi,paytm,slice,english_natural
Rs 493 to Vikram GPay UPI,493,friends,upi,gpay,,friends_synthetic
Divya ko 2849 transfer kiya slice se,2849,friends,upi,slice,,friends_synthetic
maine 344 rupaye mall ko diye gpay se,344,shopping,upi,gpay,,voice_transcript
4346 rupaiye Vedantu card se,4346,education,card,,hdfc,hinglish_natural
ATM/CASH/BANK/48616,48616,friends,cash,,,english_natural
₹3782 debited from your HDFC account for electricity bill (jupiter UPI),3782,utilities,upi,jupiter,hdfc,ocr_upi
home loan car loan credit card EMI monthly INR 6993 autopay card,6993,emi,card,,,cue_row
clinic mein 29514 lag gaye card se bhara,29514,healthcare,card,,,voice_transcript
ACT Fibernet 2622 UPI se pay kya,2622,utilities,upi,fi,,hinglish_natural
JioMart ka khana kha liya 1887 UPI se pay kiya,1887,food,upi,paytm,fi,hinglish_natural
169 rupees loan payment kiyaa bike loan EMI ko card se,24266,emi,card,,sbi,source_hinglish
t497 to roommate via Slice icici account,497,friends,upi,slice,icici,english_natural
"APPLE MUSIC
Item 1 Rs.310
Item 2 ₹252
Total Rs.1466
CARD",1466,entertainment,card,,,ocr_receipt
uber ola cab ride airport train ticket Rs478 Gpay,478,travel,upi,gpay,,cue_row
"D INOX 10790.57 Completed 25Apr 2026,3:07 pm YES BANK Bank 9802 UPI transaction ID 946110650825726 TO:INOX inox.90014@yes bankbank Googletransaction lD XYZabc456589 OPI Phone Pe",10790.57,entertainment,upi,phonepe,yes bank,ocr_upi
"Receipt #5124
Tata CLiQ
Amount Paid: Rs 919
Mode: slice",919,shopping,upi,slice,,ocr_receipt
sent Rs.2580 to friend on SLICE split bill UPI,2580,friends,upi,slice,axis,cue_row
500 rs course lia upGrad pe haath se diy Axis Bank account se,500,education,cash,,axis,hinglish_natural
"Receipt #7756
INOX
Amount Paid: Rs 880
Mode: GPay",880,entertainment,upi,gpay,,ocr_receipt
1685 ka Apollo Pharmacy bill pay kiya G Pay se YES BANK se kata,1685,healthcare,upi,gpay,yes bank,voice_transcript
raat ko Box8 se kha liya 45837 ₹ ka cash me achha deal mila,8,food,cash,,,hinglish_natural
"ACT Fibernet BILL
St: t3382
GPay APPROVED",3382,utilities,upi,gpay,hdfc,ocr_receipt
lunch dinner food order swiggy zomato restaurant meal INR 9251 PayTM,9251,food,upi,paytm,hdfc,cue_row
ghar jaate waqt 3103 rupaye loan payment kiyaa bike loan EMI ko CRED se,3103,emi,upi,cred,slice,hinglish_natural
i did 17420 expense on lab test using card,17420,healthcare,card,,,voice_transcript
bhai dost ka 6225 rupaye cash se de diya,6225,friends,cash,,hdfc,voice_transcript
17775 Goibibo,17775,travel,card,,hdfc,english_natural
26 rs khana kha liya mess ko paytm se,26,food,upi,paytm,,hinglish_natural
cafe 372 Fi Money,372,food,cash,,fi,english_natural
"D CARLOANEMI 3169 Completed 8Mar 2026,7:36 pm Canara Bank 9529 UPI transaction ID 9069554563 TO:CARLOANEMI car loan emi.35425@canarabank Googletransaction lD CICAgJjg261598 OPI PhonePe",3169,emi,upi,phonepe,canara,ocr_upi
today i spent 10992 on gold via Google Pay from my Jupiter bank,10992,investment,upi,gpay,jupiter,voice_transcript
dinner split 247 rupaye colleague PayTM,247,friends,upi,paytm,icici,friends_synthetic
1mg INR 2204 niyo,2204,healthcare,upi,niyo,,english_natural
Nykaa mein 4237 lag gaye cash se bhara,4237,shopping,cash,,,voice_transcript
"Subway
Net Amount 1170.94
Paid via CARD",1170.94,food,card,,kotak,ocr_receipt
ATM/CASH/BANK/1001.25,1001.25,utilities,upi,slice,,english_natural
Paid Rs39272 to Box8 gpay UPI Kotak Mahindra 7924 Successful,39272,food,upi,gpay,kotak,ocr_upi
ghar jaate waqt McDonald's se khana order kiyaa 388 rupaye ka cred pe,388,food,upi,cred,,hinglish_natural
kal HDFC loan 223 rs. card se,223,emi,card,,,hinglish_natural
"Receipt #4873
Ajio
Amount Paid: Rs 31349.19
Mode: CARD",31349.19,shopping,card,,,ocr_receipt
Paid Zerodha ₹183 using Gpay,183,investment,upi,gpay,,english_natural
coaching exam preparation study material ₹110 cash,110,education,cash,,,cue_row
UPI/54549931/HDFC LOAN/ICICI,29232,emi,card,,icici,english_natural
Meesho 27569 credit card se,27569,shopping,card,,,hinglish_natural
college fees 2973 cred Successful Federal Bank 9629,2973,education,upi,cred,federal bank,ocr_upi
Just paid Rs37890.00 to Tata Play through Jupiter,37890.00,utilities,upi,jupiter,,english_natural
Dunkin ka mangwaya 13606 rupaye G Pay se pay kya,13606,food,upi,gpay,slice,hinglish_natural
ghar jaate waqt 17896 rs BSNL Niyo se,17896,utilities,upi,niyo,sbi,hinglish_natural
Just paid ₹457 to petrol pump through Phone Pe,457,travel,upi,phonepe,icici,english_natural
aaj Lenskart pe 2567 rupaye kharcha hua PayTM se,2567,shopping,upi,paytm,fi,voice_transcript
1518 ₹ khana kha liya Zomato pe UPI se de diye,1518,food,upi,niyo,,hinglish_natural
aaj Amit pe 3375 rupaye kharcha hua GPay se,3375,friends,upi,gpay,,voice_transcript
office se aate hue gold se paisa daala 2693 rs. ka card se Fi Money se,2693,investment,card,,fi,hinglish_natural
28 rupay medicine liyaa diagnostic pe debit card se jupiter account se,28,healthcare,card,,jupiter,hinglish_natural
personal loan installment EMI deduction Rs.362 card,362,emi,card,,,cue_row
Used Fi gpay to pay Rs 295 for Dunkin,295,food,upi,gpay,fi,english_natural
2450 rupees Goibibo cash,2450,travel,cash,,,voice_transcript
aaj 4647 rs. ACT Fibernet card se pay kiyaa,4647,utilities,card,,,hinglish_natural
home loan car loan credit card EMI monthly 361 autopay card,361,emi,card,,,cue_row
grocery vegetables milk bread fruits Rs.48053 paid GPay,48053,food,upi,gpay,,cue_row
grocery vegetables milk bread fruits Rs 254 paid Phone Pe,254,food,upi,phonepe,,cue_row
t306 paid to colleague via NIYO UPI from hdfc Bank ending 8743,306,friends,upi,niyo,hdfc,ocr_upi
YouTube Premium 3811.27 SLICE Completed Punjab National Bank 1537,3811.27,entertainment,upi,slice,pnb,ocr_upi
Paid ₹1817 for gaming from my Slice account via credit card,1817,entertainment,card,,slice,english_natural
Bought Rahul for Rs 640 with cash,640,friends,cash,,,english_natural
Vi recharge payment ₹2721 done via Mastercard,2721,utilities,card,,,english_natural
kal gaming se ticket lya 15813 rs ka UPI se diy,15813,entertainment,upi,paytm,,hinglish_natural
Rs.4025.38 debited from your Axis account for FirstCry (jupiter UPI),4025.38,shopping,upi,jupiter,axis,ocr_upi
"BOX8 RESTAURANT
Total 18824
Cash Received
Change 0.00",18824,food,card,,icici,ocr_receipt
4021.57 Snapdeal,4021.57,shopping,card,,icici,english_natural
rent maintenance gas connection ₹2723 gpay,2723,utilities,upi,gpay,,cue_row
Spent ₹3118.67 on Amazon using cred,3118.67,shopping,upi,cred,,english_natural
aaj auto pe 3583 rupaye kharcha hua cash se,3583,travel,cash,,indusind,voice_transcript
26889 rupaiye mutual fund kia ET Money pe card se pay kar diya,26889,investment,card,,niyo,hinglish_natural
auto 538 Cred Completed State Bank 7117,538,travel,upi,cred,sbi,ocr_upi
crypto gold bonds NPS portfolio 21225 paytm,21225,investment,upi,paytm,,cue_row
ET Money ka 2759 rupees ka bill slice se pay kiya,2759,investment,upi,slice,hdfc,voice_transcript
paid back friend lent money INR 305 phonepe,305,friends,upi,phonepe,,cue_row
"BSNL RESTAURANT
Total 7854
Cash Received
Change 0.00",7854,utilities,upi,slice,,ocr_receipt
Apple Music ka subscription renew kya 4504 rupaiye card se pay kiyaa,4504,entertainment,card,,,hinglish_natural
maine 2545 rupaye bike loan EMI ko diye card se,2545,emi,card,,jupiter,voice_transcript
"electricity bill BILL
St: 1398
cred approved",1398,utilities,upi,cred,,ocr_receipt
3230 rupaye IRCTC cash diye,3230,travel,cash,,sbi,hinglish_natural
"D UNACADEMY 4408.28 Completed 17Apr 2026,9:19 pm Canara Bank 9063 UPI transaction ID 150568286074 TO:UNACADEMY unacademy.79993@canarabank Googletransaction lD CICAgJjg867554 OPI Jupiter",4408.28,education,upi,jupiter,canara,ocr_upi
"Receipt #5668
hospital
Amount Paid: INR 9945.05
Mode: CARD",9945.05,healthcare,card,,canara,ocr_receipt
NEFT/TRANSFER/TATA PLAY/,2561,utilities,upi,phonepe,,english_natural
9937 concert GPay se,9937,entertainment,upi,gpay,,hinglish_natural
ATM/CASH/ICICI/1519,1519,utilities,upi,slice,icici,english_natural
Angel One pe 489 ka paisa daala UPI se die,489,investment,upi,phonepe,,hinglish_natural
POS/GAS BILL/MASTERCARD/8837,41651,utilities,card,,icici,english_natural
4526 Jupiter doctor,4526,healthcare,upi,jupiter,,english_natural
bhai bike loan EMI 2815 rupaiye UPI se diyee Jupiter se kata,2815,emi,upi,phonepe,jupiter,hinglish_natural
4099 to mobile recharge via cash,4099,utilities,cash,,,english_natural
broadband Rs.441 debited from Punjab National Bank,441,utilities,upi,phonepe,pnb,english_natural
495 rupaye course liyaa Coursera pe cash die,495,education,cash,,axis,hinglish_natural
R 285.63 charged for Airtel recharge on NIYO,285.63,utilities,upi,niyo,,english_natural
Tata CLiQ 4419 credit card,4419,shopping,card,,,english_natural
471 Phonepe yaar,471,friends,upi,phonepe,,english_natural
paid 19269 to crypto through card,19269,investment,card,,,voice_transcript
Paid Faasos Rs2508.04 using Mastercard,2508.04,food,card,,,english_natural
Bought Karan for 482.72 with PayTM,482.72,friends,upi,paytm,,english_natural
Paid ?113 to Vedantu GPay UPI Yes Bank 9502 Successful,113,education,upi,gpay,yes bank,ocr_upi
Coursera me 18777 rupees ka books liya card se,18777,education,card,,slice,hinglish_natural
"DOMINOS RESTAURANT
Total 4114
Cash Received
Change 0.00",4114,food,card,,,ocr_receipt
Paid 29294 for SBI loan via Mastercard,29294,emi,card,,,english_natural
Apple Music ka movie dekhi 3471 rupay UPI se pay kia,3471,entertainment,upi,bhim,,hinglish_natural
bhai BYJU'S ka 381 rupaye phonepe se de diya,381,education,upi,phonepe,,voice_transcript
118 rupaiye subscription renew kya Zee5 pe UPI se pay kr diya,118,entertainment,upi,slice,,hinglish_natural
43381 rupaye books via cred,43381,education,upi,cred,,hinglish_natural
Netmeds 42923 SBI,42923,healthcare,cash,,sbi,english_natural
"FD 175 Completed 12Aug 2026,1:08 pm Union Bank 5451 UPI transaction ID 015544940998575",175,investment,upi,cred,union bank,ocr_upi
friend me 494 rupees ka dost ko diy UPI se,494,friends,upi,paytm,,hinglish_natural
Rs.481.44 paid to mobile recharge via Phone Pe UPI from HDFC Bank Bank ending 8831,481.44,utilities,upi,phonepe,hdfc,ocr_upi
colleague ka paise bheje 412 phonepe pe,412,friends,upi,phonepe,,hinglish_natural
Meesho 1299 credit card se slice card se,1299,shopping,card,,slice,hinglish_natural
sent 441 to friend on cash split bill UPI,441,friends,cash,,,cue_row
electronics clothes shoes accessories purchase 215 via card,215,shopping,card,,hdfc,cue_row
Amit 23354 rs. PayTM se pay kya,23354,friends,upi,paytm,,hinglish_natural
SonyLIV 1159 Phonepe Successful hdfc 7856,1159,entertainment,upi,phonepe,hdfc,ocr_upi
bhai 42691 rupees Meesho credit card se,42691,shopping,card,,,hinglish_natural
Paid ₹16586.95 to McDonald's Fi Money UPI BOB 2283 Successful,16586.95,food,upi,fi,bob,ocr_upi
184 ka diagnostic bill pay kiya card se,184,healthcare,card,,,voice_transcript
spent 8123 rupees on Bajaj Finance EMI via card,8123,emi,card,,niyo,voice_transcript
"RESTAURANT
Item 1 ₹132
Item 2 ₹297
Total INR 1043
CARD",1043,food,card,,hdfc,ocr_receipt
kal 3954 rs buy kar diya Reliance Digital ko card se,3954,shopping,card,,,hinglish_natural
Food court payment INR 15072,15072,food,upi,phonepe,,source_english
Amazon Prime Rs.4912.17 debit card,4912.17,entertainment,card,,,english_natural
Nykaa 11977 Google Pay Completed Kotak Mahindra 6105,11977,shopping,upi,gpay,kotak,ocr_upi
Hotel booking INR 32684,32684,travel,card,,,source_english
297 rs Snapdeal card se pay kya,297,shopping,card,,,hinglish_natural
1mg se doctor ko die 490 rs ka naqad,1,healthcare,cash,,,hinglish_natural
maine 36713 rupaye books ko diye Jupiter se,36713,education,upi,jupiter,fi,voice_transcript
PayTM payment 157 YouTube Premium kotak 1352 done,157,entertainment,upi,paytm,kotak,ocr_upi
breakfast snacks chai coffee ₹1030 Phone Pe,1030,food,upi,phonepe,,cue_row
Paid Rs.395 for food court via cash,395,food,cash,,idfc,english_natural
Dominos se kha liya 2113 ₹ ka naqad,2113,food,cash,,,hinglish_natural
31 charged for Netmeds on Gpay,31,healthcare,upi,gpay,,english_natural
Rs.2513 paid to FreshMenu via G Pay UPI from HDFC Bank Bank ending 7208,2513,food,upi,gpay,hdfc,ocr_upi
Used SBI Cred to pay ?22256 for FD,22256,investment,upi,cred,sbi,english_natural
Zepto 872 rupees debit card se,872,food,card,,idfc,hinglish_natural
abhi PPF se invest kiyaa 2692 rs. ka card se,2692,investment,card,,,hinglish_natural
gaming payment INR 469.46 done via gpay,469.46,entertainment,upi,gpay,,english_natural
Paid Rs1613 for Angel One via debit card,1613,investment,card,,icici,english_natural
"KFC 2724.58 Completed 4Jul 2025,3:31 am YES BANK 6472 UPI transaction ID 49141052696",2724.58,food,upi,paytm,yes bank,ocr_upi
PERSONAL LOAN EMI INR 3992 FI,3992,emi,upi,cred,fi,english_natural
bhai JioCinema 1307 rupay debit card se bc,1307,entertainment,card,,hdfc,hinglish_natural
Tata Play INR 2370.38 Jupiter,2370.38,utilities,upi,jupiter,hdfc,ocr_upi
1251 to library via credit card,1251,education,card,,,english_natural
gas bill pe 2156 rs ka bill pay kr diya CRED pe,2156,utilities,upi,cred,,hinglish_natural
dinner split 24208 rupaye Divya gpay,24208,friends,upi,gpay,,friends_synthetic
Barbeque Nation se khana khya 20884 rs. ka UPI se,20884,food,upi,phonepe,,hinglish_natural
t328 to Rahul via jupiter,328,friends,upi,jupiter,,english_natural
JioMart ka khana khya 228 rs. cash me,228,food,cash,,,hinglish_natural
POS/BOOKMYSHOW/MASTERCARD/5916,6250.24,entertainment,card,,pnb,english_natural
sent money to Karan ₹8352 on Phonepe,8352,friends,upi,phonepe,,friends_synthetic
Air India me 4180 ka kiraya de diya UPI se pay kia,4180,travel,upi,gpay,,hinglish_natural
bhai PPF se stock lia 3741 rupaiye ka debit card se,3741,investment,card,,slice,hinglish_natural
Doctor consultation INR 36859,36859,healthcare,card,,hdfc,source_english
H&M ka saman liya 474 rupees UPI se,474,shopping,upi,paytm,,hinglish_natural
"Gaana
Net Amount 49425.23
Paid via jupiter",49425.23,entertainment,upi,jupiter,,ocr_receipt
gaming concert event ticket ₹2188 card,2188,entertainment,card,,,cue_row
Paytm Money me 3508 ₹ ka paisa daala Jupiter se Niyo wale account se,3508,investment,upi,jupiter,niyo,hinglish_natural
insurance premium se bill pay kr diya 228 rs ka naqad,228,utilities,cash,,,hinglish_natural
168 rs. medicine lia 1mg pe UPI se State Bank account se bc,25971,healthcare,upi,phonepe,sbi,source_hinglish
2390 petrol pump,2390,travel,cash,,,english_natural
PPF me 48325 ₹ ka SIP bhra credit card se,48325,investment,card,,,hinglish_natural
electricity water broadband mobile recharge bill ₹4396 Google Pay,4396,utilities,upi,gpay,,cue_row
Payment of ₹4889 to car loan EMI was successful via BHIM UPI Ref No 13891986020828 icici Account 4494,4889,emi,upi,bhim,icici,ocr_upi
257 KFC,257,food,card,,,english_natural
37348 hospital credit card se,37348,healthcare,card,,,hinglish_natural
Shreya se paise bheje 290 rupaye ka UPI se pay kiya,290,friends,upi,paytm,slice,hinglish_natural
"JIO RECHARGE
Item 1 Rs.288
Item 2 INR 358
Total Rs.181
Paytm",181,utilities,upi,paytm,,ocr_receipt
"Receipt #8082
dentist
Amount Paid: ₹3572.56
Mode: Google Pay",3572.56,healthcare,upi,gpay,,ocr_receipt
college fees 2351 rs. UPI se diy,11520,education,upi,paytm,,source_hinglish
Dominos se mangwaya 20202 ka cash me,20202,food,cash,,icici,hinglish_natural
bro payment Rs.330 done via cash,330,friends,cash,,,english_natural
Lenskart 193 rupaiye credit card se Kotak Mahindra card se,193,shopping,card,,kotak,hinglish_natural
ghar jaate waqt 219 1mg credit card se,219,healthcare,card,,kotak,hinglish_natural
MYNTRA INR 370.02 FI MONEY,370.02,shopping,upi,slice,fi,english_natural
flatmate rent share 1869 G Pay yaar,1869,friends,upi,gpay,,friends_synthetic
Just paid 7149.11 to SonyLIV through Gpay,7149.11,entertainment,upi,gpay,,english_natural
Bought Croma for INR 1992 with Fi,1992,shopping,upi,fi,,english_natural
494 khana khya dhaba ko G Pay se pay kiya,494,food,upi,gpay,niyo,hinglish_natural
19727 rs. insurance premium gpay se,19727,utilities,upi,gpay,,hinglish_natural
gas bill ka recharge kiyaa 239 Phonepe se,239,utilities,upi,phonepe,,hinglish_natural
dentist se medicine lya 3697 rupaye ka PhonePe se pay kr diya,3697,healthcare,upi,phonepe,,hinglish_natural
15779 rupees Air India card,15779,travel,card,,,voice_transcript
"RELIANCE DIGITAL
Item 1 Rs 269
Item 2 Rs429
Total ₹1914.72
CARD",1914.72,shopping,card,,,ocr_receipt
raat ko bike loan EMI se EMI bharra 3990 ka via PhonePe SBI wale account se,3990,emi,upi,phonepe,sbi,hinglish_natural
Rs 136 to car loan EMI via CRED,136,emi,upi,cred,,english_natural
398 1mg card se pay kiya,398,healthcare,card,,,hinglish_natural
Dunkin ka 3943 rupees ka bill cash se pay kiya,3943,food,cash,,fi,voice_transcript
323.03 dhaba,323.03,food,cash,,jupiter,english_natural
office se aate hue electronics store 1178 rs. via phonepe,1178,shopping,upi,phonepe,,hinglish_natural
"Apple Music
Net Amount 7747
Paid via phonepe",7747,entertainment,upi,phonepe,pnb,ocr_receipt
ATM/CASH/SLICE/15526.13,15526.13,entertainment,cash,,slice,english_natural
31 buy kr diya H&M ko credit card se,31,shopping,card,,yes bank,hinglish_natural
"H&M
Net Amount 73.93
Paid via CARD",73.93,shopping,card,,,ocr_receipt
30456 paid to Tata Play via PhonePe UPI from Federal Bank Bank ending 6909,30456,utilities,upi,phonepe,federal bank,ocr_upi
yaar MedPlus ka medicine lya 5989 rs. credit card se,5989,healthcare,card,,,hinglish_natural
hospital doctor pharmacy medicine diagnostic Rs 240 PhonePe,240,healthcare,upi,phonepe,,cue_row
Amazon 38533 rupaye cash me,38533,shopping,cash,,,hinglish_natural
Bought society maintenance for R 5815 with phonepe,5815,utilities,upi,phonepe,,english_natural
Paid ₹4023.65 to Bewakoof PhonePe UPI axis 4483 Successful,4023.65,shopping,upi,phonepe,axis,ocr_upi
bhai Bajaj Finance EMI ka 1332 rupaye Paytm se de diya,1332,emi,upi,paytm,hdfc,voice_transcript
split bill 4570 Cred se dost ko diya,4570,friends,upi,cred,,friends_synthetic
Spotify se ticket le liya 22847 ka UPI se diye,22847,entertainment,upi,gpay,jupiter,hinglish_natural
?2738 charged for Coin on Visa,2738,investment,card,,,english_natural
doctor me 1209 rs ka test karaya phonepe se pay kia,1209,healthcare,upi,phonepe,,hinglish_natural
aaj Tata CLiQ pe 9046 rupaye kharcha hua Google Pay se,9046,shopping,upi,gpay,slice,voice_transcript
gaming Rs 369.03 Gpay,369.03,entertainment,upi,gpay,union bank,ocr_upi
sent Rs 13069 to roommate on cash,13069,friends,cash,,,friends_synthetic
"water bill BILL
St: ₹152.91
bhim approved",152.91,utilities,upi,bhim,,ocr_receipt
Paid ₹4811 to 1mg SLICE UPI hdfc 3912 Completed,4811,healthcare,upi,slice,hdfc,ocr_upi
gas bill me 32552 ka payment kya Phonepe pe Slice card se,32552,utilities,upi,phonepe,slice,hinglish_natural
"canteen
Net Amount 19591
Paid via BHIM",19591,food,upi,bhim,sbi,ocr_receipt
24291 cash JioCinema,24291,entertainment,cash,,bandhan,english_natural
BSNL se payment kya 347 ₹ ka GPay pe,347,utilities,upi,gpay,,hinglish_natural
DishTV se recharge kya 38111 rupaiye ka UPI se pay kar diya axis se budget tod diya,38111,utilities,upi,paytm,axis,hinglish_natural
hospital doctor pharmacy medicine diagnostic ?2207 card,2207,healthcare,card,,,cue_row
flatmate se transfer kiyaa 7441 rs. ka gpay se,7441,friends,upi,gpay,,hinglish_natural
3825 rupees Paytm Money card,3825,investment,card,,,voice_transcript
kal Zomato ka mangwaya 2269 rupees cash me budget tod diya,2269,food,cash,,,hinglish_natural
hospital 4474,4474,healthcare,upi,slice,,english_natural
netflix spotify hotstar subscription movie show INR 707 card,707,entertainment,card,,hdfc,cue_row
dopahar ko Udemy ka course liyaa 37726 rupay fi se,37726,education,upi,fi,,hinglish_natural
3675 rs ride lya HP Petrol ko credit card se,3675,travel,card,,,hinglish_natural
raat ko 406 rupaye shopping kiyaa Flipkart pe cash me,25052,shopping,cash,,,source_hinglish
kal mutual fund ka invest kiyaa 1325 rupaye UPI se diyee State Bank se,1325,investment,upi,gpay,sbi,hinglish_natural
7696 personal loan EMI,7696,emi,card,,,english_natural
Paid ?25723.81 for FD via Mastercard,25723.81,investment,card,,hdfc,english_natural
26632 rupaiye Netmeds slice se pay kya,26632,healthcare,upi,slice,niyo,hinglish_natural
auto 30339 rs. card se axis se,30339,travel,card,,axis,hinglish_natural
yaar 2452 rupaiye bill pay kiya Vi recharge ko Phone Pe pe jupiter se,2452,utilities,upi,phonepe,jupiter,hinglish_natural
PVR ka game lia 9716 debit card se,9716,entertainment,card,,,hinglish_natural
"Tata Play BILL
St: INR 7302
gpay approved",7302,utilities,upi,gpay,,ocr_receipt
abhi 762 rupaye kha liya cafe ko UPI se,762,food,upi,gpay,,hinglish_natural
hospital ka checkup karaya 633 rs debit card se HDFC Bank account se,633,healthcare,card,,hdfc,hinglish_natural
gold 4524 rupaiye credit card se,4524,investment,card,,hdfc,hinglish_natural
Paid gas bill ₹4426.74 using paytm,4426.74,utilities,upi,paytm,,english_natural
Bus ticket INR 6052,6052,travel,upi,cred,sbi,source_english
uber ola cab ride airport train ticket INR 2932 cash,2932,travel,cash,,,cue_row
electronics clothes shoes accessories purchase ₹22987 via Google Pay,22987,shopping,upi,gpay,,cue_row
Spent Rs2728.03 on Air India using cash,2728.03,travel,cash,,,english_natural
Hotstar pe 35950 rupay ka subscription renew kiya UPI se pay kiyaa ICICI Bank account se sasta tha,35950,entertainment,upi,slice,icici,hinglish_natural
grocery vegetables milk bread fruits ₹1262 paid phonepe,1262,food,upi,phonepe,,cue_row
Paid FD ₹40011.88 using gpay from slice,40011.88,investment,upi,gpay,slice,english_natural
Crypto investment INR 507,507,investment,card,,,source_english
Zepto 337 rupay haath se diye,337,food,cash,,kotak,hinglish_natural
EaseMyTrip 42434 rupaiye Jupiter pe,42434,travel,upi,jupiter,,hinglish_natural
car loan EMI 48163 rs. card se pay kiyaa,48163,emi,card,,kotak,hinglish_natural
Rohan pe 378 rupaiye ka split kar diya cash me,378,friends,cash,,,hinglish_natural
Spent 276 on Netmeds using BHIM,276,healthcare,upi,bhim,,english_natural
rent maintenance gas connection Rs3427 Fi,3427,utilities,upi,fi,,cue_row
kal bike loan EMI 3397 rupaye card se,3397,emi,card,,indusind,hinglish_natural
JioCinema 6980 rupay UPI se diyee yaar,6980,entertainment,upi,bhim,,hinglish_natural
2396 rupees library card HDFC Bank account,2396,education,card,,hdfc,voice_transcript
Rs.43 to clinic via CRED,43,healthcare,upi,cred,,english_natural
mall 30724 SLICE,30724,shopping,upi,slice,axis,ocr_upi
bhai Amit 23403 rupaiye Google Pay se pay kiya Canara card se,23403,friends,upi,gpay,canara,hinglish_natural
flatmate rent share 4366 Phone Pe Rohan,4366,friends,upi,phonepe,,friends_synthetic
uber ola cab ride airport train ticket 147 card,147,travel,card,,,cue_row
Just paid 500.90 to car loan EMI through Visa,500.90,emi,card,,,english_natural
"D AUTO 609.60 Completed 20Apr 2026,7:07 pm State Bank Bank 8351 UPI transaction ID 682968981928108 TO:AUTO auto.68934@state bankbank Soogletransaction lD XYZabc682156 OPI Paytm",609.60,travel,upi,paytm,sbi,ocr_upi
3078 Burger King BHIM se pay kia,3078,food,upi,bhim,niyo,hinglish_natural
ghar jaate waqt 383 rs. SIP bharra Angel One ko UPI se zyada ho gaya,383,investment,upi,slice,,hinglish_natural
"H&M RESTAURANT
Total 491.24
Cash Received
Change 0.00",491.24,shopping,card,,sbi,ocr_receipt
bhai EaseMyTrip ka 11407 rupaye CRED se de diya,11407,travel,upi,cred,canara,voice_transcript
Rs.4252 to Kuvera via PhonePe,4252,investment,upi,phonepe,,english_natural
SBI LOAN INR 4050.34,4050.34,emi,card,,,english_natural
Payment of 12789 to EatFit was successful via slice UPI Ref No 344997585861 HDFC Account 1748,12789,food,upi,slice,hdfc,ocr_upi
426 ka Netflix bill pay kiya card se,426,entertainment,card,,,voice_transcript
Apollo Pharmacy 30847 G Pay Payment done Indusind Bank 2085,30847,healthcare,upi,gpay,indusind,ocr_upi
Lenskart ka khareed liyaa 36201 rupees card se pay kiyaa,36201,shopping,card,,,hinglish_natural
Indian Oil 2125 rs cash de diya,2125,travel,cash,,hdfc,hinglish_natural
medical checkup lab test health insurance R 566 cash,566,healthcare,cash,,axis,cue_row
i did 89 expense on car loan EMI using card,89,emi,card,,sbi,voice_transcript
"Paytm Money 4441.90 Completed 5Aug 2026,11:52 am IDFC 7094 UPI transaction ID 40872047659088",4441.90,investment,upi,fi,idfc,ocr_upi
Vedantu payment Rs 435 done via debit card,435,education,card,,axis,english_natural
Angel One se mutual fund kar diya 3407 ka niyo se pay kya,3407,investment,upi,niyo,slice,hinglish_natural
bhai bhai ko udhar return kiya 12281 rs gpay se,12281,friends,upi,gpay,union bank,friends_synthetic
Shreya 17645.71 bhim,17645.71,friends,upi,bhim,niyo,english_natural
office se aate hue bro 46125 rupees via Cred Yes Bank account se,46125,friends,upi,cred,yes bank,hinglish_natural
bike loan EMI 1178 card se,1178,emi,card,,fi,hinglish_natural
dinner split 146 rupaye yaar card,146,friends,card,,hdfc,friends_synthetic
KFC ka khana khayaa 47346 rupaiye cash diye,47346,food,cash,,,hinglish_natural
EaseMyTrip ₹127.02 cred,127.02,travel,upi,cred,yes bank,english_natural
stationery ka fees bharaa 378 rs GPay se pay kia,378,education,upi,gpay,,hinglish_natural
ghar jaate waqt Bewakoof ka buy kar diya 457 rupaye debit card se,457,shopping,card,,,hinglish_natural
JioMart ka khana order kya 338 UPI se de diye,338,food,upi,phonepe,,hinglish_natural
"Vi recharge BILL
St: ₹3616.47
gpay approved",3616.47,utilities,upi,gpay,,ocr_receipt
ATM/CASH/BANK/36868,36868,friends,upi,cred,,english_natural
"TAX INVOICE
Myntra
Grand Total: Rs.13087
Payment: CARD",13087,shopping,card,,,ocr_receipt
Tata CLiQ 246 rs. cash me,246,shopping,cash,,,hinglish_natural
POS/CCD/CASH/2492,69,food,cash,,hdfc,english_natural
mess 1965,1965,food,upi,paytm,,english_natural
3901 to Arjun phonepe UPI,3901,friends,upi,phonepe,,friends_synthetic
Rapido 2480 rupaiye UPI se,2480,travel,upi,bhim,kotak,hinglish_natural
"1mg
Net Amount 4029
Paid via cred",4029,healthcare,upi,cred,,ocr_receipt
₹4402.01 debited from your ICICI account for water bill (GPay UPI),4402.01,utilities,upi,gpay,icici,ocr_upi
"SonyLIV
Net Amount 3168
Paid via Google Pay",3168,entertainment,upi,gpay,yes bank,ocr_receipt
TO:PPF ppf.59249@hdfcbankbank From:UTSAVJANA (HDFC Bank NIYO : user3433@okhdfcbankbank,449.55,investment,upi,niyo,hdfc,ocr_upi
electricity water broadband mobile recharge bill Rs3580 Google Pay,3580,utilities,upi,gpay,,cue_row
Airtel recharge 27 rs. UPI se diy NIYO se kata bc,27,utilities,upi,bhim,niyo,hinglish_natural
subah Paytm Money ka SIP bharra 2872 rupaiye CRED se pay kya hdfc account se,2872,investment,upi,cred,hdfc,hinglish_natural
today i spent 43731 on metro via cash,43731,travel,cash,,,voice_transcript
CCD ka kha liya 4660 card se yaar,4660,food,card,,,hinglish_natural
IndiGo se cab liya 26685 ka via PhonePe,26685,travel,upi,phonepe,jupiter,hinglish_natural
sent money to Neha 2271 on G Pay,2271,friends,upi,gpay,,friends_synthetic
flight booking travel ticket INR 4523 cash,4523,travel,cash,,,cue_row
Bought doctor for ₹169 with Google Pay,169,healthcare,upi,gpay,,english_natural
medical checkup lab test health insurance 3664 cash,3664,healthcare,cash,,kotak,cue_row
bhai Croma ka 291 rupaye cash se de diya,291,shopping,cash,,,voice_transcript
gpay payment 1457 personal loan EMI HDFC Bank 4520 successful,1457,emi,upi,gpay,hdfc,ocr_upi
BigBasket 3533 rs naqad bhai,3533,food,cash,,,hinglish_natural
Paid Behrouz Rs.2921 using Cred from HDFC Bank,2921,food,upi,cred,hdfc,english_natural
"Receipt #3783
BSNL
Amount Paid: 2673.42
Mode: G Pay",2673.42,utilities,upi,gpay,,ocr_receipt
subah 351 rupees mess Phonepe se pay kiya,351,food,upi,phonepe,,hinglish_natural
"Nykaa 3218 Completed 8Jun 2025,1:16 pm Kotak 2628 UPI transaction ID 6973971647990",3218,shopping,upi,paytm,kotak,ocr_upi
₹834 charged for lab test on PhonePe,834,healthcare,upi,phonepe,jupiter,english_natural
347 rupees SBI loan G Pay HDFC account,347,emi,upi,gpay,hdfc,voice_transcript
school college tuition course books fees Rs 331 card,331,education,card,,icici,cue_row
bhai Arjun ka 3280 rupaye Phonepe se de diya,3280,friends,upi,phonepe,,voice_transcript
385 ₹ concert naqad,385,entertainment,cash,,,hinglish_natural
Myntra se khareed liyaa 291 rupees ka via gpay State Bank wale account se,291,shopping,upi,gpay,sbi,hinglish_natural
Faasos ₹2989 phonepe,2989,food,upi,phonepe,idfc,ocr_upi
Ola cab INR 34453,34453,travel,upi,slice,sbi,source_english
aaj Apple Music se ticket liyaa 157 rupees ka UPI se de diya,157,entertainment,upi,slice,,hinglish_natural
stationery 764 rupees cash me ICICI se kata bhai,764,education,cash,,icici,hinglish_natural
47853 rupees exam fee G Pay,47853,education,upi,gpay,,voice_transcript
Phone Pe payment Rs.3483.65 bhai HDFC 3879 successful,3483.65,friends,upi,phonepe,hdfc,ocr_upi
26375.53 Lenskart,26375.53,healthcare,card,,,english_natural
PVR 25880 cash,25880,entertainment,cash,,union bank,english_natural
office se aate hue exam fee se fees bhra 316 rs. ka cash me bohot mehenga,316,education,cash,,axis,hinglish_natural
concert ka movie dekhi 5537 rupay G Pay se,5537,entertainment,upi,gpay,sbi,hinglish_natural
Bought Uber for Rs.3274 with card,3274,travel,card,,,english_natural
ghar jaate waqt auto ka petrol bhara 4138 ₹ UPI se pay kiyaa,4138,travel,upi,phonepe,,hinglish_natural
bhai 91 rupaiye game liya Spotify pe UPI se,91,entertainment,upi,bhim,,hinglish_natural
yaar Dunkin me 3933 rupay ka food order kya CRED se pay kar diya Axis Bank wale account se,3933,food,upi,cred,axis,hinglish_natural
ATM/CASH/BANK/3633,3633,travel,card,,,english_natural
1159 rupees HDFC loan card,1159,emi,card,,,voice_transcript
dinner split 250 rupaye Rahul CRED,250,friends,upi,cred,yes bank,friends_synthetic
gaming concert event ticket 1248 Gpay,1248,entertainment,upi,gpay,,cue_row
Spotify ka subscription renew kia 139 rupay Niyo se pay kr diya,139,entertainment,upi,niyo,,hinglish_natural
cafe se mangwaya 38967 rupay ka UPI se pay kiya,38967,food,upi,gpay,,hinglish_natural
"BIGBASKET RESTAURANT
Total 49997
Cash Received
Change 0.00",49997,food,cash,,,ocr_receipt
443 BookMyShow,443,entertainment,cash,,,english_natural
PPF Rs41553 gpay,41553,investment,upi,gpay,hdfc,ocr_upi
bhai 2944 rupaye EMI bharra car loan EMI pe credit card se,2944,emi,card,,,hinglish_natural
petrol diesel fuel t39841 at pump card,39841,travel,card,,,cue_row
aaj IndiGo pe 4655 rupaye kharcha hua Phonepe se,4655,travel,upi,phonepe,fi,voice_transcript
"RENT
Item 1 Rs 253
Item 2 ₹188
Total ₹1514.56
Gpay",1514.56,utilities,upi,gpay,,ocr_receipt
hospital doctor pharmacy medicine diagnostic Rs 331 GPay,331,healthcare,upi,gpay,bob,cue_row
insurance premium payment 3089 done via G Pay,3089,utilities,upi,gpay,,english_natural
Hospital bill INR 49357,49357,healthcare,upi,gpay,,source_english
electricity water broadband mobile recharge bill 2684 Cred,2684,utilities,upi,cred,,cue_row
Tata CLiQ se shopping kya 257 rupay ka UPI se pay kia NIYO account se,257,shopping,upi,niyo,niyo,hinglish_natural
"HOSPITAL
Item 1 ₹389
Item 2 206
Total ₹3647
Phonepe",3647,healthcare,upi,phonepe,,ocr_receipt
2720.83 charged for BSNL on Mastercard,2720.83,utilities,card,,fi,english_natural
14782 rupay Lenskart Gpay se,14782,shopping,upi,gpay,sbi,hinglish_natural
office se aate hue 3303 rupaiye hospital UPI se pay kr diya,3303,healthcare,upi,cred,icici,hinglish_natural
metro mein 704 lag gaye Gpay se bhara,704,travel,upi,gpay,,voice_transcript
1mg pe 201 ₹ ka medicine le liya via cred,1,healthcare,upi,cred,slice,hinglish_natural
Rs.3280 charged for HDFC loan on card,3280,emi,card,,,english_natural
38592 rupaye INOX UPI se,38592,entertainment,upi,gpay,,hinglish_natural
sent money to flatmate Rs.10456 on CRED,10456,friends,upi,cred,,friends_synthetic
364 rs. auto UPI se pay kr diya,364,travel,upi,phonepe,,hinglish_natural
rent maintenance gas connection Rs.6439 SLICE,6439,utilities,upi,slice,,cue_row
Udemy se tuition die 3825 ₹ ka Slice pe icici wale account se,3825,education,upi,slice,icici,hinglish_natural
Starbucks se food order kya 674 rs. ka debit card se,674,food,card,,,hinglish_natural
Ananya ka paise bheje 29420 rupees credit card se,29420,friends,card,,,hinglish_natural
college fees 252 rs UPI se,252,education,upi,phonepe,,hinglish_natural
Divya 3743,3743,friends,upi,gpay,,english_natural
lunch dinner food order swiggy zomato restaurant meal ₹231 cash,231,food,cash,,,cue_row
Arjun ko 3520 transfer kiya cash se,3520,friends,cash,,hdfc,friends_synthetic
EXAM FEE INR 5590,5590,education,card,,,english_natural
restaurant Rs.47896 PayTM,47896,food,upi,paytm,hdfc,english_natural
breakfast snacks chai coffee ₹40081 BHIM,40081,food,upi,bhim,sbi,cue_row
"TAX INVOICE
Nykaa
Grand Total: 792
Payment: CASH",792,shopping,cash,,icici,ocr_receipt
Pooja ka udhar return kia 385 PhonePe pe,385,friends,upi,phonepe,,hinglish_natural
"Hotstar BILL
St: Rs.4574.75
PhonePe Approved",4574.75,entertainment,upi,phonepe,,ocr_receipt
₹50 to Bharat Petroleum via cash jupiter account,50,travel,cash,,jupiter,english_natural
Paid Rs.1331 for Goibibo from my BOB account via debit card,1331,travel,card,,bob,english_natural
bhai bhai ka 3172 rupaye Paytm se de diya,3172,friends,upi,paytm,,voice_transcript
bhai INOX se subscription renew kya 3119 rupay ka card se pay kiyaa,34701,entertainment,card,,icici,source_hinglish
ghar jaate waqt Yatra se kiraya diye 153 rupees ka haath se de diya,153,travel,cash,,icici,hinglish_natural
dopahar ko 4503 rs tuition diye Coursera ko debit card se zyada ho gaya,4503,education,card,,sbi,hinglish_natural
paid back friend lent money INR 130 Gpay,130,friends,upi,gpay,,cue_row
10846 rupees FirstCry G Pay pe,10846,shopping,upi,gpay,federal bank,hinglish_natural
"BILL
ACT Fibernet
₹4471.63
GPay
Thank You Visit Again",4471.63,utilities,upi,gpay,,ocr_receipt
today i spent 299 on Spotify via Gpay from my Slice bank,299,entertainment,upi,gpay,slice,voice_transcript
UPI/56359870/STOCKS/STATE BANK,364,investment,upi,phonepe,sbi,english_natural
"society maintenance BILL
St: ₹687
G Pay Approved",687,utilities,upi,gpay,,ocr_receipt
"Receipt #9727
Zara
Amount Paid: 49723
Mode: CARD",49723,shopping,card,,,ocr_receipt
Amazon Prime se movie dekhi 3090 ka card se pay kia,3090,entertainment,card,,,hinglish_natural
concert 4519 rupaye card se,4519,entertainment,card,,,hinglish_natural
"CONCERT RESTAURANT
Total 450
Cash Received
Change 0.00",450,entertainment,upi,gpay,,ocr_receipt
Payment of 120 to electronics store was successful via Slice UPI Ref No 5478935052602 State Bank Account 5122,120,shopping,upi,slice,sbi,ocr_upi
1054 Lenskart debit card se,1054,shopping,card,,,hinglish_natural
Concert ticket INR 49645,49645,entertainment,upi,gpay,,source_english
crypto gold bonds NPS portfolio INR 37892 card,37892,investment,card,,,cue_row
Payment of ?33588 to Groww was successful via Phone Pe UPI Ref No 9539349230 Kotak Mahindra Account 2966,33588,investment,upi,phonepe,kotak,ocr_upi
"BILL
MedPlus
Rs.481
Fi
Thank You Visit Again",481,healthcare,upi,fi,,ocr_receipt
dopahar ko 30415 rupaye ET Money card se,30415,investment,card,,sbi,hinglish_natural
1848 rs metro cash de diya,1848,travel,cash,,hdfc,hinglish_natural
"D SNAPDEAL 311 Completed 20Feb 2026,3:36 pm HDFC Bank 1471 UPI transaction ID 064199658402937 TO:SNAPDEAL snapdeal.65152@hdfcbank Googletransaction lD XYZabc658728 OPI Gpay",311,shopping,upi,gpay,hdfc,ocr_upi
Medical test charges INR 17888,17888,healthcare,upi,gpay,,source_english
Rs.4529 paid to Amazon Prime via PayTM from hdfc,4529,entertainment,upi,paytm,hdfc,english_natural
742 rupaiye khana khaya Nature's Basket pe UPI se pay kia,742,food,upi,slice,,hinglish_natural
Rahul ₹281.83 fi,281.83,friends,upi,fi,,english_natural
sent Rs4328 to friend on cash split bill UPI,4328,friends,cash,,sbi,cue_row
electricity bill me 376 rupees ka bill pay kr diya cash de diye,376,utilities,cash,,,hinglish_natural
raat ko 240 ₹ khana order kiyaa restaurant pe UPI se pay kar diya,240,food,upi,paytm,sbi,hinglish_natural
Paid 1797 for crypto via Fi Money,1797,investment,upi,fi,,english_natural
office se aate hue CCD ka khana kha liya 3941 rs Phone Pe se pay kiyaa Fi se kata,3941,food,upi,phonepe,fi,hinglish_natural
"Faasos
Net Amount 3186
Paid via CARD",3186,food,card,,kotak,ocr_receipt
"Receipt #9047
Reliance Fresh
Amount Paid: Rs 3060
Mode: CASH",3060,food,cash,,sbi,ocr_receipt
concert me 388 rs ka show dekha credit card se,388,entertainment,card,,,hinglish_natural
101.53 Yatra,101.53,travel,cash,,,english_natural
bhai library se books lia 4395 rupay ka card se,4395,education,card,,fi,hinglish_natural
Paytm Money 10860 rs card se BOB card se achha deal mila,10860,investment,card,,bob,hinglish_natural
ATM/CASH/BANK/351.55,351.55,shopping,upi,phonepe,,english_natural
canteen payment Rs.12989.12 done via cash,12989.12,food,cash,,bob,english_natural
rent 331 rupay UPI se pay kiyaa,331,utilities,upi,phonepe,,hinglish_natural
gold pe 2300 ka invest kiya UPI se pay kiyaa,1123,investment,upi,slice,,source_hinglish
₹39 paid to MedPlus via gpay UPI from hdfc Bank ending 3065,39,healthcare,upi,gpay,hdfc,ocr_upi
Rs.4225 debited from your HDFC Bank account for HDFC loan (Google Pay UPI),4225,emi,upi,gpay,hdfc,ocr_upi
Bought flatmate for R 117.40 with cash,117.40,friends,cash,,,english_natural
personal loan installment EMI deduction 2991 Bhim,2991,emi,upi,bhim,,cue_row
4375 rupaye ACT Fibernet UPI se,4375,utilities,upi,gpay,,hinglish_natural
Ananya ka split kya 2361 rs haath se diyee,2361,friends,cash,,,hinglish_natural
kal SBI loan se installment de diya 203 rs ka credit card se yaar,203,emi,card,,,hinglish_natural
credit card EMI pe 157 rupay ka EMI bhar diya card se pay kar diya,157,emi,card,,,hinglish_natural
breakfast snacks chai coffee 1816 Google Pay,1816,food,upi,gpay,hdfc,cue_row
bhai SonyLIV 2796 rupees debit card se,2796,entertainment,card,,,hinglish_natural
Rs408 paid to upGrad via Gpay UPI from idfc Bank ending 6270,408,education,upi,gpay,idfc,ocr_upi
flatmate rent share 215 card dost,215,friends,card,,hdfc,friends_synthetic
"D BEWAKOOF 2599.88 Completed 12Feb 2026,11:14 pm Axis Bank Bank 9818 UPI transaction ID 41649798474018 TO:BEWAKOOF bewakoof.18002@axis bankbank Googletransaction lD XYZabc130103 OPI Google Pay",2599.88,shopping,upi,gpay,axis,ocr_upi
Goibibo mein 239 lag gaye card se bhara,239,travel,card,,sbi,voice_transcript
1422 rs. Vikram cash me,1422,friends,cash,,,hinglish_natural
eye checkup 633 rs. phonepe se,633,healthcare,upi,phonepe,jupiter,hinglish_natural
eye checkup me 2574 rupees ka checkup karaya Phonepe se bhai,2574,healthcare,upi,phonepe,,hinglish_natural
"STARBUCKS
Item 1 176
Item 2 293
Total Rs4185
GPay",4185,food,upi,gpay,yes bank,ocr_receipt
SonyLIV ka ticket liya 29 rupaye credit card se icici se budget tod diya,29,entertainment,card,,icici,hinglish_natural
TO:MOBILERECHARGE mobilerecharge.59735@statebankbank From:AMITSINGH (State Bank PhonePe : sender8542@okstatebankbank,6866,utilities,upi,phonepe,sbi,ocr_upi
bhai roommate ko udhar return kiya 7571 rs phonepe se,7571,friends,upi,phonepe,,friends_synthetic
kal crypto ka mutual fund kia 1545 card se bohot mehenga,1545,investment,card,,,hinglish_natural
Kuvera ka paisa daala 3763 rupaye UPI se pay kr diya,3763,investment,upi,paytm,slice,hinglish_natural
SBI loan Rs.21102 Visa,21102,emi,card,,,english_natural
1225 rs Unacademy card se pay kia,1225,education,card,,fi,hinglish_natural
TO:EDUCATIONLOANEMI educationloanemi.88360@axisbankbank From:UTSAVJANA (Axis Bank slice : sender7516@okaxisbankbank,2401.12,emi,upi,slice,axis,ocr_upi
credit card EMI se EMI kat gayi 49656 rupees ka UPI se de diye,28134,emi,upi,phonepe,,source_hinglish
2524 rupaiye cafe debit card se budget tod diya,2524,food,card,,,hinglish_natural
car loan EMI me 4854 rupaiye ka loan payment kr diya debit card se yaar,4854,emi,card,,,hinglish_natural
ghar jaate waqt EatFit 1013 rupaye cash me,1013,food,cash,,,hinglish_natural
coaching exam preparation study material ₹34053 card,34053,education,card,,axis,cue_row
EaseMyTrip 2574 rs. Phonepe se pay kr diya budget tod diya,2574,travel,upi,phonepe,,hinglish_natural
i did 348 expense on society maintenance using cash,348,utilities,cash,,,voice_transcript
UPI/33985726/MALL/ICICI,1942,shopping,card,,icici,english_natural
medical checkup lab test health insurance Rs.4096 PayTM,4096,healthcare,upi,paytm,,cue_row
subah bro se transfer kiya 3327 ₹ ka cash diye Fi wale account se,3327,friends,cash,,fi,hinglish_natural
Dominos pe 23257 ₹ ka khana order kiyaa haath se die HDFC account se,23257,food,cash,,hdfc,hinglish_natural
Rohan 44650 debited from slice,44650,friends,upi,bhim,slice,english_natural
electricity bill se bill bhara 910 ka UPI se pay kia sbi account se yaar,910,utilities,upi,phonepe,sbi,hinglish_natural
raat ko 4816 rupaiye course lya tuition pe UPI se diy,4816,education,upi,gpay,,hinglish_natural
mutual fund SIP stocks PPF FD investment Rs.49074 paytm,49074,investment,upi,paytm,,cue_row
amazon flipkart myntra online shopping order ₹380 Phone Pe,380,shopping,upi,phonepe,axis,cue_row
Spotify 149 niyo,149,entertainment,upi,niyo,pnb,ocr_upi
split bill 21685 PayTM se Shreya ko diya,21685,friends,upi,paytm,bandhan,friends_synthetic
Reliance Digital 4728 rupaye UPI se die,4728,shopping,upi,gpay,hdfc,hinglish_natural
raat ko Zara ka shopping kiya 178 rs. UPI se pay kr diya HDFC Bank account se,178,shopping,upi,cred,hdfc,hinglish_natural
abhi car loan EMI me 36177 rupaye ka installment de diya card se pay kia,36177,emi,card,,hdfc,hinglish_natural
298 rupees diagnostic cash,298,healthcare,cash,,,voice_transcript
dinner split 144 rupaye Priya PhonePe,144,friends,upi,phonepe,,friends_synthetic
dopahar ko 185 Nykaa UPI se pay kia,185,shopping,upi,phonepe,,hinglish_natural
aaj 98 rs split kar diya Karan ko PhonePe pe,98,friends,upi,phonepe,,hinglish_natural
BSNL 32122 rupaiye UPI se de diye bohot mehenga,32122,utilities,upi,phonepe,,hinglish_natural
electricity bill payment Rs.43673 done via CRED,43673,utilities,upi,cred,,english_natural
UPI/22157766/SPOTIFY/BANK,2199.72,entertainment,card,,,english_natural
netflix spotify hotstar subscription movie show ₹2044 PhonePe,2044,entertainment,upi,phonepe,,cue_row
sent Rs 796 to friend on PhonePe split bill UPI,796,friends,upi,phonepe,,cue_row
gaming Rs.209.02 Mastercard,209.02,entertainment,card,,,english_natural
POS/CONCERT/FI MONEY/9398,282,entertainment,upi,fi,slice,english_natural
3406 rupaye books lya Coursera pe gpay se,3406,education,upi,gpay,,hinglish_natural
subah 22414 rupay petrol bharra Uber ko card se pay kia,22414,travel,card,,,hinglish_natural
maine 327 rupaye 1mg ko diye Phonepe se,327,healthcare,upi,phonepe,sbi,voice_transcript
Airtel recharge payment R 35319 done via credit card,35319,utilities,card,,,english_natural
HDFC LOAN INR 384 KOTAK,384,emi,card,,kotak,english_natural
Priya mein 2372 lag gaye cash se bhara,2372,friends,cash,,,voice_transcript
Spent Rs.20.62 on dhaba using cred,20.62,food,upi,cred,,english_natural
aaj PPF ka mutual fund kya 242 rupaye debit card se,242,investment,card,,,hinglish_natural
2617 cash mess,2617,food,cash,,slice,english_natural
Flipkart order INR 42220,42220,shopping,card,,icici,source_english
Payment of Rs 395 to Priya was successful via Phone Pe UPI Ref No 6602759454 HDFC Bank Account 4471,395,friends,upi,phonepe,hdfc,ocr_upi
friend se udhar return kya 26187 rs. ka Phonepe se pay kia,26187,friends,upi,phonepe,jupiter,hinglish_natural
maine 46511 rupaye Uber ko diye card se,46511,travel,card,,jupiter,voice_transcript
dentist se test karaya 1160 rs. ka GPay pe PNB account se,1160,healthcare,upi,gpay,pnb,hinglish_natural
kal water bill ka bill pay kia 48979 rupees UPI se pay kiya,48979,utilities,upi,slice,,hinglish_natural
i did 353 expense on H&M using GPay,353,shopping,upi,gpay,jupiter,voice_transcript
Reliance Fresh se khana khya 325 rupees ka UPI se diyee,325,food,upi,paytm,,hinglish_natural
33253 doctor UPI se,33253,healthcare,upi,phonepe,jupiter,hinglish_natural
COLLEAGUE INR 261,261,friends,upi,gpay,,english_natural
33151 ₹ bill pay kya BSNL ko debit card se,33151,utilities,card,,,hinglish_natural
31039 rupees diagnostic cash me,31039,healthcare,cash,,icici,hinglish_natural
Used Fi gpay to pay INR 160 for Coursera,160,education,upi,gpay,fi,english_natural
"TAX INVOICE
PharmEasy
Grand Total: Rs498
Payment: CARD",498,healthcare,card,,,ocr_receipt
386 rupaiye Netmeds cash me,386,healthcare,cash,,,hinglish_natural
mutual fund SIP stocks PPF FD investment 2609 Phone Pe,2609,investment,upi,phonepe,hdfc,cue_row
Reliance Fresh 436 Niyo se,436,food,upi,niyo,,hinglish_natural
"D CHAIPOINT 4939 Completed 18Jan 2026,9:31 pm PNB Bank 4394 UPI transaction ID 6946756892 TO:CHAIPOINT chai point.89147@pnbbank Goog1etransaction lD CICAgJjg768072 OPI gpay",4939,food,upi,gpay,pnb,ocr_upi
Spotify 3935 rs Phone Pe pe,3935,entertainment,upi,phonepe,,hinglish_natural
office se aate hue PPF ka stock liya 151 ₹ UPI se,151,investment,upi,gpay,slice,hinglish_natural
TO:MALL mall.52519@hdfcbank From:RAHULKUMAR (hdfc CRED : sender5119@okhdfcbank,2396.89,shopping,upi,cred,hdfc,ocr_upi
spent 4242 rupees on DMart via Phonepe,4242,food,upi,phonepe,,voice_transcript
2003 Gpay insurance premium,2003,utilities,upi,gpay,,english_natural
4006 rupaiye mangwaya Dominos ko card se yaar,4006,food,card,,,hinglish_natural
Payment of Rs.1024 to PVR was successful via Gpay UPI Ref No 4258538683 HDFC Account 9478,1024,entertainment,upi,gpay,hdfc,ocr_upi
Netflix ka ticket lya 1707 rupay debit card se budget tod diya,1707,entertainment,card,,hdfc,hinglish_natural
"BILL
YouTube Premium
456.67
CARD
Thank You Visit Again",456.67,entertainment,card,,indusind,ocr_receipt
"BILL
Burger King
Rs.180.82
PhonePe
Thank You Visit Again",180.82,food,upi,phonepe,sbi,ocr_receipt
auto 4286,4286,travel,card,,sbi,english_natural
bhai Pooja ko udhar return kiya 2196 rs gpay se,2196,friends,upi,gpay,,friends_synthetic
284 rupees game liyaa INOX pe UPI se die Axis Bank se kata,284,entertainment,upi,cred,axis,hinglish_natural
"D BAJAJFINANCEEMI 655 Completed 5Feb 2026,3:26 pm SBI Bank 4550 UPI transaction ID 93658834996 TO:BAJAJFINANCEEMI bajaj finance emi.16216@sbibank Googletransaction lD CICAgJjg488252 OPI PhonePe",655,emi,upi,phonepe,sbi,ocr_upi
aaj Bharat Petroleum 15656 rs via phonepe,15656,travel,upi,phonepe,icici,hinglish_natural
dost Rahul ko 356 rupaye Cred se bheje,356,friends,upi,cred,,friends_synthetic
"MARKET RESTAURANT
Total 517.40
Cash Received
Change 0.00",517.40,shopping,upi,paytm,,ocr_receipt
medical checkup lab test health insurance R 748 Phonepe,748,healthcare,upi,phonepe,,cue_row
HP Petrol ka ticket book kiyaa 355 haath se de diya,355,travel,cash,,,hinglish_natural
PVR ka 33165 rupees ka bill Gpay se pay kiya,33165,entertainment,upi,gpay,,voice_transcript
home loan car loan credit card EMI monthly 4682 autopay phonepe,4682,emi,upi,phonepe,,cue_row
374 rupees dost ko diyee roommate pe Gpay pe,374,friends,upi,gpay,,hinglish_natural
paid back friend lent money Rs 605 Phone Pe,605,friends,upi,phonepe,,cue_row
dost Divya ko 357 rupaye cash se bheje,357,friends,cash,,,friends_synthetic
Water bill INR 17251,17251,utilities,cash,,,source_english
₹687 to dentist via card State Bank account,687,healthcare,card,,sbi,english_natural
bhai flatmate pe 43165 rupaiye ka dost ko de diye Phone Pe se,43165,friends,upi,phonepe,,hinglish_natural
Box8 1252 rupay UPI se pay kr diya,8,food,upi,cred,,hinglish_natural
Bharat Petroleum se ride lya 494 rupaiye ka UPI se de diya,42963,travel,upi,paytm,,source_hinglish
office se aate hue Kuvera 2197 rupaye UPI se pay kr diya,2197,investment,upi,phonepe,,hinglish_natural
grocery vegetables milk bread fruits INR 47725 paid card,47725,food,card,,,cue_row
10818 rupees credit card EMI card se pay kiyaa,10818,emi,card,,,hinglish_natural
ATM/CASH/BANK/760.92,760.92,healthcare,upi,phonepe,,english_natural
Rs.249.12 charged for Paytm Money on PhonePe,249.12,investment,upi,phonepe,,english_natural
6713 transfer kya Neha pe via G Pay,6713,friends,upi,gpay,,hinglish_natural
BHAI INR 890 IDFC,890,friends,upi,paytm,idfc,english_natural
"Tata Play
Net Amount 261
Paid via PayTM",261,utilities,upi,paytm,,ocr_receipt
Slice payment Rs2727.62 stocks HDFC 6833 done,2727.62,investment,upi,slice,hdfc,ocr_upi
Unacademy 337 cash,337,education,cash,,,english_natural
"D BSNL 21854.63 Completed 18Feb 2026,9:00 pm Axis Bank Bank 3188 UPI transaction ID 823143025200298 TO:BSNL bsnl.91760@axis bankbank Soogletransaction lD XYZabc698087 OPI Google Pay",21854.63,utilities,upi,gpay,axis,ocr_upi
personal loan EMI me 49 rupees ka installment die Jupiter pe,49,emi,upi,jupiter,,hinglish_natural
21871 Rahul,21871,friends,upi,paytm,sbi,english_natural
Just paid ₹103 to electricity bill through cash,103,utilities,cash,,,english_natural
"BILL
lab test
R 37018
NIYO
Thank You Visit Again",37018,healthcare,upi,niyo,axis,ocr_receipt
Bought SIP for Rs 417 with Visa,417,investment,card,,fi,english_natural
library Rs.469 SLICE,469,education,upi,slice,,english_natural
1998 ka Chai Point bill pay kiya Phonepe se,1998,food,upi,phonepe,,voice_transcript
Gaana ka movie dekhi 41293 rupaye UPI se diye,41293,entertainment,upi,gpay,axis,hinglish_natural
bhai R 51 Google Pay,51,friends,upi,gpay,bob,english_natural
today i spent 3063 on Flipkart via Phonepe,3063,shopping,upi,phonepe,,voice_transcript
195 charged for dhaba on phonepe,195,food,upi,phonepe,idfc,english_natural
2601 rupees medicine lia hospital ko cash diye HDFC se kata,2601,healthcare,cash,,hdfc,hinglish_natural
coaching exam preparation study material Rs.12583 cash,12583,education,cash,,,cue_row
"hospital BILL
St: 440
SLICE Approved",440,healthcare,upi,slice,,ocr_receipt
"Receipt #5920
Lenskart
Amount Paid: Rs 174
Mode: Phonepe",174,shopping,upi,phonepe,sbi,ocr_receipt
2211 stationery UPI se,2211,education,upi,jupiter,hdfc,hinglish_natural
Karan me 305 rs ka split kya via Bhim,305,friends,upi,bhim,,hinglish_natural
Payment of Rs401 to Vi recharge was successful via Cred UPI Ref No 20822044843 axis Account 2123,401,utilities,upi,cred,axis,ocr_upi
kal 341 rupay Netmeds haath se diy,341,healthcare,cash,,sbi,hinglish_natural
"SWIGGY
Item 1 Rs 294
Item 2 418
Total R 1096.38
CASH",1096.38,food,cash,,,ocr_receipt
electricity water broadband mobile recharge bill Rs.6087 Phone Pe,6087,utilities,upi,phonepe,,cue_row
College fees payment INR 34118,34118,education,upi,phonepe,,source_english
FD 2773 rupay UPI se,2773,investment,upi,bhim,,hinglish_natural
Rs.455 to dost Phonepe UPI,455,friends,upi,phonepe,,friends_synthetic
kal 14246 rs. PharmEasy UPI se de diya,17962,healthcare,upi,paytm,,source_hinglish
Netmeds 12638 Google Pay Successful Canara Bank 8087,12638,healthcare,upi,gpay,canara,ocr_upi
spent 3943 rupees on SIP via card,3943,investment,card,,axis,voice_transcript
PhonePe payment Rs.2338.69 books IDFC First 8191 done,2338.69,education,upi,phonepe,idfc,ocr_upi
rent maintenance gas connection t17640 card,17640,utilities,card,,,cue_row
"Amazon
Net Amount 473.40
Paid via CRED",473.40,shopping,upi,cred,,ocr_receipt
raat ko Ola ka kiraya de diya 3736 rupaye card se,3736,travel,card,,jupiter,hinglish_natural
electricity water broadband mobile recharge bill Rs4412 Slice,4412,utilities,upi,slice,axis,cue_row
Apollo Pharmacy se dawai lya 4783 rs. ka UPI se,4783,healthcare,upi,paytm,niyo,hinglish_natural
Personal loan installment INR 24086,24086,emi,upi,gpay,,source_english
i did 24852 expense on insurance premium using niyo,24852,utilities,upi,niyo,,voice_transcript
"D CRYPTO 66.41 Completed 19Feb 2026,5:05 pm HDFC Bank Bank 9227 UPI transaction ID 96176443290765 TO:CRYPTO crypto.83443@hdfc bankbank Soogletransaction lD XYZabc489877 OPI PhonePe",66.41,investment,upi,phonepe,hdfc,ocr_upi
Air India payment INR 363.38 done via card,363.38,travel,card,,,english_natural
Electronics shopping INR 16158,16158,shopping,card,,axis,source_english
Yatra se ride liya 3634 rupaiye ka naqad SLICE account se budget tod diya,3634,travel,cash,,slice,hinglish_natural
"HOTSTAR
Item 1 62
Item 2 R 129
Total Rs.16106
Slice",16106,entertainment,upi,slice,,ocr_receipt
TO:MEESHO meesho.11011@hdfcbank From:UTSAVJANA (hdfc PhonePe : sender8153@okhdfcbank,28554,shopping,upi,phonepe,hdfc,ocr_upi
70 rupees Amazon Prime UPI se die,19731,entertainment,upi,phonepe,,source_hinglish
Paid Rs.47131 to Barbeque Nation Phone Pe UPI PNB 8907 Successful,47131,food,upi,phonepe,pnb,ocr_upi
mutual fund SIP stocks PPF FD investment Rs494 Phonepe,494,investment,upi,phonepe,,cue_row
spent 3608 rupees on Airtel recharge via Paytm,3608,utilities,upi,paytm,hdfc,voice_transcript
bhai education loan EMI ka 21 rupaye Paytm se de diya,21,emi,upi,paytm,kotak,voice_transcript
Concert ticket INR 43764,43764,entertainment,upi,gpay,,source_english
R 1139 paid to DishTV via Google Pay from Niyo,1139,utilities,upi,gpay,niyo,english_natural
"TAX INVOICE
Netmeds
Grand Total: Rs 1633
Payment: CARD",1633,healthcare,card,,,ocr_receipt
dinner split 15688 rupaye Pooja Phonepe,15688,friends,upi,phonepe,,friends_synthetic
UPI/37589459/JIOCINEMA/BANK,927,entertainment,card,,,english_natural
bhai flatmate ko udhar return kiya 4851 rs Gpay se,4851,friends,upi,gpay,,friends_synthetic
Box8 139 ₹ Gpay se pay kar diya slice se kata,8,food,upi,gpay,slice,hinglish_natural
Reliance Fresh 292,292,food,cash,,kotak,english_natural
sent money to Arjun Rs16359 on card,16359,friends,card,,,friends_synthetic
DishTV ka recharge kya 1549 rs. UPI se de diya,1549,utilities,upi,paytm,,hinglish_natural
₹1806.82 paid to SBI loan via Cred UPI from SBI Bank ending 8725,1806.82,emi,upi,cred,sbi,ocr_upi
sent ₹18402 to flatmate on PayTM,18402,friends,upi,paytm,axis,friends_synthetic
PRACTO INR 34491 IDFC,34491,healthcare,card,,idfc,english_natural
Used sbi credit card to pay ₹38957.18 for Kuvera,38957.18,investment,card,,sbi,english_natural
i paid 445 rupees for Zee5 using card,445,entertainment,card,,niyo,voice_transcript
crypto me 3433 ₹ ka paisa daala Gpay se bohot mehenga,3433,investment,upi,gpay,,hinglish_natural
17336.26 charged for Bajaj Finance EMI on G Pay,17336.26,emi,upi,gpay,,english_natural
Kuvera pe 4217 rupay ka invest kiya G Pay pe,4217,investment,upi,gpay,,hinglish_natural
"Barbeque Nation BILL
St: 4648
CASH Approved",4648,food,cash,,icici,ocr_receipt
Paid Rs 1673.44 for Rapido from my Fi account via paytm,1673.44,travel,upi,paytm,fi,english_natural
spent 12617 rupees on SIP via card,12617,investment,card,,,voice_transcript
eye checkup 353 rupay via phonepe,353,healthcare,upi,phonepe,,hinglish_natural
yaar DishTV ka bill bhara 4863 UPI se pay kar diya,4863,utilities,upi,fi,,hinglish_natural
ATM/CASH/SLICE/215,215,entertainment,upi,gpay,slice,english_natural
Zee5 ka ticket lya 2145 rupaiye G Pay pe,5,entertainment,upi,gpay,hdfc,hinglish_natural
exam fee me 2715 rupaiye ka tuition die haath se diy HDFC Bank wale account se achha deal mila,2715,education,cash,,hdfc,hinglish_natural
"bike loan EMI 955.38 Completed 13Aug 2026,3:10 pm SBI 9495 UPI transaction ID 39069542231",955.38,emi,upi,gpay,sbi,ocr_upi
today i spent 441 on Neha via paytm from my SBI bank,441,friends,upi,paytm,sbi,voice_transcript
OLA INR 3704,3704,travel,upi,niyo,,english_natural
subah flatmate me 66 rupay ka dost ko diy cash die,66,friends,cash,,jupiter,hinglish_natural
UPI/87240515/BIKE LOAN EMI/BANK,492,emi,upi,paytm,,english_natural
Zerodha me 3537 rupaiye ka mutual fund kia UPI se pay kiya HDFC Bank card se,3537,investment,upi,paytm,hdfc,hinglish_natural
flatmate se split kar diya 1884 ka card se pay kiyaa,1884,friends,card,,,hinglish_natural
sent Rs.3458 to roommate on Phone Pe,3458,friends,upi,phonepe,,friends_synthetic
ET Money 388.94 credit card,388.94,investment,card,,,english_natural
26 stock lia stocks ko gpay se,26,investment,upi,gpay,,hinglish_natural
spent 32592 rupees on Zara via card,32592,shopping,card,,,voice_transcript
"Faasos 146 Completed 14Feb 2025,8:45 pm HDFC Bank 4611 UPI transaction ID 061987801871669",146,food,upi,cred,hdfc,ocr_upi
sent money to Divya Rs.100 on PayTM,100,friends,upi,paytm,,friends_synthetic
office se aate hue 1062 rs petrol bharaa Cleartrip ko gpay se,1062,travel,upi,gpay,sbi,hinglish_natural
Spent 28776.88 on society maintenance using Slice,28776.88,utilities,upi,slice,,english_natural
yaar flatmate pe 37947 rupees ka udhar return kya UPI se diy,37947,friends,upi,paytm,,hinglish_natural
Payment of ?4693 to tuition was successful via SLICE UPI Ref No 19799123065 hdfc Account 4052,4693,education,upi,slice,hdfc,ocr_upi
Paid HP Petrol ₹48005 using Mastercard,48005,travel,card,,,english_natural
flatmate rent share 429 PhonePe Pooja,429,friends,upi,phonepe,,friends_synthetic
POS/UPGRAD/SLICE/8157,4156,education,upi,slice,,english_natural
Paid Rs.26340 to roommate cred UPI sbi 9916 Completed,26340,friends,upi,cred,sbi,ocr_upi
"Receipt #3038
McDonald's
Amount Paid: 14330
Mode: CASH",14330,food,cash,,,ocr_receipt
POS/SONYLIV/DEBIT CARD/2872,348,entertainment,card,,,english_natural
mutual fund SIP stocks PPF FD investment Rs.143 PayTM,143,investment,upi,paytm,,cue_row
POS/BYJU'S/PHONE PE/3063,185,education,upi,phonepe,,english_natural
abhi Neha se paise bheje 2838 ₹ ka via Fi,2838,friends,upi,fi,,hinglish_natural
sent Rs.394 to Priya on Slice,394,friends,upi,slice,,friends_synthetic
Just paid t993.64 to Nykaa through Cred,993.64,shopping,upi,cred,,english_natural
spent 427 rupees on dentist via Gpay,427,healthcare,upi,gpay,,voice_transcript
sent money to Karan INR 4299 on card,4299,friends,card,,,friends_synthetic
"Receipt #1887
Practo
Amount Paid: Rs 3025.92
Mode: CASH",3025.92,healthcare,cash,,,ocr_receipt
coaching exam preparation study material INR 137 cash,137,education,cash,,,cue_row
aaj JioCinema ka game le liya 217 ₹ card se pay kiya,217,entertainment,card,,rbl,hinglish_natural
Paid 33843 for stationery via Jupiter,33843,education,upi,jupiter,,english_natural
lunch dinner food order swiggy zomato restaurant meal Rs 36738 card,36738,food,card,,,cue_row
Paid Rs 339 to Airtel recharge paytm UPI HDFC Bank 7856 Successful,339,utilities,upi,paytm,hdfc,ocr_upi
petrol diesel fuel 231 at pump cred,231,travel,upi,cred,,cue_row
Rs2454 paid to SBI loan via debit card from ICICI Bank,2454,emi,card,,icici,english_natural
Spent 14470 on eye checkup using credit card,14470,healthcare,card,,,english_natural
Spent Rs.3476 on market using card,3476,shopping,card,,,english_natural
PVR me 1765 ₹ ka subscription renew kr diya naqad Federal Bank se kata,1765,entertainment,cash,,federal bank,hinglish_natural
school college tuition course books fees Rs 40497 cash,40497,education,cash,,,cue_row
Just paid 414 to flatmate through niyo,414,friends,upi,niyo,,english_natural
28084 rs. udhar return kiyaa Ananya ko cash de diye,28084,friends,cash,,,hinglish_natural
NEFT/TRANSFER/STOCKS/NIYO,150,investment,card,,niyo,english_natural
1776 mall card se pay kia achha deal mila,1776,shopping,card,,yes bank,hinglish_natural
2239 paid to friend via GPay UPI from Federal Bank Bank ending 6273,2239,friends,upi,gpay,federal bank,ocr_upi
petrol diesel fuel Rs.776 at pump cash,776,travel,cash,,,cue_row
TO:DIAGNOSTIC diagnostic.37338@axisbankbank From:AMITSINGH (Axis Bank GPay : user7453@okaxisbankbank,3249,healthcare,upi,gpay,axis,ocr_upi
3291 rupaye kha liya FreshMenu pe debit card se,3291,food,card,,,hinglish_natural
275 rupees recharge kya mobile recharge ko via paytm,275,utilities,upi,paytm,,hinglish_natural
Payment of ₹7631 to gas bill was successful via paytm UPI Ref No 5597613552202 ICICI Account 4920,7631,utilities,upi,paytm,icici,ocr_upi
home loan car loan credit card EMI monthly Rs 4404 autopay card,4404,emi,card,,,cue_row
Paid 18019 to BYJU'S gpay UPI hdfc 1894 Successful,18019,education,upi,gpay,hdfc,ocr_upi
ATM/CASH/JUPITER/3755,3755,travel,upi,jupiter,jupiter,english_natural
131 RedBus naqad,131,travel,cash,,hdfc,hinglish_natural
electronics clothes shoes accessories purchase ₹449 via cred,449,shopping,upi,cred,,cue_row
55 rs kha liya Pizza Hut ko cash de diye,55,food,cash,,icici,hinglish_natural
"Burger King BILL
St: Rs25215
CARD approved",25215,food,card,,,ocr_receipt
dopahar ko Apollo Pharmacy ka checkup karaya 3819 rupay phonepe pe Union Bank account se,3819,healthcare,upi,phonepe,union bank,hinglish_natural
"KFC RESTAURANT
Total 1235
Cash Received
Change 0.00",1235,food,cash,,axis,ocr_receipt
school college tuition course books fees Rs.17589 card,17589,education,card,,,cue_row
16522.41 paid to Zepto via cash from Fi Money,16522.41,food,cash,,fi,english_natural
3141 ₹ installment diyee SBI loan ko card se pay kiya,3141,emi,card,,,hinglish_natural
Paid 1200 for Biryani Blues via cash,1200,food,cash,,,english_natural
kal 340 rs. BSNL cash de diye,340,utilities,cash,,,hinglish_natural
grocery vegetables milk bread fruits ₹753 paid cash,753,food,cash,,,cue_row
bhai dost ko udhar return kiya 168 rs G Pay se,168,friends,upi,gpay,,friends_synthetic
TO:TATAPLAY tataplay.75347@sbibank From:UTSAVJANA (SBI PayTM : user9833@oksbibank,380,utilities,upi,paytm,sbi,ocr_upi
hospital doctor pharmacy medicine diagnostic Rs3325 card,3325,healthcare,card,,,cue_row
maine 2323 rupaye home loan EMI ko diye card se,2323,emi,card,,,voice_transcript
McDonald's payment INR 256 done via Google Pay,256,food,upi,gpay,,english_natural
netflix spotify hotstar subscription movie show Rs.4028 card,4028,entertainment,card,,,cue_row
"cafe BILL
St: 46
CARD Approved",46,food,card,,sbi,ocr_receipt
35144 paid to library via Mastercard from PNB,35144,education,card,,pnb,english_natural
home loan car loan credit card EMI monthly 439 autopay card,439,emi,card,,,cue_row
1589 rupees fees bhar diya coaching ko debit card se,1589,education,card,,,hinglish_natural
Vikram me 28818 rupaye ka split kia UPI se,28818,friends,upi,slice,hdfc,hinglish_natural
₹292 to bro jupiter UPI,292,friends,upi,jupiter,,friends_synthetic
Flipkart order INR 23890,23890,shopping,card,,,source_english
today i spent 1822 on Lenskart via CRED,1822,healthcare,upi,cred,,voice_transcript
tuition se admission kr diya 4828 rupees ka card se,4828,education,card,,,hinglish_natural
"D AIRTELRECHARGE 1523.89 Completed 8Jan 2026,1:48 pm PNB Bank 1559 UPI transaction ID 7537142276 TO:AIRTELRECHARGE airtel recharge.87909@pnbbank Soogletransaction lD CICAgJjg264433 OPI Bhim",1523.89,utilities,upi,bhim,pnb,ocr_upi
KFC 144 rupay Paytm pe matlab,144,food,upi,paytm,,hinglish_natural
₹38685 charged for stocks on Phone Pe,38685,investment,upi,phonepe,,english_natural
electricity bill 20937.96,20937.96,utilities,upi,fi,,english_natural
₹5248.59 charged for Reliance Digital on debit card,5248.59,shopping,card,,,english_natural
Lunch at hotel INR 7034,7034,food,cash,,,source_english
"Reliance Digital
Net Amount 3552
Paid via CARD",3552,shopping,card,,,ocr_receipt
2506 rupees yaar UPI se pay kiyaa,2506,friends,upi,cred,,hinglish_natural
Practo 3445.08 phonepe Completed icici 2142,3445.08,healthcare,upi,phonepe,icici,ocr_upi
"Zee5
Net Amount 3366
Paid via Phone Pe",3366,entertainment,upi,phonepe,,ocr_receipt
728 rs. Kuvera card se,728,investment,card,,,hinglish_natural
aaj 3448 rupaye order kia Meesho ko card se pay kiya,3448,shopping,card,,,hinglish_natural
raat ko personal loan EMI se loan payment kiya 240 rs. ka credit card se,240,emi,card,,,hinglish_natural
netflix spotify hotstar subscription movie show Rs.326 PayTM,326,entertainment,upi,paytm,,cue_row
ghar jaate waqt 1mg se test karaya 3319 rupaiye ka debit card se,1,healthcare,card,,canara,hinglish_natural
Paid Rs.439.84 to bike loan EMI bhim UPI HDFC Bank 9529 Successful,439.84,emi,upi,bhim,hdfc,ocr_upi
"BILL
clinic
Rs.298
CASH
Thank You Visit Again",298,healthcare,cash,,,ocr_receipt
"Snapdeal BILL
St: Rs.15167
CARD approved",15167,shopping,card,,,ocr_receipt
NEFT/TRANSFER/RELIANCE DIGITAL/ICICI,29657,shopping,upi,phonepe,icici,english_natural
mutual fund SIP stocks PPF FD investment Rs1518 Slice,1518,investment,upi,slice,,cue_row
abhi 235 rupaiye Groww debit card se,235,investment,card,,,hinglish_natural
gaming concert event ticket Rs 3193 card,3193,entertainment,card,,,cue_row
"ACT Fibernet
Net Amount 3597
Paid via CARD",3597,utilities,card,,,ocr_receipt
1429 crypto,1429,investment,upi,cred,sbi,english_natural
Neha ko 2798 transfer kiya GPay se,2798,friends,upi,gpay,,friends_synthetic
Paid 322 for FirstCry via phonepe,322,shopping,upi,phonepe,,english_natural
paid Rahul Rs 346 via Phone Pe,346,friends,upi,phonepe,,friends_synthetic
dopahar ko 12482 rupees transfer kiyaa yaar ko haath se de diya NIYO wale account se bohot mehenga,12482,friends,cash,,niyo,hinglish_natural
school fees mein 3886 lag gaye card se bhara,3886,education,card,,,voice_transcript
TO:DOST dost.25494@icicibank From:AMITSINGH (ICICI jupiter : user8835@okicicibank,52.37,friends,upi,jupiter,icici,ocr_upi
"GAS BILL RESTAURANT
Total 4055
Cash Received
Change 0.00",4055,utilities,cash,,,ocr_receipt
i did 1062 expense on Amit using cash,1062,friends,cash,,niyo,voice_transcript
bhai home loan EMI ka 606 rupaye card se de diya,606,emi,card,,bob,voice_transcript
436 rs. mutual fund Phonepe se,436,investment,upi,phonepe,,hinglish_natural
Just paid ₹3614.12 to Vedantu through cash,3614.12,education,cash,,,english_natural
4069 rupaye checkup karaya clinic ko card se,4069,healthcare,card,,,hinglish_natural
aaj clinic pe 35426 rupaye kharcha hua Google Pay se,35426,healthcare,upi,gpay,,voice_transcript
467 debited from your HDFC account for Gaana (gpay UPI),467,entertainment,upi,gpay,hdfc,ocr_upi
mutual fund SIP stocks PPF FD investment ₹1188 card,1188,investment,card,,,cue_row
PVR ka ticket lia 388 rs. card se pay kiyaa,388,entertainment,card,,,hinglish_natural
Credit card EMI INR 37737,37737,emi,card,,,source_english
Bharat Petroleum 247.91,247.91,travel,card,,jupiter,english_natural
electricity bill payment INR 363 done via debit card,363,utilities,card,,,english_natural
POS/HP PETROL/CASH/4758,4174,travel,cash,,,english_natural
494 ₹ hospital Paytm pe budget tod diya,494,healthcare,upi,paytm,axis,hinglish_natural
Paid Rs.1784 for SpiceJet from my NIYO account via BHIM,1784,travel,upi,bhim,niyo,english_natural
ANGEL ONE INR 181,181,investment,upi,gpay,,english_natural
NPS se paisa daala 4671 ka debit card se,4671,investment,card,,,hinglish_natural
Groww 22318 ₹ debit card se,22318,investment,card,,icici,hinglish_natural
paid 3942 to IRCTC through cash,3942,travel,cash,,,voice_transcript
Meesho ka shopping kiya 7819 rupaiye card se,7819,shopping,card,,jupiter,hinglish_natural
paid 434 to water bill through GPay,434,utilities,upi,gpay,,voice_transcript
Rs.2300 charged for Airtel recharge on PhonePe,2300,utilities,upi,phonepe,,english_natural
crypto gold bonds NPS portfolio 32139 card,32139,investment,card,,,cue_row
37426 rupees IRCTC G Pay,37426,travel,upi,gpay,,voice_transcript
Bought Apollo Pharmacy for 378.12 with card,378.12,healthcare,card,,,english_natural
Lenskart pe 3045 ka dawai lia card se,3045,healthcare,card,,,hinglish_natural
spent 46 rupees on Nature's Basket via cred,46,food,upi,cred,,voice_transcript
sent Rs.2097 to Priya on cash,2097,friends,cash,,,friends_synthetic
Spent Rs.4687 on SonyLIV using credit card,4687,entertainment,card,,sbi,english_natural
maine 3431 rupaye dhaba ko diye cred se,3431,food,upi,cred,icici,voice_transcript
Bewakoof me 201 rupaiye ka khareed liya UPI se NIYO se,201,shopping,upi,paytm,niyo,hinglish_natural
DOCTOR INR 3063,3063,healthcare,card,,,english_natural
Google Pay payment 2736.11 gas bill hdfc 3231 done,2736.11,utilities,upi,gpay,hdfc,ocr_upi
43840 rupaye paisa daala Coin ko Phone Pe se pay kr diya,43840,investment,upi,phonepe,,hinglish_natural
gaming concert event ticket Rs32491 NIYO,32491,entertainment,upi,niyo,,cue_row
Rs.31094.12 charged for rent on card,31094.12,utilities,card,,,english_natural
kal Coin ka SIP bhara 13378 rupaye card se pay kr diya,13378,investment,card,,,hinglish_natural
SBI LOAN INR 3087,3087,emi,upi,gpay,,english_natural
flatmate rent share 356 slice Divya,356,friends,upi,slice,,friends_synthetic
school college tuition course books fees t2917 phonepe,2917,education,upi,phonepe,,cue_row
Paid Rs.4521 for Bajaj Finance EMI via Mastercard,4521,emi,card,,,english_natural
grocery vegetables milk bread fruits Rs321 paid phonepe,321,food,upi,phonepe,,cue_row
"YOUTUBE PREMIUM
Item 1 102
Item 2 INR 249
Total Rs 12479
CARD",12479,entertainment,card,,kotak,ocr_receipt
breakfast snacks chai coffee Rs 35 card,35,food,card,,sbi,cue_row
Swiggy payment ₹1264 done via debit card,1264,food,card,,axis,english_natural
"Receipt #6444
diagnostic
Amount Paid: Rs.1061
Mode: Phone Pe",1061,healthcare,upi,phonepe,,ocr_receipt
248 rupees BookMyShow haath se de diye bc,248,entertainment,cash,,slice,hinglish_natural
Paid FreshMenu INR 1482.08 using cash,1482.08,food,cash,,,english_natural
Home loan EMI INR 44640,44640,emi,card,,,source_english
11451.26 Visa Rapido,11451.26,travel,card,,hdfc,english_natural
Zee5 ka movie dekhi 21601 rupay paytm se pay kia,5,entertainment,upi,paytm,niyo,hinglish_natural
68 cash dentist,68,healthcare,cash,,,english_natural
netflix spotify hotstar subscription movie show INR 23495 Phonepe,23495,entertainment,upi,phonepe,,cue_row
electronics clothes shoes accessories purchase Rs.3754 via PayTM,3754,shopping,upi,paytm,,cue_row
uber ola cab ride airport train ticket INR 34 card,34,travel,card,,icici,cue_row
Paid ₹19342.76 for diagnostic via cash,19342.76,healthcare,cash,,fi,english_natural
i did 44418 expense on Angel One using card,44418,investment,card,,,voice_transcript
"WATER BILL
Item 1 Rs.456
Item 2 ?380
Total ₹5963
paytm",5963,utilities,upi,paytm,,ocr_receipt
2163 Unacademy cash me,2163,education,cash,,pnb,hinglish_natural
2057 fees bhar diya school fees ko cash de diye,2057,education,cash,,,hinglish_natural
lunch dinner food order swiggy zomato restaurant meal ₹184 cash,184,food,cash,,,cue_row
Netflix 438 G Pay Successful State Bank 8255,438,entertainment,upi,gpay,sbi,ocr_upi
electronics clothes shoes accessories purchase t357 via card,357,shopping,card,,,cue_row
sent 186 to Rohan on GPay,186,friends,upi,gpay,,friends_synthetic
31 rs Vedantu card se pay kr diya,31,education,card,,jupiter,hinglish_natural
credit card EMI se EMI bharaa 1167 rs. ka card se pay kia,1167,emi,card,,,hinglish_natural
i paid 612 rupees for PharmEasy using card,612,healthcare,card,,,voice_transcript
lab test ₹1470.86 Paytm,1470.86,healthcare,upi,paytm,icici,ocr_upi
Nykaa ka shopping kiya 73 rupaiye card se pay kya,73,shopping,card,,,hinglish_natural
PPF contribution INR 38046,38046,investment,card,,,source_english
438 rs EMI kat gayi HDFC loan ko card se,438,emi,card,,,hinglish_natural
bhai Vikram ka 2266 rupaye cash se de diya,2266,friends,cash,,,voice_transcript
bhai bro ko udhar return kiya 14518 rs Jupiter se,14518,friends,upi,jupiter,kotak,friends_synthetic
maine 3070 rupaye Vi recharge ko diye Slice se,3070,utilities,upi,slice,hdfc,voice_transcript
ATM/CASH/INDUSIND/2111,2111,healthcare,cash,,indusind,english_natural
Lenskart ka order kiyaa 158 rupaiye UPI se pay kya,158,shopping,upi,slice,jupiter,hinglish_natural
flatmate rent share 392 Google Pay Shreya,392,friends,upi,gpay,,friends_synthetic
Swiggy 260 rupaye Paytm se pay kar diya,260,food,upi,paytm,,hinglish_natural
dost Ananya ko 4980 rupaye paytm se bheje,4980,friends,upi,paytm,,friends_synthetic
"TAX INVOICE
mobile recharge
Grand Total: Rs.49419
Payment: Bhim",49419,utilities,upi,bhim,,ocr_receipt
paid Amit ₹2621 via cash,2621,friends,cash,,,friends_synthetic
gas bill se bill pay kiyaa 385 rupees ka UPI se diye,385,utilities,upi,phonepe,,hinglish_natural
"MALL RESTAURANT
Total 21369
Cash Received
Change 0.00",21369,shopping,upi,gpay,,ocr_receipt
ATM/CASH/STATE BANK/450,450,friends,cash,,sbi,english_natural
kal 37999 rs. JioMart UPI se pay kar diya,41867,food,upi,gpay,,source_hinglish
ATM/CASH/HDFC BANK/4133.85,4133.85,investment,upi,bhim,hdfc,english_natural
bhai Reliance Digital ka khareed liyaa 305 rupay debit card se,305,shopping,card,,,hinglish_natural
Game purchase INR 13967,13967,entertainment,upi,paytm,,source_english
Bought mess for Rs.30292 with NIYO,30292,food,upi,niyo,,english_natural
yaar eye checkup se test karaya 1321 rupees ka cash me,1321,healthcare,cash,,,hinglish_natural
uber ola cab ride airport train ticket 2508 cash,2508,travel,cash,,,cue_row
paid back friend lent money ₹1106 card,1106,friends,card,,,cue_row
"clinic BILL
St: 5125.11
CARD Approved",5125.11,healthcare,card,,,ocr_receipt
G Pay payment Rs.17131 stationery Federal Bank 5769 done,17131,education,upi,gpay,federal bank,ocr_upi
Netflix 278 UPI se pay kar diya budget tod diya,278,entertainment,upi,phonepe,,hinglish_natural
home loan car loan credit card EMI monthly 3344 autopay card,3344,emi,card,,,cue_row
497 ka Rohan bill pay kiya GPay se,497,friends,upi,gpay,,voice_transcript
HDFC loan me 42062 rupay ka EMI bharra phonepe se HDFC Bank account se,42062,emi,upi,phonepe,hdfc,hinglish_natural
TO:PRIYA priya.39847@hdfcbank From:PRIYASHARMA (HDFC Bhim : user1425@okhdfcbank,2604,friends,upi,bhim,hdfc,ocr_upi
personal loan installment EMI deduction Rs3805 card,3805,emi,card,,,cue_row
office se aate hue water bill ka bill bhara 32816 rupay BHIM pe,32816,utilities,upi,bhim,,hinglish_natural
INR 4804 paid to Vedantu via Cred UPI from HDFC Bank Bank ending 5518,4804,education,upi,cred,hdfc,ocr_upi
Amit se dost ko diyee 2579 rupaiye ka UPI se,2579,friends,upi,gpay,,hinglish_natural
split bill 397 PayTM se Shreya ko diya,397,friends,upi,paytm,,friends_synthetic
₹2656 charged for INOX on debit card,2656,entertainment,card,,,english_natural
dopahar ko PPF ka stock le liya 2026 debit card se,2026,investment,card,,jupiter,hinglish_natural
Bought Udemy for ₹34 with Visa,34,education,card,,,english_natural
today i spent 3717 on bike loan EMI via gpay from my kotak bank,3717,emi,upi,gpay,kotak,voice_transcript
Ola cab INR 12220,12220,travel,upi,gpay,,source_english
Payment of R 4395 to Indian Oil was successful via Phonepe UPI Ref No 06277789283 Bandhan Bank Account 3955,4395,travel,upi,phonepe,bandhan,ocr_upi
4027 rupaiye khareed lia Flipkart pe haath se diy,4027,shopping,cash,,,hinglish_natural
"MEDPLUS
Item 1 ₹388
Item 2 ₹114
Total 321
PayTM",321,healthcare,upi,paytm,,ocr_receipt
4106 rupees Dominos SLICE,4106,food,upi,slice,,voice_transcript
2776 recharge kia Tata Play ko debit card se,2776,utilities,card,,,hinglish_natural
INR 4259.54 charged for Neha on slice,4259.54,friends,upi,slice,,english_natural
Used Fi GPay to pay ₹4968 for 1mg,4968,healthcare,upi,gpay,fi,english_natural
maine 29263 rupaye Tata CLiQ ko diye cash se,29263,shopping,cash,,,voice_transcript
aaj EaseMyTrip pe 161 rupaye kharcha hua gpay se,161,travel,upi,gpay,canara,voice_transcript
JioMart 19779 rs. UPI se pay kiya,19779,food,upi,gpay,canara,hinglish_natural
aaj 339 rupees saman le liya electronics store ko Google Pay se Niyo account se,339,shopping,upi,gpay,niyo,hinglish_natural
233 rs. PharmEasy Paytm se pay kr diya achha deal mila,2701,healthcare,upi,paytm,,source_hinglish
177 rupaiye cafe GPay se,177,food,upi,gpay,,hinglish_natural
Starbucks se mangwaya 3109 rupaiye ka via BHIM,3109,food,upi,bhim,,hinglish_natural
UPI/11350473/PVR/BANK,4663,entertainment,upi,gpay,,english_natural
dinner split 68 rupaye Shreya cash,68,friends,cash,,,friends_synthetic
"BILL
MedPlus
t53
Bhim
Thank You Visit Again",53,healthcare,upi,bhim,,ocr_receipt
bhai roommate ka 148 rupaye Paytm se de diya,148,friends,upi,paytm,,voice_transcript
Just paid 45224 to SBI loan through Phonepe,45224,emi,upi,phonepe,,english_natural
"HOSPITAL
Item 1 INR 221
Item 2 286
Total ?3359.28
Bhim",3359.28,healthcare,upi,bhim,,ocr_receipt
1002 ₹ udhar return kr diya Shreya ko Gpay se pay kiyaa,1002,friends,upi,gpay,kotak,hinglish_natural
personal loan installment EMI deduction Rs 181 card,181,emi,card,,kotak,cue_row
292 rupaiye Ola card se pay kar diya,10666,travel,card,,,source_hinglish
Exam fee INR 8970,8970,education,cash,,,source_english
car loan EMI ka 3958 rupees ka bill card se pay kiya,3958,emi,card,,,voice_transcript
tuition ka admission kia 381 rupaye UPI se pay kia icici se,381,education,upi,bhim,icici,hinglish_natural
sent 1008 to Rohan on SLICE,1008,friends,upi,slice,sbi,friends_synthetic
bhai Divya ko udhar return kiya 320 rs PhonePe se,320,friends,upi,phonepe,,friends_synthetic
Paid ₹305 for Zerodha from my Jupiter account via Phonepe,305,investment,upi,phonepe,jupiter,english_natural
upGrad 118 rupaiye Cred se pay kiyaa bc,23150,education,upi,cred,,source_hinglish
split bill 263 Phone Pe se Karan ko diya,263,friends,upi,phonepe,,friends_synthetic
mutual fund me 2257 rupaye ka mutual fund kiya card se,2257,investment,card,,,hinglish_natural
Netflix R 2277 debited from Kotak Mahindra,2277,entertainment,cash,,kotak,english_natural
APPLE MUSIC INR 3677,3677,entertainment,card,,,english_natural
Just paid 4559.37 to doctor through Paytm,4559.37,healthcare,upi,paytm,sbi,english_natural
bhai Ananya ko udhar return kiya 1047 rs cash se,1047,friends,cash,,,friends_synthetic
maine 2004 rupaye mall ko diye card se,2004,shopping,card,,icici,voice_transcript
library 2922 jupiter Completed HDFC 5584,2922,education,upi,jupiter,hdfc,ocr_upi
phonepe payment ?13145.83 Amazon Axis 3194 done,13145.83,shopping,upi,phonepe,axis,ocr_upi
"NATURE'S BASKET
Item 1 419
Item 2 164
Total Rs 161
Jupiter",161,food,upi,jupiter,idfc,ocr_receipt
1402 debited from your SBI account for credit card EMI (fi UPI),1402,emi,upi,fi,sbi,ocr_upi
1866 rupaiye khareed lya Amazon pe card se pay kr diya,1866,shopping,card,,,hinglish_natural
car loan EMI me 43113 rupaye ka EMI bhar diya debit card se,43113,emi,card,,,hinglish_natural
INR 10101 paid to Airtel recharge via slice UPI from ICICI Bank Bank ending 8500,10101,utilities,upi,slice,icici,ocr_upi
1181 rs. Udemy via GPay,1181,education,upi,gpay,slice,hinglish_natural
PharmEasy 4178 rupaye card se pay kiyaa,31280,healthcare,card,,,source_hinglish
rickshaw payment Rs 329 done via Mastercard,329,travel,card,,indusind,english_natural
₹313 to Rahul paytm UPI,313,friends,upi,paytm,sbi,friends_synthetic
BSNL ka 15703 rupees ka bill GPay se pay kiya,15703,utilities,upi,gpay,,voice_transcript
Paid Rs179 for stationery via credit card,179,education,card,,yes bank,english_natural
46084 rupees payment kiyaa Tata Play ko gpay se,46084,utilities,upi,gpay,,hinglish_natural
Vedantu se admission kia 2278 rupees ka GPay se pay kia,2278,education,upi,gpay,,hinglish_natural
aaj dost pe 4403 rupaye kharcha hua PhonePe se,4403,friends,upi,phonepe,,voice_transcript
paid 10617 to Bharat Petroleum through Google Pay,10617,travel,upi,gpay,,voice_transcript
breakfast snacks chai coffee Rs.154 card,154,food,card,,hdfc,cue_row
aaj EaseMyTrip pe 3455 rupaye kharcha hua PhonePe se,3455,travel,upi,phonepe,fi,voice_transcript
bhai Spotify ka 27591 rupaye jupiter se de diya,27591,entertainment,upi,jupiter,fi,voice_transcript
453 debited from your HDFC account for concert (paytm UPI),453,entertainment,upi,paytm,hdfc,ocr_upi
Rs 3126.33 paid to Ola via paytm UPI from Federal Bank Bank ending 5032,3126.33,travel,upi,paytm,federal bank,ocr_upi
bhai Myntra ka 36474 rupaye cash se de diya,36474,shopping,cash,,icici,voice_transcript
760 rupees MakeMyTrip card State Bank account,760,travel,card,,sbi,voice_transcript
?1707 charged for NPS on GPay,1707,investment,upi,gpay,,english_natural
petrol diesel fuel Rs.422 at pump BHIM,422,travel,upi,bhim,,cue_row
home loan car loan credit card EMI monthly Rs381 autopay card,381,emi,card,,,cue_row
JioCinema ₹188 credit card,188,entertainment,card,,slice,english_natural
aaj friend ka dost ko de diye 44960 rupaye credit card se,44960,friends,card,,,hinglish_natural
paid 1814 to college fees through card from sbi,1814,education,card,,sbi,voice_transcript
"D HDFCLOAN 41631 Completed 15Mar 2026,8:24 pm HDFC Bank Bank 6055 UPI transaction ID 32572604490925 TO:HDFCLOAN hdfc loan.98349@hdfc bankbank Soogletransaction lD CICAgJjg039098 OPI Bhim",41631,emi,upi,bhim,hdfc,ocr_upi
Rs1084 paid to EaseMyTrip via slice UPI from Yes Bank Bank ending 8181,1084,travel,upi,slice,yes bank,ocr_upi
bhai mess ka mangwaya 435 rupees cash me bc,435,food,cash,,,hinglish_natural
sent 442 to yaar on gpay,442,friends,upi,gpay,,friends_synthetic
"car loan EMI 28145 Completed 12Aug 2026,7:26 am Indusind Bank 6035 UPI transaction ID 178296147307480",28145,emi,upi,gpay,indusind,ocr_upi
42857 rs. diagnostic cash diy,37180,healthcare,cash,,,source_hinglish
Gpay payment Rs 11359 SBI loan HDFC 8620 completed,11359,emi,upi,gpay,hdfc,ocr_upi
Yatra me 291 ka ride lya UPI se diy jupiter card se,291,travel,upi,gpay,jupiter,hinglish_natural
doctor ka dawai le liya 1432 rupaiye UPI se de diya,1432,healthcare,upi,paytm,hdfc,hinglish_natural
Vedantu 4108 rs. card se achha deal mila,4108,education,card,,axis,hinglish_natural
"Practo 834.81 Completed 2Oct 2025,2:38 pm IDFC 6701 UPI transaction ID 5808511150",834.81,healthcare,upi,phonepe,idfc,ocr_upi
bhai SpiceJet ka 205 rupaye card se de diya,205,travel,card,,,voice_transcript
stocks ₹28811.27 Phonepe,28811.27,investment,upi,phonepe,hdfc,ocr_upi
Coursera ka tuition diyee 278 ₹ PayTM pe,278,education,upi,paytm,,hinglish_natural
"Receipt #5868
diagnostic
Amount Paid: ₹16320
Mode: CARD",16320,healthcare,card,,,ocr_receipt
personal loan EMI 2058 rs. CRED se pay kiyaa,2058,emi,upi,cred,slice,hinglish_natural
dinner split 490 rupaye bhai Bhim,490,friends,upi,bhim,,friends_synthetic
Stock purchase INR 1554,1554,investment,card,,,source_english
car loan EMI se EMI kat gayi 4995 rs ka card se pay kar diya,9805,emi,card,,,source_hinglish
Library fee INR 37624,37624,education,upi,slice,,source_english
Used Axis cred to pay 13815 for Groww,13815,investment,upi,cred,axis,english_natural
ghar jaate waqt education loan EMI se loan payment kiyaa 2574 rupaiye ka Paytm pe,2574,emi,upi,paytm,,hinglish_natural
bhai Rohan ko udhar return kiya 3920 rs PayTM se,3920,friends,upi,paytm,,friends_synthetic
slice payment ₹187.64 PPF State Bank 8736 successful,187.64,investment,upi,slice,sbi,ocr_upi
clinic 441.81 cash,441.81,healthcare,cash,,,english_natural
Paid ₹247.27 for home loan EMI via Visa,247.27,emi,card,,bob,english_natural
Rs1743 to HDFC loan via Google Pay,1743,emi,upi,gpay,,english_natural
flatmate rent share 751 cash Rohan,751,friends,cash,,,friends_synthetic
gpay payment Rs358 HP Petrol Axis 4722 completed,358,travel,upi,gpay,axis,ocr_upi
Payment of ₹2300 to Zerodha was successful via NIYO UPI Ref No 7026137610352 Indusind Bank Account 1815,2300,investment,upi,niyo,indusind,ocr_upi
Payment of 429.60 to Box8 was successful via G Pay UPI Ref No 16060326124433 SBI Account 1199,429.60,food,upi,gpay,sbi,ocr_upi
218 rupees Rahul cash,218,friends,cash,,,voice_transcript
"BILL
Zara
INR 217
CARD
Thank You Visit Again",217,shopping,card,,,ocr_receipt
Blinkit 412 rupees Google Pay se,412,food,upi,gpay,,hinglish_natural
yaar Pizza Hut 3633 ₹ UPI se de diya,3633,food,upi,gpay,,hinglish_natural
Payment of ?200 to 1mg was successful via Fi Money UPI Ref No 45347491160 ICICI Bank Account 7941,200,healthcare,upi,fi,icici,ocr_upi
"gaming BILL
St: Rs123.80
CARD APPROVED",123.80,entertainment,card,,icici,ocr_receipt
coaching ka books le liya 2082 cash de diya,2082,education,cash,,slice,hinglish_natural
maine 1421 rupaye SpiceJet ko diye Fi Money se,1421,travel,upi,fi,,voice_transcript
311 rupees udhar return kr diya Divya pe bhim pe,311,friends,upi,bhim,,hinglish_natural
Nykaa 18035 rupaiye debit card se,18035,shopping,card,,,hinglish_natural
"TAX INVOICE
rent
Grand Total: ₹3848
Payment: Cred",3848,utilities,upi,cred,icici,ocr_receipt
Paid Rs 3991.03 for hospital via card,3991.03,healthcare,card,,,english_natural
Bought Netflix for ₹3949 with Bhim,3949,entertainment,upi,bhim,,english_natural
Meesho 369 rs. card se pay kiya budget tod diya,34527,shopping,card,,,source_hinglish
abhi 20054 rs. Shreya PayTM pe,20054,friends,upi,paytm,sbi,hinglish_natural
TO:COLLEGEFEES collegefees.30904@canarabank From:AMITSINGH (Canara PayTM : sender8221@okcanarabank,32967.21,education,upi,paytm,canara,ocr_upi
dinner split 1187 rupaye Karan PhonePe,1187,friends,upi,phonepe,,friends_synthetic
education loan EMI R 231.51 Mastercard,231.51,emi,card,,,english_natural
gas bill 2525 cred se pay kiya,2525,utilities,upi,cred,,hinglish_natural
168 rupaiye Nature's Basket via phonepe,168,food,upi,phonepe,sbi,hinglish_natural
Vikram 43973.74 Paytm Payment done State Bank 9861,43973.74,friends,upi,paytm,sbi,ocr_upi
"PRACTO RESTAURANT
Total 1609
Cash Received
Change 0.00",1609,healthcare,upi,phonepe,,ocr_receipt
jupiter payment ₹1578 MakeMyTrip Axis Bank 6503 completed,1578,travel,upi,jupiter,axis,ocr_upi
Udemy 33370,33370,education,card,,,english_natural
Paid home loan EMI ₹4634 using Paytm,4634,emi,upi,paytm,,english_natural
"TAX INVOICE
Gaana
Grand Total: 1487
Payment: Paytm",1487,entertainment,upi,paytm,sbi,ocr_receipt
Bewakoof 2951 rs. card se,2951,shopping,card,,,hinglish_natural
"DOCTOR
Item 1 t198
Item 2 Rs.407
Total Rs 236.36
CARD",236.36,healthcare,card,,,ocr_receipt
"Receipt #3235
mess
Amount Paid: Rs.230
Mode: phonepe",230,food,upi,phonepe,,ocr_receipt
SpiceJet payment ₹31577.17 done via card,31577.17,travel,card,,pnb,english_natural
office se aate hue metro pe 20046 ka kiraya de diya card se,20046,travel,card,,niyo,hinglish_natural
"JioCinema BILL
St: 167
CARD APPROVED",167,entertainment,card,,,ocr_receipt
NEFT/TRANSFER/ELECTRICITY BILL/ICICI,2359.86,utilities,card,,icici,english_natural
college fees se fees bhra 8907 rs. ka debit card se NIYO se kata,8907,education,card,,niyo,hinglish_natural
"Receipt #2979
Behrouz
Amount Paid: ₹27206.08
Mode: CASH",27206.08,food,cash,,sbi,ocr_receipt
i paid 46937 rupees for mess using cash,46937,food,cash,,slice,voice_transcript
?142.54 paid to Pooja via CRED from ICICI,142.54,friends,upi,cred,icici,english_natural
POS/KARAN/SLICE/3801,77.60,friends,upi,slice,,english_natural
286 rupay mangwaya Nature's Basket ko haath se de diya achha deal mila,286,food,cash,,fi,hinglish_natural
"BILL
Gaana
₹1027
CARD
Thank You Visit Again",1027,entertainment,card,,,ocr_receipt
crypto gold bonds NPS portfolio 195 Google Pay,195,investment,upi,gpay,sbi,cue_row
"BILL
broadband
₹572
CARD
Thank You Visit Again",572,utilities,card,,,ocr_receipt
Payment of ₹31004 to BSNL was successful via Google Pay UPI Ref No 51888578782809 icici Account 5739,31004,utilities,upi,gpay,icici,ocr_upi
Spent ₹14151 on Apollo Pharmacy using debit card,14151,healthcare,card,,hdfc,english_natural
dinner split 58 rupaye Rahul SLICE,58,friends,upi,slice,canara,friends_synthetic
3751 rupaiye Rahul Phonepe pe,3751,friends,upi,phonepe,,hinglish_natural
dinner split 4515 rupaye Divya card,4515,friends,card,,yes bank,friends_synthetic
303 rupees broadband cred pe,303,utilities,upi,cred,,hinglish_natural
today i spent 313 on SpiceJet via card,313,travel,card,,,voice_transcript
Bharat Petroleum ka ticket book kiya 32028 ₹ debit card se ICICI card se achha deal mila,32028,travel,card,,icici,hinglish_natural
241 rupees Netmeds haath se de diya,241,healthcare,cash,,,hinglish_natural
school fees ka admission kia 2096 ₹ cash me Kotak Mahindra card se,2096,education,cash,,kotak,hinglish_natural
spent 37416 rupees on FD via cred,37416,investment,upi,cred,,voice_transcript
"Receipt #3061
canteen
Amount Paid: ₹37705
Mode: Phonepe",37705,food,upi,phonepe,,ocr_receipt
bhai PPF se stock liyaa 178 rupay ka Phonepe se pay kia,178,investment,upi,phonepe,fi,hinglish_natural
Movie ticket booking INR 24591,24591,entertainment,card,,canara,source_english
Paid INR 41327 for market via Google Pay,41327,shopping,upi,gpay,axis,english_natural
ghar jaate waqt home loan EMI se installment diyee 36945 rupaiye ka credit card se,36945,emi,card,,hdfc,hinglish_natural
SBI loan 47825 rupaye card se icici account se,18872,emi,card,,icici,source_hinglish
42053 rupaye RedBus debit card se,42053,travel,card,,icici,hinglish_natural
bhai Shreya ko udhar return kiya 310 rs Slice se,310,friends,upi,slice,,friends_synthetic
32246 rs. udhar return kar diya Shreya ko UPI se diye,32246,friends,upi,paytm,,hinglish_natural
"DISHTV
Item 1 INR 359
Item 2 Rs 161
Total ?4626
Slice",4626,utilities,upi,slice,hdfc,ocr_receipt
sent money to roommate Rs.3117 on jupiter,3117,friends,upi,jupiter,,friends_synthetic
"BSNL 49086.85 Completed 6Jun 2026,11:41 am ICICI 2092 UPI transaction ID 97699714689896",49086.85,utilities,upi,cred,icici,ocr_upi
?280 debited from your YES BANK account for Netmeds (Phonepe UPI),280,healthcare,upi,phonepe,yes bank,ocr_upi
Electronics shopping INR 28634,28634,shopping,card,,,source_english
BYJU'S 1186 rupaye UPI se pay kr diya,1186,education,upi,cred,,hinglish_natural
Paid Rs3891 for hospital from my SLICE account via PayTM,3891,healthcare,upi,paytm,slice,english_natural
yaar se udhar return kiya 21046 rupees ka slice pe,21046,friends,upi,slice,,hinglish_natural
maine 40 rupaye H&M ko diye card se,40,shopping,card,,union bank,voice_transcript
352 rupees RedBus cash de diye bohot mehenga,352,travel,cash,,slice,hinglish_natural
BSNL pe 2583 rupees ka bill pay kiya UPI se,2583,utilities,upi,bhim,idfc,hinglish_natural
dhaba se khana order kr diya 118 rupaye ka UPI se pay kr diya HDFC se bhai,35963,food,upi,phonepe,hdfc,source_hinglish
Netflix subscription INR 34990,34990,entertainment,card,,,source_english
bhai 278 rupaye khana order kya dhaba ko haath se de diya zyada ho gaya,278,food,cash,,,hinglish_natural
electricity bill ka 2845 rupees ka bill PayTM se pay kiya,2845,utilities,upi,paytm,hdfc,voice_transcript
sent money to dost Rs.162 on cash,162,friends,cash,,,friends_synthetic
36618 rupaiye HP Petrol card se pay kar diya matlab,36618,travel,card,,sbi,hinglish_natural
Rs 39588.26 charged for home loan EMI on Visa,39588.26,emi,card,,,english_natural
personal loan EMI ka installment diye 89 rupaiye card se pay kya Kotak Mahindra wale account se,89,emi,card,,kotak,hinglish_natural
sent ₹129 to colleague on Paytm,129,friends,upi,paytm,,friends_synthetic
306.61 debited from your YES BANK account for Vikram (gpay UPI),306.61,friends,upi,gpay,yes bank,ocr_upi
bro ko 5766 transfer kiya card se,5766,friends,card,,icici,friends_synthetic
office se aate hue 1610 rupees medicine liya doctor pe card se,1610,healthcare,card,,axis,hinglish_natural
38021.94 YouTube Premium,38021.94,entertainment,upi,gpay,niyo,english_natural
TO:BOX8 box8.70023@kotakbank From:UTSAVJANA (kotak Phone Pe : user6982@okkotakbank,255,food,upi,phonepe,kotak,ocr_upi
Payment of INR 418 to PVR was successful via Phone Pe UPI Ref No 50299835570 hdfc Account 6161,418,entertainment,upi,phonepe,hdfc,ocr_upi
Just paid Rs 125 to diagnostic through cash,125,healthcare,cash,,,english_natural
office se aate hue 23987 rupaiye Rahul SLICE pe,23987,friends,upi,slice,,hinglish_natural
spent 14384 rupees on Vi recharge via Jupiter,14384,utilities,upi,jupiter,sbi,voice_transcript
spent 119 rupees on exam fee via jupiter,119,education,upi,jupiter,icici,voice_transcript
125 to colleague cash UPI,125,friends,cash,,,friends_synthetic
UPI/88507958/JIOCINEMA/BANK,2938.54,entertainment,cash,,,english_natural
41579.37 to canteen via paytm Kotak Mahindra account,41579.37,food,upi,paytm,kotak,english_natural
rent maintenance gas connection Rs.3565 gpay,3565,utilities,upi,gpay,,cue_row
SBI loan payment Rs.4895 done via PhonePe,4895,emi,upi,phonepe,niyo,english_natural
491 rupay recharge kya BSNL ko phonepe se pay kiya SBI account se,491,utilities,upi,phonepe,sbi,hinglish_natural
paid yaar Rs 2002 via cash,2002,friends,cash,,,friends_synthetic
dost roommate ko 436 rupaye phonepe se bheje,436,friends,upi,phonepe,,friends_synthetic
auto Rs 1180.25 credit card,1180.25,travel,card,,slice,english_natural
i did 331 expense on insurance premium using CRED,331,utilities,upi,cred,,voice_transcript
"Receipt #6768
Amazon
Amount Paid: INR 44967.59
Mode: G Pay",44967.59,shopping,upi,gpay,,ocr_receipt
Amazon Prime 1963 Fi Successful hdfc 2490,1963,entertainment,upi,fi,hdfc,ocr_upi
i did 49051 expense on Amazon using card,49051,shopping,card,,,voice_transcript
"BILL
MedPlus
388.18
Phone Pe
Thank You Visit Again",388.18,healthcare,upi,phonepe,yes bank,ocr_receipt
"TAX INVOICE
Dunkin
Grand Total: Rs4080.30
Payment: CARD",4080.30,food,card,,,ocr_receipt
YouTube Premium 13207,13207,entertainment,card,,,english_natural
office se aate hue 42879 rupees mutual fund kr diya PPF ko UPI se,49841,investment,upi,gpay,,source_hinglish
"Receipt #1158
insurance premium
Amount Paid: INR 649.69
Mode: PayTM",649.69,utilities,upi,paytm,,ocr_receipt
Paid ₹463.60 for Angel One via PayTM,463.60,investment,upi,paytm,,english_natural
612 ₹ Apollo Pharmacy haath se die,612,healthcare,cash,,,hinglish_natural
sent ₹880 to colleague on card,880,friends,card,,,friends_synthetic
lunch dinner food order swiggy zomato restaurant meal ₹281 card,281,food,card,,,cue_row
today i spent 10789 on society maintenance via jupiter from my Federal Bank bank,10789,utilities,upi,jupiter,federal bank,voice_transcript
Ajio pe 18432 ₹ ka khareed liya card se,18432,shopping,card,,,hinglish_natural
ACT Fibernet 24229 Jupiter Successful State Bank 4012,24229,utilities,upi,jupiter,sbi,ocr_upi
society maintenance 33631 rupaiye UPI se,33631,utilities,upi,paytm,,hinglish_natural
16721 rupay library debit card se,28565,education,card,,kotak,source_hinglish
yaar Zerodha me 937 ka paisa daala UPI se pay kiyaa Kotak se,937,investment,upi,paytm,kotak,hinglish_natural
Zerodha payment 40951 done via G Pay,40951,investment,upi,gpay,,english_natural
Dominos 1839 rs haath se diyee,1839,food,cash,,,hinglish_natural
yaar gaming ka game lya 339 ₹ via Google Pay Axis se budget tod diya,339,entertainment,upi,gpay,axis,hinglish_natural
Blinkit se mangwaya 211 ka phonepe se Axis se kata,211,food,upi,phonepe,axis,hinglish_natural
PPF INR 511 debited from kotak,511,investment,card,,kotak,english_natural
paid 63 to car loan EMI through card from Punjab National Bank,63,emi,card,,pnb,voice_transcript
Paid ₹499 to exam fee Fi Money UPI IndusInd 5212 Done,499,education,upi,fi,indusind,ocr_upi
bhai home loan EMI ka installment de diya 211 rupay debit card se,211,emi,card,,,hinglish_natural
Mutual fund SIP INR 42304,42304,investment,card,,,source_english
ATM/CASH/BANK/3418,3418,shopping,upi,phonepe,,english_natural
131 rupees Coin slice pe,131,investment,upi,slice,,hinglish_natural
"Myntra BILL
St: 46612.68
G Pay approved",46612.68,shopping,upi,gpay,,ocr_receipt
Fixed deposit investment INR 24075,24075,investment,upi,gpay,bob,source_english
6944 rupay dawai lia clinic ko naqad Kotak se,6944,healthcare,cash,,kotak,hinglish_natural
gold 283 rupaye via Cred State Bank account se,283,investment,upi,cred,sbi,hinglish_natural
"Receipt #4066
Zara
Amount Paid: Rs.16230.11
Mode: G Pay",16230.11,shopping,upi,gpay,canara,ocr_receipt
Ola cab INR 9983,9983,travel,cash,,,source_english
Amazon payment ₹2565 done via Visa,2565,shopping,card,,niyo,english_natural
₹486 to Unacademy via Visa,486,education,card,,,english_natural
dopahar ko 39504 rupees ACT Fibernet debit card se,39504,utilities,card,,,hinglish_natural
maine 310 rupaye Burger King ko diye Phone Pe se,310,food,upi,phonepe,,voice_transcript
555 rs. Practo debit card se,555,healthcare,card,,,hinglish_natural
spent 184 rupees on car loan EMI via card,184,emi,card,,jupiter,voice_transcript
mutual fund SIP stocks PPF FD investment Rs386 card,386,investment,card,,,cue_row
raat ko Pizza Hut 138 rupees credit card se,19481,food,card,,sbi,source_hinglish
eye checkup ₹181.07 debited from SBI,181.07,healthcare,upi,paytm,sbi,english_natural
Uber 4459 rs haath se diy,4459,travel,cash,,,hinglish_natural
flatmate ko 11326 transfer kiya card se,11326,friends,card,,,friends_synthetic
Personal loan installment INR 29995,29995,emi,card,,,source_english
"Zee5
Net Amount 4602
Paid via CRED",4602,entertainment,upi,cred,pnb,ocr_receipt
paid 63 to Rohan through cash,63,friends,cash,,,voice_transcript
231 rupaiye stationery UPI se diye,231,education,upi,paytm,,hinglish_natural
i paid 186 rupees for Airtel recharge using cash,186,utilities,cash,,,voice_transcript
sent money to colleague ₹219 on Paytm,219,friends,upi,paytm,,friends_synthetic
INR 409.85 debited from your axis account for eye checkup (Google Pay UPI),409.85,healthcare,upi,gpay,axis,ocr_upi
sent Rs3988 to friend on paytm split bill UPI,3988,friends,upi,paytm,,cue_row
"PRACTO
Item 1 323
Item 2 Rs.162
Total ₹399
phonepe",399,healthcare,upi,phonepe,,ocr_receipt
home loan EMI se loan payment kr diya 357 rupaye ka card se pay kia IDFC account se,357,emi,card,,idfc,hinglish_natural
Jio recharge 567 rupaiye UPI se die,567,utilities,upi,paytm,,hinglish_natural
Box8 me 45861 ₹ ka kha liya credit card se,8,food,card,,kotak,hinglish_natural
COLLEAGUE INR 2712.93,2712.93,friends,upi,gpay,,english_natural
Clothing store bill INR 17322,17322,shopping,card,,,source_english
coaching exam preparation study material ₹3379 CRED,3379,education,upi,cred,,cue_row
home loan car loan credit card EMI monthly ₹476 autopay card,476,emi,card,,,cue_row
electronics clothes shoes accessories purchase ₹486 via card,486,shopping,card,,,cue_row
4408 buy kya H&M ko Niyo se pay kya,4408,shopping,upi,niyo,slice,hinglish_natural
EatFit 3170 PhonePe Completed icici 3505,3170,food,upi,phonepe,icici,ocr_upi
265 rs. shopping kya Flipkart pe card se pay kya,265,shopping,card,,,hinglish_natural
Paid mess ?25667 using Fi from sbi,25667,food,upi,fi,sbi,english_natural
INR 28347 debited from your HDFC account for JioMart (GPay UPI),28347,food,upi,gpay,hdfc,ocr_upi
IndiGo ka ticket book kiya 46071 rupaiye haath se diy zyada ho gaya,46071,travel,cash,,,hinglish_natural
dost bhai ko 60 rupaye cash se bheje,60,friends,cash,,,friends_synthetic
doctor se doctor ko de diya 2941 ₹ ka credit card se,25038,healthcare,card,,pnb,source_hinglish
₹3833 debited from your Axis Bank account for FD (paytm UPI),3833,investment,upi,paytm,axis,ocr_upi
"EATFIT
Item 1 INR 214
Item 2 Rs209
Total Rs.1533
Paytm",1533,food,upi,paytm,,ocr_receipt
Used Fi PayTM to pay ₹135 for restaurant,135,food,upi,paytm,fi,english_natural
bhai DishTV 364 ₹ naqad,364,utilities,cash,,,hinglish_natural
426 debited from your RBL account for Netflix (jupiter UPI),426,entertainment,upi,jupiter,rbl,ocr_upi
910 rupay invest kiya mutual fund ko paytm se pay kiyaa,910,investment,upi,paytm,sbi,hinglish_natural
gaming concert event ticket ?23108 card,23108,entertainment,card,,icici,cue_row
rent maintenance gas connection Rs.3915 card,3915,utilities,card,,,cue_row
NEFT/TRANSFER/SONYLIV/,47840,entertainment,card,,,english_natural
aaj HDFC loan pe 480 rupaye kharcha hua card se,480,emi,card,,hdfc,voice_transcript
office se aate hue school fees me 11856 rupaye ka books liya credit card se,11856,education,card,,,hinglish_natural
i paid 1325 rupees for BSNL using bhim,1325,utilities,upi,bhim,,voice_transcript
Apple Music 329 rupaye fi se pay kiyaa State Bank card se matlab,329,entertainment,upi,fi,sbi,hinglish_natural
Paid ₹416 for Lenskart via slice,416,healthcare,upi,slice,,english_natural
dinner split 2998 rupaye bro Phonepe,2998,friends,upi,phonepe,,friends_synthetic
Croma mein 111 lag gaye Google Pay se bhara,111,shopping,upi,gpay,fi,voice_transcript
flatmate rent share 3965 Gpay Shreya,3965,friends,upi,gpay,,friends_synthetic
ATM/CASH/ICICI/53,53,friends,upi,phonepe,icici,english_natural
aaj Zerodha me 37197 rs. ka stock liyaa debit card se,37197,investment,card,,,hinglish_natural
ATM/CASH/BANK/2838,2838,healthcare,card,,,english_natural
YouTube Premium payment ₹3887 done via Google Pay,3887,entertainment,upi,gpay,,english_natural
sent Rs3736 to friend on Bhim split bill UPI,3736,friends,upi,bhim,,cue_row
gas bill 3315.68 cash,3315.68,utilities,cash,,kotak,english_natural
34185 Vedantu,34185,education,card,,,english_natural
sent money to Vikram ₹245 on slice,245,friends,upi,slice,,friends_synthetic
gaming concert event ticket Rs221 card,221,entertainment,card,,,cue_row
personal loan installment EMI deduction t1550 card,1550,emi,card,,,cue_row
aaj H&M pe 25160 rupaye kharcha hua Phonepe se,25160,shopping,upi,phonepe,,voice_transcript
water bill se payment kiyaa 1741 rupay ka UPI se,1741,utilities,upi,phonepe,axis,hinglish_natural
Credit card EMI INR 20773,20773,emi,upi,niyo,pnb,source_english
friend Rs 27318.33 debited from icici,27318.33,friends,upi,phonepe,icici,english_natural
438 ₹ Ajio via phonepe,438,shopping,upi,phonepe,,hinglish_natural
3414 rs invest kiyaa gold pe UPI se pay kiyaa zyada ho gaya,3414,investment,upi,bhim,hdfc,hinglish_natural
dost ko 469 transfer kiya phonepe se,469,friends,upi,phonepe,,friends_synthetic
EatFit me 25 rupaye ka khana khya cash de diya,25,food,cash,,,hinglish_natural
₹261 paid to society maintenance via Jupiter UPI from sbi Bank ending 3887,261,utilities,upi,jupiter,sbi,ocr_upi
"Airtel recharge
Net Amount 2270
Paid via CARD",2270,utilities,card,,,ocr_receipt
"Lenskart
Net Amount 4416.28
Paid via CARD",4416.28,shopping,card,,,ocr_receipt
i paid 890 rupees for Tata Play using bhim,890,utilities,upi,bhim,,voice_transcript
TO:HDFCLOAN hdfcloan.38746@sbibank From:RAHULKUMAR (SBI Slice : sender5700@oksbibank,1902,emi,upi,slice,sbi,ocr_upi
513 rupay Unacademy card se,513,education,card,,,hinglish_natural
"PRACTO RESTAURANT
Total 331
Cash Received
Change 0.00",331,healthcare,upi,cred,,ocr_receipt
Vedantu pe 34499 ₹ ka admission kar diya credit card se,40472,education,card,,,source_hinglish
Dominos 476 rs cred se pay kiyaa,476,food,upi,cred,,hinglish_natural
INR 13208 to Pooja bhim UPI,13208,friends,upi,bhim,,friends_synthetic
gaming pe 402 ₹ ka ticket lya card se budget tod diya,402,entertainment,card,,,hinglish_natural
paid 2271 to DMart through paytm,2271,food,upi,paytm,,voice_transcript
Paid 2831.43 to Nykaa Cred UPI Indusind Bank 7770 Completed,2831.43,shopping,upi,cred,indusind,ocr_upi
Spent 33553.24 on Shreya using Cred,33553.24,friends,upi,cred,axis,english_natural
credit card EMI se loan payment kiya 45893 ₹ ka via Bhim,45893,emi,upi,bhim,,hinglish_natural
electronics clothes shoes accessories purchase INR 1308 via card,1308,shopping,card,,,cue_row
3105 rupees eye checkup card sbi account,3105,healthcare,card,,sbi,voice_transcript
28017 rs. kiraya diyee Indian Oil pe naqad,28017,travel,cash,,,hinglish_natural
Goibibo ka petrol bhar diya 19684 rs. haath se de diya,19684,travel,cash,,,hinglish_natural
dost colleague ko 3272 rupaye paytm se bheje,3272,friends,upi,paytm,,friends_synthetic
19955 rs BSNL PhonePe se matlab,19955,utilities,upi,phonepe,,hinglish_natural
Netflix subscription INR 32583,32583,entertainment,cash,,idfc,source_english
"clinic BILL
St: Rs.18118
Gpay Approved",18118,healthcare,upi,gpay,,ocr_receipt
lunch dinner food order swiggy zomato restaurant meal 11778 G Pay,11778,food,upi,gpay,,cue_row
Stock purchase INR 27435,27435,investment,card,,icici,source_english
Online course subscription INR 44130,44130,education,upi,cred,,source_english
personal loan installment EMI deduction ?479 card,479,emi,card,,,cue_row
tuition se admission kya 4575 rs ka credit card se,4575,education,card,,,hinglish_natural
maine 1784 rupaye Neha ko diye cash se,1784,friends,cash,,hdfc,voice_transcript
411 rs. mangwaya food court pe paytm se,411,food,upi,paytm,,hinglish_natural
abhi 286 rs bill pay kya gas bill pe Paytm se,286,utilities,upi,paytm,,hinglish_natural
Gaana ka 10450 rupees ka bill NIYO se pay kiya,10450,entertainment,upi,niyo,hdfc,voice_transcript
i paid 209 rupees for Practo using cash,209,healthcare,cash,,,voice_transcript
raat ko 3605 rs. FirstCry card se zyada ho gaya,3605,shopping,card,,axis,hinglish_natural
paid 35617 to mall through card from HDFC,35617,shopping,card,,hdfc,voice_transcript
Bought PPF for R 4341.58 with Fi,4341.58,investment,upi,fi,axis,english_natural
Paid Yatra INR 239 using Visa,239,travel,card,,,english_natural
paid bhai Rs.180 via cash,180,friends,cash,,,friends_synthetic
NEFT/TRANSFER/OLA/ICICI,40399,travel,upi,paytm,icici,english_natural
"D YAAR 533.47 Completed 14Jan 2026,11:22 pm HDFC Bank 9692 UPI transaction ID 077884399509 TO:YAAR yaar.23309@hdfcbank Goog1etransaction lD CICAgJjg983502 OPI slice",533.47,friends,upi,slice,hdfc,ocr_upi
abhi Bajaj Finance EMI se EMI bhra 2745 rupees ka card se pay kiya,2745,emi,card,,,hinglish_natural
Paid auto ₹24942 using GPay,24942,travel,upi,gpay,,english_natural
35698 ₹ HDFC loan UPI se,35698,emi,upi,cred,sbi,hinglish_natural
"HOSPITAL
Item 1 Rs.133
Item 2 Rs80
Total INR 2209
CARD",2209,healthcare,card,,axis,ocr_receipt
dost roommate ko 4266 rupaye PhonePe se bheje,4266,friends,upi,phonepe,,friends_synthetic
26306 rupees books liyaa books pe card se pay kia,26306,education,card,,sbi,hinglish_natural
Box8 268 rupees G Pay se pay kar diya budget tod diya,8,food,upi,gpay,,hinglish_natural
concert pe 1804 rupees ka movie dekhi UPI se,1804,entertainment,upi,gpay,slice,hinglish_natural
dopahar ko 195 rupaye Pizza Hut slice se,195,food,upi,slice,,hinglish_natural
coaching exam preparation study material INR 30333 cash,30333,education,cash,,,cue_row
Paid Zee5 ₹236.18 using G Pay,236.18,entertainment,upi,gpay,,english_natural
home loan car loan credit card EMI monthly Rs.24228 autopay Paytm,24228,emi,upi,paytm,,cue_row
Bus ticket INR 33914,33914,travel,upi,gpay,,source_english
school college tuition course books fees 38652 Gpay,38652,education,upi,gpay,hdfc,cue_row
sent money to Pooja 370 on cash,370,friends,cash,,,friends_synthetic
dopahar ko 412 ₹ ticket book kiyaa Bharat Petroleum pe via Google Pay,412,travel,upi,gpay,,hinglish_natural
Payment of INR 3191 to home loan EMI was successful via Bhim UPI Ref No 226559993312993 sbi Account 8198,3191,emi,upi,bhim,sbi,ocr_upi
₹3715.78 charged for Divya on gpay,3715.78,friends,upi,gpay,,english_natural
253 admission kya coaching ko card se pay kar diya hdfc account se,253,education,card,,hdfc,hinglish_natural
aaj NPS se invest kya 9209 rupaiye ka UPI se,9209,investment,upi,phonepe,,hinglish_natural
3376 Angel One bhim pe,3376,investment,upi,bhim,canara,hinglish_natural
"Spotify
Net Amount 2627
Paid via CASH",2627,entertainment,cash,,,ocr_receipt
MakeMyTrip me 3567 rs. ka ride liyaa card se,3567,travel,card,,federal bank,hinglish_natural
coaching exam preparation study material R 2787 PhonePe,2787,education,upi,phonepe,,cue_row
t44019 to Kuvera via Visa Federal Bank account,44019,investment,card,,federal bank,english_natural
Box8 3845.39 debited from Bandhan Bank,3845.39,food,cash,,bandhan,english_natural
dost roommate ko 187 rupaye Phonepe se bheje,187,friends,upi,phonepe,,friends_synthetic
electronics clothes shoes accessories purchase 3281 via phonepe,3281,shopping,upi,phonepe,hdfc,cue_row
Paid ₹4133 for SonyLIV via slice,4133,entertainment,upi,slice,,english_natural
Rs 42.09 charged for ACT Fibernet on Gpay,42.09,utilities,upi,gpay,,english_natural
Paytm Money me 3816 ₹ ka stock lia card se pay kiya,3816,investment,card,,,hinglish_natural
TO:DIVYA divya.91722@indusindbank From:UTSAVJANA (IndusInd paytm : user4090@okindusindbank,3503,friends,upi,paytm,indusind,ocr_upi
Bajaj Finance EMI 3827 CRED Payment done HDFC Bank 6019,3827,emi,upi,cred,hdfc,ocr_upi
mobile recharge R 896.07 debited from State Bank,896.07,utilities,upi,cred,sbi,english_natural
37882 rupees insurance premium Phonepe axis account,37882,utilities,upi,phonepe,axis,voice_transcript
aaj clinic pe 18102 rupaye kharcha hua cash se,18102,healthcare,cash,,,voice_transcript
BookMyShow ka 32776 rupees ka bill card se pay kiya,32776,entertainment,card,,,voice_transcript
Mutual fund SIP INR 4992,4992,investment,upi,slice,,source_english
Rohan ka 1923 rupees ka bill Google Pay se pay kiya,1923,friends,upi,gpay,,voice_transcript
Paid Uber Rs 4888.48 using Paytm from Kotak Mahindra,4888.48,travel,upi,paytm,kotak,english_natural
"Receipt #8858
Airtel recharge
Amount Paid: ₹1510
Mode: phonepe",1510,utilities,upi,phonepe,,ocr_receipt
paid colleague ₹3877 via slice,3877,friends,upi,slice,,friends_synthetic
Paid insurance premium 396 using Mastercard,396,utilities,card,,,english_natural
NEFT/TRANSFER/GAANA/ICICI,352,entertainment,cash,,icici,english_natural
4782 ₹ lab test UPI se de diya,4782,healthcare,upi,paytm,,hinglish_natural
aaj Amazon Prime pe 9846 rupaye kharcha hua Gpay se,9846,entertainment,upi,gpay,hdfc,voice_transcript
mutual fund mein 191 lag gaye paytm se bhara,191,investment,upi,paytm,,voice_transcript
home loan EMI ka installment die 116 rupees card se bc,6411,emi,card,,,source_hinglish
NEFT/TRANSFER/UPGRAD/RBL,27488.47,education,card,,rbl,english_natural
"Airtel recharge
Net Amount 2843
Paid via G Pay",2843,utilities,upi,gpay,,ocr_receipt
paid 4892 to Tata CLiQ through card,4892,shopping,card,,,voice_transcript
today i spent 18985 on personal loan EMI via card,18985,emi,card,,,voice_transcript
JioCinema ka game liya 26895 rupaiye via GPay,26895,entertainment,upi,gpay,,hinglish_natural
"D TATACLIQ 226 Completed 21Mar 2026,11:51 pm State Bank Bank 9578 UPI transaction ID 424504988645 TO:TATACLIQ tata cliq.39117@state bankbank Goog1etransaction lD XYZabc451265 OPI slice",226,shopping,upi,slice,sbi,ocr_upi
school college tuition course books fees ₹8068 PayTM,8068,education,upi,paytm,yes bank,cue_row
10288 rupay saman le liya Myntra pe card se bohot mehenga,25461,shopping,card,,,source_hinglish
8649 rupees Swiggy cash,8649,food,cash,,,voice_transcript
today i spent 3173 on Zerodha via card,3173,investment,card,,,voice_transcript
aaj Burger King 518 rupaiye haath se die,518,food,cash,,,hinglish_natural
spent 18291 rupees on Flipkart via card,18291,shopping,card,,canara,voice_transcript
education loan EMI ka installment de diye 435 rs. GPay se,435,emi,upi,gpay,,hinglish_natural
255 flatmate UPI se diye,255,friends,upi,gpay,,hinglish_natural
dost bro ko 4831 rupaye Gpay se bheje,4831,friends,upi,gpay,,friends_synthetic
Payment of 3893.76 to electricity bill was successful via Gpay UPI Ref No 78091191488 hdfc Account 2879,3893.76,utilities,upi,gpay,hdfc,ocr_upi
ATM/CASH/HDFC/459,459,emi,card,,hdfc,english_natural
Dunkin ka kha liya 4120 rupay via PhonePe,4120,food,upi,phonepe,jupiter,hinglish_natural
education loan EMI 18343 Phonepe,18343,emi,upi,phonepe,,english_natural
BIKE LOAN EMI INR 4560,4560,emi,card,,,english_natural
electronics clothes shoes accessories purchase Rs34304 via phonepe,34304,shopping,upi,phonepe,bob,cue_row
"gas bill 305.50 Completed 13Nov 2026,11:19 am State Bank 7702 UPI transaction ID 37558388333",305.50,utilities,upi,gpay,sbi,ocr_upi
school college tuition course books fees Rs.3586 PayTM,3586,education,upi,paytm,,cue_row
school fees se tuition die 1388 rs. ka credit card se,1388,education,card,,,hinglish_natural
IndiGo ka kiraya diye 3574 rupay UPI se diyee jupiter card se,3574,travel,upi,slice,jupiter,hinglish_natural
R 4993 debited from your ICICI account for education loan EMI (Gpay UPI),4993,emi,upi,gpay,icici,ocr_upi
dopahar ko electricity bill me 249 rupaye ka bill pay kia UPI se budget tod diya,249,utilities,upi,bhim,,hinglish_natural
Swiggy se khana order kr diya 3784 rupees ka naqad Axis Bank se kata,38072,food,cash,,axis,source_hinglish
paid 27596 to PVR through niyo,27596,entertainment,upi,niyo,,voice_transcript
dost bro ko 4105 rupaye phonepe se bheje,4105,friends,upi,phonepe,,friends_synthetic
₹230.70 to Rahul via Paytm,230.70,friends,upi,paytm,,english_natural
paid 4303 to Pooja through Gpay,4303,friends,upi,gpay,,voice_transcript
"FD 30281 Completed 7Sep 2025,12:56 pm ICICI Bank 1134 UPI transaction ID 043880153150058",30281,investment,upi,paytm,icici,ocr_upi
Paid INR 202.39 to insurance premium Cred UPI RBL Bank 5209 Completed,202.39,utilities,upi,cred,rbl,ocr_upi
raat ko car loan EMI 14348 rupay UPI se diy,14348,emi,upi,phonepe,,hinglish_natural
Game purchase INR 13458,13458,entertainment,card,,,source_english
dentist se checkup karaya 6997 rupaye ka cash me,6997,healthcare,cash,,,hinglish_natural
abhi Divya pe 112 ₹ ka split kar diya UPI se pay kiya hdfc card se,112,friends,upi,gpay,hdfc,hinglish_natural
1325 ₹ Hotstar Niyo se,1325,entertainment,upi,niyo,,hinglish_natural
1439 rs Vikram UPI se,1439,friends,upi,cred,,hinglish_natural
concert 3242 rs gpay pe zyada ho gaya,3242,entertainment,upi,gpay,,hinglish_natural
"MALL RESTAURANT
Total 25.52
Cash Received
Change 0.00",25.52,shopping,upi,gpay,,ocr_receipt
FirstCry pe 68 rupay ka shopping kiya haath se diye,68,shopping,cash,,,hinglish_natural
flatmate rent share 1917 card Arjun,1917,friends,card,,,friends_synthetic
spent 42407 rupees on petrol pump via cash,42407,travel,cash,,,voice_transcript
i did 1655 expense on Ananya using SLICE,1655,friends,upi,slice,,voice_transcript
"TAX INVOICE
Snapdeal
Grand Total: Rs318.18
Payment: CARD",318.18,shopping,card,,,ocr_receipt
HP Petrol se ticket book kiya 816 ka debit card se,816,travel,card,,,hinglish_natural
6460 rupees Lenskart card se pay kar diya,6460,healthcare,card,,,hinglish_natural
326 rupaye Bharat Petroleum cash diyee,326,travel,cash,,,hinglish_natural
Just paid ₹68 to PharmEasy through Google Pay,68,healthcare,upi,gpay,,english_natural
i paid 241 rupees for HDFC loan using card,241,emi,card,,,voice_transcript
insurance premium t1366.58 debited from SBI,1366.58,utilities,upi,gpay,sbi,english_natural
ghar jaate waqt rent ka bill pay kiya 39078 ₹ paytm se pay kr diya icici wale account se,39078,utilities,upi,paytm,icici,hinglish_natural
ghar jaate waqt Croma pe 3402 rs ka order kia card se pay kiya,3402,shopping,card,,,hinglish_natural
raat ko Myntra pe 24 rupaye ka khareed lya card se Punjab National Bank account se yaar,24,shopping,card,,pnb,hinglish_natural
1805 rupees Vikram GPay,1805,friends,upi,gpay,,voice_transcript
Divya ko 9089 transfer kiya cash se,9089,friends,cash,,axis,friends_synthetic
Paid ₹5716.61 to Pizza Hut CRED UPI State Bank 5115 Successful,5716.61,food,upi,cred,sbi,ocr_upi
3901 ka Karan bill pay kiya Gpay se HDFC se kata,3901,friends,upi,gpay,hdfc,voice_transcript
Bajaj Finance EMI 28051 rupees debit card se,28051,emi,card,,,hinglish_natural
"BILL
Chai Point
3898.56
CARD
Thank You Visit Again",3898.56,food,card,,,ocr_receipt
dentist se medicine lya 239 rupaiye ka cash die ICICI Bank se,239,healthcare,cash,,icici,hinglish_natural
RedBus 465 rs haath se de diye Bank of Baroda se kata budget tod diya,465,travel,cash,,bob,hinglish_natural
raat ko 1925 rs. ride lya Indian Oil ko card se,1925,travel,card,,,hinglish_natural
Rs.2864 charged for education loan EMI on Mastercard,2864,emi,card,,,english_natural
"LENSKART
Item 1 Rs.419
Item 2 INR 423
Total Rs.374
CASH",374,shopping,cash,,sbi,ocr_receipt
Tata Play payment Rs 23963 done via gpay,23963,utilities,upi,gpay,,english_natural
personal loan EMI ka 4060 rupees ka bill card se pay kiya,4060,emi,card,,,voice_transcript
car loan EMI ka EMI kat gayi 10047 rupaiye debit card se,10047,emi,card,,jupiter,hinglish_natural
Payment of ₹4792 to CCD was successful via G Pay UPI Ref No 2052562296515 YES BANK Account 5062,4792,food,upi,gpay,yes bank,ocr_upi
netflix spotify hotstar subscription movie show 8852 G Pay,8852,entertainment,upi,gpay,,cue_row
Flipkart me 4116 ka shopping kiyaa jupiter se,4116,shopping,upi,jupiter,,hinglish_natural
UPI/69126382/HDFC LOAN/STATE BANK,1785,emi,card,,sbi,english_natural
office se aate hue Ola ka petrol bhar diya 2942 rupaye UPI se State Bank account se,2942,travel,upi,gpay,sbi,hinglish_natural
paid Divya ₹472 via fi,472,friends,upi,fi,,friends_synthetic
mall ka buy kya 24789 rupay cash diy,24789,shopping,cash,,icici,hinglish_natural
personal loan EMI pe 474 ka installment de diya card se pay kar diya,474,emi,card,,hdfc,hinglish_natural
office se aate hue eye checkup pe 24 rupees ka doctor ko de diye naqad,14407,healthcare,cash,,,source_hinglish
bhai ko 374 transfer kiya cash se,374,friends,cash,,,friends_synthetic
Just paid 16136.37 to Hotstar through debit card,16136.37,entertainment,card,,,english_natural
raat ko Rohan se dost ko de diye 4544 rupaye ka cash me Kotak Mahindra wale account se,4544,friends,cash,,kotak,hinglish_natural
Nature's Basket payment Rs3970 done via Niyo,3970,food,upi,niyo,,english_natural
Karan ka 19690 rupees ka bill cred se pay kiya,19690,friends,upi,cred,,voice_transcript
Paid Rs 35229 to Subway paytm UPI Axis Bank 8397 Successful,35229,food,upi,paytm,axis,ocr_upi
bhai KFC me 2046 rupees ka khana kha liya card se pay kya,2046,food,card,,,hinglish_natural
Paid Rs4606.41 to Coursera Google Pay UPI HDFC 2645 Done,4606.41,education,upi,gpay,hdfc,ocr_upi
dopahar ko home loan EMI ka EMI kat gayi 2031 rupaye UPI se pay kr diya bc,2031,emi,upi,paytm,,hinglish_natural
raat ko 265 rs bill bhara DishTV ko via phonepe,265,utilities,upi,phonepe,pnb,hinglish_natural
aaj Bajaj Finance EMI pe 43636 rupaye kharcha hua G Pay se,43636,emi,upi,gpay,axis,voice_transcript
Paid Rs 107 for flatmate via cash,107,friends,cash,,,english_natural
bhai FreshMenu ka 174 rupaye G Pay se de diya,174,food,upi,gpay,jupiter,voice_transcript
386 rs. HDFC loan card se pay kiya,386,emi,card,,,hinglish_natural
POS/AMAZON PRIME/G PAY/1409,607,entertainment,upi,gpay,,english_natural
Amit ka 380 rupees ka bill Slice se pay kiya,380,friends,upi,slice,,voice_transcript
FD 71 rupay card se,71,investment,card,,,hinglish_natural
SBI loan 473 rs. card se pay kiyaa,473,emi,card,,slice,hinglish_natural
?3260 to Rohan via cash State Bank account,3260,friends,cash,,sbi,english_natural
Vedantu se tuition diyee 4407 ka credit card se,4407,education,card,,jupiter,hinglish_natural
"stationery 439.87 Completed 25Jun 2026,12:26 am IDFC 2811 UPI transaction ID 412667680940596",439.87,education,upi,phonepe,idfc,ocr_upi
70 mutual fund,70,investment,upi,cred,,english_natural
"Receipt #3358
Bewakoof
Amount Paid: INR 25211
Mode: CARD",25211,shopping,card,,,ocr_receipt
Practo pe 43886 rupaiye ka dawai liya naqad Niyo account se,43886,healthcare,cash,,niyo,hinglish_natural
yaar ka udhar return kr diya 361 ₹ niyo se pay kiyaa ICICI se,361,friends,upi,niyo,icici,hinglish_natural
Coursera 480.37 Gpay Completed HDFC Bank 7930,480.37,education,upi,gpay,hdfc,ocr_upi
Concert ticket INR 17749,17749,entertainment,card,,,source_english
mall se buy kar diya 4441 rs ka UPI se pay kya Jupiter wale account se,4441,shopping,upi,paytm,jupiter,hinglish_natural
broadband ka 42002 rupees ka bill Cred se pay kiya,42002,utilities,upi,cred,,voice_transcript
Spent Rs362 on broadband using paytm,362,utilities,upi,paytm,kotak,english_natural
4391 debited from your axis account for Cleartrip (Phone Pe UPI),4391,travel,upi,phonepe,axis,ocr_upi
Amit 48084 rupay jupiter pe ICICI Bank se kata,48084,friends,upi,jupiter,icici,hinglish_natural
Faasos se khana khya 1539 ka cash die,1539,food,cash,,hdfc,hinglish_natural
SBI loan 2107 rupay credit card se ICICI Bank se,2107,emi,card,,icici,hinglish_natural
office se aate hue Apollo Pharmacy me 105 rs. ka medicine liya PhonePe se yaar,9625,healthcare,upi,phonepe,kotak,source_hinglish
2810.12 BHIM ET Money,2810.12,investment,upi,bhim,,english_natural
47152 ka home loan EMI bill pay kiya card se kotak se kata,47152,emi,card,,kotak,voice_transcript
Paid PharmEasy 2972.77 using cash,2972.77,healthcare,cash,,,english_natural
Rs.294 to Arjun Paytm UPI,294,friends,upi,paytm,,friends_synthetic
JioCinema se ticket liya 332 rupaye ka card se pay kiya,332,entertainment,card,,,hinglish_natural
maine 465 rupaye mobile recharge ko diye PayTM se,465,utilities,upi,paytm,,voice_transcript
bike loan EMI 3457 Fi Money,3457,emi,card,,fi,english_natural
medical checkup lab test health insurance t347 card,347,healthcare,card,,,cue_row
Just paid Rs.32997.82 to ET Money through phonepe,32997.82,investment,upi,phonepe,niyo,english_natural
petrol diesel fuel ₹2621 at pump card,2621,travel,card,,,cue_row
SIP ₹1435 Mastercard,1435,investment,card,,,english_natural
4397 rupaye bill pay kia ACT Fibernet pe Google Pay se Axis Bank wale account se,4397,utilities,upi,gpay,axis,hinglish_natural
10279 rupay test karaya eye checkup pe naqad,10279,healthcare,cash,,,hinglish_natural
kal 162 rupaiye cab le liya petrol pump ko haath se die State Bank wale account se,162,travel,cash,,sbi,hinglish_natural
338 rupaiye game le liya gaming pe card se pay kiyaa,338,entertainment,card,,pnb,hinglish_natural
Rs 26937 paid to Dunkin via Jupiter UPI from hdfc Bank ending 2140,26937,food,upi,jupiter,hdfc,ocr_upi
"Nykaa BILL
St: ₹3364
Gpay approved",3364,shopping,upi,gpay,,ocr_receipt
2208 ride lia SpiceJet ko credit card se,2208,travel,card,,,hinglish_natural
4653 rs Dominos card se,4653,food,card,,sbi,hinglish_natural
3970 rupaye Lenskart credit card se,3970,healthcare,card,,,hinglish_natural
sent Rs4073 to colleague on card,4073,friends,card,,icici,friends_synthetic
23937 bhai Fi pe,23937,friends,upi,fi,,hinglish_natural
bhai Amazon Prime se show dekha 4566 rupaiye ka Gpay se pay kia,4566,entertainment,upi,gpay,icici,hinglish_natural
350 bill bhar diya BSNL pe PhonePe se Punjab National Bank card se,350,utilities,upi,phonepe,pnb,hinglish_natural
Paid ₹665.56 for McDonald's via G Pay,665.56,food,upi,gpay,sbi,english_natural
16035 rupaye bill bharaa mobile recharge pe debit card se SBI se kata,16035,utilities,card,,sbi,hinglish_natural
yaar Lenskart ka medicine lya 469 rs. UPI se bohot mehenga,469,healthcare,upi,gpay,,hinglish_natural
maine 288 rupaye Kuvera ko diye CRED se,288,investment,upi,cred,,voice_transcript
"DENTIST
Item 1 INR 183
Item 2 ₹264
Total 1750.26
Google Pay",1750.26,healthcare,upi,gpay,,ocr_receipt
i did 2091 expense on home loan EMI using card,2091,emi,card,,,voice_transcript
Rohan 3712 rs. PayTM se NIYO se,3712,friends,upi,paytm,niyo,hinglish_natural
Car loan EMI INR 45480,45480,emi,card,,hdfc,source_english
raat ko INOX me 319 rupaye ka show dekha debit card se Canara wale account se,319,entertainment,card,,canara,hinglish_natural
dopahar ko 3503 rupay stationery PhonePe se,3503,education,upi,phonepe,,hinglish_natural
education loan EMI pe 3803 rupaye ka EMI bhar diya debit card se icici account se,3803,emi,card,,icici,hinglish_natural
Payment of 440 to dost was successful via Google Pay UPI Ref No 8937460213688 ICICI Account 2718,440,friends,upi,gpay,icici,ocr_upi
"D BRO 4551.31 Completed 15Jan 2026,7:08 pm sbi Bank 2632 UPI transaction ID 97476766609191 TO:BRO bro.88825@sbibank Soogletransaction lD XYZabc642599 OPI Phone Pe",4551.31,friends,upi,phonepe,sbi,ocr_upi
Lenskart me 3573 ₹ ka dawai le liya card se hdfc se,3573,healthcare,card,,hdfc,hinglish_natural
Rs1550 to dost Gpay UPI,1550,friends,upi,gpay,,friends_synthetic
kal H&M me 1035 rupees ka buy kiya cash diyee,1035,shopping,cash,,,hinglish_natural
Priya ko 19717 transfer kiya Paytm se,19717,friends,upi,paytm,sbi,friends_synthetic
friend ka dost ko diy 48715 rupaiye haath se de diye,48715,friends,cash,,,hinglish_natural
Bought Netmeds for INR 482 with Visa,482,healthcare,card,,slice,english_natural
petrol diesel fuel ₹4346 at pump gpay,4346,travel,upi,gpay,,cue_row
flatmate rent share 743 Gpay Ananya,743,friends,upi,gpay,,friends_synthetic
Paid ₹147.28 for yaar via Jupiter,147.28,friends,upi,jupiter,,english_natural
Rs 162.79 charged for mall on Visa,162.79,shopping,card,,sbi,english_natural
gold se SIP bhar diya 22 ka card se pay kiya,197,investment,card,,idfc,source_hinglish
split bill 1512 phonepe se Rahul ko diya,1512,friends,upi,phonepe,,friends_synthetic
Spent Rs2378 on Coin using credit card,2378,investment,card,,icici,english_natural
car loan EMI se EMI kat gayi 1941 rupaye ka card se pay kiyaa jupiter account se,1941,emi,card,,jupiter,hinglish_natural
"Pizza Hut 1737 Completed 14Mar 2026,12:37 pm hdfc 8108 UPI transaction ID 727245576999",1737,food,upi,bhim,hdfc,ocr_upi
FD se mutual fund kia 47 rupay ka card se sbi se kata sasta tha,47,investment,card,,sbi,hinglish_natural
Paytm Money mein 1139 lag gaye Fi Money se bhara,1139,investment,upi,fi,,voice_transcript
Lenskart se test karaya 349 rupay ka card se,349,healthcare,card,,,hinglish_natural
sent money to Rahul t2703 on Phonepe,2703,friends,upi,phonepe,,friends_synthetic
Croma Rs.2756 debited from HDFC Bank,2756,shopping,card,,hdfc,english_natural
Rs 4610 debited from your State Bank account for PVR (PayTM UPI),4610,entertainment,upi,paytm,sbi,ocr_upi
Netflix 90 rupaiye naqad budget tod diya,90,entertainment,cash,,sbi,hinglish_natural
raat ko 30153 rs dawai lia clinic pe cash me,30153,healthcare,cash,,niyo,hinglish_natural
29 rupay dost ko de diye Arjun ko UPI se,29,friends,upi,paytm,,hinglish_natural
breakfast snacks chai coffee Rs.1146 cash,1146,food,cash,,axis,cue_row
paid 321 to clinic through fi from Jupiter,321,healthcare,upi,fi,jupiter,voice_transcript
today i spent 2541 on MedPlus via GPay,2541,healthcare,upi,gpay,,voice_transcript
dopahar ko broadband se payment kya 5627 rupaiye ka SLICE pe Punjab National Bank se kata,49184,utilities,upi,slice,pnb,source_hinglish
NEFT/TRANSFER/TUITION/CANARA BANK,1877.74,education,upi,bhim,canara,english_natural
electronics clothes shoes accessories purchase Rs.15604 via cash,15604,shopping,cash,,,cue_row
ATM/CASH/BANK/2810,2810,utilities,upi,slice,,english_natural
"Uber 124 Completed 14Nov 2026,1:50 pm Kotak 1030 UPI transaction ID 603453007341527",124,travel,upi,paytm,kotak,ocr_upi
20804 rupees Neha cash me,20804,friends,cash,,niyo,hinglish_natural
petrol diesel fuel 22248 at pump cash,22248,travel,cash,,,cue_row
TO:AJIO ajio.57715@axisbankbank From:RAHULKUMAR (Axis Bank Gpay : user9593@okaxisbankbank,380,shopping,upi,gpay,axis,ocr_upi
sent R 1554 to friend on Phonepe split bill UPI,1554,friends,upi,phonepe,,cue_row
aaj YouTube Premium pe 1249 rupaye kharcha hua slice se,1249,entertainment,upi,slice,,voice_transcript
"BILL
H&M
?299.28
CASH
Thank You Visit Again",299.28,shopping,cash,,,ocr_receipt
Swiggy order INR 5692,5692,food,upi,paytm,sbi,source_english
t25335 charged for SpiceJet on Paytm,25335,travel,upi,paytm,hdfc,english_natural
"TAX INVOICE
Bewakoof
Grand Total: ₹46340.39
Payment: CARD",46340.39,shopping,card,,,ocr_receipt
abhi colleague ka split kiya 188 UPI se pay kiyaa ICICI Bank account se yaar,188,friends,upi,slice,icici,hinglish_natural
kal 455 rupay tuition diye coaching pe PayTM pe,455,education,upi,paytm,,hinglish_natural
ACT Fibernet ₹409 Bhim,409,utilities,upi,bhim,hdfc,ocr_upi
paid 3588 to CCD through Cred from axis,3588,food,upi,cred,axis,voice_transcript
office se aate hue insurance premium 3004 rs. via bhim hdfc card se,16348,utilities,upi,bhim,hdfc,source_hinglish
INR 26198.21 to hospital via Paytm SBI account,26198.21,healthcare,upi,paytm,sbi,english_natural
bhai MedPlus ka 427 rupaye GPay se de diya,427,healthcare,upi,gpay,icici,voice_transcript
2363 rupees FreshMenu card se,2363,food,card,,,hinglish_natural
maine 23 rupaye Groww ko diye card se,23,investment,card,,,voice_transcript
i paid 3995 rupees for Kuvera using card,3995,investment,card,,,voice_transcript
3183 rupaye udhar return kya colleague ko haath se diyee,3183,friends,cash,,,hinglish_natural
"INOX
Net Amount 455.76
Paid via bhim",455.76,entertainment,upi,bhim,,ocr_receipt
Rahul ko 4776 transfer kiya cash se,4776,friends,cash,,,friends_synthetic
home loan EMI me 153 ka EMI kat gayi card se bhai,153,emi,card,,,hinglish_natural
petrol diesel fuel 8969 at pump gpay,8969,travel,upi,gpay,axis,cue_row
"BILL
Practo
194
CARD
Thank You Visit Again",194,healthcare,card,,sbi,ocr_receipt
i paid 34145 rupees for Bajaj Finance EMI using CRED,34145,emi,upi,cred,sbi,voice_transcript
Rs 3069 to Spotify via Paytm,3069,entertainment,upi,paytm,,english_natural
maine 48501 rupaye coaching ko diye cash se,48501,education,cash,,,voice_transcript
flatmate rent share 14745 G Pay Ananya,14745,friends,upi,gpay,hdfc,friends_synthetic
33523 charged for Unacademy on card,33523,education,card,,yes bank,english_natural
amazon flipkart myntra online shopping order Rs259 card,259,shopping,card,,,cue_row
Rs 499.12 to ACT Fibernet via Paytm,499.12,utilities,upi,paytm,,english_natural
bhai Nykaa ka 25062 rupaye card se de diya,25062,shopping,card,,jupiter,voice_transcript
Vikram ka split kr diya 377 ₹ UPI se,377,friends,upi,niyo,hdfc,hinglish_natural
breakfast snacks chai coffee Rs.439 G Pay,439,food,upi,gpay,,cue_row
478 rs INOX UPI se pay kia,478,entertainment,upi,phonepe,,hinglish_natural
IndiGo ka 260 rupees ka bill cash se pay kiya,260,travel,cash,,,voice_transcript
1833 rs stock lia PPF ko Gpay se,1833,investment,upi,gpay,,hinglish_natural
PayTM payment 313.94 stationery hdfc 4964 successful,313.94,education,upi,paytm,hdfc,ocr_upi
"APPLE MUSIC RESTAURANT
Total 22617
Cash Received
Change 0.00",22617,entertainment,upi,slice,,ocr_receipt
"TAX INVOICE
BookMyShow
Grand Total: Rs13206.63
Payment: CARD",13206.63,entertainment,card,,,ocr_receipt
443 diagnostic UPI se de diye,443,healthcare,upi,phonepe,slice,hinglish_natural
Flipkart ka saman liya 15851 rs. G Pay se pay kar diya Niyo se,15851,shopping,upi,gpay,niyo,hinglish_natural
Jio recharge 4363 Paytm Payment done Axis Bank 8507,4363,utilities,upi,paytm,axis,ocr_upi
Bought Bharat Petroleum for Rs2508 with cash,2508,travel,cash,,,english_natural
split bill 410 cash se Ananya ko diya,410,friends,cash,,pnb,friends_synthetic
Paid ₹361.95 to ET Money gpay UPI Punjab National Bank 2167 Done,361.95,investment,upi,gpay,pnb,ocr_upi
Paid Rs.2027 for Priya via CRED,2027,friends,upi,cred,,english_natural
Swiggy me 357 rupay ka khana order kya cash me matlab,357,food,cash,,,hinglish_natural
mobile recharge 193,193,utilities,card,,hdfc,english_natural
Tata Play se bill pay kya 1555 rs ka UPI se pay kiya ICICI se kata,17970,utilities,upi,jupiter,icici,source_hinglish
47339 rupees roommate UPI se diyee,47339,friends,upi,gpay,slice,hinglish_natural
R 4578 paid to home loan EMI via PhonePe UPI from State Bank Bank ending 7248,4578,emi,upi,phonepe,sbi,ocr_upi
gold 194 rupees credit card se sasta tha,194,investment,card,,,hinglish_natural
flatmate rent share 62 card dost,62,friends,card,,,friends_synthetic
3524 game liyaa SonyLIV pe UPI se,3524,entertainment,upi,cred,,hinglish_natural
home loan car loan credit card EMI monthly t408 autopay paytm,408,emi,upi,paytm,,cue_row
subah 2066 rupaiye Coin jupiter se,32439,investment,upi,jupiter,,source_hinglish
Spent Rs 419 on Vedantu using Phonepe,419,education,upi,phonepe,sbi,english_natural
bhai Shreya ko udhar return kiya 4635 rs Fi se,4635,friends,upi,fi,,friends_synthetic
BOOKMYSHOW INR 120 FI MONEY,120,entertainment,card,,fi,english_natural
subah IRCTC pe 4913 rupay ka ride liyaa cash die,4913,travel,cash,,,hinglish_natural
NEFT/TRANSFER/VIKRAM/HDFC,796.94,friends,upi,slice,hdfc,english_natural
KFC se khana khaaya 46770 rupaye ka cash me,46770,food,cash,,,hinglish_natural
home loan EMI ₹370 debited from Fi Money,370,emi,card,,fi,english_natural
391 rupees Reliance Digital slice,391,shopping,upi,slice,,voice_transcript
₹4476 charged for Airtel recharge on G Pay,4476,utilities,upi,gpay,icici,english_natural
Rs.15347 to Vikram Paytm UPI,15347,friends,upi,paytm,,friends_synthetic
Bought gold for Rs.124.05 with gpay,124.05,investment,upi,gpay,,english_natural
dost Divya ko 425 rupaye paytm se bheje,425,friends,upi,paytm,,friends_synthetic
electricity water broadband mobile recharge bill Rs 482 PhonePe,482,utilities,upi,phonepe,,cue_row
dost Karan ko 3442 rupaye card se bheje,3442,friends,card,,,friends_synthetic
ghar jaate waqt diagnostic me 302 rupaye ka test karaya UPI se diyee,38809,healthcare,upi,paytm,,source_hinglish
36093 rupees BYJU'S debit card se,44452,education,card,,,source_hinglish
R 873.69 charged for upGrad on slice,873.69,education,upi,slice,,english_natural
aaj tuition pe 11788 rupaye kharcha hua phonepe se,11788,education,upi,phonepe,,voice_transcript
Zomato 2997 rs card se pay kiya,32250,food,card,,axis,source_hinglish
UPI/32236347/MCDONALD'S/JUPITER,2024.87,food,upi,paytm,jupiter,english_natural
Cleartrip ka ticket book kar diya 2509 rs cash me Fi Money se kata,2509,travel,cash,,fi,hinglish_natural
2643 rs. upGrad UPI se pay kar diya,2643,education,upi,slice,,hinglish_natural
Bought DishTV for INR 53.76 with debit card,53.76,utilities,card,,fi,english_natural
"D AUTO 6655 Completed 7Apr 2026,5:18 pm HDFC Bank 8706 UPI transaction ID 308183632939702 TO:AUTO auto.60440@hdfcbank Googletransaction lD CICAgJjg207154 OPI cred",6655,travel,upi,cred,hdfc,ocr_upi
Just paid INR 32048 to car loan EMI through debit card,32048,emi,card,,,english_natural
"D COACHING 3723 Completed 15Apr 2026,2:41 pm IDFC First Bank 2639 UPI transaction ID 487314601047575 TO:COACHING coaching.35440@idfc firstbank Soogletransaction lD XYZabc301711 OPI slice",3723,education,upi,slice,idfc,ocr_upi
SBI loan pe 15026 ka EMI kat gayi card se pay kiya,15026,emi,card,,,hinglish_natural
Spent Rs 4557.81 on Bajaj Finance EMI using Gpay,4557.81,emi,upi,gpay,,english_natural
35 to home loan EMI via debit card,35,emi,card,,,english_natural
Chai Point Rs7253.46 slice,7253.46,food,upi,slice,hdfc,ocr_upi
Rs.2718 to Divya Niyo UPI,2718,friends,upi,niyo,hdfc,friends_synthetic
"D LIBRARY 17821 Completed 16Apr 2026,9:18 pm BOB Bank 1898 UPI transaction ID 865584225277685 TO:LIBRARY library.71284@bobbank Googletransaction lD XYZabc644292 OPI Gpay",17821,education,upi,gpay,bob,ocr_upi
personal loan EMI R 3455.70 paytm,3455.70,emi,upi,paytm,icici,ocr_upi
canteen 1443 credit card se,1443,food,card,,,hinglish_natural
3885 rupees Rohan via cred,3885,friends,upi,cred,hdfc,hinglish_natural
spent 438 rupees on diagnostic via card,438,healthcare,card,,,voice_transcript
ET Money se SIP bharaa 12521 rs ka debit card se,12521,investment,card,,,hinglish_natural
split bill 13797 niyo se Ananya ko diya,13797,friends,upi,niyo,,friends_synthetic
2641 rupaye game le liya Amazon Prime pe Paytm se pay kiya,2641,entertainment,upi,paytm,canara,hinglish_natural
Paid Blinkit ₹2680.50 using Bhim,2680.50,food,upi,bhim,,english_natural
"H&M BILL
St: Rs.143
PayTM APPROVED",143,shopping,upi,paytm,,ocr_receipt
MedPlus 761 rs haath se de diya,26612,healthcare,cash,,,source_hinglish
TO:UPGRAD upgrad.38702@icicibank From:RAHULKUMAR (ICICI GPay : user6823@okicicibank,373,education,upi,gpay,icici,ocr_upi
gold ka mutual fund kar diya 4020 UPI se de diye,4020,investment,upi,niyo,,hinglish_natural
gold 3331 rupay Slice se,3331,investment,upi,slice,niyo,hinglish_natural
bhai Karan ko udhar return kiya 81 rs Phonepe se,81,friends,upi,phonepe,,friends_synthetic
Paid t30842 to BYJU'S Phone Pe UPI sbi 3763 Completed,30842,education,upi,phonepe,sbi,ocr_upi
761 eye checkup,761,healthcare,upi,cred,,english_natural
Indian Oil 252 rupay cash me,252,travel,cash,,,hinglish_natural
Paid food court Rs.4831.44 using cash,4831.44,food,cash,,,english_natural
Divya 482 cash me,482,friends,cash,,,hinglish_natural
coaching ka admission kar diya 49478 rupees cash me,49478,education,cash,,hdfc,hinglish_natural
paid Arjun 2853 via cash,2853,friends,cash,,,friends_synthetic
raat ko diagnostic ka dawai lya 425 rupaiye paytm pe,425,healthcare,upi,paytm,,hinglish_natural
Spent Rs 98 on Nykaa using Mastercard,98,shopping,card,,sbi,english_natural
kal MedPlus ka medicine liya 39574 rs NIYO se pay kya,39574,healthcare,upi,niyo,,hinglish_natural
ELECTRICITY BILL INR 20163 FI,20163,utilities,upi,gpay,fi,english_natural
hospital doctor pharmacy medicine diagnostic Rs.595 PayTM,595,healthcare,upi,paytm,,cue_row
48351 rupay college fees PhonePe pe,48351,education,upi,phonepe,,hinglish_natural
NEFT/TRANSFER/MUTUAL FUND/SLICE,2792,investment,card,,slice,english_natural
i paid 27035 rupees for Priya using Paytm,27035,friends,upi,paytm,hdfc,voice_transcript
paid 4176 to Ananya through GPay,4176,friends,upi,gpay,,voice_transcript
IRCTC se petrol bhra 234 rupaiye ka card se,234,travel,card,,,hinglish_natural
Payment of Rs.469 to tuition was successful via Jupiter UPI Ref No 3321119470117 icici Account 3865,469,education,upi,jupiter,icici,ocr_upi
BSNL 24578,24578,utilities,upi,fi,,english_natural
split bill 21343 Slice se bhai ko diya,21343,friends,upi,slice,,friends_synthetic
clinic mein 2580 lag gaye card se bhara,2580,healthcare,card,,hdfc,voice_transcript
bhai 403 ₹ stock liya SIP ko debit card se,403,investment,card,,,hinglish_natural
"RELIANCE DIGITAL
Item 1 INR 290
Item 2 Rs86
Total Rs.14320
CARD",14320,shopping,card,,,ocr_receipt
4926 rupaye game lia Apple Music pe debit card se,4926,entertainment,card,,,hinglish_natural
breakfast snacks chai coffee ₹49941 Slice,49941,food,upi,slice,,cue_row
Faasos se khana kha liya 3989 rupay ka Slice pe,3989,food,upi,slice,,hinglish_natural
dost colleague ko 5072 rupaye cash se bheje,5072,friends,cash,,,friends_synthetic
Bewakoof payment ₹1474.67 done via debit card,1474.67,shopping,card,,,english_natural
Ajio 2965 rupees Jupiter pe,2965,shopping,upi,jupiter,,hinglish_natural
Paid books Rs1669.99 using credit card,1669.99,education,card,,,english_natural
insurance premium 2788 rs debit card se budget tod diya,15729,utilities,card,,,source_hinglish
Rahul ka 8519 rupees ka bill paytm se pay kiya,8519,friends,upi,paytm,,voice_transcript
yaar 34319 rs transfer kia flatmate pe UPI se pay kiyaa hdfc se,34319,friends,upi,fi,hdfc,hinglish_natural
NATURE'S BASKET INR 2308 SBI,2308,food,cash,,sbi,english_natural
school college tuition course books fees t18112 card,18112,education,card,,,cue_row
79 rupees insurance premium Phone Pe Yes Bank account,79,utilities,upi,phonepe,yes bank,voice_transcript
"BILL
gaming
Rs 478
CRED
Thank You Visit Again",478,entertainment,upi,cred,,ocr_receipt
HP Petrol 4221 ₹ UPI se pay kya,4221,travel,upi,jupiter,,hinglish_natural
paid 44205 to exam fee through phonepe from Bandhan Bank,44205,education,upi,phonepe,bandhan,voice_transcript
Yatra 24934 ₹ UPI se,24934,travel,upi,slice,,hinglish_natural
227 paid to personal loan EMI via GPay UPI from hdfc Bank ending 7563,227,emi,upi,gpay,hdfc,ocr_upi
ghar jaate waqt Tata CLiQ se khareed liya 2141 ₹ ka fi pe,2141,shopping,upi,fi,,hinglish_natural
lab test me 280 rs. ka medicine liyaa cash me hdfc se,280,healthcare,cash,,hdfc,hinglish_natural
hospital doctor pharmacy medicine diagnostic ₹49855 cash,49855,healthcare,cash,,,cue_row
POS/COLLEGE FEES/PHONEPE/8657,38,education,upi,phonepe,,english_natural
₹13307.99 to IndiGo via card,13307.99,travel,card,,,english_natural
home loan EMI 287 ₹ debit card se,287,emi,card,,slice,hinglish_natural
"bike loan EMI 2267.89 Completed 2Jun 2026,11:19 pm YES BANK 7973 UPI transaction ID 311029036684",2267.89,emi,upi,niyo,yes bank,ocr_upi
Uber ride INR 10685,10685,travel,card,,,source_english
i did 4817 expense on dhaba using cash,4817,food,cash,,,voice_transcript
paid flatmate ₹370 via Google Pay,370,friends,upi,gpay,,friends_synthetic
Bought Hotstar for INR 47803.81 with Visa,47803.81,entertainment,card,,hdfc,english_natural
Lenskart 31341,31341,healthcare,upi,paytm,,english_natural
Bought crypto for INR 1038 with credit card,1038,investment,card,,fi,english_natural
Spent INR 1526 on Zerodha using Mastercard,1526,investment,card,,,english_natural
coaching exam preparation study material INR 287 Fi,287,education,upi,fi,,cue_row
water bill 1945 PayTM,1945,utilities,upi,paytm,,english_natural
paid 107 to Amit through card from Yes Bank,107,friends,card,,yes bank,voice_transcript
1559 BookMyShow cash diye,1559,entertainment,cash,,canara,hinglish_natural
"TAX INVOICE
Faasos
Grand Total: 4316.16
Payment: Google Pay",4316.16,food,upi,gpay,,ocr_receipt
NEFT/TRANSFER/NYKAA/,40637,shopping,card,,,english_natural
Priya ko 387 transfer kiya cash se,387,friends,cash,,,friends_synthetic
mall ka saman liyaa 2468 ₹ cash me,2468,shopping,cash,,,hinglish_natural
bhai Ajio ka 1429 rupaye card se de diya,1429,shopping,card,,jupiter,voice_transcript
NEFT/TRANSFER/PIZZA HUT/,2699.76,food,cash,,,english_natural
roommate se paise bheje 1567 rupaye ka PhonePe se pay kiya,1567,friends,upi,phonepe,,hinglish_natural
mobile recharge se bill pay kar diya 42958 ₹ ka Fi pe,42958,utilities,upi,fi,,hinglish_natural
Bought electronics store for 2357.03 with debit card,2357.03,shopping,card,,sbi,english_natural
phonepe payment Rs 2449 Amazon Prime HDFC 4643 successful,2449,entertainment,upi,phonepe,hdfc,ocr_upi
SpiceJet ka ride lia 3264 rs cash me,3264,travel,cash,,,hinglish_natural
Subway 2023 rupaiye UPI se de diya,2023,food,upi,cred,,hinglish_natural
Kuvera 313,313,investment,card,,,english_natural
sent 3130 to friend on cash split bill UPI,3130,friends,cash,,sbi,cue_row
4724 rupees mutual fund UPI se pay kia,4724,investment,upi,gpay,,hinglish_natural
CCD 470 rupay UPI se diyee,470,food,upi,cred,,hinglish_natural
G Pay payment ₹2823 Netflix Punjab National Bank 6763 successful,2823,entertainment,upi,gpay,pnb,ocr_upi
paid 297 to car loan EMI through BHIM,297,emi,upi,bhim,,voice_transcript
UPI/18986576/EXAM FEE/HDFC,4782,education,upi,cred,hdfc,english_natural
Jio recharge mein 423 lag gaye card se bhara,423,utilities,card,,,voice_transcript
Payment of ₹2743 to water bill was successful via paytm UPI Ref No 7749117675 ICICI Bank Account 1235,2743,utilities,upi,paytm,icici,ocr_upi
47204 Amazon Prime PayTM se pay kar diya,47204,entertainment,upi,paytm,,hinglish_natural
Swiggy se food order kia 909 ₹ ka credit card se,6853,food,card,,,source_hinglish
Rs.366 to Rohan cash UPI,366,friends,cash,,indusind,friends_synthetic
coaching exam preparation study material 4785 G Pay,4785,education,upi,gpay,hdfc,cue_row
aaj 473 rupay test karaya lab test ko UPI se sbi wale account se,473,healthcare,upi,jupiter,sbi,hinglish_natural
Paid JioCinema 23892 using Visa,23892,entertainment,card,,,english_natural
Paid Rs.2620 to IRCTC CRED UPI IDFC 3414 Completed,2620,travel,upi,cred,idfc,ocr_upi
862 to Vikram cash UPI,862,friends,cash,,,friends_synthetic
SpiceJet se ride lia 254 ₹ ka card se pay kya,254,travel,card,,,hinglish_natural
1mg 2174 rupaye Gpay se,1,healthcare,upi,gpay,,hinglish_natural
Rs.234.41 to Croma via Visa,234.41,shopping,card,,,english_natural
mutual fund me 27299 ₹ ka mutual fund kar diya debit card se achha deal mila,27299,investment,card,,,hinglish_natural
netflix spotify hotstar subscription movie show ₹3843 card,3843,entertainment,card,,yes bank,cue_row
mall 4631 rs. credit card se sbi se kata,4631,shopping,card,,sbi,hinglish_natural
split bill 1530 phonepe se Neha ko diya,1530,friends,upi,phonepe,,friends_synthetic
270 rupay Karan UPI se pay kia,270,friends,upi,jupiter,,hinglish_natural
"ACT FIBERNET RESTAURANT
Total 1261
Cash Received
Change 0.00",1261,utilities,card,,axis,ocr_receipt
Paid 2538 for FirstCry via Mastercard,2538,shopping,card,,,english_natural
912 cash Jio recharge,912,utilities,cash,,niyo,english_natural
POS/AMIT/CRED/4394,1742,friends,upi,cred,niyo,english_natural
Rs.46045.76 paid to library via Phonepe UPI from HDFC Bank ending 8509,46045.76,education,upi,phonepe,hdfc,ocr_upi
aaj Vi recharge se bill bhar diya 48605 rs. ka UPI se,48605,utilities,upi,phonepe,bob,hinglish_natural
25.45 paytm mall,25.45,shopping,upi,paytm,,english_natural
car loan EMI pe 2490 rupay ka EMI bharaa card se pay kya,2490,emi,card,,,hinglish_natural
office se aate hue auto se ride le liya 1965 rs ka paytm se pay kar diya Union Bank wale account se,1965,travel,upi,paytm,union bank,hinglish_natural
kal 29135 rs buy kya Ajio pe credit card se,29135,shopping,card,,,hinglish_natural
4285 rupay society maintenance UPI se bohot mehenga,4285,utilities,upi,gpay,,hinglish_natural
home loan car loan credit card EMI monthly Rs.34698 autopay card,34698,emi,card,,,cue_row
bhim payment 456 Netmeds ICICI Bank 8878 completed,456,healthcare,upi,bhim,icici,ocr_upi
hospital doctor pharmacy medicine diagnostic Rs 3100 slice,3100,healthcare,upi,slice,hdfc,cue_row
"AMAZON PRIME
Item 1 365
Item 2 Rs.487
Total Rs.1925
CARD",1925,entertainment,card,,,ocr_receipt
Hotstar ka show dekha 350 rs. gpay pe,350,entertainment,upi,gpay,hdfc,hinglish_natural
Payment of 386.18 to bike loan EMI was successful via Paytm UPI Ref No 17295218667 sbi Account 2349,386.18,emi,upi,paytm,sbi,ocr_upi
dopahar ko 104 rs. ACT Fibernet Phonepe se pay kiya,104,utilities,upi,phonepe,,hinglish_natural
rent maintenance gas connection 1592 card,1592,utilities,card,,,cue_row
NEFT/TRANSFER/SPOTIFY/SLICE,2819,entertainment,upi,slice,slice,english_natural
petrol diesel fuel Rs 80 at pump card,80,travel,card,,sbi,cue_row
today i spent 2018 on Yatra via card from my Niyo bank,2018,travel,card,,niyo,voice_transcript
coaching 41171 rs. cash me,41171,education,cash,,,hinglish_natural
amazon flipkart myntra online shopping order INR 6850 card,6850,shopping,card,,,cue_row
23676 to bro PhonePe UPI,23676,friends,upi,phonepe,,friends_synthetic
"TAX INVOICE
Nykaa
Grand Total: t122
Payment: CARD",122,shopping,card,,hdfc,ocr_receipt
home loan car loan credit card EMI monthly 3131 autopay card,3131,emi,card,,sbi,cue_row
67 ₹ Amit via Slice,67,friends,upi,slice,,hinglish_natural
water bill mein 1595 lag gaye Niyo se bhara,1595,utilities,upi,niyo,,voice_transcript
college fees 447 rupaiye UPI se pay kr diya,447,education,upi,phonepe,,hinglish_natural
Paid ₹4618 for restaurant via PayTM,4618,food,upi,paytm,slice,english_natural
Movie ticket booking INR 9062,9062,entertainment,card,,,source_english
Paid 2320.86 to Faasos Jupiter UPI ICICI 6561 Successful,2320.86,food,upi,jupiter,icici,ocr_upi
flight booking travel ticket Rs.13241 PayTM,13241,travel,upi,paytm,,cue_row
?164.88 to Vi recharge via jupiter hdfc account,164.88,utilities,upi,jupiter,hdfc,english_natural
204 ka Meesho bill pay kiya card se jupiter se kata,204,shopping,card,,jupiter,voice_transcript
INR 1878 paid to SIP via G Pay UPI from SBI Bank ending 4927,1878,investment,upi,gpay,sbi,ocr_upi
PPF 1146 rs. G Pay se pay kia,1146,investment,upi,gpay,,hinglish_natural
Neha 4687 rupaye G Pay se pay kar diya yaar,4687,friends,upi,gpay,,hinglish_natural
home loan EMI Rs.47468.13 Mastercard,47468.13,emi,card,,,english_natural
paid Pooja t88 via G Pay,88,friends,upi,gpay,,friends_synthetic
"D MAKEMYTRIP 131 Completed 4Jan 2026,1:51 pm idfc Bank 2323 UPI transaction ID 962426578963558 TO:MAKEMYTRIP makemytrip.72058@idfcbank Googletransaction lD XYZabc263488 OPI Fi Money",131,travel,upi,fi,idfc,ocr_upi
Tata Play se bill pay kiyaa 3523 rupay ka via Phone Pe,15742,utilities,upi,phonepe,kotak,source_hinglish
"D EDUCATIONLOANEMI 392 Completed 13Mar 2026,1:03 pm icici Bank 6041 UPI transaction ID 4435250191653 TO:EDUCATIONLOANEMI education loan emi.62116@icicibank Googletransaction lD XYZabc669677 OPI Phone Pe",392,emi,upi,phonepe,icici,ocr_upi
personal loan installment EMI deduction Rs 3805 gpay,3805,emi,upi,gpay,hdfc,cue_row
ATM/CASH/SBI/4281,4281,emi,card,,sbi,english_natural
mutual fund SIP stocks PPF FD investment 969 card,969,investment,card,,,cue_row
4854 rs. Goibibo haath se die,4854,travel,cash,,icici,hinglish_natural
Library fee INR 23664,23664,education,upi,slice,,source_english
Paid Rs 2061 to rent slice UPI icici 8052 Successful,2061,utilities,upi,slice,icici,ocr_upi
gaming concert event ticket ₹828 G Pay,828,entertainment,upi,gpay,,cue_row
today i spent 2028 on Nykaa via card,2028,shopping,card,,,voice_transcript
slice payment ₹3170 IRCTC HDFC Bank 8411 completed,3170,travel,upi,slice,hdfc,ocr_upi
today i spent 187 on Airtel recharge via gpay,187,utilities,upi,gpay,,voice_transcript
"TAX INVOICE
diagnostic
Grand Total: Rs 361
Payment: G Pay",361,healthcare,upi,gpay,,ocr_receipt
PharmEasy INR 14211.46 G Pay,14211.46,healthcare,upi,gpay,sbi,ocr_upi
i paid 317 rupees for stationery using cash,317,education,cash,,axis,voice_transcript
restaurant pe 14504 ka khana order kia via Jupiter State Bank account se,14504,food,upi,jupiter,sbi,hinglish_natural
Amit se paise bheje 2194 ₹ ka cash diye Jupiter se kata,2194,friends,cash,,jupiter,hinglish_natural
gaming concert event ticket 1935 card,1935,entertainment,card,,,cue_row
Paid 271 for education loan EMI via fi,271,emi,upi,fi,jupiter,english_natural
EaseMyTrip 6261 rupaye UPI se diye,6261,travel,upi,gpay,pnb,hinglish_natural
Spent INR 477.86 on flatmate using cred,477.86,friends,upi,cred,,english_natural
Bought FreshMenu for t33326 with GPay,33326,food,upi,gpay,fi,english_natural
UPI/62999716/COACHING/HDFC BANK,1987.28,education,upi,slice,hdfc,english_natural
paid friend Rs17363 via G Pay,17363,friends,upi,gpay,,friends_synthetic
"INOX
Item 1 ?190
Item 2 270
Total Rs 467
paytm",467,entertainment,upi,paytm,,ocr_receipt
Meesho ₹8640 Gpay,8640,shopping,upi,gpay,,english_natural
coaching exam preparation study material ₹2033 cash,2033,education,cash,,,cue_row
Used Kotak Mahindra Fi Money to pay 385.95 for ACT Fibernet,385.95,utilities,upi,fi,kotak,english_natural
NEFT/TRANSFER/NPS/,4610,investment,card,,,english_natural
40912 rs buy kya electronics store pe debit card se,40912,shopping,card,,,hinglish_natural
JioMart ka food order kar diya 817 rs Phone Pe se pay kia hdfc se,817,food,upi,phonepe,hdfc,hinglish_natural
"APOLLO PHARMACY RESTAURANT
Total 27497
Cash Received
Change 0.00",27497,healthcare,card,,,ocr_receipt
Goibibo INR 454 Cred,454,travel,upi,cred,sbi,ocr_upi
"Nature's Basket
Net Amount 3880
Paid via Phone Pe",3880,food,upi,phonepe,hdfc,ocr_receipt
Payment of Rs.345 to Bajaj Finance EMI was successful via SLICE UPI Ref No 32323591661074 hdfc Account 2693,345,emi,upi,slice,hdfc,ocr_upi
20816 rupees mutual fund kiyaa NPS pe Phonepe pe SBI se kata bohot mehenga,20816,investment,upi,phonepe,sbi,hinglish_natural
Rs5000 to Shreya Jupiter UPI,5000,friends,upi,jupiter,,friends_synthetic
R 1059 to Pooja Jupiter UPI,1059,friends,upi,jupiter,,friends_synthetic
TO:EDUCATIONLOANEMI educationloanemi.43239@icicibank From:PRIYASHARMA (icici gpay : user5902@okicicibank,2066.10,emi,upi,gpay,icici,ocr_upi
office se aate hue Tata Play pe 223 rs ka bill bharaa credit card se,223,utilities,card,,,hinglish_natural
today i spent 191 on Vi recharge via Paytm from my SLICE bank,191,utilities,upi,paytm,slice,voice_transcript
TO:GOIBIBO goibibo.32650@indusindbank From:AMITSINGH (IndusInd slice : user4281@okindusindbank,599,travel,upi,slice,indusind,ocr_upi
2996 rs. fees bharaa Udemy pe UPI se pay kr diya,2996,education,upi,niyo,,hinglish_natural
aaj Myntra se shopping kiya 589 ka debit card se,589,shopping,card,,,hinglish_natural
Zerodha se paisa daala 3803 rupay ka debit card se,32642,investment,card,,,source_hinglish
raat ko 49 Paytm Money Phonepe se,49,investment,upi,phonepe,,hinglish_natural
bhai Priya ko udhar return kiya 12556 rs Google Pay se,12556,friends,upi,gpay,axis,friends_synthetic
Croma mein 1102 lag gaye card se bhara,1102,shopping,card,,,voice_transcript
electronics clothes shoes accessories purchase Rs40547 via Paytm,40547,shopping,upi,paytm,,cue_row
abhi eye checkup 6066 rupaiye haath se die HDFC card se matlab,6066,healthcare,cash,,hdfc,hinglish_natural
Air India se ride le liya 132 rs. ka via PayTM,132,travel,upi,paytm,hdfc,hinglish_natural
"CLINIC
Item 1 Rs.319
Item 2 t124
Total Rs2550
cred",2550,healthcare,upi,cred,,ocr_receipt
Snapdeal se buy kia 5513 ka Phone Pe se Fi card se,5513,shopping,upi,phonepe,fi,hinglish_natural
SBI loan 262,262,emi,card,,icici,english_natural
"Zerodha 455.69 Completed 10Nov 2026,10:48 pm IndusInd 6152 UPI transaction ID 197400597583445",455.69,investment,upi,paytm,indusind,ocr_upi
Used Federal Bank credit card to pay R 373 for car loan EMI,373,emi,card,,federal bank,english_natural
Just paid ₹248 to Nature's Basket through debit card,248,food,card,,,english_natural
2455 Pizza Hut UPI se pay kiyaa,2455,food,upi,gpay,bandhan,hinglish_natural
spent 10881 rupees on school fees via card,10881,education,card,,,voice_transcript
UPI/07630150/DUNKIN/BANK,1213,food,upi,paytm,,english_natural
paid back friend lent money ₹54 slice,54,friends,upi,slice,bob,cue_row
spent 15364 rupees on exam fee via card,15364,education,card,,,voice_transcript
ghar jaate waqt dentist se medicine liyaa 1081 ka cash me RBL wale account se,25897,healthcare,cash,,rbl,source_hinglish
NEHA INR 2818 ICICI,2818,friends,upi,paytm,icici,english_natural
bhai pe 1105 rupaye ka split kr diya via BHIM,1105,friends,upi,bhim,,hinglish_natural
Paid ₹4373.73 for dost from my sbi account via Paytm,4373.73,friends,upi,paytm,sbi,english_natural
Divya 197 via niyo yaar,197,friends,upi,niyo,,hinglish_natural
1145 ₹ IRCTC card se,1145,travel,card,,,hinglish_natural
POS/SUBWAY/CARD/1982,112,food,card,,,english_natural
Zara ka saman lia 583 rupay card se pay kya,583,shopping,card,,slice,hinglish_natural
Paid Rs.1699.83 for Tata CLiQ via cash,1699.83,shopping,cash,,slice,english_natural
bike loan EMI 14209 debit card,14209,emi,card,,,english_natural
Just paid Rs 660 to INOX through phonepe,660,entertainment,upi,phonepe,,english_natural
Rs4300 debited from your SBI account for bike loan EMI (SLICE UPI),4300,emi,upi,slice,sbi,ocr_upi
dopahar ko mobile recharge me 4460 ₹ ka bill pay kiyaa card se State Bank se,4460,utilities,card,,sbi,hinglish_natural
auto 2298 ₹ UPI se bhai,2298,travel,upi,cred,hdfc,hinglish_natural
Jio recharge me 187 rupay ka payment kar diya Phone Pe se pay kia sbi wale account se,187,utilities,upi,phonepe,sbi,hinglish_natural
spent 83 rupees on bro via Slice,83,friends,upi,slice,,voice_transcript
498 to Pooja Jupiter UPI,498,friends,upi,jupiter,,friends_synthetic
"eye checkup 4523.64 Completed 1Mar 2025,12:18 am HDFC 1989 UPI transaction ID 323535575514",4523.64,healthcare,upi,cred,hdfc,ocr_upi
paid back friend lent money ₹10712 gpay,10712,friends,upi,gpay,,cue_row
"D 1MG 408 Completed 18Feb 2026,11:45 pm icici Bank 9246 UPI transaction ID 210072040947112 TO:1MG 1mg.48672@icicibank Googletransaction lD CICAgJjg757804 OPI Phonepe",408,healthcare,upi,phonepe,icici,ocr_upi
Game purchase INR 2705,2705,entertainment,cash,,hdfc,source_english
medical checkup lab test health insurance R 24783 card,24783,healthcare,card,,,cue_row
paid back friend lent money Rs4536 G Pay,4536,friends,upi,gpay,,cue_row
"GAS BILL RESTAURANT
Total 334.53
Cash Received
Change 0.00",334.53,utilities,upi,slice,,ocr_receipt
flatmate rent share 3245 card Neha,3245,friends,card,,,friends_synthetic
Zara 642 rupaye credit card se,642,shopping,card,,,hinglish_natural
"HOTSTAR
Item 1 Rs.355
Item 2 t290
Total Rs 43272
CASH",43272,entertainment,cash,,,ocr_receipt
4714 rupees doctor ko diy Netmeds ko via PhonePe,4714,healthcare,upi,phonepe,indusind,hinglish_natural
SIP INR 385 FI MONEY,385,investment,card,,fi,english_natural
Tata Play pe 13125 ₹ ka payment kia UPI se,13125,utilities,upi,phonepe,,hinglish_natural
BYJU'S 271 Bhim,271,education,upi,bhim,hdfc,english_natural
SBI loan 25599 rupaiye debit card se,25599,emi,card,,,hinglish_natural
Paid Rs 383.31 to Hotstar Jupiter UPI sbi 2703 Done,383.31,entertainment,upi,jupiter,sbi,ocr_upi
raat ko 873 rupaiye kiraya de diya MakeMyTrip pe UPI se diy,873,travel,upi,phonepe,,hinglish_natural
PPF se stock le liya 30003 ₹ ka UPI se pay kia,30003,investment,upi,gpay,jupiter,hinglish_natural
abhi Amazon me 417 rupay ka order kiya slice se budget tod diya,417,shopping,upi,slice,,hinglish_natural
Bought Lenskart for Rs385 with cash,385,healthcare,cash,,,english_natural
personal loan installment EMI deduction INR 4132 card,4132,emi,card,,sbi,cue_row
sent money to yaar ₹1374 on cash,1374,friends,cash,,,friends_synthetic
"TAX INVOICE
YouTube Premium
Grand Total: 838
Payment: G Pay",838,entertainment,upi,gpay,axis,ocr_receipt
yaar Coin 657 rupees debit card se,657,investment,card,,,hinglish_natural
bhai books ka 101 rupaye cash se de diya,101,education,cash,,,voice_transcript
NEFT/TRANSFER/AMAZON/IDFC,16068.94,shopping,cash,,idfc,english_natural
exam fee se fees bhara 49 ₹ ka card se pay kya bc,49,education,card,,,hinglish_natural
stationery se admission kiya 1653 rs. ka phonepe se,1653,education,upi,phonepe,,hinglish_natural
today i spent 469 on MedPlus via cash,469,healthcare,cash,,,voice_transcript
personal loan EMI ka 2078 rupees ka bill card se pay kiya,2078,emi,card,,,voice_transcript
Payment of INR 2728 to friend was successful via GPay UPI Ref No 25085592562972 axis Account 6067,2728,friends,upi,gpay,axis,ocr_upi
STATIONERY INR 498,498,education,card,,,english_natural
"BILL
JioMart
₹4126
CASH
Thank You Visit Again",4126,food,cash,,yes bank,ocr_receipt
Bharat Petroleum 33846 ₹ card se,33846,travel,card,,pnb,hinglish_natural
UNACADEMY INR 415,415,education,cash,,,english_natural
208 rupaiye Amazon Prime Cred se pay kiya,208,entertainment,upi,cred,icici,hinglish_natural
Kuvera ka 32925 rupees ka bill Slice se pay kiya,32925,investment,upi,slice,,voice_transcript
18950 rupay SIP via GPay,18950,investment,upi,gpay,,hinglish_natural
204 car loan EMI,204,emi,upi,jupiter,,english_natural
electricity water broadband mobile recharge bill t13312 card,13312,utilities,card,,,cue_row
1760 rs. transfer kya Arjun pe UPI se diyee,1760,friends,upi,gpay,,hinglish_natural
society maintenance 43475 ₹ UPI se HDFC Bank se kata,43475,utilities,upi,paytm,hdfc,hinglish_natural
today i spent 2943 on Chai Point via card,2943,food,card,,,voice_transcript
office se aate hue 2801 rupaiye installment diyee education loan EMI pe card se PNB se kata,2801,emi,card,,pnb,hinglish_natural
school fees se books lya 677 rupaye ka UPI se pay kiyaa,677,education,upi,fi,,hinglish_natural
593 rupees bike loan EMI card,593,emi,card,,,voice_transcript
Paid Rs719 for broadband from my SLICE account via cash,719,utilities,cash,,slice,english_natural
rent maintenance gas connection 431 Phonepe,431,utilities,upi,phonepe,,cue_row
Spent ₹164 on Myntra using Google Pay,164,shopping,upi,gpay,,english_natural
Just paid 2085 to Spotify through credit card,2085,entertainment,card,,,english_natural
83 rupaye Paytm Money G Pay se pay kr diya,83,investment,upi,gpay,pnb,hinglish_natural
dost ko 2013 transfer kiya Google Pay se,2013,friends,upi,gpay,,friends_synthetic
electronics clothes shoes accessories purchase ₹28620 via card,28620,shopping,card,,,cue_row
Food court payment INR 2935,2935,food,upi,paytm,,source_english
"D FRESHMENU 344 Completed 19Mar 2026,3:43 pm Canara Bank 8535 UPI transaction ID 61794964549 TO:FRESHMENU freshmenu.56444@canarabank Goog1etransaction lD XYZabc812731 OPI jupiter",344,food,upi,jupiter,canara,ocr_upi
Just paid 89.80 to Subway through SLICE,89.80,food,upi,slice,hdfc,english_natural
Croma me 922 rupay ka order kiya card se pay kiya,1614,shopping,card,,icici,source_hinglish
split bill 3056 PhonePe se Arjun ko diya,3056,friends,upi,phonepe,,friends_synthetic
paid 46851 to dost through PhonePe,46851,friends,upi,phonepe,,voice_transcript
doctor pe 3233 rupees ka test karaya cash de diya achha deal mila,3233,healthcare,cash,,niyo,hinglish_natural
919 paise bheje Shreya pe UPI se,919,friends,upi,phonepe,,hinglish_natural
2840 rupees Shreya Phone Pe NIYO account,2840,friends,upi,phonepe,niyo,voice_transcript
Mutual fund SIP INR 46390,46390,investment,upi,cred,bob,source_english
3675 rupees petrol bhar diya petrol pump ko slice se pay kr diya Kotak Mahindra se kata,3675,travel,upi,slice,kotak,hinglish_natural
raat ko car loan EMI se installment diy 31501 rupaiye ka gpay pe Fi Money account se,31501,emi,upi,gpay,fi,hinglish_natural
TO:JIORECHARGE jiorecharge.63270@hdfcbankbank From:UTSAVJANA (HDFC Bank Paytm : user4097@okhdfcbankbank,6204,utilities,upi,paytm,hdfc,ocr_upi
aaj DishTV pe 130 rupaye kharcha hua GPay se,130,utilities,upi,gpay,sbi,voice_transcript
Blinkit 48597 rupees card se,48597,food,card,,federal bank,hinglish_natural
"Netmeds
Net Amount 26136
Paid via CASH",26136,healthcare,cash,,,ocr_receipt
"Nature's Basket BILL
St: ?292.17
CARD APPROVED",292.17,food,card,,axis,ocr_receipt
office se aate hue 91 rs recharge kia Airtel recharge pe G Pay pe,91,utilities,upi,gpay,,hinglish_natural
abhi petrol pump se ride liyaa 865 rs ka card se pay kar diya ICICI Bank card se,865,travel,card,,icici,hinglish_natural
"D FD 1824 Completed 10Apr 2026,3:11 pm Kotak Mahindra Bank 9616 UPI transaction ID 7693774542 TO:FD fd.13564@kotak mahindrabank Goog1etransaction lD XYZabc365878 OPI paytm",1824,investment,upi,paytm,kotak,ocr_upi
Priya ko 4790 transfer kiya Phone Pe se,4790,friends,upi,phonepe,,friends_synthetic
1795 rs food order kiya Behrouz ko naqad,1795,food,cash,,,hinglish_natural
Amazon pe 211 rupaye ka khareed lya card se pay kiyaa SLICE se,211,shopping,card,,slice,hinglish_natural
spent 25560 rupees on yaar via cred,25560,friends,upi,cred,,voice_transcript
dost 35774 paytm,35774,friends,upi,paytm,kotak,english_natural
"D ANANYA 3538.59 Completed 18Mar 2026,1:26 pm State Bank Bank 6928 UPI transaction ID 1245011601241 TO:ANANYA ananya.82687@state bankbank Soogletransaction lD CICAgJjg607621 OPI G Pay",3538.59,friends,upi,gpay,sbi,ocr_upi
i did 201 expense on doctor using Cred,201,healthcare,upi,cred,jupiter,voice_transcript
104.02 phonepe Bewakoof,104.02,shopping,upi,phonepe,,english_natural
mutual fund se mutual fund kiyaa 597 ka card se,597,investment,card,,,hinglish_natural
credit card EMI 3037 rupees credit card se,3037,emi,card,,,hinglish_natural
48616 rupay education loan EMI Slice se,20206,emi,upi,slice,icici,source_hinglish
ghar jaate waqt 1583 rupay YouTube Premium UPI se pay kya,1583,entertainment,upi,gpay,,hinglish_natural
personal loan EMI 522 rupees debit card se,522,emi,card,,,hinglish_natural
"EYE CHECKUP RESTAURANT
Total 2704
Cash Received
Change 0.00",2704,healthcare,card,,,ocr_receipt
PVR 1204 Paytm Completed ICICI 8963,1204,entertainment,upi,paytm,icici,ocr_upi
dopahar ko Rohan se udhar return kiyaa 452 rupay ka Gpay se,452,friends,upi,gpay,sbi,hinglish_natural
"mobile recharge
Net Amount 108.55
Paid via CARD",108.55,utilities,card,,pnb,ocr_receipt
Cleartrip ka ticket book kiya 8536 rs. naqad,8536,travel,cash,,,hinglish_natural
ghar jaate waqt Vikram pe 185 rs. ka paise bheje Fi Money se,185,friends,upi,fi,hdfc,hinglish_natural
paid 45259 to mutual fund through card from Slice,45259,investment,card,,slice,voice_transcript
abhi 99 rs paise bheje Rohan ko UPI se pay kiya,99,friends,upi,cred,icici,hinglish_natural
dost Pooja ko 19558 rupaye G Pay se bheje,19558,friends,upi,gpay,,friends_synthetic
Payment of Rs 50.84 to petrol pump was successful via Phonepe UPI Ref No 35233919986277 icici Account 3152,50.84,travel,upi,phonepe,icici,ocr_upi
dopahar ko 483 rs khana order kya JioMart pe UPI se pay kya,483,food,upi,slice,,hinglish_natural
1mg pe 2692 rupaye ka checkup karaya naqad SBI se,25297,healthcare,cash,,sbi,source_hinglish
"society maintenance
Net Amount 28007
Paid via SLICE",28007,utilities,upi,slice,axis,ocr_receipt
2914 to Nature's Basket via Slice,2914,food,upi,slice,,english_natural
Dominos ka mangwaya 3119 ₹ cash de diye,3119,food,cash,,hdfc,hinglish_natural
yaar roommate pe 48370 rupay ka dost ko diye haath se de diya,48370,friends,cash,,,hinglish_natural
Rs.124 to Ananya Gpay UPI,124,friends,upi,gpay,,friends_synthetic
Spotify pe 238 rs. ka ticket le liya card se Bank of Baroda se kata,238,entertainment,card,,bob,hinglish_natural
raat ko 22807 rs Bajaj Finance EMI card se pay kr diya,22807,emi,card,,axis,hinglish_natural
Spotify se show dekha 117 rupaiye ka Google Pay se slice wale account se,117,entertainment,upi,gpay,slice,hinglish_natural
spent 1868 rupees on Apple Music via card,1868,entertainment,card,,hdfc,voice_transcript
JioCinema ka ticket liyaa 303 rupay CRED se bhai,303,entertainment,upi,cred,,hinglish_natural
abhi 4041 ₹ Bajaj Finance EMI UPI se matlab,4041,emi,upi,slice,,hinglish_natural
"BILL
Ajio
Rs 74.39
CARD
Thank You Visit Again",74.39,shopping,card,,,ocr_receipt
Unacademy se admission kia 33320 rupees ka credit card se,33320,education,card,,,hinglish_natural
5330 rupay car loan EMI credit card se,5330,emi,card,,,hinglish_natural
credit card EMI ka EMI kat gayi 45600 ₹ debit card se matlab,45600,emi,card,,,hinglish_natural
32868 ₹ mess cash me,32868,food,cash,,indusind,hinglish_natural
"D NETMEDS 122 Completed 19Jan 2026,4:14 pm Axis Bank Bank 8943 UPI transaction ID 00746286911050 TO:NETMEDS netmeds.64565@axis bankbank Goog1etransaction lD CICAgJjg877663 OPI fi",122,healthcare,upi,fi,axis,ocr_upi
roommate se split kr diya 2233 rupaye ka UPI se de diya,2233,friends,upi,slice,hdfc,hinglish_natural
"D HOSPITAL 2655.71 Completed 8Jan 2026,2:25 pm Axis Bank 2662 UPI transaction ID 34769123779398 TO:HOSPITAL hospital.10309@axisbank Soogletransaction lD CICAgJjg016318 OPI Niyo",2655.71,healthcare,upi,niyo,axis,ocr_upi
PharmEasy pe 479 ka medicine le liya UPI se pay kya,479,healthcare,upi,paytm,,hinglish_natural
Spent Rs4125 on home loan EMI using G Pay,4125,emi,upi,gpay,icici,english_natural
school college tuition course books fees INR 2048 card,2048,education,card,,,cue_row
subah Paytm Money se paisa daala 153 rupaye ka debit card se,153,investment,card,,,hinglish_natural
hospital doctor pharmacy medicine diagnostic t957 cash,957,healthcare,cash,,,cue_row
"TAX INVOICE
diagnostic
Grand Total: Rs.26346
Payment: CARD",26346,healthcare,card,,hdfc,ocr_receipt
kal 129 ₹ society maintenance credit card se,2800,utilities,card,,,source_hinglish
"PRACTO
Item 1 Rs454
Item 2 278
Total ₹13914.48
PhonePe",13914.48,healthcare,upi,phonepe,,ocr_receipt
clinic payment Rs 353 done via bhim,353,healthcare,upi,bhim,,english_natural
INR 3273 debited from your State Bank account for Burger King (Gpay UPI),3273,food,upi,gpay,sbi,ocr_upi
UPI/99022096/AJIO/BANK,4621,shopping,cash,,,english_natural
INR 30107 debited from your hdfc account for Coin (slice UPI),30107,investment,upi,slice,hdfc,ocr_upi
₹17094 debited from your SBI account for Spotify (Jupiter UPI),17094,entertainment,upi,jupiter,sbi,ocr_upi
dinner split 24681 rupaye Rohan PhonePe,24681,friends,upi,phonepe,hdfc,friends_synthetic
IndiGo ka ride le liya 45973 rupay cash me,45973,travel,cash,,,hinglish_natural
DMart 2468.83 Jupiter,2468.83,food,upi,niyo,jupiter,english_natural
Just paid Rs22477 to diagnostic through Mastercard,22477,healthcare,card,,jupiter,english_natural
Spent 718.66 on NPS using SLICE,718.66,investment,upi,slice,kotak,english_natural
CRED payment INR 254 Divya BOB 3875 successful,254,friends,upi,cred,bob,ocr_upi
"GAS BILL RESTAURANT
Total 115
Cash Received
Change 0.00",115,utilities,upi,paytm,,ocr_receipt
tuition 1861 cred Successful State Bank 3311,1861,education,upi,cred,sbi,ocr_upi
15257 rs SIP credit card se,15257,investment,card,,jupiter,hinglish_natural
TO:PRACTO practo.17120@punjabnationalbankbank From:AMITSINGH (Punjab National Bank Google Pay : sender6349@okpunjabnationalbankbank,142,healthcare,upi,gpay,pnb,ocr_upi
BookMyShow ka ticket le liya 3843 ₹ debit card se SBI se,3843,entertainment,card,,sbi,hinglish_natural
Payment of t1125 to Dunkin was successful via gpay UPI Ref No 8959190530945 icici Account 4838,1125,food,upi,gpay,icici,ocr_upi
Arjun 2068,2068,friends,upi,paytm,,english_natural
hospital doctor pharmacy medicine diagnostic INR 4747 Gpay,4747,healthcare,upi,gpay,,cue_row
Doctor consultation INR 26526,26526,healthcare,upi,paytm,,source_english
Jio recharge ka recharge kiya 3282 rupay Paytm se,3282,utilities,upi,paytm,,hinglish_natural
POS/CREDIT CARD EMI/CREDIT CARD/3725,24372.46,emi,card,,,english_natural
raat ko 457 kiraya diyee Indian Oil ko CRED pe,457,travel,upi,cred,,hinglish_natural
"D PPF 2737 Completed 17Feb 2026,7:13 pm HDFC Bank Bank 3624 UPI transaction ID 580533151313561 TO:PPF ppf.24322@hdfc bankbank Googletransaction lD CICAgJjg784734 OPI G Pay",2737,investment,upi,gpay,hdfc,ocr_upi
paid back friend lent money ₹4917 cash,4917,friends,cash,,,cue_row
ATM/CASH/PNB/43509,43509,friends,cash,,pnb,english_natural
grocery vegetables milk bread fruits Rs359 paid G Pay,359,food,upi,gpay,,cue_row
Lunch at hotel INR 33931,33931,food,cash,,,source_english
Coursera pe 4252 rs ka course le liya debit card se,4252,education,card,,,hinglish_natural
aaj HDFC loan pe 47 rupaye kharcha hua card se,47,emi,card,,hdfc,voice_transcript
"Dunkin
Net Amount 17507.51
Paid via Google Pay",17507.51,food,upi,gpay,,ocr_receipt
paid 3798 to doctor through card,3798,healthcare,card,,,voice_transcript
Arjun se udhar return kiyaa 413 rupees ka paytm pe hdfc se,413,friends,upi,paytm,hdfc,hinglish_natural
"Receipt #8484
PVR
Amount Paid: ₹476
Mode: CARD",476,entertainment,card,,,ocr_receipt
"BILL
JioMart
INR 471
CASH
Thank You Visit Again",471,food,cash,,hdfc,ocr_receipt
sent money to Divya t199 on PhonePe,199,friends,upi,phonepe,,friends_synthetic
today i spent 13074 on MedPlus via card from my icici bank,13074,healthcare,card,,icici,voice_transcript
"Airtel recharge
Net Amount 4964.29
Paid via Phone Pe",4964.29,utilities,upi,phonepe,,ocr_receipt
Airtel recharge 123 gpay,123,utilities,upi,gpay,axis,ocr_upi
599 rupaye PPF Fi Money se pay kya,599,investment,upi,fi,,hinglish_natural
Rs.3934 to Kuvera via debit card,3934,investment,card,,,english_natural
EaseMyTrip payment ₹1754.50 done via slice,1754.50,travel,upi,slice,,english_natural
Shreya 4878 rs. UPI se Slice se kata,4878,friends,upi,gpay,slice,hinglish_natural
₹190 charged for Practo on cash,190,healthcare,cash,,,english_natural
₹2876.44 charged for BigBasket on Phone Pe,2876.44,food,upi,phonepe,axis,english_natural
3459.70 charged for Udemy on Slice,3459.70,education,upi,slice,niyo,english_natural
mutual fund 22 rupaiye via Phonepe,22,investment,upi,phonepe,,hinglish_natural
"Receipt #5482
Haldirams
Amount Paid: ₹444
Mode: CASH",444,food,cash,,,ocr_receipt
Paid t464 for Bharat Petroleum from my sbi account via credit card,464,travel,card,,sbi,english_natural
Paid ₹2474 to Jio recharge Jupiter UPI Axis Bank 5007 Done,2474,utilities,upi,jupiter,axis,ocr_upi
Gas bill payment INR 46672,46672,utilities,upi,niyo,,source_english
grocery vegetables milk bread fruits ₹21770 paid GPay,21770,food,upi,gpay,sbi,cue_row
HP Petrol ka ride liyaa 648 ₹ UPI se diy,648,travel,upi,slice,,hinglish_natural
Rs.279.68 to Coursera via paytm,279.68,education,upi,paytm,,english_natural
abhi Pooja 60 rs UPI se diyee,60,friends,upi,cred,,hinglish_natural
Payment of Rs.150 to Tata Play was successful via Phonepe UPI Ref No 9706406412 icici Account 4930,150,utilities,upi,phonepe,icici,ocr_upi
maine 414 rupaye Air India ko diye card se,414,travel,card,,,voice_transcript
"BOOKMYSHOW
Item 1 324
Item 2 R 266
Total R 1512
CARD",1512,entertainment,card,,sbi,ocr_receipt
split bill 795 GPay se Amit ko diya,795,friends,upi,gpay,,friends_synthetic
14869 rupaiye bill bhra Vi recharge ko cash diy,14869,utilities,cash,,sbi,hinglish_natural
Bajaj Finance EMI 34844 rupaye credit card se,34844,emi,card,,,hinglish_natural
bhai dost ko udhar return kiya 452 rs bhim se,452,friends,upi,bhim,,friends_synthetic
spent 381 rupees on Kuvera via card,381,investment,card,,sbi,voice_transcript
"H&M BILL
St: 478
CARD approved",478,shopping,card,,,ocr_receipt
Bought lab test for ₹348 with paytm,348,healthcare,upi,paytm,axis,english_natural
BYJU'S pe 155 rupaye ka admission kr diya PhonePe se pay kar diya,155,education,upi,phonepe,,hinglish_natural
Rs 32427 debited from your Union Bank account for flatmate (Slice UPI),32427,friends,upi,slice,union bank,ocr_upi
t565 to colleague via CRED SBI account,565,friends,upi,cred,sbi,english_natural
aaj mall pe 14600 rupaye kharcha hua Gpay se,14600,shopping,upi,gpay,,voice_transcript
"Lenskart
Net Amount 350.84
Paid via CARD",350.84,healthcare,card,,,ocr_receipt
Medical test charges INR 2009,2009,healthcare,cash,,sbi,source_english
raat ko 2854 rupay stationery UPI se die,2854,education,upi,gpay,,hinglish_natural
car loan EMI me 2186 rupees ka EMI bhara PayTM pe,2186,emi,upi,paytm,,hinglish_natural
abhi Spotify ka subscription renew kr diya 28696 card se hdfc account se,28696,entertainment,card,,hdfc,hinglish_natural
library 2728 rs. debit card se Kotak se,2728,education,card,,kotak,hinglish_natural
MakeMyTrip 22584 card,22584,travel,card,,axis,english_natural
bhai yaar ko udhar return kiya 300 rs Niyo se,300,friends,upi,niyo,,friends_synthetic
EatFit 45522 rs card se,45522,food,card,,,hinglish_natural
split bill 6571 Phonepe se roommate ko diya,6571,friends,upi,phonepe,,friends_synthetic
gaming concert event ticket 404 cash,404,entertainment,cash,,,cue_row
spent 889 rupees on society maintenance via cash,889,utilities,cash,,,voice_transcript
Rs73 charged for coaching on debit card,73,education,card,,sbi,english_natural
Angel One 87 Gpay,87,investment,upi,gpay,union bank,ocr_upi
466 lab test,466,healthcare,cash,,,english_natural
ATM/CASH/BANK/636,636,emi,upi,gpay,,english_natural
Netflix 1730,1730,entertainment,card,,,english_natural
"gaming 2645.84 Completed 4Aug 2026,12:16 am hdfc 5958 UPI transaction ID 28324951109670",2645.84,entertainment,upi,gpay,hdfc,ocr_upi
Neha ko 262 transfer kiya card se,262,friends,card,,,friends_synthetic
mutual fund SIP stocks PPF FD investment Rs.34928 Google Pay,34928,investment,upi,gpay,,cue_row
"Amazon Prime BILL
St: t1104
gpay Approved",1104,entertainment,upi,gpay,,ocr_receipt
spent 1189 rupees on Bharat Petroleum via card,1189,travel,card,,,voice_transcript
Car loan EMI INR 4320,4320,emi,upi,slice,,source_english
"society maintenance BILL
St: ?3886.70
Phonepe approved",3886.70,utilities,upi,phonepe,,ocr_receipt
Coursera 2421.99 Phone Pe Successful icici 8189,2421.99,education,upi,phonepe,icici,ocr_upi
Snapdeal 1173.62 cash,1173.62,shopping,cash,,fi,english_natural
Kuvera 4500 rupay phonepe se pay kiya,4500,investment,upi,phonepe,,hinglish_natural
Rohan me 3021 rupaye ka split kar diya Gpay pe,3021,friends,upi,gpay,kotak,hinglish_natural
dinner split 380 rupaye Rahul PayTM,380,friends,upi,paytm,,friends_synthetic
petrol diesel fuel Rs.113 at pump cash,113,travel,cash,,,cue_row
PVR ka show dekha 47205 rupees UPI se,47205,entertainment,upi,bhim,,hinglish_natural
College fees payment INR 20592,20592,education,card,,,source_english
8177 ka FD bill pay kiya G Pay se,8177,investment,upi,gpay,,voice_transcript
home loan EMI ₹28518 debited from Kotak Mahindra,28518,emi,card,,kotak,english_natural
home loan car loan credit card EMI monthly Rs.467 autopay card,467,emi,card,,pnb,cue_row
rent maintenance gas connection Rs.6099 Google Pay,6099,utilities,upi,gpay,,cue_row
crypto se paisa daala 27286 rs. ka Phone Pe se sbi account se,27286,investment,upi,phonepe,sbi,hinglish_natural
NEFT/TRANSFER/BSNL/SBI,2574,utilities,card,,sbi,english_natural
Vi recharge 445 rs. CRED se pay kia Fi se,445,utilities,upi,cred,fi,hinglish_natural
aaj Air India pe 4975 rupaye kharcha hua cash se,4975,travel,cash,,,voice_transcript
hospital 3741 rupaiye UPI se pay kya bohot mehenga,3741,healthcare,upi,phonepe,,hinglish_natural
Spent t33513 on INOX using cash,33513,entertainment,cash,,,english_natural
424 rupees loan payment kiya HDFC loan ko CRED pe,424,emi,upi,cred,,hinglish_natural
UPI/91483267/DIAGNOSTIC/HDFC,400.04,healthcare,card,,hdfc,english_natural
dinner split 3180 rupaye Amit cash,3180,friends,cash,,,friends_synthetic
"BSNL
Item 1 493
Item 2 ₹73
Total ?4231
slice",4231,utilities,upi,slice,,ocr_receipt
Paid Rs78 to food court G Pay UPI IDFC 3843 Done,78,food,upi,gpay,idfc,ocr_upi
POS/CLEARTRIP/CASH/7028,44897,travel,cash,,,english_natural
paid back friend lent money 21778 PhonePe,21778,friends,upi,phonepe,,cue_row
Indian Oil 1252 rupay naqad,1252,travel,cash,,,hinglish_natural
Unacademy se course le liya 3456 rs ka cash de diya sasta tha,3456,education,cash,,bob,hinglish_natural
t30813 charged for books on cash,30813,education,cash,,jupiter,english_natural
insurance premium ka bill bhra 4850 rs card se pay kiya,4850,utilities,card,,,hinglish_natural
netflix spotify hotstar subscription movie show Rs 2705 card,2705,entertainment,card,,,cue_row
sent ₹408 to friend on cash split bill UPI,408,friends,cash,,sbi,cue_row
Just paid INR 2990 to home loan EMI through debit card,2990,emi,card,,icici,english_natural
Payment of Rs50 to Pooja was successful via Bhim UPI Ref No 5716042614 PNB Account 8638,50,friends,upi,bhim,pnb,ocr_upi
bhai education loan EMI se EMI bharaa 3459 rs ka card se pay kiya,3459,emi,card,,,hinglish_natural
ET Money pe 9597 ₹ ka SIP bhara UPI se,9597,investment,upi,paytm,,hinglish_natural
books 363 Gpay Completed HDFC Bank 8328,363,education,upi,gpay,hdfc,ocr_upi
39873.34 Pooja,39873.34,friends,cash,,,english_natural
Paid 2318 for bike loan EMI from my Slice account via SLICE,2318,emi,upi,slice,slice,english_natural
"APOLLO PHARMACY
Item 1 Rs 404
Item 2 ₹419
Total Rs 5653
CARD",5653,healthcare,card,,sbi,ocr_receipt
i did 1848 expense on crypto using card,1848,investment,card,,,voice_transcript
1863 rupees Arjun cash,1863,friends,cash,,,voice_transcript
"D MCDONALD'S 5800 Completed 13Feb 2026,3:15 pm Punjab National Bank Bank 3813 UPI transaction ID 0265574744 TO:MCDONALD'S mcdonald's.89061@punjab national bankbank Soogletransaction lD XYZabc735216 OPI Phone Pe",5800,food,upi,phonepe,pnb,ocr_upi
4216 JioMart card se pay kar diya,4216,food,card,,,hinglish_natural
"Receipt #1438
Meesho
Amount Paid: Rs.29830.81
Mode: CARD",29830.81,shopping,card,,,ocr_receipt
bhai Dominos ka 3661 rupaye card se de diya,3661,food,card,,,voice_transcript
TO:LABTEST labtest.88917@indusindbank From:AMITSINGH (IndusInd SLICE : user4234@okindusindbank,2084.40,healthcare,upi,slice,indusind,ocr_upi
27560.97 credit card home loan EMI,27560.97,emi,card,,kotak,english_natural
aaj INOX pe 3580 rupaye kharcha hua card se,3580,entertainment,card,,icici,voice_transcript
"PIZZA HUT
Item 1 Rs 196
Item 2 Rs.428
Total Rs.275.86
Google Pay",275.86,food,upi,gpay,,ocr_receipt
Just paid 3956 to broadband through PayTM,3956,utilities,upi,paytm,,english_natural
exam fee ka course lia 4232 ₹ via GPay,4232,education,upi,gpay,,hinglish_natural
INR 4356 to personal loan EMI via gpay Kotak account,4356,emi,upi,gpay,kotak,english_natural
split bill 10032 gpay se Priya ko diya,10032,friends,upi,gpay,,friends_synthetic
flatmate rent share 250 PhonePe Amit,250,friends,upi,phonepe,idfc,friends_synthetic
dentist se dawai liyaa 29044 rupaye ka debit card se axis wale account se,29044,healthcare,card,,axis,hinglish_natural
bhai Vikram ko udhar return kiya 21596 rs G Pay se,21596,friends,upi,gpay,,friends_synthetic
bhai Rahul ko udhar return kiya 50 rs GPay se,50,friends,upi,gpay,,friends_synthetic
3023 to Amit CRED UPI,3023,friends,upi,cred,,friends_synthetic
Coin se invest kiya 3520 rupaiye ka card se icici card se,3520,investment,card,,icici,hinglish_natural
paid back friend lent money INR 30802 cash,30802,friends,cash,,hdfc,cue_row
Paid Meesho ₹6574 using credit card,6574,shopping,card,,,english_natural
"ACT FIBERNET RESTAURANT
Total 30187
Cash Received
Change 0.00",30187,utilities,upi,bhim,sbi,ocr_receipt
electricity water broadband mobile recharge bill INR 502 Paytm,502,utilities,upi,paytm,,cue_row
bhai Vikram ko udhar return kiya 429 rs card se,429,friends,card,,,friends_synthetic
"Receipt #1410
market
Amount Paid: INR 4132.96
Mode: CARD",4132.96,shopping,card,,,ocr_receipt
"D SOCIETYMAINTENANCE 34844.33 Completed 22Feb 2026,2:03 pm HDFC Bank 3139 UPI transaction ID 15719104397923 TO:SOCIETYMAINTENANCE society maintenance.50667@hdfcbank Soogletransaction lD CICAgJjg242505 OPI Phonepe",34844.33,utilities,upi,phonepe,hdfc,ocr_upi
METRO INR 293 SLICE,293,travel,card,,slice,english_natural
upGrad se fees bhar diya 4858 ₹ ka credit card se bc,4858,education,card,,,hinglish_natural
Goibibo me 4750 rupaye ka petrol bhra haath se de diya slice wale account se,4750,travel,cash,,slice,hinglish_natural
"1mg
Net Amount 2334.59
Paid via CASH",2334.59,healthcare,cash,,,ocr_receipt
today i spent 4273 on PharmEasy via card,4273,healthcare,card,,,voice_transcript
Just paid ₹4058 to Nature's Basket through PayTM,4058,food,upi,paytm,,english_natural
Paid Rs43368 for rickshaw from my Fi Money account via card,43368,travel,card,,fi,english_natural
Flipkart se saman liyaa 3765 rupay ka debit card se,3765,shopping,card,,,hinglish_natural
56 ka PVR bill pay kiya Gpay se Fi se kata,56,entertainment,upi,gpay,fi,voice_transcript
Rs 4600.91 paid to DishTV via PayTM from State Bank,4600.91,utilities,upi,paytm,sbi,english_natural
kal upGrad me 2171 rupay ka books le liya G Pay pe,2171,education,upi,gpay,,hinglish_natural
21459 diagnostic,21459,healthcare,card,,,english_natural
car loan EMI ka installment diyee 239 rupaye card se,239,emi,card,,,hinglish_natural
school college tuition course books fees 2557 card,2557,education,card,,,cue_row
raat ko 4032 rs. clinic cash de diye,4032,healthcare,cash,,,hinglish_natural
2881 rs saman lya mall ko Slice se,2881,shopping,upi,slice,hdfc,hinglish_natural
HDFC loan ka EMI bhar diya 1539 ₹ PayTM se pay kr diya,38119,emi,upi,paytm,,source_hinglish
Ajio ka shopping kya 629 rupaye card se,41776,shopping,card,,,source_hinglish
3434 rupees khareed lya H&M pe debit card se,3434,shopping,card,,jupiter,hinglish_natural
dentist pe 12066 rupay ka test karaya haath se diye,12066,healthcare,cash,,icici,hinglish_natural
4719 rs JioMart cash me,4719,food,cash,,,hinglish_natural
breakfast snacks chai coffee 2067 bhim,2067,food,upi,bhim,,cue_row
i paid 4580 rupees for gaming using paytm,4580,entertainment,upi,paytm,,voice_transcript
3161 Vedantu UPI se pay kiyaa,3161,education,upi,bhim,sbi,hinglish_natural
Nature's Basket Rs 359.64 Gpay,359.64,food,upi,gpay,,english_natural
"KFC RESTAURANT
Total 336
Cash Received
Change 0.00",336,food,cash,,,ocr_receipt
ATM/CASH/HDFC/25016.84,25016.84,investment,upi,gpay,hdfc,english_natural
today i spent 81 on books via card,81,education,card,,,voice_transcript
"MARKET RESTAURANT
Total 241
Cash Received
Change 0.00",241,shopping,card,,,ocr_receipt
sent 3876 to yaar on gpay,3876,friends,upi,gpay,,friends_synthetic
i did 4491 expense on PPF using PhonePe,4491,investment,upi,phonepe,,voice_transcript
Mutual fund SIP INR 33113,33113,investment,upi,jupiter,,source_english
sent money to friend Rs 1127 on Gpay,1127,friends,upi,gpay,,friends_synthetic
paid 363 to Practo through gpay,363,healthcare,upi,gpay,,voice_transcript
i did 34341 expense on Vi recharge using jupiter,34341,utilities,upi,jupiter,,voice_transcript
Groww se SIP bhara 3471 rupay ka card se pay kia,3471,investment,card,,niyo,hinglish_natural
i paid 2956 rupees for flatmate using card,2956,friends,card,,,voice_transcript
"Groww 324 Completed 24Dec 2026,12:54 am Kotak 8462 UPI transaction ID 922105612199",324,investment,upi,bhim,kotak,ocr_upi
Paid 3518 for Lenskart via Visa,3518,healthcare,card,,,english_natural
education loan EMI se EMI bharaa 40367 rupaye ka credit card se,40367,emi,card,,,hinglish_natural
rent maintenance gas connection Rs42753 card,42753,utilities,card,,,cue_row
rent pe 5698 rupay ka recharge kia paytm se pay kia,37144,utilities,upi,paytm,,source_hinglish
Amazon ka shopping kar diya 32233 rupaye via paytm,32233,shopping,upi,paytm,,hinglish_natural
20273 rupees stationery PhonePe,20273,education,upi,phonepe,,voice_transcript
crypto gold bonds NPS portfolio ₹27009 phonepe,27009,investment,upi,phonepe,,cue_row
insurance premium me 2154 ₹ ka payment kar diya Phonepe pe,2154,utilities,upi,phonepe,,hinglish_natural
1299 charged for HDFC loan on Mastercard,1299,emi,card,,axis,english_natural
Spent t237 on Gaana using gpay,237,entertainment,upi,gpay,,english_natural
239 debited from your SBI account for Rapido (SLICE UPI),239,travel,upi,slice,sbi,ocr_upi
"Apollo Pharmacy
Net Amount 1758
Paid via SLICE",1758,healthcare,upi,slice,hdfc,ocr_receipt
"MEESHO RESTAURANT
Total 25538
Cash Received
Change 0.00",25538,shopping,card,,,ocr_receipt
Yatra ka kiraya de diye 337 rs. credit card se,337,travel,card,,,hinglish_natural
electricity water broadband mobile recharge bill Rs 31001 paytm,31001,utilities,upi,paytm,,cue_row
insurance premium 37579.91,37579.91,utilities,cash,,niyo,english_natural
Hotstar me 12168 ka game lia card se pay kia,12168,entertainment,card,,,hinglish_natural
15320 rupees Tata CLiQ card Slice account,15320,shopping,card,,slice,voice_transcript
water bill ka bill pay kiya 347 paytm se,347,utilities,upi,paytm,,hinglish_natural
Rs.209 to SpiceJet via card Punjab National Bank account,209,travel,card,,pnb,english_natural
TO:NEHA neha.47284@hdfcbank From:RAHULKUMAR (hdfc Paytm : sender8937@okhdfcbank,357,friends,upi,paytm,hdfc,ocr_upi
945 ₹ SIP credit card se sasta tha,945,investment,card,,hdfc,hinglish_natural
Rs.42797 debited from your icici account for Angel One (niyo UPI),42797,investment,upi,niyo,icici,ocr_upi
Just paid INR 9913 to eye checkup through Gpay,9913,healthcare,upi,gpay,,english_natural
Paid Bajaj Finance EMI 30331 using Visa from SBI,30331,emi,card,,sbi,english_natural
Coursera me 3329 ka tuition de diye UPI se,3329,education,upi,paytm,,hinglish_natural
dopahar ko Coursera ka tuition diyee 4627 rupaye Phone Pe se,4627,education,upi,phonepe,,hinglish_natural
split bill 420 Cred se Vikram ko diya,420,friends,upi,cred,,friends_synthetic
ATM/CASH/FI/233,233,healthcare,upi,paytm,fi,english_natural
10925 rupees Amit paytm,10925,friends,upi,paytm,,voice_transcript
grocery vegetables milk bread fruits ?16337 paid Phone Pe,16337,food,upi,phonepe,,cue_row
"Reliance Fresh
Net Amount 3304
Paid via CARD",3304,food,card,,sbi,ocr_receipt
Amazon purchase INR 29532,29532,shopping,upi,bhim,,source_english
3970 to Burger King via PhonePe,3970,food,upi,phonepe,,english_natural
today i spent 373 on Coursera via card from my Slice bank,373,education,card,,slice,voice_transcript
electronics clothes shoes accessories purchase Rs3701 via card,3701,shopping,card,,,cue_row
11611 rupaye DishTV haath se diye,11611,utilities,cash,,icici,hinglish_natural
dopahar ko library me 125 rupaiye ka admission kia credit card se,125,education,card,,,hinglish_natural
Rs.390 charged for Unacademy on cash,390,education,cash,,canara,english_natural
SBI loan se EMI bharaa 2879 rs. ka card se,2879,emi,card,,,hinglish_natural
uber ola cab ride airport train ticket Rs.26387 cash,26387,travel,cash,,,cue_row
paid 450 to BSNL through card,450,utilities,card,,,voice_transcript
55 ka Apollo Pharmacy bill pay kiya card se,55,healthcare,card,,,voice_transcript
sent Rs 40554 to friend on cash split bill UPI,40554,friends,cash,,,cue_row
Rs 4051 paid to Pooja via Cred from IDFC,4051,friends,upi,cred,idfc,english_natural
607 ka clinic bill pay kiya card se HDFC se kata,607,healthcare,card,,hdfc,voice_transcript
dopahar ko Zerodha pe 4787 rupaiye ka mutual fund kr diya card se Axis Bank se kata,4787,investment,card,,axis,hinglish_natural
Paid Rs.3471.49 for BigBasket via Phonepe,3471.49,food,upi,phonepe,icici,english_natural
paid 139 to JioCinema through card from RBL Bank,139,entertainment,card,,rbl,voice_transcript
Paid Amazon Prime 49667 using slice from Indusind Bank,49667,entertainment,upi,slice,indusind,english_natural
"BILL
Swiggy
₹22834.12
jupiter
Thank You Visit Again",22834.12,food,upi,jupiter,,ocr_receipt
Used jupiter cash to pay Rs 21974 for HP Petrol,21974,travel,cash,,jupiter,english_natural
flatmate rent share 20420 card Rohan,20420,friends,card,,,friends_synthetic
3198 rupaye Behrouz UPI se diye,3198,food,upi,phonepe,,hinglish_natural
Just paid ₹4351 to stationery through SLICE,4351,education,upi,slice,,english_natural
"TAX INVOICE
diagnostic
Grand Total: Rs1098.50
Payment: paytm",1098.50,healthcare,upi,paytm,,ocr_receipt
crypto gold bonds NPS portfolio Rs.3678 G Pay,3678,investment,upi,gpay,,cue_row
"KFC
Net Amount 30451.23
Paid via CASH",30451.23,food,cash,,hdfc,ocr_receipt
today i spent 3469 on coaching via cash from my Niyo bank,3469,education,cash,,niyo,voice_transcript
hospital ka doctor ko diye 1536 via SLICE,1536,healthcare,upi,slice,,hinglish_natural
"BILL
Dunkin
t2534
CASH
Thank You Visit Again",2534,food,cash,,icici,ocr_receipt
yaar Apollo Pharmacy ka checkup karaya 25108 ₹ cred se pay kiya ICICI card se,25108,healthcare,upi,cred,icici,hinglish_natural
"PHARMEASY
Item 1 448
Item 2 326
Total ₹2234.31
CARD",2234.31,healthcare,card,,,ocr_receipt
Snapdeal payment Rs 7535 done via gpay,7535,shopping,upi,gpay,sbi,english_natural
aaj JioMart pe 2541 rupaye kharcha hua Paytm se,2541,food,upi,paytm,yes bank,voice_transcript
Restaurant bill INR 30530,30530,food,upi,fi,sbi,source_english
today i spent 1016 on SIP via G Pay,1016,investment,upi,gpay,,voice_transcript
UPI/04039717/EATFIT/BANK,3016,food,card,,,english_natural
"TAX INVOICE
EatFit
Grand Total: 36700.52
Payment: paytm",36700.52,food,upi,paytm,hdfc,ocr_receipt
16129 rupaiye Uber UPI se pay kar diya,16129,travel,upi,gpay,,hinglish_natural
IndiGo 795 rupaye debit card se,795,travel,card,,,hinglish_natural
abhi gas bill pe 41535 rupaiye ka recharge kar diya BHIM pe,41535,utilities,upi,bhim,,hinglish_natural
Flipkart order INR 13771,13771,shopping,upi,fi,,source_english
"BILL
Biryani Blues
₹516.35
Google Pay
Thank You Visit Again",516.35,food,upi,gpay,,ocr_receipt
INR 99.41 paid to HDFC loan via paytm from HDFC Bank,99.41,emi,upi,paytm,hdfc,english_natural
4410 ₹ Starbucks credit card se,4410,food,card,,icici,hinglish_natural
Just paid ?31002.92 to car loan EMI through Mastercard,31002.92,emi,card,,,english_natural
Kuvera INR 30646.09 card,30646.09,investment,card,,,english_natural
netflix spotify hotstar subscription movie show Rs.406 card,406,entertainment,card,,,cue_row
yaar 106 rupees Pizza Hut UPI se pay kia,106,food,upi,gpay,,hinglish_natural
friend 3695 rupaiye G Pay se pay kya,3695,friends,upi,gpay,pnb,hinglish_natural
100 rupay bike loan EMI UPI se die,100,emi,upi,slice,sbi,hinglish_natural
Just paid t1412 to bro through Gpay,1412,friends,upi,gpay,,english_natural
1246 ka Tata CLiQ bill pay kiya card se Axis Bank se kata,1246,shopping,card,,axis,voice_transcript
134 FD UPI se pay kar diya,134,investment,upi,phonepe,sbi,hinglish_natural
Lenskart payment ₹2564 done via Visa,2564,healthcare,card,,sbi,english_natural
colleague 43257 Gpay Completed icici 2944,43257,friends,upi,gpay,icici,ocr_upi
330 rupees Amazon Prime cash me,330,entertainment,cash,,,hinglish_natural
TO:DOST dost.82843@hdfcbank From:UTSAVJANA (HDFC Paytm : sender2126@okhdfcbank,211,friends,upi,paytm,hdfc,ocr_upi
Just paid Rs 15993 to FD through Paytm,15993,investment,upi,paytm,,english_natural
personal loan installment EMI deduction INR 507 GPay,507,emi,upi,gpay,,cue_row
credit card EMI ka loan payment kar diya 32623 rupay card se,32623,emi,card,,,hinglish_natural
"D SNAPDEAL 43598 Completed 9Apr 2026,1:30 pm IndusInd Bank 6736 UPI transaction ID 4351759317 TO:SNAPDEAL snapdeal.31037@indusindbank Googletransaction lD CICAgJjg845631 OPI Phone Pe",43598,shopping,upi,phonepe,indusind,ocr_upi
273 ka education loan EMI bill pay kiya Fi se,273,emi,upi,fi,,voice_transcript
"MEDPLUS
Item 1 Rs.214
Item 2 Rs.382
Total INR 259.10
CASH",259.10,healthcare,cash,,,ocr_receipt
electricity water broadband mobile recharge bill ₹2765 PhonePe,2765,utilities,upi,phonepe,sbi,cue_row
Tata CLiQ 6578 ₹ UPI se diyee,6578,shopping,upi,gpay,,hinglish_natural
UPI/40133341/BOOKS/BANK,265,education,upi,gpay,,english_natural
"D HDFCLOAN 136.91 Completed 9Jan 2026,8:09 pm HDFC Bank Bank 7284 UPI transaction ID 3406975413263 TO:HDFCLOAN hdfc loan.10732@hdfc bankbank Goog1etransaction lD CICAgJjg089229 OPI GPay",136.91,emi,upi,gpay,hdfc,ocr_upi
R 4797 to Rahul via card HDFC Bank account,4797,friends,card,,hdfc,english_natural
stocks ka invest kya 17453 ₹ card se,17453,investment,card,,hdfc,hinglish_natural
office se aate hue Hotstar se movie dekhi 372 rs ka jupiter se,372,entertainment,upi,jupiter,sbi,hinglish_natural
aaj Biryani Blues se mangwaya 286 rs ka CRED se pay kiyaa bohot mehenga,286,food,upi,cred,,hinglish_natural
gaming se movie dekhi 3270 ₹ ka gpay se pay kya,3270,entertainment,upi,gpay,federal bank,hinglish_natural
electricity water broadband mobile recharge bill ?258 PayTM,258,utilities,upi,paytm,,cue_row
library ka course le liya 4009 rupay credit card se,4009,education,card,,,hinglish_natural
Croma ka 3904 rupees ka bill card se pay kiya,3904,shopping,card,,,voice_transcript
breakfast snacks chai coffee 115 cash,115,food,cash,,,cue_row
flight booking travel ticket ₹38088 cash,38088,travel,cash,,,cue_row
863.28 cash Nykaa,863.28,shopping,cash,,,english_natural
Paid 432 for lab test from my Fi Money account via card,432,healthcare,card,,fi,english_natural
₹461 to friend card UPI,461,friends,card,,hdfc,friends_synthetic
"NETMEDS RESTAURANT
Total 1517
Cash Received
Change 0.00",1517,healthcare,card,,kotak,ocr_receipt
flatmate rent share 283 gpay Karan,283,friends,upi,gpay,,friends_synthetic
"hospital 4727 Completed 27Jul 2025,3:32 pm Canara 7526 UPI transaction ID 56141096615929",4727,healthcare,upi,paytm,canara,ocr_upi
Spent 829 on Practo using cash,829,healthcare,cash,,slice,english_natural
Paid BookMyShow 982 using Mastercard,982,entertainment,card,,,english_natural
PPF 1245 credit card se bc,1245,investment,card,,jupiter,hinglish_natural
319 ₹ yaar UPI se de diya,319,friends,upi,paytm,,hinglish_natural
Paid Rs.36666.00 for Nykaa via Google Pay,36666.00,shopping,upi,gpay,,english_natural
Rs4895 to car loan EMI via debit card,4895,emi,card,,,english_natural
"BILL
lab test
₹228.88
GPay
Thank You Visit Again",228.88,healthcare,upi,gpay,sbi,ocr_receipt
flatmate rent share 3219 cash bhai,3219,friends,cash,,,friends_synthetic
Rs.35.81 paid to lab test via Google Pay UPI from idfc Bank ending 7410,35.81,healthcare,upi,gpay,idfc,ocr_upi
petrol diesel fuel ₹2429 at pump cash,2429,travel,cash,,,cue_row
Pooja se udhar return kya 44821 rupaiye ka UPI se diy,44821,friends,upi,jupiter,,hinglish_natural
electronics clothes shoes accessories purchase INR 2144 via PayTM,2144,shopping,upi,paytm,,cue_row
crypto gold bonds NPS portfolio 11154 card,11154,investment,card,,,cue_row
"AJIO
Item 1 379
Item 2 ₹137
Total ₹20532
CARD",20532,shopping,card,,,ocr_receipt
5217 rupaye eye checkup UPI se die,5217,healthcare,upi,fi,,hinglish_natural
"SIP 20303 Completed 21Dec 2026,5:36 am PNB 4801 UPI transaction ID 895812386739796",20303,investment,upi,phonepe,pnb,ocr_upi
31963 rupaiye PharmEasy PhonePe se,31963,healthcare,upi,phonepe,,hinglish_natural
Fi Money payment 91.07 Arjun SBI 9845 done,91.07,friends,upi,fi,sbi,ocr_upi
ATM/CASH/BANK/12404.66,12404.66,investment,upi,gpay,,english_natural
Lenskart 333 rupaye debit card se,333,shopping,card,,,hinglish_natural
today i spent 4537 on bhai via card,4537,friends,card,,,voice_transcript
Lenskart se medicine lya 3537 rupaiye ka UPI se pay kar diya Slice card se,3537,healthcare,upi,phonepe,slice,hinglish_natural
PVR 160,160,entertainment,card,,,english_natural
3613 rs. 1mg haath se de diye,3613,healthcare,cash,,hdfc,hinglish_natural
449 rupaiye petrol bharra Goibibo pe card se pay kr diya,449,travel,card,,,hinglish_natural
Paid college fees Rs.457.09 using phonepe from HDFC Bank,457.09,education,upi,phonepe,hdfc,english_natural
"McDonald's 7725 Completed 11Feb 2025,12:56 am hdfc 5219 UPI transaction ID 5838796334674",7725,food,upi,cred,hdfc,ocr_upi
34966 ₹ loan payment kia SBI loan ko UPI se diyee,34966,emi,upi,gpay,axis,hinglish_natural
Ananya ka transfer kr diya 4379 UPI se die HDFC wale account se,4379,friends,upi,phonepe,hdfc,hinglish_natural
3637 ₹ BookMyShow haath se die,3637,entertainment,cash,,,hinglish_natural
i paid 260 rupees for insurance premium using cred,260,utilities,upi,cred,axis,voice_transcript
Online shopping payment INR 43520,43520,shopping,card,,,source_english
mobile recharge 30238.36 icici,30238.36,utilities,upi,bhim,icici,english_natural
Rs 1147 debited from your Kotak account for Biryani Blues (niyo UPI),1147,food,upi,niyo,kotak,ocr_upi
Rs7327 paid to Practo via phonepe from Punjab National Bank,7327,healthcare,upi,phonepe,pnb,english_natural
Hospital bill INR 35522,35522,healthcare,card,,,source_english
lunch dinner food order swiggy zomato restaurant meal 260 gpay,260,food,upi,gpay,icici,cue_row
society maintenance 34230,34230,utilities,upi,gpay,jupiter,english_natural
TO:CARLOANEMI carloanemi.38363@statebankbank From:PRIYASHARMA (State Bank PhonePe : sender4105@okstatebankbank,4975,emi,upi,phonepe,sbi,ocr_upi
Just paid 14097 to IRCTC through cash,14097,travel,cash,,,english_natural
i paid 37583 rupees for dhaba using cash,37583,food,cash,,,voice_transcript
NEFT/TRANSFER/BOX8/SBI,4493,food,upi,gpay,sbi,english_natural
ghar jaate waqt 32782 rupees Flipkart credit card se sasta tha,32782,shopping,card,,kotak,hinglish_natural
Bought DishTV for Rs.203 with cash,203,utilities,cash,,,english_natural
market 9947.65,9947.65,shopping,upi,phonepe,,english_natural
YouTube Premium se game le liya 282 ₹ ka GPay pe hdfc card se,282,entertainment,upi,gpay,hdfc,hinglish_natural
PharmEasy se checkup karaya 677 rupaiye ka via Fi,677,healthcare,upi,fi,hdfc,hinglish_natural
SBI loan ka loan payment kia 36112 rupaye card se pay kya,36112,emi,card,,,hinglish_natural
"stocks 11285 Completed 15Dec 2025,3:18 pm sbi 2033 UPI transaction ID 670770214745",11285,investment,upi,paytm,sbi,ocr_upi
Bought upGrad for ₹282 with SLICE,282,education,upi,slice,,english_natural
ghar jaate waqt Ananya se udhar return kr diya 2417 ka UPI se diye,2417,friends,upi,gpay,sbi,hinglish_natural
Just paid Rs.24 to electronics store through Phone Pe,24,shopping,upi,phonepe,,english_natural
i did 975 expense on NPS using card,975,investment,card,,,voice_transcript
3097 rupees Nature's Basket card HDFC Bank account,3097,food,card,,hdfc,voice_transcript
Rs469 to education loan EMI via card ICICI Bank account,469,emi,card,,icici,english_natural
gaming concert event ticket 2440 Bhim,2440,entertainment,upi,bhim,,cue_row
Library fee INR 47233,47233,education,card,,,source_english
"Biryani Blues
Net Amount 40085.02
Paid via phonepe",40085.02,food,upi,phonepe,,ocr_receipt
sent money to Divya INR 4617 on Gpay,4617,friends,upi,gpay,sbi,friends_synthetic
Cleartrip 1236 rupay UPI se pay kar diya matlab,1236,travel,upi,paytm,jupiter,hinglish_natural
t4492.69 charged for stationery on cash,4492.69,education,cash,,sbi,english_natural
rent maintenance gas connection 1944 G Pay,1944,utilities,upi,gpay,,cue_row
ghar jaate waqt Airtel recharge se bill bhar diya 4982 ₹ ka cash me,4982,utilities,cash,,kotak,hinglish_natural
Used Niyo Mastercard to pay Rs.3115 for SonyLIV,3115,entertainment,card,,niyo,english_natural
"society maintenance BILL
St: 25157
cred Approved",25157,utilities,upi,cred,,ocr_receipt
270 rs. gaming cash me yaar,270,entertainment,cash,,sbi,hinglish_natural
education loan EMI pe 7143 ka EMI kat gayi Google Pay se pay kar diya,7143,emi,upi,gpay,,hinglish_natural
4784 ka PharmEasy bill pay kiya card se,4784,healthcare,card,,,voice_transcript
TUITION INR 2656 ICICI BANK,2656,education,card,,icici,english_natural
Divya Rs7402 debited from Indusind Bank,7402,friends,upi,paytm,indusind,english_natural
books ka books lia 9652 ₹ haath se die,9652,education,cash,,sbi,hinglish_natural
"concert BILL
St: 6810.87
Phonepe approved",6810.87,entertainment,upi,phonepe,,ocr_receipt
personal loan installment EMI deduction ?4858 card,4858,emi,card,,,cue_row
4353 rupees mutual fund Cred icici account,4353,investment,upi,cred,icici,voice_transcript
maine 11402 rupaye Tata Play ko diye Phone Pe se,11402,utilities,upi,phonepe,,voice_transcript
Paid ₹1063.05 to doctor BHIM UPI HDFC 1331 Completed,1063.05,healthcare,upi,bhim,hdfc,ocr_upi
kal metro 235 rupay PhonePe pe,235,travel,upi,phonepe,,hinglish_natural
BSNL se bill pay kiyaa 412 rs ka card se,412,utilities,card,,,hinglish_natural
FirstCry 2708 PayTM Successful HDFC Bank 2966,2708,shopping,upi,paytm,hdfc,ocr_upi
RedBus mein 45955 lag gaye cash se bhara,45955,travel,cash,,,voice_transcript
Bhim payment ?42780 Biryani Blues YES BANK 6216 completed,42780,food,upi,bhim,yes bank,ocr_upi
mutual fund SIP stocks PPF FD investment 427 Slice,427,investment,upi,slice,,cue_row
399 rs. order kiyaa Nykaa ko cash die bc,399,shopping,cash,,,hinglish_natural
crypto gold bonds NPS portfolio Rs.52 phonepe,52,investment,upi,phonepe,hdfc,cue_row
2640.40 paid to college fees via card from icici,2640.40,education,card,,icici,english_natural
Rs.312 debited from your HDFC Bank account for PPF (phonepe UPI),312,investment,upi,phonepe,hdfc,ocr_upi
mall se shopping kiya 10169 ka BHIM se pay kia,10169,shopping,upi,bhim,,hinglish_natural
NPS ka paisa daala 50 ₹ UPI se,50,investment,upi,gpay,,hinglish_natural
dentist pe 11859 rupaye ka checkup karaya Paytm pe bhai,11859,healthcare,upi,paytm,idfc,hinglish_natural
doctor ka dawai lia 301 ₹ UPI se,301,healthcare,upi,cred,,hinglish_natural
BYJU'S 3297,3297,education,upi,phonepe,,english_natural
kal Gaana pe 4080 rs. ka show dekha cash diy,4080,entertainment,cash,,,hinglish_natural
netflix spotify hotstar subscription movie show Rs 346 Paytm,346,entertainment,upi,paytm,,cue_row
coaching exam preparation study material Rs296 card,296,education,card,,yes bank,cue_row
clinic pe 240 rs. ka checkup karaya card se pay kia,240,healthcare,card,,,hinglish_natural
Udemy se admission kar diya 48207 rs ka Bhim pe,48207,education,upi,bhim,,hinglish_natural
95.01 debited from your Federal Bank account for Bajaj Finance EMI (GPay UPI),95.01,emi,upi,gpay,federal bank,ocr_upi
mutual fund mein 2325 lag gaye GPay se bhara,2325,investment,upi,gpay,niyo,voice_transcript
dopahar ko broadband pe 2291 rupees ka recharge kiyaa UPI se,2291,utilities,upi,cred,,hinglish_natural
netflix spotify hotstar subscription movie show INR 27619 Paytm,27619,entertainment,upi,paytm,idfc,cue_row
Paid Rs.4294 for upGrad via credit card,4294,education,card,,,english_natural
petrol diesel fuel ₹2738 at pump cash,2738,travel,cash,,,cue_row
670 rupees Pizza Hut Phone Pe pe,670,food,upi,phonepe,,hinglish_natural
netflix spotify hotstar subscription movie show ₹24737 PayTM,24737,entertainment,upi,paytm,,cue_row
369 rupay gas bill haath se diy,369,utilities,cash,,,hinglish_natural
Used Kotak Mahindra cash to pay Rs.27639 for books,27639,education,cash,,kotak,english_natural
MakeMyTrip ka petrol bhar diya 406 rupay card se pay kar diya,406,travel,card,,,hinglish_natural
dost Karan ko 3644 rupaye PayTM se bheje,3644,friends,upi,paytm,,friends_synthetic
1738 rupees Zomato cash,1738,food,cash,,,voice_transcript
Rohan me 43590 rs ka transfer kiya Cred pe,43590,friends,upi,cred,,hinglish_natural
bhai ka transfer kya 827 rupees Phone Pe se,827,friends,upi,phonepe,,hinglish_natural
amazon flipkart myntra online shopping order Rs 456 PayTM,456,shopping,upi,paytm,,cue_row
"BigBasket
Net Amount 19653.50
Paid via CASH",19653.50,food,cash,,hdfc,ocr_receipt
1910 rupees mutual fund card,1910,investment,card,,,voice_transcript
car loan EMI t1826 Gpay,1826,emi,upi,gpay,hdfc,english_natural
293 ka Netflix bill pay kiya card se Indusind Bank se kata,293,entertainment,card,,indusind,voice_transcript
Bought Vedantu for ₹178.89 with Cred,178.89,education,upi,cred,,english_natural
grocery vegetables milk bread fruits 8128 paid card,8128,food,card,,,cue_row
Payment of Rs3295 to Apple Music was successful via phonepe UPI Ref No 3854787268 icici Account 3946,3295,entertainment,upi,phonepe,icici,ocr_upi
"Airtel recharge BILL
St: Rs 24093.72
Jupiter approved",24093.72,utilities,upi,jupiter,,ocr_receipt
Paid Kuvera Rs412 using paytm,412,investment,upi,paytm,,english_natural
aaj PVR pe 41212 rupaye kharcha hua paytm se,41212,entertainment,upi,paytm,,voice_transcript
t4268 to stocks via Mastercard,4268,investment,card,,,english_natural
4064 rupees Faasos cash de diya,4064,food,cash,,sbi,hinglish_natural
Priya ko 432 transfer kiya cash se,432,friends,cash,,,friends_synthetic
today i spent 17718 on Faasos via cred,17718,food,upi,cred,,voice_transcript
library ka course lya 3455 rs G Pay se pay kiya,3455,education,upi,gpay,,hinglish_natural
bhai 385 ₹ Udemy naqad,385,education,cash,,hdfc,hinglish_natural
Priya pe 10573 rs ka paise bheje PayTM se pay kar diya,10573,friends,upi,paytm,,hinglish_natural
sent money to Ananya Rs.615 on Bhim,615,friends,upi,bhim,,friends_synthetic
Neha se split kya 4896 ka haath se de diya Fi Money se,4896,friends,cash,,fi,hinglish_natural
Flipkart Rs 91.23 Slice,91.23,shopping,upi,slice,idfc,english_natural
₹4082 to coaching via Niyo,4082,education,upi,niyo,,english_natural
SonyLIV pe 17545 rupay ka ticket liyaa Slice se budget tod diya,17545,entertainment,upi,slice,,hinglish_natural
Goibibo ka kiraya die 471 debit card se,471,travel,card,,,hinglish_natural
6902 course liyaa Udemy ko debit card se ICICI account se,6902,education,card,,icici,hinglish_natural
R 2422 debited from your Union Bank account for Shreya (Niyo UPI),2422,friends,upi,niyo,union bank,ocr_upi
water bill pe 4358 rs. ka bill pay kar diya via PhonePe budget tod diya,4358,utilities,upi,phonepe,,hinglish_natural
"GAMING
Item 1 430
Item 2 Rs.231
Total ₹449
CARD",449,entertainment,card,,,ocr_receipt
hospital doctor pharmacy medicine diagnostic Rs.440 card,440,healthcare,card,,sbi,cue_row
TO:SPOTIFY spotify.82071@hdfcbank From:PRIYASHARMA (HDFC cred : user3369@okhdfcbank,280,entertainment,upi,cred,hdfc,ocr_upi
library ka fees bhar diya 149 rupees debit card se,149,education,card,,,hinglish_natural
"DISHTV
Item 1 Rs 51
Item 2 Rs 252
Total 1187
Paytm",1187,utilities,upi,paytm,indusind,ocr_receipt
personal loan installment EMI deduction ₹1437 card,1437,emi,card,,icici,cue_row
"hospital
Net Amount 2519.46
Paid via CASH",2519.46,healthcare,cash,,,ocr_receipt
Just paid Rs.108.91 to Amazon through Visa,108.91,shopping,card,,,english_natural
3815 ka Zee5 bill pay kiya card se Fi se kata,3815,entertainment,card,,fi,voice_transcript
₹16731 paid to HDFC loan via G Pay UPI from SBI Bank ending 2302,16731,emi,upi,gpay,sbi,ocr_upi
440 debit card Snapdeal,440,shopping,card,,,english_natural
coaching exam preparation study material 6267 PayTM,6267,education,upi,paytm,hdfc,cue_row
Payment of Rs.3943 to Reliance Digital was successful via bhim UPI Ref No 779873311975 SBI Account 7330,3943,shopping,upi,bhim,sbi,ocr_upi
24691 rupees payment kiya electricity bill ko UPI se die bc,24691,utilities,upi,gpay,,hinglish_natural
Payment of 36453.18 to Goibibo was successful via gpay UPI Ref No 744868968392 Yes Bank Account 9448,36453.18,travel,upi,gpay,yes bank,ocr_upi
NEFT/TRANSFER/HOSPITAL/,78.20,healthcare,card,,,english_natural
sent R 20431 to Ananya on CRED,20431,friends,upi,cred,,friends_synthetic
car loan EMI se EMI kat gayi 283 rupay ka UPI se sbi account se,283,emi,upi,gpay,sbi,hinglish_natural
Paid t1011.62 to MedPlus Phonepe UPI Bandhan Bank 4305 Completed,1011.62,healthcare,upi,phonepe,bandhan,ocr_upi
Paid Rs476 to rent Jupiter UPI hdfc 4876 Done,476,utilities,upi,jupiter,hdfc,ocr_upi
rent maintenance gas connection ₹308 paytm,308,utilities,upi,paytm,,cue_row
564 rent,564,utilities,upi,gpay,,english_natural
Rs.385 charged for Karan on Phone Pe,385,friends,upi,phonepe,,english_natural
Payment of Rs34920 to Vikram was successful via PhonePe UPI Ref No 12817189935475 Bandhan Account 3826,34920,friends,upi,phonepe,bandhan,ocr_upi
Paid 586 to Netflix phonepe UPI icici 8384 Completed,586,entertainment,upi,phonepe,icici,ocr_upi
1884 rupaye khareed le liya Croma ko card se,1884,shopping,card,,,hinglish_natural
Bought cafe for 4240 with cash,4240,food,cash,,,english_natural
Vedantu payment Rs.1593 done via cash,1593,education,cash,,hdfc,english_natural
1mg payment Rs140 done via G Pay,140,healthcare,upi,gpay,sbi,english_natural
INR 47233.17 paid to IRCTC via GPay UPI from axis Bank ending 5661,47233.17,travel,upi,gpay,axis,ocr_upi
Snapdeal ka buy kya 182 rupees via Fi Money,182,shopping,upi,fi,,hinglish_natural
bhai Spotify ka 38 rupaye paytm se de diya,38,entertainment,upi,paytm,,voice_transcript
Pooja se dost ko diye 40890 ka Paytm se pay kiyaa budget tod diya,40890,friends,upi,paytm,hdfc,hinglish_natural
kal 44230 rupees stationery cash me,44230,education,cash,,niyo,hinglish_natural
Paid R 494 for Ananya from my PNB account via jupiter,494,friends,upi,jupiter,pnb,english_natural
"Receipt #4462
Lenskart
Amount Paid: Rs 4212
Mode: CARD",4212,shopping,card,,,ocr_receipt
Practo ka medicine le liya 461 rupaye phonepe se bc,461,healthcare,upi,phonepe,,hinglish_natural
"BILL
eye checkup
Rs.1713
paytm
Thank You Visit Again",1713,healthcare,upi,paytm,axis,ocr_receipt
mutual fund 163 rupees debit card se HDFC wale account se,163,investment,card,,hdfc,hinglish_natural
PPF pe 1974 ₹ ka SIP bharra UPI se Bank of Baroda card se,46390,investment,upi,cred,bob,source_hinglish
Rs.2747 to gaming via cash,2747,entertainment,cash,,,english_natural
Paid Airtel recharge ₹409 using Gpay,409,utilities,upi,gpay,,english_natural
7246 BHIM Goibibo,7246,travel,upi,bhim,,english_natural
maine 48496 rupaye water bill ko diye SLICE se,48496,utilities,upi,slice,,voice_transcript
Rs 36155 paid to tuition via PhonePe UPI from HDFC Bank Bank ending 9623,36155,education,upi,phonepe,hdfc,ocr_upi
Coin 25009 rupaiye UPI se pay kiyaa,25009,investment,upi,gpay,,hinglish_natural
crypto gold bonds NPS portfolio 8803 card,8803,investment,card,,,cue_row
Rs.119 to INOX via SLICE,119,entertainment,upi,slice,,english_natural
personal loan EMI mein 24730 lag gaye card se bhara,24730,emi,card,,icici,voice_transcript
Paid 406.26 for JioCinema via Phone Pe,406.26,entertainment,upi,phonepe,axis,english_natural
₹47962 to water bill via Phone Pe,47962,utilities,upi,phonepe,,english_natural
SpiceJet ka kiraya diyee 39371 rupaiye UPI se pay kia,39371,travel,upi,cred,niyo,hinglish_natural
bhai Shreya ka 157 rupaye cash se de diya,157,friends,cash,,indusind,voice_transcript
3313 ₹ food order kar diya Starbucks pe SLICE se,3313,food,upi,slice,,hinglish_natural
Pooja 47510 rupees debit card se axis wale account se,47510,friends,card,,axis,hinglish_natural
Apple Music pe 2687 rupay ka movie dekhi card se matlab,2687,entertainment,card,,fi,hinglish_natural
Unacademy se books liyaa 42682 rupaiye ka debit card se,21209,education,card,,hdfc,source_hinglish
maine 215 rupaye SBI loan ko diye card se,215,emi,card,,sbi,voice_transcript
Lenskart ka dawai liya 474 rs. jupiter se budget tod diya,474,healthcare,upi,jupiter,,hinglish_natural
amazon flipkart myntra online shopping order Rs 58 Paytm,58,shopping,upi,paytm,,cue_row
abhi bro ka split kya 1890 rupaye UPI se de diya bhai,1890,friends,upi,gpay,hdfc,hinglish_natural
netflix spotify hotstar subscription movie show ?10257 card,10257,entertainment,card,,,cue_row
UPI/95926352/EYE CHECKUP/SBI,1086,healthcare,upi,slice,sbi,english_natural
yaar FD se invest kiya 7021 rs. ka via fi,7021,investment,upi,fi,,hinglish_natural
flight booking travel ticket ₹2583 cash,2583,travel,cash,,,cue_row
Paid Rs.6336 for DishTV from my Niyo account via phonepe,6336,utilities,upi,phonepe,niyo,english_natural
aaj Indian Oil me 198 rupay ka ticket book kia card se pay kar diya hdfc card se,198,travel,card,,hdfc,hinglish_natural
Rs 422 paid to Paytm Money via PayTM UPI from axis Bank ending 3484,422,investment,upi,paytm,axis,ocr_upi
8894 ₹ SIP bhar diya NPS pe UPI se,8894,investment,upi,phonepe,,hinglish_natural
2834 rupaiye Uber credit card se,2834,travel,card,,,hinglish_natural
sent ₹4237 to Neha on paytm,4237,friends,upi,paytm,hdfc,friends_synthetic
paid flatmate ₹3340 via card,3340,friends,card,,,friends_synthetic
"BILL
electronics store
Rs 127
CASH
Thank You Visit Again",127,shopping,cash,,hdfc,ocr_receipt
"PVR 136 Completed 6Aug 2026,7:44 am HDFC 7870 UPI transaction ID 068375945870",136,entertainment,upi,gpay,hdfc,ocr_upi
flight booking travel ticket ₹3160 Phonepe,3160,travel,upi,phonepe,,cue_row
4393 charged for home loan EMI on Mastercard,4393,emi,card,,hdfc,english_natural
"TAX INVOICE
Gaana
Grand Total: Rs.324.47
Payment: CARD",324.47,entertainment,card,,,ocr_receipt
Rapido 1580 credit card se,1580,travel,card,,,hinglish_natural
subah HDFC loan pe 160 rupaiye ka EMI bhara debit card se sasta tha,160,emi,card,,,hinglish_natural
grocery vegetables milk bread fruits Rs 338 paid Gpay,338,food,upi,gpay,,cue_row
22870 school fees,22870,education,card,,indusind,english_natural
Rs.48.06 to Zara via credit card Fi Money account,48.06,shopping,card,,fi,english_natural
i did 495 expense on Vikram using niyo,495,friends,upi,niyo,,voice_transcript
226 rupaye payment kiyaa DishTV pe UPI se,226,utilities,upi,cred,,hinglish_natural
Shreya 374.08 debited from PNB,374.08,friends,upi,slice,pnb,english_natural
mutual fund SIP stocks PPF FD investment Rs 38913 cred,38913,investment,upi,cred,sbi,cue_row
bhai bhai ko udhar return kiya 4380 rs cash se,4380,friends,cash,,,friends_synthetic
Indian Oil ka ticket book kar diya 1976 rs. UPI se pay kiya,1976,travel,upi,phonepe,fi,hinglish_natural
insurance premium se bill bharaa 20901 rs ka card se,20901,utilities,card,,,hinglish_natural
mess se mangwaya 589 rs. ka naqad yaar,589,food,cash,,,hinglish_natural
Used NIYO phonepe to pay 109 for mobile recharge,109,utilities,upi,phonepe,niyo,english_natural
Exam fee INR 45737,45737,education,upi,gpay,,source_english
"MESS
Item 1 Rs.458
Item 2 Rs.86
Total ₹29838.43
Gpay",29838.43,food,upi,gpay,,ocr_receipt
"LENSKART
Item 1 424
Item 2 Rs.82
Total 1168
CARD",1168,healthcare,card,,,ocr_receipt
SpiceJet 76 ₹ card se State Bank se kata,76,travel,card,,sbi,hinglish_natural
489 rupaye fees bhra stationery pe naqad,489,education,cash,,,hinglish_natural
aaj CCD pe 3203 rupaye kharcha hua card se,3203,food,card,,,voice_transcript
3714 card Indian Oil,3714,travel,card,,,english_natural
Flipkart se saman lya 43606 rupees ka debit card se Fi Money wale account se,43606,shopping,card,,fi,hinglish_natural
Paid Rs.208 for HP Petrol via cash,208,travel,cash,,,english_natural
Paid 367.44 for Burger King via card,367.44,food,card,,,english_natural
Payment of Rs.4886 to tuition was successful via Phone Pe UPI Ref No 21328390684005 Punjab National Bank Account 1765,4886,education,upi,phonepe,pnb,ocr_upi
277 rupaye payment kar diya Vi recharge ko gpay pe,277,utilities,upi,gpay,,hinglish_natural
rent Rs 39976 debited from axis,39976,utilities,upi,cred,axis,english_natural
dopahar ko 7467 rs shopping kiyaa mall ko haath se diyee,7467,shopping,cash,,,hinglish_natural
dhaba 275 rupees card se pay kr diya,275,food,card,,,hinglish_natural
TO:KARAN karan.74434@kotakbank From:UTSAVJANA (kotak phonepe : user4743@okkotakbank,6078,friends,upi,phonepe,kotak,ocr_upi
TO:ELECTRICITYBILL electricitybill.74386@hdfcbank From:AMITSINGH (hdfc Slice : user2749@okhdfcbank,3536,utilities,upi,slice,hdfc,ocr_upi
paid 141 to restaurant through card from Axis Bank,141,food,card,,axis,voice_transcript
Payment of 237 to bro was successful via gpay UPI Ref No 80710024588 ICICI Bank Account 1039,237,friends,upi,gpay,icici,ocr_upi
dopahar ko 463 rupay car loan EMI card se pay kiya,463,emi,card,,,hinglish_natural
Rohan ka 23097 rupees ka bill Phone Pe se pay kiya,23097,friends,upi,phonepe,,voice_transcript
paid yaar Rs.57 via GPay,57,friends,upi,gpay,,friends_synthetic
sent money to bhai Rs.423 on paytm,423,friends,upi,paytm,,friends_synthetic
personal loan EMI 25069 debited from HDFC,25069,emi,card,,hdfc,english_natural
netflix spotify hotstar subscription movie show 1754 cred,1754,entertainment,upi,cred,,cue_row
?423 to society maintenance via Google Pay,423,utilities,upi,gpay,,english_natural
Bought dentist for ₹469.12 with Phone Pe,469.12,healthcare,upi,phonepe,fi,english_natural
Spent Rs 4517.74 on gaming using cash,4517.74,entertainment,cash,,,english_natural
aaj lab test se test karaya 2873 ka slice pe,33391,healthcare,upi,slice,canara,source_hinglish
Coursera 4866.44 debited from HDFC Bank,4866.44,education,upi,gpay,hdfc,english_natural
sent ₹387 to friend on Phone Pe,387,friends,upi,phonepe,yes bank,friends_synthetic
JioMart ka kha liya 285 rs naqad bhai,28593,food,cash,,,source_hinglish
"D SIP 3797 Completed 23Mar 2026,1:28 pm IndusInd Bank 8657 UPI transaction ID 04755230335012 TO:SIP sip.39832@indusindbank Soogletransaction lD CICAgJjg112493 OPI phonepe",3797,investment,upi,phonepe,indusind,ocr_upi
BOOKS INR 17232 NIYO,17232,education,cash,,niyo,english_natural
Pooja pe 4628 rupay ka paise bheje phonepe pe bc,4628,friends,upi,phonepe,sbi,hinglish_natural
FreshMenu 3910 Jupiter,3910,food,upi,jupiter,slice,english_natural
home loan EMI 55 ₹ Phonepe pe,55,emi,upi,phonepe,,hinglish_natural
Dunkin ka khana khaaya 38051 via GPay matlab,38051,food,upi,gpay,,hinglish_natural
maine 292 rupaye water bill ko diye card se,292,utilities,card,,indusind,voice_transcript
162 Visa clinic,162,healthcare,card,,,english_natural
Groww ka SIP bhra 1459 ₹ card se,1459,investment,card,,,hinglish_natural
POS/BAJAJ FINANCE EMI/MASTERCARD/3607,632.54,emi,card,,,english_natural
today i spent 163 on Priya via cash,163,friends,cash,,,voice_transcript
"dentist BILL
St: 3302
GPay approved",3302,healthcare,upi,gpay,,ocr_receipt
gaming concert event ticket Rs.381 Paytm,381,entertainment,upi,paytm,,cue_row
704.85 metro,704.85,travel,upi,fi,,english_natural
1203 ₹ paisa daala PPF pe credit card se SBI wale account se,1203,investment,card,,sbi,hinglish_natural
"SPOTIFY RESTAURANT
Total 3913
Cash Received
Change 0.00",3913,entertainment,card,,,ocr_receipt
car loan EMI se installment diy 2389 ka card se pay kiyaa BOB card se,2389,emi,card,,bob,hinglish_natural
"TAX INVOICE
Amazon Prime
Grand Total: R 257
Payment: CARD",257,entertainment,card,,,ocr_receipt
Zerodha 32 Visa,32,investment,card,,fi,english_natural
Apple Music se game liya 4630 ₹ ka card se pay kia,4630,entertainment,card,,,hinglish_natural
Spent ₹1834.70 on mutual fund using card,1834.70,investment,card,,,english_natural
uber ola cab ride airport train ticket ?194 Jupiter,194,travel,upi,jupiter,idfc,cue_row
ATM/CASH/JUPITER/250.67,250.67,investment,upi,gpay,jupiter,english_natural
credit card EMI ka installment diy 2182 ₹ card se pay kiyaa,1982,emi,card,,,source_hinglish
ATM/CASH/BANK/205.25,205.25,shopping,cash,,,english_natural
breakfast snacks chai coffee ₹219 paytm,219,food,upi,paytm,,cue_row
MakeMyTrip pe 4233 ka ticket book kia haath se die HDFC Bank se kata,4233,travel,cash,,hdfc,hinglish_natural
"BARBEQUE NATION
Item 1 Rs189
Item 2 Rs495
Total Rs 34359
Google Pay",34359,food,upi,gpay,,ocr_receipt
diagnostic 239 rupaiye UPI se pay kar diya,239,healthcare,upi,fi,,hinglish_natural
stationery ka tuition diye 418 rupees Bhim se,418,education,upi,bhim,,hinglish_natural
1246 rupay gaming haath se diye,1246,entertainment,cash,,sbi,hinglish_natural
2670 rs Neha Gpay se yaar,2670,friends,upi,gpay,icici,hinglish_natural
sent t37977 to friend on PhonePe split bill UPI,37977,friends,upi,phonepe,,cue_row
paid yaar Rs.1376 via cred,1376,friends,upi,cred,,friends_synthetic
Zee5 3269 rs. PhonePe se,5,entertainment,upi,phonepe,,hinglish_natural
raat ko 37837 rs concert card se,37837,entertainment,card,,,hinglish_natural
Angel One mein 4182 lag gaye Phonepe se bhara,4182,investment,upi,phonepe,,voice_transcript
dost Divya ko 491 rupaye cash se bheje,491,friends,cash,,,friends_synthetic
"BROADBAND
Item 1 349
Item 2 187
Total ₹6220
Phonepe",6220,utilities,upi,phonepe,,ocr_receipt
119 rupaiye DishTV cash de diye,119,utilities,cash,,,hinglish_natural
Spent Rs 489 on DishTV using Phonepe,489,utilities,upi,phonepe,,english_natural
yaar Spotify me 3300 ₹ ka subscription renew kar diya UPI se pay kia,3300,entertainment,upi,paytm,,hinglish_natural
30536.34 paid to Reliance Digital via BHIM from Axis,30536.34,shopping,upi,bhim,axis,english_natural
POS/PRACTO/DEBIT CARD/5701,1997,healthcare,card,,fi,english_natural
396 ₹ food court naqad,396,food,cash,,icici,hinglish_natural
Hotstar me 4063 rupay ka subscription renew kiyaa card se pay kia budget tod diya,4063,entertainment,card,,slice,hinglish_natural
flatmate rent share 9012 paytm Pooja,9012,friends,upi,paytm,,friends_synthetic
17063 to Arjun GPay UPI,17063,friends,upi,gpay,,friends_synthetic
college fees 2507 State Bank,2507,education,card,,sbi,english_natural
ghar jaate waqt 2028 rupay Jio recharge paytm pe,2028,utilities,upi,paytm,,hinglish_natural
7743 restaurant,7743,food,upi,slice,hdfc,english_natural
31437 gpay Spotify,31437,entertainment,upi,gpay,niyo,english_natural
CRED payment ₹361.45 Hotstar HDFC Bank 5250 successful,361.45,entertainment,upi,cred,hdfc,ocr_upi
dinner split 1509 rupaye Rahul Slice,1509,friends,upi,slice,,friends_synthetic
SBI loan 1522 rupaiye credit card se,1522,emi,card,,,hinglish_natural
"1mg 319 Completed 7Apr 2025,9:26 pm kotak 9594 UPI transaction ID 4863290850",319,healthcare,upi,gpay,kotak,ocr_upi
"Reliance Fresh 38848 Completed 15Sep 2026,9:26 am ICICI Bank 5278 UPI transaction ID 893192931982630",38848,food,upi,paytm,icici,ocr_upi
sent ?3374 to roommate on paytm,3374,friends,upi,paytm,sbi,friends_synthetic
flatmate rent share 432 G Pay Pooja,432,friends,upi,gpay,,friends_synthetic
4877 rupees khareed le liya Ajio pe via Fi,39775,shopping,upi,fi,hdfc,source_hinglish
Paid ₹2502 for MedPlus via PayTM,2502,healthcare,upi,paytm,,english_natural
Paid crypto 3475.97 using G Pay,3475.97,investment,upi,gpay,,english_natural
SonyLIV ka ticket le liya 33158 rupay debit card se,33158,entertainment,card,,,hinglish_natural
Payment of Rs 70 to Croma was successful via Jupiter UPI Ref No 60827815758 sbi Account 1234,70,shopping,upi,jupiter,sbi,ocr_upi
eye checkup 161 Paytm,161,healthcare,upi,paytm,,english_natural
Spent ₹259.53 on Faasos using CRED,259.53,food,upi,cred,,english_natural
Uber 26375 rs PhonePe se pay kar diya sbi account se,26375,travel,upi,phonepe,sbi,hinglish_natural
INR 3719 debited from your State Bank account for Goibibo (G Pay UPI),3719,travel,upi,gpay,sbi,ocr_upi
"LENSKART RESTAURANT
Total 2474
Cash Received
Change 0.00",2474,shopping,upi,phonepe,,ocr_receipt
599 rupees ticket lia Amazon Prime ko debit card se achha deal mila,599,entertainment,card,,canara,hinglish_natural
EaseMyTrip mein 283 lag gaye card se bhara,283,travel,card,,,voice_transcript
Bought upGrad for Rs.466 with debit card,466,education,card,,,english_natural
Spent Rs61 on Nature's Basket using cash,61,food,cash,,hdfc,english_natural
Goibibo 1794 Paytm,1794,travel,upi,paytm,hdfc,ocr_upi
1160 ka electronics store bill pay kiya card se,1160,shopping,card,,,voice_transcript
BigBasket me 46 rupay ka food order kiyaa card se pay kiyaa,46,food,card,,bob,hinglish_natural
Croma 129.32 paytm Completed State Bank 9237,129.32,shopping,upi,paytm,sbi,ocr_upi
Ajio 376.93 Jupiter,376.93,shopping,upi,jupiter,,english_natural
paid back friend lent money 1542 Cred,1542,friends,upi,cred,,cue_row
maine 239 rupaye Airtel recharge ko diye card se,239,utilities,card,,fi,voice_transcript
ghar jaate waqt 72 rupees paisa daala Groww ko UPI se diy budget tod diya,72,investment,upi,phonepe,,hinglish_natural
SonyLIV 12641.66 Slice,12641.66,entertainment,upi,slice,,english_natural
electronics clothes shoes accessories purchase ₹3353 via card,3353,shopping,card,,icici,cue_row
₹267.57 paid to Zara via Phonepe from HDFC,267.57,shopping,upi,phonepe,hdfc,english_natural
Paid SpiceJet 1593.36 using Visa,1593.36,travel,card,,,english_natural
"Receipt #7169
Amazon Prime
Amount Paid: Rs1672
Mode: PhonePe",1672,entertainment,upi,phonepe,,ocr_receipt
Hotstar pe 396 rupees ka subscription renew kr diya UPI se pay kiya bhai,396,entertainment,upi,paytm,indusind,hinglish_natural
bhai Pooja ko udhar return kiya 23369 rs Google Pay se,23369,friends,upi,gpay,,friends_synthetic
SIP ka invest kia 1127 rupaiye UPI se,1127,investment,upi,phonepe,,hinglish_natural
3780 ka dost bill pay kiya Phone Pe se,3780,friends,upi,phonepe,,voice_transcript
bhai Amit ko udhar return kiya 385 rs card se,385,friends,card,,,friends_synthetic
₹3645 charged for college fees on credit card,3645,education,card,,,english_natural
Paid ?32154 for FirstCry from my Jupiter account via credit card,32154,shopping,card,,jupiter,english_natural
1065 rs. Zara UPI se pay kiyaa,1065,shopping,upi,phonepe,icici,hinglish_natural
"PHARMEASY RESTAURANT
Total 39.20
Cash Received
Change 0.00",39.20,healthcare,card,,,ocr_receipt
Barbeque Nation payment Rs 17966.09 done via cash,17966.09,food,cash,,,english_natural
SBI loan ka 4979 rupees ka bill Fi Money se pay kiya,4979,emi,upi,fi,,voice_transcript
Paid R 2266 to gaming jupiter UPI HDFC 2764 Done,2266,entertainment,upi,jupiter,hdfc,ocr_upi
Rs.471.87 paid to Blinkit via Phonepe from Fi Money,471.87,food,upi,phonepe,fi,english_natural
"EYE CHECKUP
Item 1 INR 154
Item 2 ₹76
Total Rs 4705
CARD",4705,healthcare,card,,,ocr_receipt
mobile recharge se bill pay kiyaa 4865 rs ka UPI se,4865,utilities,upi,gpay,sbi,hinglish_natural
TO:SONYLIV sonyliv.83369@icicibankbank From:RAHULKUMAR (ICICI Bank PayTM : sender5369@okicicibankbank,3447.57,entertainment,upi,paytm,icici,ocr_upi
HDFC loan me 1709 rupaye ka EMI bharra UPI se pay kar diya,1709,emi,upi,niyo,,hinglish_natural
bhai stationery ka 3592 rupaye gpay se de diya,3592,education,upi,gpay,,voice_transcript
Paid Snapdeal Rs 43617 using Phonepe,43617,shopping,upi,phonepe,,english_natural
"TAX INVOICE
MedPlus
Grand Total: Rs 27081.39
Payment: Cred",27081.39,healthcare,upi,cred,,ocr_receipt
crypto mein 86 lag gaye card se bhara,86,investment,card,,,voice_transcript
POS/VI RECHARGE/PAYTM/3317,4290.01,utilities,upi,paytm,,english_natural
Restaurant bill INR 47710,47710,food,cash,,canara,source_english
598 rupay khana order kya Blinkit ko haath se diyee achha deal mila,598,food,cash,,,hinglish_natural
bhai Rohan ko udhar return kiya 3163 rs cash se,3163,friends,cash,,,friends_synthetic
Spent Rs23651.43 on ACT Fibernet using cash,23651.43,utilities,cash,,icici,english_natural
i paid 4440 rupees for Netflix using cash,4440,entertainment,cash,,sbi,voice_transcript
yaar 3583 rupaye eye checkup UPI se,3583,healthcare,upi,gpay,,hinglish_natural
Water bill INR 31532,31532,utilities,upi,slice,,source_english
PPF ka paisa daala 412 rupaiye card se,412,investment,card,,pnb,hinglish_natural
"BILL
Barbeque Nation
INR 401
CARD
Thank You Visit Again",401,food,card,,,ocr_receipt
Bought DMart for Rs.21442 with G Pay,21442,food,upi,gpay,niyo,english_natural
bhai Udemy ka 247 rupaye Slice se de diya,247,education,upi,slice,,voice_transcript
aaj car loan EMI pe 293 rupaye kharcha hua card se,293,emi,card,,axis,voice_transcript
water bill se bill bhara 4878 rupaye ka credit card se,24269,utilities,card,,,source_hinglish
POS/BOOKMYSHOW/PHONEPE/1859,1377.10,entertainment,upi,phonepe,icici,english_natural
aaj 221 rupaiye test karaya diagnostic ko cred se pay kar diya,221,healthcare,upi,cred,,hinglish_natural
credit card EMI ka installment diy 47891 rupaye card se,47891,emi,card,,niyo,hinglish_natural
TO:LIBRARY library.57472@hdfcbank From:RAHULKUMAR (HDFC Bhim : user1051@okhdfcbank,79,education,upi,bhim,hdfc,ocr_upi
Karan 255 Bhim,255,friends,upi,bhim,bob,english_natural
Uber se kiraya de diye 1563 rupaye ka card se pay kia,1563,travel,card,,,hinglish_natural
Pizza Hut ka khana khaaya 34408 rupaiye via PhonePe,34408,food,upi,phonepe,,hinglish_natural
coaching exam preparation study material R 2121 G Pay,2121,education,upi,gpay,,cue_row
Clothing store bill INR 26714,26714,shopping,card,,,source_english
concert se ticket le liya 2091 rs. ka card se pay kar diya,2091,entertainment,card,,,hinglish_natural
"Snapdeal
Net Amount 47001
Paid via CRED",47001,shopping,upi,cred,indusind,ocr_receipt
"D BYJU'S 388 Completed 11Jan 2026,11:04 pm HDFC Bank 5781 UPI transaction ID 688392114367858 TO:BYJU'S byju's.69190@hdfcbank Soogletransaction lD CICAgJjg466766 OPI Cred",388,education,upi,cred,hdfc,ocr_upi
"GAS BILL RESTAURANT
Total 100.25
Cash Received
Change 0.00",100.25,utilities,cash,,,ocr_receipt
aaj Croma pe 4434 rupaye kharcha hua cash se,4434,shopping,cash,,,voice_transcript
office se aate hue Croma se buy kiyaa 179 rupay ka cash me,179,shopping,cash,,,hinglish_natural
Bharat Petroleum me 428 rupaiye ka ticket book kar diya UPI se pay kiya,428,travel,upi,phonepe,,hinglish_natural
417 rupaiye mutual fund kiyaa ET Money pe via PhonePe,417,investment,upi,phonepe,,hinglish_natural
"LAB TEST
Item 1 Rs301
Item 2 INR 181
Total ?868.22
Phone Pe",868.22,healthcare,upi,phonepe,,ocr_receipt
"TAX INVOICE
Lenskart
Grand Total: 2256
Payment: paytm",2256,healthcare,upi,paytm,idfc,ocr_receipt
t1270 paid to colleague via PhonePe from BOB,1270,friends,upi,phonepe,bob,english_natural
Rs.3612 debited from your Axis account for Ajio (Phonepe UPI),3612,shopping,upi,phonepe,axis,ocr_upi
TO:GOIBIBO goibibo.84386@statebankbank From:AMITSINGH (State Bank Slice : sender6801@okstatebankbank,1148.71,travel,upi,slice,sbi,ocr_upi
electricity water broadband mobile recharge bill INR 368 card,368,utilities,card,,,cue_row
aaj Bharat Petroleum pe 132 rupaye kharcha hua card se,132,travel,card,,niyo,voice_transcript
raat ko 23770 rupees payment kiyaa mobile recharge ko credit card se,23770,utilities,card,,,hinglish_natural
NEFT/TRANSFER/EDUCATION LOAN EMI/SLICE,3889,emi,card,,slice,english_natural
Udemy 45086 Gpay Completed IDFC 8155,45086,education,upi,gpay,idfc,ocr_upi
library ka 64 rupees ka bill Paytm se pay kiya,64,education,upi,paytm,,voice_transcript
Subway 480.46 Google Pay Successful Axis 3414,480.46,food,upi,gpay,axis,ocr_upi
Uber mein 1698 lag gaye cash se bhara,1698,travel,cash,,hdfc,voice_transcript
TO:PVR pvr.13818@hdfcbank From:UTSAVJANA (hdfc Jupiter : sender5577@okhdfcbank,1679.71,entertainment,upi,jupiter,hdfc,ocr_upi
31547 Bajaj Finance EMI,31547,emi,card,,,english_natural
crypto gold bonds NPS portfolio 80 card,80,investment,card,,,cue_row
hospital doctor pharmacy medicine diagnostic Rs3465 PhonePe,3465,healthcare,upi,phonepe,,cue_row
hospital doctor pharmacy medicine diagnostic 292 cash,292,healthcare,cash,,rbl,cue_row
friend 12328.14 Slice,12328.14,friends,upi,slice,,english_natural
Payment of INR 2699 to Nature's Basket was successful via Bhim UPI Ref No 929213324061 PNB Account 3433,2699,food,upi,bhim,pnb,ocr_upi
FirstCry 33480,33480,shopping,card,,slice,english_natural
Spent 3837.49 on Reliance Digital using Visa,3837.49,shopping,card,,,english_natural
Payment of R 31.31 to Vikram was successful via PhonePe UPI Ref No 79922910807785 HDFC Account 9306,31.31,friends,upi,phonepe,hdfc,ocr_upi
Paid ₹10994 for Arjun via slice,10994,friends,upi,slice,,english_natural
raat ko 420 concert UPI se,420,entertainment,upi,paytm,,hinglish_natural
2265 rupaye Bharat Petroleum cash me,2265,travel,cash,,sbi,hinglish_natural
kal 239 rupaye water bill credit card se,239,utilities,card,,kotak,hinglish_natural
"Zara
Net Amount 2187
Paid via CARD",2187,shopping,card,,,ocr_receipt
Chai Point 32599 rupaiye naqad,32599,food,cash,,icici,hinglish_natural
ET Money 182 card,182,investment,card,,hdfc,english_natural
₹35041 to Tata Play via CRED,35041,utilities,upi,cred,,english_natural
aaj doctor pe 3165 rupaye kharcha hua PhonePe se,3165,healthcare,upi,phonepe,,voice_transcript
Cafe coffee INR 6886,6886,food,card,,,source_english
Ananya ka udhar return kiya 173 rupay Phone Pe se,173,friends,upi,phonepe,,hinglish_natural
CRED payment 1231 friend HDFC Bank 8138 completed,1231,friends,upi,cred,hdfc,ocr_upi
376 rupees Snapdeal UPI se diyee,376,shopping,upi,cred,,hinglish_natural
Lenskart se medicine lya 417 rupaiye ka UPI se diye bc,417,healthcare,upi,phonepe,icici,hinglish_natural
aaj 49744 rupay checkup karaya 1mg ko UPI se diyee,49744,healthcare,upi,paytm,,hinglish_natural
Spent 4574 on Croma using SLICE,4574,shopping,upi,slice,,english_natural
"TAX INVOICE
BSNL
Grand Total: Rs.1106
Payment: CARD",1106,utilities,card,,,ocr_receipt
"D PPF 265.54 Completed 28Apr 2026,12:45 pm HDFC Bank Bank 9394 UPI transaction ID 67197132092326 TO:PPF ppf.74034@hdfc bankbank Googletransaction lD CICAgJjg767232 OPI Phonepe",265.54,investment,upi,phonepe,hdfc,ocr_upi
aaj flatmate pe 38421 rupaye kharcha hua cash se,38421,friends,cash,,,voice_transcript
1291 rupees mangwaya McDonald's pe card se pay kya,1291,food,card,,,hinglish_natural
flight booking travel ticket ₹128 card,128,travel,card,,hdfc,cue_row
Spotify 4645 Jupiter Successful Union Bank 6016,4645,entertainment,upi,jupiter,union bank,ocr_upi
₹234.79 charged for Rahul on cash,234.79,friends,cash,,,english_natural
"MALL RESTAURANT
Total 493.27
Cash Received
Change 0.00",493.27,shopping,card,,,ocr_receipt
493 ka dentist bill pay kiya cash se,493,healthcare,cash,,,voice_transcript
books se fees bharaa 22 rs. ka credit card se,22,education,card,,pnb,hinglish_natural
bhai Zepto ka kha liya 369 rupaye card se bc,369,food,card,,,hinglish_natural
Jupiter payment Rs28260 Ajio IDFC 5419 successful,28260,shopping,upi,jupiter,idfc,ocr_upi
bike loan EMI me 923 rs. ka installment die card se sasta tha,923,emi,card,,slice,hinglish_natural
Rs.2967 paid to INOX via bhim UPI from HDFC Bank ending 1879,2967,entertainment,upi,bhim,hdfc,ocr_upi
library pe 1644 rupaiye ka course le liya debit card se jupiter card se,1644,education,card,,jupiter,hinglish_natural
Karan se dost ko diye 2441 rupay ka cred se pay kiya slice card se,2441,friends,upi,cred,slice,hinglish_natural
dopahar ko Croma pe 93 rupaiye ka shopping kr diya UPI se diyee,93,shopping,upi,gpay,,hinglish_natural
dinner split 101 rupaye Divya Google Pay,101,friends,upi,gpay,,friends_synthetic
books ka course lia 481 ₹ cash de diya,481,education,cash,,sbi,hinglish_natural
"BILL
JioMart
Rs.44535.96
PhonePe
Thank You Visit Again",44535.96,food,upi,phonepe,hdfc,ocr_receipt
electricity water broadband mobile recharge bill Rs.477 CRED,477,utilities,upi,cred,,cue_row
Used Kotak Mahindra jupiter to pay Rs.3579.67 for SonyLIV,3579.67,entertainment,upi,jupiter,kotak,english_natural
aaj stocks pe 37609 rupaye kharcha hua Slice se,37609,investment,upi,slice,,voice_transcript
eye checkup ?61 Cred,61,healthcare,upi,cred,pnb,ocr_upi
office se aate hue 3568 rupay Vikram naqad,3568,friends,cash,,jupiter,hinglish_natural
UPI/39870222/MCDONALD'S/BANK,321,food,upi,phonepe,,english_natural
rent maintenance gas connection ₹825 card,825,utilities,card,,,cue_row
exam fee ka admission kar diya 1298 rs credit card se,1298,education,card,,,hinglish_natural
POS/MCDONALD'S/PAYTM/2945,1730,food,upi,paytm,federal bank,english_natural
Rs 17788 charged for Netflix on CRED,17788,entertainment,upi,cred,,english_natural
Spent 49 on coaching using debit card,49,education,card,,fi,english_natural
paid 3419 to DishTV through CRED from SBI,3419,utilities,upi,cred,sbi,voice_transcript
stationery 25380.29,25380.29,education,card,,union bank,english_natural
paid 837 to SBI loan through card,837,emi,card,,,voice_transcript
bhai Bharat Petroleum ka 11753 rupaye cash se de diya,11753,travel,cash,,,voice_transcript
Paid 3656 for HDFC loan from my axis account via Mastercard,3656,emi,card,,axis,english_natural
hospital doctor pharmacy medicine diagnostic R 48711 Phonepe,48711,healthcare,upi,phonepe,,cue_row
"D STATIONERY 438 Completed 21Apr 2026,6:27 pm hdfc Bank 9219 UPI transaction ID 3345984071752 TO:STATIONERY stationery.48734@hdfcbank Googletransaction lD XYZabc389502 OPI PhonePe",438,education,upi,phonepe,hdfc,ocr_upi
IndiGo 20350 rupaiye via Jupiter,20350,travel,upi,jupiter,idfc,hinglish_natural
INR 2366 charged for Ajio on SLICE,2366,shopping,upi,slice,,english_natural
Ananya payment Rs.41821 done via paytm,41821,friends,upi,paytm,slice,english_natural
310 shopping kiya H&M ko GPay se pay kar diya,310,shopping,upi,gpay,,hinglish_natural
bhai bhai ko udhar return kiya 3375 rs Phone Pe se,3375,friends,upi,phonepe,,friends_synthetic
hospital se dawai lya 4443 rupaiye ka UPI se die idfc card se,4443,healthcare,upi,paytm,idfc,hinglish_natural
SBI loan ka installment diye 10762 ₹ card se bhai,10762,emi,card,,,hinglish_natural
Cleartrip ka ride le liya 572 credit card se,606,travel,card,,yes bank,source_hinglish
aaj Yatra se ticket book kiyaa 344 rupaiye ka GPay se,43827,travel,upi,gpay,,source_hinglish
447 rupaye Reliance Fresh cash diye,447,food,cash,,kotak,hinglish_natural
INR 12181 to NPS via Mastercard,12181,investment,card,,,english_natural
dopahar ko Neha se udhar return kya 2301 ka haath se de diya,2301,friends,cash,,union bank,hinglish_natural
lab test ka dawai lya 42622 slice se,42622,healthcare,upi,slice,,hinglish_natural
maine 1465 rupaye clinic ko diye card se,1465,healthcare,card,,axis,voice_transcript
Rs3752 debited from your Yes Bank account for HDFC loan (paytm UPI),3752,emi,upi,paytm,yes bank,ocr_upi
Amazon Prime se subscription renew kya 280 rupaiye ka PayTM pe ICICI Bank card se,280,entertainment,upi,paytm,icici,hinglish_natural
i did 207 expense on market using card,207,shopping,card,,,voice_transcript
"Zee5 BILL
St: ?558
cred approved",558,entertainment,upi,cred,,ocr_receipt
PharmEasy se checkup karaya 4996 ₹ ka card se pay kia,4996,healthcare,card,,,hinglish_natural
Paid 1481.53 for Udemy via card,1481.53,education,card,,,english_natural
Paid t2295.09 for credit card EMI from my YES BANK account via PhonePe,2295.09,emi,upi,phonepe,yes bank,english_natural
dost Priya ko 15480 rupaye CRED se bheje,15480,friends,upi,cred,,friends_synthetic
₹34701.02 charged for HP Petrol on credit card,34701.02,travel,card,,,english_natural
NATURE'S BASKET INR 27272,27272,food,card,,,english_natural
BSNL me 315 rs. ka payment kia UPI se diy,315,utilities,upi,gpay,,hinglish_natural
breakfast snacks chai coffee Rs.100 phonepe,100,food,upi,phonepe,sbi,cue_row
NEFT/TRANSFER/ET MONEY/HDFC BANK,38998.22,investment,card,,hdfc,english_natural
sent Rs 154 to friend on PayTM split bill UPI,154,friends,upi,paytm,,cue_row
"JIO RECHARGE
Item 1 ₹330
Item 2 Rs.353
Total 4023.73
paytm",4023.73,utilities,upi,paytm,,ocr_receipt
Ajio pe 402 rs. ka buy kiya card se,402,shopping,card,,,hinglish_natural
Arjun ko 4605 transfer kiya PhonePe se,4605,friends,upi,phonepe,,friends_synthetic
Zee5 1616,1616,entertainment,upi,cred,kotak,english_natural
coaching exam preparation study material Rs.24258 Phonepe,24258,education,upi,phonepe,idfc,cue_row
flatmate rent share 7632 fi Shreya,7632,friends,upi,fi,rbl,friends_synthetic
ET Money ka SIP bhar diya 298 rupaiye card se pay kr diya,298,investment,card,,,hinglish_natural
270 rs invest kiyaa Kuvera pe UPI se diy yaar,270,investment,upi,paytm,,hinglish_natural
bhai 264,264,friends,cash,,hdfc,english_natural
office se aate hue 752 Kuvera UPI se,752,investment,upi,gpay,axis,hinglish_natural
Rs.316 to Paytm Money via phonepe,316,investment,upi,phonepe,,english_natural
Paid Reliance Digital ₹4173.49 using debit card,4173.49,shopping,card,,,english_natural
"NETMEDS
Item 1 Rs 441
Item 2 ₹254
Total Rs.4787
CARD",4787,healthcare,card,,,ocr_receipt
FD ka stock liyaa 241 rupees card se pay kr diya,241,investment,card,,,hinglish_natural
concert payment ₹268 done via Mastercard,268,entertainment,card,,,english_natural
SpiceJet 2011 Mastercard,2011,travel,card,,icici,english_natural
coaching exam preparation study material ₹4672 cash,4672,education,cash,,,cue_row
subah DishTV se bill pay kiya 4048 rupaiye ka via Google Pay,4048,utilities,upi,gpay,,hinglish_natural
rickshaw mein 465 lag gaye cash se bhara,465,travel,cash,,,voice_transcript
Blinkit 3002 rupees haath se diye,3002,food,cash,,,hinglish_natural
petrol diesel fuel Rs.35882 at pump card,35882,travel,card,,bob,cue_row
TO:MOBILERECHARGE mobilerecharge.80854@statebankbank From:UTSAVJANA (State Bank Google Pay : sender3521@okstatebankbank,423.03,utilities,upi,gpay,sbi,ocr_upi
subah market 4690 rupay via G Pay,40704,shopping,upi,gpay,,source_hinglish
sent 269 to colleague on paytm,269,friends,upi,paytm,,friends_synthetic
BSNL se bill pay kiya 4725 rupees ka card se Axis Bank account se,4725,utilities,card,,axis,hinglish_natural
yaar 186 rupay ACT Fibernet UPI se diy,186,utilities,upi,gpay,,hinglish_natural
Used icici cash to pay ₹6263 for clinic,6263,healthcare,cash,,icici,english_natural
"BILL
JioCinema
616
CARD
Thank You Visit Again",616,entertainment,card,,axis,ocr_receipt
bhai Paytm Money ka mutual fund kya 2007 ₹ Slice pe,2007,investment,upi,slice,,hinglish_natural
"Barbeque Nation BILL
St: Rs.463
PhonePe approved",463,food,upi,phonepe,hdfc,ocr_receipt
Coursera se books le liya 245 rupay ka UPI se pay kya hdfc card se,245,education,upi,niyo,hdfc,hinglish_natural
"insurance premium 26.84 Completed 27Jul 2025,7:57 am icici 2067 UPI transaction ID 128740811730699",26.84,utilities,upi,bhim,icici,ocr_upi
Payment of INR 276.89 to metro was successful via Slice UPI Ref No 1769314027 hdfc Account 5223,276.89,travel,upi,slice,hdfc,ocr_upi
electronics clothes shoes accessories purchase Rs 34285 via card,34285,shopping,card,,,cue_row
"D MEDPLUS 3677 Completed 14Jan 2026,7:30 pm Bandhan Bank 7459 UPI transaction ID 44964113589270 TO:MEDPLUS medplus.12848@bandhanbank Goog1etransaction lD XYZabc821929 OPI GPay",3677,healthcare,upi,gpay,bandhan,ocr_upi
Flipkart order INR 21860,21860,shopping,card,,sbi,source_english
Bought doctor for Rs 299 with cash,299,healthcare,cash,,rbl,english_natural
Just paid 1109.43 to Pizza Hut through cash,1109.43,food,cash,,,english_natural
bhai personal loan EMI ka 40631 rupaye card se de diya,40631,emi,card,,,voice_transcript
18571 rs. Swiggy card se,18571,food,card,,,hinglish_natural
Clothing store bill INR 7029,7029,shopping,card,,sbi,source_english
INR 34122 charged for Ananya on G Pay,34122,friends,upi,gpay,,english_natural
phonepe payment ₹30 Karan HDFC 1187 completed,30,friends,upi,phonepe,hdfc,ocr_upi
BYJU'S mein 18354 lag gaye cash se bhara,18354,education,cash,,,voice_transcript
mutual fund SIP stocks PPF FD investment t6195 Gpay,6195,investment,upi,gpay,,cue_row
gaming concert event ticket Rs2832 PhonePe,2832,entertainment,upi,phonepe,hdfc,cue_row
YouTube Premium ka 433 rupees ka bill card se pay kiya,433,entertainment,card,,,voice_transcript
Library fee INR 43194,43194,education,card,,,source_english
Bought Air India for Rs.338 with GPay,338,travel,upi,gpay,,english_natural
raat ko Arjun se dost ko diyee 2470 rs ka naqad,2470,friends,cash,,,hinglish_natural
abhi tuition 4532 rupees card se SBI se kata,4532,education,card,,sbi,hinglish_natural
870 rs. recharge kiya gas bill pe credit card se achha deal mila,870,utilities,card,,,hinglish_natural
"Receipt #4575
Haldirams
Amount Paid: Rs.181
Mode: CARD",181,food,card,,,ocr_receipt
Rs.776 to bro Cred UPI,776,friends,upi,cred,,friends_synthetic
ghar jaate waqt lab test se checkup karaya 29239 rs ka UPI se pay kia,29239,healthcare,upi,phonepe,,hinglish_natural
dost Divya ko 1334 rupaye card se bheje,1334,friends,card,,icici,friends_synthetic
Movie ticket booking INR 774,774,entertainment,card,,axis,source_english
"clinic BILL
St: t4919
CASH Approved",4919,healthcare,cash,,,ocr_receipt
Paid college fees t6850.22 using debit card,6850.22,education,card,,,english_natural
crypto 149.06,149.06,investment,upi,paytm,,english_natural
gas bill 94 Phonepe Successful Bank of Baroda 7354,94,utilities,upi,phonepe,bob,ocr_upi
Zomato ka khana order kar diya 2876 rs. cash me hdfc wale account se,2876,food,cash,,hdfc,hinglish_natural
POS/REDBUS/CARD/6604,4272.87,travel,card,,,english_natural
Air India 105 rs haath se de diya,105,travel,cash,,,hinglish_natural
clinic 30473 rupay haath se de diye,30473,healthcare,cash,,niyo,hinglish_natural
crypto 235 rs jupiter se pay kya,235,investment,upi,jupiter,,hinglish_natural
Netmeds ka checkup karaya 41383 rs. credit card se,41383,healthcare,card,,hdfc,hinglish_natural
SonyLIV se movie dekhi 139 rupay ka debit card se,139,entertainment,card,,,hinglish_natural
ET Money ka paisa daala 4036 rs debit card se,4036,investment,card,,,hinglish_natural
spent 2359 rupees on CCD via cash,2359,food,cash,,,voice_transcript
kal Dunkin ka kha liya 13495 ₹ card se Fi Money account se,13495,food,card,,fi,hinglish_natural
"1MG
Item 1 ?221
Item 2 Rs 80
Total 4568
CARD",4568,healthcare,card,,,ocr_receipt
TO:PIZZAHUT pizzahut.99814@pnbbank From:RAHULKUMAR (PNB Cred : sender4132@okpnbbank,23395,food,upi,cred,pnb,ocr_upi
Lenskart me 46860 rupay ka order kr diya credit card se,46860,shopping,card,,slice,hinglish_natural
Ola pe 115 rupaiye ka kiraya die Paytm pe,115,travel,upi,paytm,,hinglish_natural
Behrouz ka food order kar diya 16269 G Pay pe Niyo se kata,16269,food,upi,gpay,niyo,hinglish_natural
"D PETROLPUMP 1693.33 Completed 14Mar 2026,8:49 pm icici Bank 8921 UPI transaction ID 0169620233627 TO:PETROLPUMP petrol pump.13972@icicibank Googletransaction lD XYZabc813789 OPI Google Pay",1693.33,travel,upi,gpay,icici,ocr_upi
bro me 186 rupaiye ka dost ko diyee Google Pay se yaar,186,friends,upi,gpay,,hinglish_natural
"AMAZON PRIME RESTAURANT
Total 35442
Cash Received
Change 0.00",35442,entertainment,card,,,ocr_receipt
₹269.99 debited from your Canara account for mutual fund (PayTM UPI),269.99,investment,upi,paytm,canara,ocr_upi
"mall
Net Amount 4590
Paid via Slice",4590,shopping,upi,slice,,ocr_receipt
"Vedantu 431 Completed 13Nov 2026,7:40 pm Canara Bank 6405 UPI transaction ID 079137057113",431,education,upi,cred,canara,ocr_upi
Box8 me 41991 rupees ka khana order kr diya UPI se de diye,8,food,upi,phonepe,,hinglish_natural
82 rupees ET Money phonepe se,82,investment,upi,phonepe,hdfc,hinglish_natural
auto se ticket book kr diya 49885 rupees ka haath se diy,49885,travel,cash,,,hinglish_natural
Paid INR 35520.85 for Priya via cred,35520.85,friends,upi,cred,yes bank,english_natural
grocery vegetables milk bread fruits Rs 36415 paid cash,36415,food,cash,,,cue_row
₹101 to hospital via debit card,101,healthcare,card,,,english_natural
"TAX INVOICE
Tata CLiQ
Grand Total: ?2267.09
Payment: G Pay",2267.09,shopping,upi,gpay,,ocr_receipt
Paid ₹37966.07 to water bill CRED UPI Kotak Mahindra 3920 Done,37966.07,utilities,upi,cred,kotak,ocr_upi
dinner split 2672 rupaye Priya G Pay,2672,friends,upi,gpay,icici,friends_synthetic
211 rupaye Udemy UPI se diyee,211,education,upi,slice,,hinglish_natural
30188 rupaye Bajaj Finance EMI card se pay kiyaa,30188,emi,card,,,hinglish_natural
paid 48954 to IRCTC through card,48954,travel,card,,,voice_transcript
373 ka flatmate bill pay kiya phonepe se slice se kata,373,friends,upi,phonepe,slice,voice_transcript
aaj Meesho ka shopping kya 531 rupaye card se achha deal mila,531,shopping,card,,,hinglish_natural
Paytm Money Rs142 paytm,142,investment,upi,paytm,sbi,ocr_upi
lab test mein 351 lag gaye cash se bhara,351,healthcare,cash,,,voice_transcript
Bought Priya for 3950.75 with bhim,3950.75,friends,upi,bhim,jupiter,english_natural
yaar 225 rupaye ticket book kya Air India ko cash me,225,travel,cash,,,hinglish_natural
cred payment Rs1400 Biryani Blues PNB 8928 completed,1400,food,upi,cred,pnb,ocr_upi
Just paid t424 to society maintenance through PhonePe,424,utilities,upi,phonepe,,english_natural
2232 rupaiye Airtel recharge naqad,2232,utilities,cash,,,hinglish_natural
raat ko Behrouz se khana khya 246 ₹ ka card se,246,food,card,,,hinglish_natural
308 rupay petrol bharaa rickshaw ko card se,308,travel,card,,,hinglish_natural
home loan car loan credit card EMI monthly Rs.365 autopay card,365,emi,card,,,cue_row
DishTV ka 3973 rupees ka bill cash se pay kiya,3973,utilities,cash,,hdfc,voice_transcript
Coursera se course liyaa 394 rupaye ka Cred se pay kiya,394,education,upi,cred,,hinglish_natural
Paid t5176.62 for coaching via GPay,5176.62,education,upi,gpay,,english_natural
Bought friend for 1052 with G Pay,1052,friends,upi,gpay,,english_natural
school fees 20343 rupaiye G Pay pe,20343,education,upi,gpay,,hinglish_natural
Behrouz pe 428 rupaye ka khana order kiyaa credit card se,9032,food,card,,hdfc,source_hinglish
3921 rs. tuition de diye college fees ko debit card se,3921,education,card,,,hinglish_natural
Payment of Rs 4783 to PVR was successful via Gpay UPI Ref No 797927023729 BOB Account 2460,4783,entertainment,upi,gpay,bob,ocr_upi
roommate ko 19067 transfer kiya phonepe se,19067,friends,upi,phonepe,indusind,friends_synthetic
college fees 4057 rupaiye debit card se State Bank card se,4057,education,card,,sbi,hinglish_natural
Meesho 156 debited from NIYO,156,shopping,card,,niyo,english_natural
KARAN INR 4110 JUPITER,4110,friends,upi,niyo,jupiter,english_natural
Bought dhaba for 11765.93 with Slice,11765.93,food,upi,slice,hdfc,english_natural
home loan EMI 3929.34,3929.34,emi,card,,slice,english_natural
ghar jaate waqt Flipkart 322 rupaiye UPI se,322,shopping,upi,paytm,,hinglish_natural
Rs 3589 to colleague cash UPI,3589,friends,cash,,,friends_synthetic
UPI/55164421/AIRTEL RECHARGE/BANK,47120,utilities,upi,paytm,,english_natural
1175 ₹ Vikram via Cred,1175,friends,upi,cred,,hinglish_natural
1316 rupaiye stationery card se,1316,education,card,,,hinglish_natural
"NETFLIX
Item 1 239
Item 2 Rs.412
Total 151
CARD",151,entertainment,card,,,ocr_receipt
kal Lenskart se saman lia 112 rs ka UPI se,112,shopping,upi,gpay,,hinglish_natural
"electronics store BILL
St: INR 287
CARD approved",287,shopping,card,,pnb,ocr_receipt
electronics store ka 9436 rupees ka bill card se pay kiya,9436,shopping,card,,,voice_transcript
flatmate se transfer kar diya 184 rupees ka card se pay kiyaa,184,friends,card,,,hinglish_natural
Uber pe 20217 rupay ka petrol bhra credit card se,2106,travel,card,,,source_hinglish
doctor 68 rupaye cash me,68,healthcare,cash,,,hinglish_natural
Starbucks ka mangwaya 4683 rupay UPI se,4683,food,upi,cred,,hinglish_natural
Bajaj Finance EMI pe 2595 rs ka EMI kat gayi debit card se bohot mehenga,2595,emi,card,,,hinglish_natural
yaar ₹2448.57 Gpay,2448.57,friends,upi,gpay,,english_natural
Just paid INR 2927 to MakeMyTrip through Mastercard,2927,travel,card,,jupiter,english_natural
Spent 4709.82 on Lenskart using Visa,4709.82,healthcare,card,,,english_natural
today i spent 326 on gaming via Phonepe,326,entertainment,upi,phonepe,,voice_transcript
Cred payment INR 372 Amazon icici 4141 successful,372,shopping,upi,cred,icici,ocr_upi
Paid Rs.130 for PVR via Phone Pe,130,entertainment,upi,phonepe,,english_natural
Just paid Rs14201.77 to broadband through fi,14201.77,utilities,upi,fi,rbl,english_natural
BYJU'S ka fees bhara 2843 cash de diye,2843,education,cash,,,hinglish_natural
"TAX INVOICE
PharmEasy
Grand Total: Rs 73.71
Payment: CARD",73.71,healthcare,card,,,ocr_receipt
kal Neha se split kiyaa 2347 rupaiye ka via paytm axis se,2347,friends,upi,paytm,axis,hinglish_natural
TO:WATERBILL waterbill.71526@icicibank From:PRIYASHARMA (icici fi : sender9499@okicicibank,14795.50,utilities,upi,fi,icici,ocr_upi
"Myntra 7561 Completed 8Jun 2025,11:30 pm HDFC 1018 UPI transaction ID 7286324948",7561,shopping,upi,gpay,hdfc,ocr_upi
MakeMyTrip se ticket book kiya 11562 rs ka debit card se,11562,travel,card,,,hinglish_natural
bhai dost ko udhar return kiya 19423 rs Bhim se,19423,friends,upi,bhim,,friends_synthetic
maine 1795 rupaye home loan EMI ko diye card se,1795,emi,card,,slice,voice_transcript
JioCinema se movie dekhi 1017 rs ka UPI se de diya,1017,entertainment,upi,paytm,,hinglish_natural
paytm payment Rs 1884 Jio recharge ICICI 5749 done,1884,utilities,upi,paytm,icici,ocr_upi
29206 to roommate via Phone Pe,29206,friends,upi,phonepe,,english_natural
bhai personal loan EMI ka 277 rupaye card se de diya,277,emi,card,,,voice_transcript
"stocks 864 Completed 3Apr 2026,2:37 am IDFC First 8825 UPI transaction ID 6732217759414",864,investment,upi,paytm,idfc,ocr_upi
Spent INR 1521 on ACT Fibernet using Visa,1521,utilities,card,,,english_natural
school college tuition course books fees Rs.2903 Paytm,2903,education,upi,paytm,axis,cue_row
grocery vegetables milk bread fruits ₹490 paid cash,490,food,cash,,kotak,cue_row
Zee5 pe 335 ka movie dekhi gpay se pay kr diya HDFC se kata,33524,entertainment,upi,gpay,hdfc,source_hinglish
219 rupaye credit card EMI card se,219,emi,card,,hdfc,hinglish_natural
raat ko home loan EMI 1089 rupay card se pay kiyaa,1089,emi,card,,,hinglish_natural
bhai PharmEasy pe 1525 rupay ka dawai lia cash diy,1525,healthcare,cash,,,hinglish_natural
subah 4434 rupees colleague PayTM se pay kiyaa,4434,friends,upi,paytm,icici,hinglish_natural
Paid Bajaj Finance EMI 129.65 using credit card,129.65,emi,card,,,english_natural
₹64 debited from your sbi account for PPF (GPay UPI),64,investment,upi,gpay,sbi,ocr_upi
Spent 430.14 on HP Petrol using paytm,430.14,travel,upi,paytm,,english_natural
Paid t345 for Bewakoof via Mastercard,345,shopping,card,,,english_natural
slice payment Rs 4484 Reliance Digital ICICI 6544 successful,4484,shopping,upi,slice,icici,ocr_upi
ATM/CASH/HDFC/1341,1341,food,upi,gpay,hdfc,english_natural
Payment of Rs.148 to insurance premium was successful via PayTM UPI Ref No 110269395533089 sbi Account 5097,148,utilities,upi,paytm,sbi,ocr_upi
Nature's Basket pe 253 ka mangwaya debit card se SBI se,253,food,card,,sbi,hinglish_natural
abhi 30 Reliance Fresh credit card se sasta tha,30,food,card,,,hinglish_natural
372 rupees Shreya UPI se,372,friends,upi,phonepe,,hinglish_natural
subah Vi recharge se recharge kya 2849 rs. ka cash diye,11093,utilities,cash,,,source_hinglish
90 stationery,90,education,card,,hdfc,english_natural
mobile recharge Rs 9948.15 debited from State Bank,9948.15,utilities,upi,gpay,sbi,english_natural
Rs.4651.56 debited from your IDFC account for home loan EMI (paytm UPI),4651.56,emi,upi,paytm,idfc,ocr_upi
College fees payment INR 42660,42660,education,upi,phonepe,axis,source_english
metro me 191 ₹ ka kiraya diye debit card se Jupiter account se,191,travel,card,,jupiter,hinglish_natural
Coursera ka admission kia 302 rupay card se,302,education,card,,,hinglish_natural
office se aate hue electricity bill 90 rupaye card se pay kar diya,90,utilities,card,,,hinglish_natural
aaj JioCinema pe 402 rupaye kharcha hua card se,402,entertainment,card,,,voice_transcript
rent maintenance gas connection ₹22689 cred,22689,utilities,upi,cred,,cue_row
Payment of 402 to clinic was successful via SLICE UPI Ref No 505519193968718 sbi Account 2899,402,healthcare,upi,slice,sbi,ocr_upi
Used icici gpay to pay 28972 for Groww,28972,investment,upi,gpay,icici,english_natural
Clothing store bill INR 12880,12880,shopping,upi,phonepe,,source_english
130 ₹ EMI kat gayi education loan EMI pe card se pay kar diya,130,emi,card,,,hinglish_natural
petrol diesel fuel Rs3840 at pump cash,3840,travel,cash,,,cue_row
Personal loan installment INR 47268,47268,emi,card,,,source_english
"Receipt #7170
gas bill
Amount Paid: t13470
Mode: CARD",13470,utilities,card,,,ocr_receipt
bhai Gaana ka 36738 rupaye BHIM se de diya,36738,entertainment,upi,bhim,,voice_transcript
Just paid 1591 to gas bill through Gpay,1591,utilities,upi,gpay,hdfc,english_natural
19082 rs. paisa daala NPS pe UPI se diy,19082,investment,upi,paytm,,hinglish_natural
29360 ₹ FreshMenu Phone Pe pe,29360,food,upi,phonepe,,hinglish_natural
office se aate hue canteen se khana khaaya 3507 rupay ka G Pay se pay kiyaa Axis Bank wale account se,3507,food,upi,gpay,axis,hinglish_natural
dentist ka medicine lia 30367 rs. Paytm se pay kya,30367,healthcare,upi,paytm,,hinglish_natural
40951 rupaye medicine le liya Apollo Pharmacy pe via Cred,40951,healthcare,upi,cred,icici,hinglish_natural
BYJU'S 4533 rupees UPI se diy zyada ho gaya,31269,education,upi,gpay,,source_hinglish
SIP se mutual fund kar diya 1405 rupaye ka card se Jupiter se kata,1405,investment,card,,jupiter,hinglish_natural
office se aate hue Goibibo se petrol bhara 26341 rupees ka naqad,26341,travel,cash,,,hinglish_natural
2498 rupees Unacademy card Niyo account,2498,education,card,,niyo,voice_transcript
subah Apollo Pharmacy pe 4718 rupaye ka dawai lia credit card se,4718,healthcare,card,,,hinglish_natural
177 Google Pay food court,177,food,upi,gpay,kotak,english_natural
Arjun se transfer kr diya 45 rupay ka UPI se die slice card se,45,friends,upi,phonepe,slice,hinglish_natural
"D SBILOAN 14562.59 Completed 12Feb 2026,1:28 pm idfc Bank 7743 UPI transaction ID 401436644690 TO:SBILOAN sbi loan.31220@idfcbank Googletransaction lD XYZabc645029 OPI phonepe",14562.59,emi,upi,phonepe,idfc,ocr_upi
auto ka 944 rupees ka bill cash se pay kiya,944,travel,cash,,,voice_transcript
office se aate hue gold pe 3879 rupees ka invest kiyaa Cred pe,3879,investment,upi,cred,jupiter,hinglish_natural
bhai 4445 ₹ Uber Jupiter se,4445,travel,upi,jupiter,,hinglish_natural
mutual fund SIP stocks PPF FD investment 47253 Gpay,47253,investment,upi,gpay,,cue_row
271 rupees bill pay kiya rent pe cred se pay kiyaa,271,utilities,upi,cred,,hinglish_natural
Bharat Petroleum se ticket book kya 45201 ka haath se diye,24520,travel,cash,,,source_hinglish
POS/APPLE MUSIC/VISA/6732,3981,entertainment,card,,jupiter,english_natural
aaj Karan pe 2673 rupaye kharcha hua gpay se,2673,friends,upi,gpay,,voice_transcript
R 198 paid to Zerodha via Visa from ICICI Bank,198,investment,card,,icici,english_natural
2365 rs. loan payment kia education loan EMI ko UPI se diyee ICICI Bank card se,2365,emi,upi,gpay,icici,hinglish_natural
173 credit card college fees,173,education,card,,icici,english_natural
POS/GAANA/VISA/3492,257,entertainment,card,,,english_natural
dinner split 3403 rupaye colleague bhim,3403,friends,upi,bhim,,friends_synthetic
Paid personal loan EMI t3465 using Phonepe,3465,emi,upi,phonepe,,english_natural
38018 ₹ Apple Music paytm se pay kr diya,47916,entertainment,upi,paytm,,source_hinglish
split bill 11791 GPay se dost ko diya,11791,friends,upi,gpay,,friends_synthetic
today i spent 174 on Airtel recharge via Paytm from my HDFC bank,174,utilities,upi,paytm,hdfc,voice_transcript
Box8 ka khana khayaa 497 rs cash me,8,food,cash,,,hinglish_natural
dopahar ko Amazon Prime ka subscription renew kia 46804 rupaye gpay se pay kr diya,46804,entertainment,upi,gpay,,hinglish_natural
11800 rupees Bajaj Finance EMI credit card se,11800,emi,card,,,hinglish_natural
Payment of ₹3111 to IRCTC was successful via Phonepe UPI Ref No 4512979916 idfc Account 1003,3111,travel,upi,phonepe,idfc,ocr_upi
38040 rupay hospital card se,38040,healthcare,card,,,hinglish_natural
Amit ka dost ko de diye 2579 rs Niyo pe,2579,friends,upi,niyo,,hinglish_natural
POS/BOOKS/CASH/3402,3103.08,education,cash,,hdfc,english_natural
home loan car loan credit card EMI monthly Rs244 autopay card,244,emi,card,,hdfc,cue_row
i did 3505 expense on FD using Cred,3505,investment,upi,cred,,voice_transcript
382 rupees books le liya tuition ko card se pay kya Axis Bank se,382,education,card,,axis,hinglish_natural
dost 4761 rupay PhonePe se icici wale account se,4761,friends,upi,phonepe,icici,hinglish_natural
Spent ₹3145.82 on gold using debit card,3145.82,investment,card,,,english_natural
yaar 2801 show dekha Netflix pe UPI se diyee ICICI se,2801,entertainment,upi,niyo,icici,hinglish_natural
Spent Rs 4233 on Groww using PhonePe,4233,investment,upi,phonepe,,english_natural
Meesho ka buy kia 192 rupaye credit card se,192,shopping,card,,,hinglish_natural
161 rs school fees UPI se pay kr diya,161,education,upi,gpay,,hinglish_natural
electricity bill ka bill pay kar diya 366 rs. gpay se,366,utilities,upi,gpay,,hinglish_natural
Angel One payment Rs 4720.07 done via Visa,4720.07,investment,card,,hdfc,english_natural
66 ka Goibibo bill pay kiya cash se Fi se kata,66,travel,cash,,fi,voice_transcript
aaj 40426 rupaiye cab liya auto ko naqad,40426,travel,cash,,,hinglish_natural
INR 13493 charged for Myntra on G Pay,13493,shopping,upi,gpay,,english_natural
448 PhonePe electricity bill,448,utilities,upi,phonepe,,english_natural
mutual fund SIP stocks PPF FD investment INR 2315 paytm,2315,investment,upi,paytm,hdfc,cue_row
aaj crypto pe 186 rupaye kharcha hua PhonePe se,186,investment,upi,phonepe,sbi,voice_transcript
"BIGBASKET
Item 1 Rs172
Item 2 INR 441
Total ₹4391
G Pay",4391,food,upi,gpay,,ocr_receipt
Rs81 debited from your kotak account for crypto (paytm UPI),81,investment,upi,paytm,kotak,ocr_upi
MedPlus se checkup karaya 3778 ₹ ka cash diye sasta tha,3778,healthcare,cash,,kotak,hinglish_natural
Gpay payment 4323 FD State Bank 4724 successful,4323,investment,upi,gpay,sbi,ocr_upi
₹32128.88 charged for Coin on jupiter,32128.88,investment,upi,jupiter,,english_natural
"EatFit 1731 Completed 12Jun 2025,6:47 pm PNB 3469 UPI transaction ID 4533043494",1731,food,upi,paytm,pnb,ocr_upi
electricity water broadband mobile recharge bill Rs.47882 phonepe,47882,utilities,upi,phonepe,,cue_row
Vedantu se course liya 427 rs. ka via Google Pay,21941,education,upi,gpay,,source_hinglish
mutual fund SIP stocks PPF FD investment Rs469 cred,469,investment,upi,cred,,cue_row
"FIRSTCRY
Item 1 Rs 106
Item 2 481
Total 18061
Slice",18061,shopping,upi,slice,,ocr_receipt
bhai INOX ka show dekha 433 rupay UPI se,433,entertainment,upi,jupiter,,hinglish_natural
today i spent 25418 on MakeMyTrip via card from my Niyo bank,25418,travel,card,,niyo,voice_transcript
mutual fund SIP stocks PPF FD investment Rs 21 card,21,investment,card,,kotak,cue_row
4020 ka Ajio bill pay kiya card se axis se kata,4020,shopping,card,,axis,voice_transcript
bro Rs 21027 Paytm,21027,friends,upi,paytm,hdfc,english_natural
Ola mein 3329 lag gaye card se bhara,3329,travel,card,,,voice_transcript
383 rupaiye stocks UPI se,383,investment,upi,gpay,,hinglish_natural
"Receipt #1947
Amazon
Amount Paid: Rs947
Mode: CASH",947,shopping,cash,,,ocr_receipt
gaming 40.11,40.11,entertainment,cash,,,english_natural
aaj Hotstar pe 889 rupaye kharcha hua card se,889,entertainment,card,,fi,voice_transcript
aaj PharmEasy pe 3903 rupaye kharcha hua Slice se,3903,healthcare,upi,slice,,voice_transcript
"Swiggy BILL
St: Rs 28942
CARD approved",28942,food,card,,,ocr_receipt
Indian Oil me 1281 rs. ka cab liyaa naqad,1281,travel,cash,,,hinglish_natural
breakfast snacks chai coffee INR 402 Bhim,402,food,upi,bhim,hdfc,cue_row
raat ko school fees se course lia 478 ka credit card se bc,478,education,card,,,hinglish_natural
gaming concert event ticket Rs.2548 card,2548,entertainment,card,,hdfc,cue_row
MakeMyTrip se ticket book kr diya 27 rs. ka credit card se budget tod diya,27,travel,card,,,hinglish_natural
aaj Amazon 19576 via gpay,19576,shopping,upi,gpay,,hinglish_natural
office se aate hue 31536 ₹ saman lia Zara pe card se,31536,shopping,card,,,hinglish_natural
R 243 to MakeMyTrip via Fi,243,travel,upi,fi,,english_natural
Paid 490 for Air India via card,490,travel,card,,,english_natural
Zomato dinner INR 49760,49760,food,card,,,source_english
electricity water broadband mobile recharge bill Rs.1395 cash,1395,utilities,cash,,federal bank,cue_row
TO:SBILOAN sbiloan.96260@canarabank From:PRIYASHARMA (Canara fi : sender4948@okcanarabank,10061,emi,upi,fi,canara,ocr_upi
dopahar ko 4454 rs. tuition die Unacademy pe card se zyada ho gaya,4454,education,card,,,hinglish_natural
Paid Rs.3844 for society maintenance via cash,3844,utilities,cash,,sbi,english_natural
gaming concert event ticket INR 333 card,333,entertainment,card,,,cue_row
yaar car loan EMI se EMI kat gayi 2431 rupaiye ka card se pay kya Fi Money wale account se,2431,emi,card,,fi,hinglish_natural
Air India 36192 rupaiye gpay se pay kiya Kotak se kata,36192,travel,upi,gpay,kotak,hinglish_natural
paid 3292 to Cleartrip through cash,3292,travel,cash,,,voice_transcript
HDFC loan 453 card se pay kia,24571,emi,card,,,source_hinglish
29190 rupees Hotstar card,29190,entertainment,card,,,voice_transcript
raat ko 30756 rupay invest kia Kuvera ko phonepe se pay kiyaa,30756,investment,upi,phonepe,fi,hinglish_natural
77 rs invest kiyaa gold ko UPI se diy,77,investment,upi,jupiter,hdfc,hinglish_natural
Paid HDFC loan ₹57 using BHIM from Fi,57,emi,upi,bhim,fi,english_natural
Paid Rs255 for stocks via Visa,255,investment,card,,axis,english_natural
Ola 2331 rs PhonePe se pay kya,10465,travel,upi,phonepe,bob,source_hinglish
"DishTV
Net Amount 35514
Paid via paytm",35514,utilities,upi,paytm,,ocr_receipt
sent money to dost ₹276 on cash,276,friends,cash,,icici,friends_synthetic
Paid 37896.98 for MedPlus via Phonepe,37896.98,healthcare,upi,phonepe,,english_natural
subah 1811 rs. khana order kar diya Pizza Hut ko cred se pay kiya,1811,food,upi,cred,,hinglish_natural
aaj 20 rupaiye movie dekhi Gaana ko UPI se,20,entertainment,upi,slice,jupiter,hinglish_natural
raat ko electricity bill 285 rupees niyo se,285,utilities,upi,niyo,,hinglish_natural
home loan car loan credit card EMI monthly Rs.4730 autopay card,4730,emi,card,,,cue_row
colleague me 32432 rupees ka split kiya UPI se pay kar diya,32432,friends,upi,gpay,,hinglish_natural
PPF ka 2328 rupees ka bill Bhim se pay kiya,2328,investment,upi,bhim,,voice_transcript
"D DISHTV 281 Completed 20Jan 2026,9:05 pm PNB Bank 9303 UPI transaction ID 506403356264 TO:DISHTV dishtv.98947@pnbbank Goog1etransaction lD CICAgJjg595514 OPI Phone Pe",281,utilities,upi,phonepe,pnb,ocr_upi
i paid 2631 rupees for Gaana using Google Pay,2631,entertainment,upi,gpay,pnb,voice_transcript
Fi payment Rs17511.83 Apollo Pharmacy hdfc 7637 completed,17511.83,healthcare,upi,fi,hdfc,ocr_upi
Paid INR 161 to Angel One fi UPI sbi 5619 Successful,161,investment,upi,fi,sbi,ocr_upi
abhi 9110 cab liya metro pe haath se de diye,9110,travel,cash,,,hinglish_natural
Pizza Hut ka 4077 rupees ka bill cash se pay kiya,4077,food,cash,,kotak,voice_transcript
maine 475 rupaye library ko diye card se,475,education,card,,sbi,voice_transcript
147 khana order kr diya mess ko UPI se diy,147,food,upi,jupiter,hdfc,hinglish_natural
Paid ₹21661 for society maintenance via Visa,21661,utilities,card,,,english_natural
today i spent 2110 on Karan via PayTM from my Axis Bank bank,2110,friends,upi,paytm,axis,voice_transcript
3668 ₹ 1mg GPay se pay kya,3668,healthcare,upi,gpay,,hinglish_natural
paid 104 to car loan EMI through gpay,104,emi,upi,gpay,,voice_transcript
dost yaar ko 3108 rupaye card se bheje,3108,friends,card,,,friends_synthetic
Barbeque Nation pe 97 ₹ ka food order kiya slice pe bc,97,food,upi,slice,,hinglish_natural
Spent Rs 4250.93 on Yatra using Mastercard,4250.93,travel,card,,sbi,english_natural
Paid exam fee ₹323 using cash from NIYO,323,education,cash,,niyo,english_natural
uber ola cab ride airport train ticket ?3802 G Pay,3802,travel,upi,gpay,,cue_row
JioCinema 299 rupaiye debit card se,299,entertainment,card,,hdfc,hinglish_natural
POS/LIBRARY/CASH/5303,3189.86,education,cash,,,english_natural
kal 1219 Vedantu cash de diye,1219,education,cash,,,hinglish_natural
split bill 62 phonepe se dost ko diya,62,friends,upi,phonepe,,friends_synthetic
market INR 46 CRED,46,shopping,upi,cred,,english_natural
19016 rupees mobile recharge cred se,19016,utilities,upi,cred,,hinglish_natural
ghar jaate waqt EatFit 211 rs. cash diy bohot mehenga,211,food,cash,,,hinglish_natural
bhai ko 956 transfer kiya Phone Pe se,956,friends,upi,phonepe,,friends_synthetic
81 rupees Airtel recharge PayTM pe,81,utilities,upi,paytm,hdfc,hinglish_natural
"TAX INVOICE
Gaana
Grand Total: 3276
Payment: cred",3276,entertainment,upi,cred,,ocr_receipt
Used icici NIYO to pay INR 25698.23 for Zerodha,25698.23,investment,upi,niyo,icici,english_natural
20816 rupees Snapdeal cash diye,20816,shopping,cash,,hdfc,hinglish_natural
aaj upGrad pe 844 rupaye kharcha hua card se,844,education,card,,,voice_transcript
Paid ₹36 to water bill Slice UPI SBI 1290 Completed,36,utilities,upi,slice,sbi,ocr_upi
399 ₹ tuition de diye BYJU'S pe debit card se yaar,399,education,card,,,hinglish_natural
bhai Zee5 ka show dekha 3654 rs. UPI se,5,entertainment,upi,gpay,,hinglish_natural
auto ka ticket book kar diya 160 rs. card se pay kiyaa,160,travel,card,,,hinglish_natural
paid 269 to DishTV through card,269,utilities,card,,,voice_transcript
kal gold pe 5651 rupees ka SIP bhra card se,5651,investment,card,,,hinglish_natural
raat ko car loan EMI ka EMI kat gayi 884 rs card se pay kya State Bank se kata,884,emi,card,,sbi,hinglish_natural
200 Ola,200,travel,cash,,,english_natural
"DOCTOR
Item 1 t451
Item 2 INR 365
Total INR 2293
CARD",2293,healthcare,card,,,ocr_receipt
Zara 2439,2439,shopping,cash,,,english_natural
35626 ka Unacademy bill pay kiya Fi se,35626,education,upi,fi,,voice_transcript
grocery vegetables milk bread fruits 427 paid GPay,427,food,upi,gpay,icici,cue_row
kal Vedantu 12568 rs via cred budget tod diya,12568,education,upi,cred,,hinglish_natural
Neha ko 434 transfer kiya gpay se,434,friends,upi,gpay,,friends_synthetic
Gaana 159 rupaye credit card se,159,entertainment,card,,,hinglish_natural
4173 rupaiye recharge kiya rent pe card se pay kya,4173,utilities,card,,,hinglish_natural
petrol pump payment ₹339 done via Niyo,339,travel,upi,niyo,,english_natural
aaj Yatra pe 4976 rupaye kharcha hua card se,4976,travel,card,,,voice_transcript
paid bhai R 12073 via jupiter,12073,friends,upi,jupiter,,friends_synthetic
Coursera se books lya 1782 ka card se pay kr diya matlab,1782,education,card,,,hinglish_natural
spent 4867 rupees on Netflix via Bhim,4867,entertainment,upi,bhim,,voice_transcript
kal Rapido 1336 rupaye via Cred,1336,travel,upi,cred,icici,hinglish_natural
Cleartrip 2220 ₹ debit card se Axis wale account se,2220,travel,card,,axis,hinglish_natural
stocks pe 45534 rs. ka paisa daala credit card se Punjab National Bank wale account se zyada ho gaya,45534,investment,card,,pnb,hinglish_natural
JioCinema mein 36931 lag gaye card se bhara,36931,entertainment,card,,,voice_transcript
PharmEasy 482.89 GPay Successful State Bank 4615,482.89,healthcare,upi,gpay,sbi,ocr_upi
Jio recharge se bill bhara 2958 rupaiye ka UPI se pay kar diya,2958,utilities,upi,gpay,,hinglish_natural
Spent R 1480 on yaar using slice,1480,friends,upi,slice,,english_natural
bhai exam fee ka 1747 rupaye Google Pay se de diya,1747,education,upi,gpay,,voice_transcript
H&M ka saman lia 14103 ₹ credit card se,14103,shopping,card,,bob,hinglish_natural
lunch dinner food order swiggy zomato restaurant meal INR 84 card,84,food,card,,pnb,cue_row
Apple Music se game le liya 2406 rs ka card se pay kia,2406,entertainment,card,,,hinglish_natural
ET Money Rs 1851.25 Phone Pe,1851.25,investment,upi,phonepe,hdfc,ocr_upi
personal loan installment EMI deduction 2048 card,2048,emi,card,,,cue_row
gaming concert event ticket Rs 15514 card,15514,entertainment,card,,,cue_row
stationery ₹2180.21 debited from hdfc,2180.21,education,upi,gpay,hdfc,english_natural
MedPlus ₹3005 debited from hdfc,3005,healthcare,upi,gpay,hdfc,english_natural
Paid ₹4615.18 for SonyLIV via card,4615.18,entertainment,card,,,english_natural
bhai SpiceJet ka 1135 rupaye card se de diya,1135,travel,card,,,voice_transcript
school college tuition course books fees INR 2235 card,2235,education,card,,,cue_row
Rapido pe 24732 rs. ka petrol bharaa card se pay kiyaa matlab,24732,travel,card,,,hinglish_natural
aaj books pe 486 rupees ka admission kia haath se die Niyo se kata,486,education,cash,,niyo,hinglish_natural
UPI/08909692/EATFIT/ICICI,2521,food,card,,icici,english_natural
"Amazon Prime BILL
St: Rs 94.41
PhonePe Approved",94.41,entertainment,upi,phonepe,hdfc,ocr_receipt
mutual fund SIP stocks PPF FD investment Rs 432 BHIM,432,investment,upi,bhim,,cue_row
Paid 1916 to 1mg Niyo UPI hdfc 5887 Completed,1916,healthcare,upi,niyo,hdfc,ocr_upi
books se books le liya 43175 ₹ ka debit card se,43175,education,card,,,hinglish_natural
"EatFit BILL
St: 24424
Phonepe Approved",24424,food,upi,phonepe,union bank,ocr_receipt
287 paid to Pooja via Phone Pe from Bank of Baroda,287,friends,upi,phonepe,bob,english_natural
Faasos se kha liya 29863 ₹ ka cash de diya,29863,food,cash,,,hinglish_natural
Netmeds 170 rupaiye phonepe pe,170,healthcare,upi,phonepe,,hinglish_natural
4762 rs. Angel One UPI se diyee bhai,4992,investment,upi,slice,,source_hinglish
Kuvera 41485 rs UPI se pay kar diya,41485,investment,upi,phonepe,,hinglish_natural
YouTube Premium ka ticket liyaa 33208 card se,33208,entertainment,card,,yes bank,hinglish_natural
"Angel One 231 Completed 2Jun 2026,3:14 pm HDFC 4309 UPI transaction ID 27918233167",231,investment,upi,niyo,hdfc,ocr_upi
APPLE MUSIC INR 3666,3666,entertainment,card,,,english_natural
178 rupaye SIP bhra Angel One ko credit card se Punjab National Bank se,178,investment,card,,pnb,hinglish_natural
i did 3339 expense on Apollo Pharmacy using card,3339,healthcare,card,,,voice_transcript
flatmate rent share 22041 paytm Karan,22041,friends,upi,paytm,,friends_synthetic
dopahar ko Vedantu 33971 rupees UPI se pay kia,33971,education,upi,paytm,,hinglish_natural
2613 to Neha PhonePe UPI,2613,friends,upi,phonepe,,friends_synthetic
office se aate hue Vi recharge se payment kia 384 rupees ka PayTM se pay kya Canara Bank account se,384,utilities,upi,paytm,canara,hinglish_natural
247.77 cash Indian Oil,247.77,travel,cash,,,english_natural
Just paid ?26403.47 to Coin through Mastercard,26403.47,investment,card,,,english_natural
subah H&M 115 ₹ naqad IDFC First se kata,115,shopping,cash,,idfc,hinglish_natural
bhai BYJU'S ka 23643 rupaye phonepe se de diya,23643,education,upi,phonepe,slice,voice_transcript
"D PHARMEASY 175.59 Completed 21Apr 2026,4:53 pm axis Bank 2035 UPI transaction ID 43350851127 TO:PHARMEASY pharmeasy.44059@axisbank Goog1etransaction lD CICAgJjg269852 OPI cred",175.59,healthcare,upi,cred,axis,ocr_upi
Paid ₹3398.62 for mobile recharge via bhim,3398.62,utilities,upi,bhim,,english_natural
lunch dinner food order swiggy zomato restaurant meal 95 PhonePe,95,food,upi,phonepe,,cue_row
aaj Angel One pe 14588 rupaye kharcha hua bhim se,14588,investment,upi,bhim,,voice_transcript
Coursera ka 42742 rupees ka bill Phonepe se pay kiya,42742,education,upi,phonepe,sbi,voice_transcript
bhai 30025 rs. rickshaw phonepe se pay kiya,30025,travel,upi,phonepe,,hinglish_natural
TO:AMAZONPRIME amazonprime.45478@icicibank From:UTSAVJANA (icici paytm : user3303@okicicibank,2967,entertainment,upi,paytm,icici,ocr_upi
YouTube Premium ka subscription renew kya 440 rs. G Pay se NIYO account se,440,entertainment,upi,gpay,niyo,hinglish_natural
"D ZERODHA 161.97 Completed 4Jan 2026,11:05 pm HDFC Bank 5833 UPI transaction ID 97640720515 TO:ZERODHA zerodha.80110@hdfcbank Googletransaction lD CICAgJjg154194 OPI Gpay",161.97,investment,upi,gpay,hdfc,ocr_upi
Spent 9686 on electronics store using cash,9686,shopping,cash,,kotak,english_natural
split bill 89 slice se Shreya ko diya,89,friends,upi,slice,,friends_synthetic
BYJU'S 45400 rupay debit card se Indusind Bank account se,45400,education,card,,indusind,hinglish_natural
electronics clothes shoes accessories purchase ₹3005 via card,3005,shopping,card,,,cue_row
"TAX INVOICE
Airtel recharge
Grand Total: 19639
Payment: Fi Money",19639,utilities,upi,fi,pnb,ocr_receipt
mutual fund SIP stocks PPF FD investment ₹3992 Phone Pe,3992,investment,upi,phonepe,,cue_row
"Amazon
Net Amount 233.93
Paid via paytm",233.93,shopping,upi,paytm,,ocr_receipt
Rs447 debited from your HDFC Bank account for NPS (G Pay UPI),447,investment,upi,gpay,hdfc,ocr_upi
ELECTRICITY BILL INR 168.94,168.94,utilities,upi,fi,,english_natural
car loan EMI payment INR 314 done via Mastercard,314,emi,card,,,english_natural
357 rs books liya upGrad pe card se,357,education,card,,icici,hinglish_natural
INOX ka 42180 rupees ka bill PhonePe se pay kiya,42180,entertainment,upi,phonepe,,voice_transcript
raat ko Lenskart 381 rupay G Pay se Fi account se,381,shopping,upi,gpay,fi,hinglish_natural
flatmate rent share 17777 cash friend,17777,friends,cash,,,friends_synthetic
lab test 2631 rupay Jupiter pe,2631,healthcare,upi,jupiter,,hinglish_natural
149 rupaye Amit UPI se diy,149,friends,upi,bhim,,hinglish_natural
"PHARMEASY
Item 1 ?167
Item 2 Rs 372
Total INR 5035.72
Slice",5035.72,healthcare,upi,slice,,ocr_receipt
crypto gold bonds NPS portfolio Rs236 G Pay,236,investment,upi,gpay,,cue_row
kal clinic ka dawai le liya 219 rs cash me bc,219,healthcare,cash,,axis,hinglish_natural
Rs.74 to Divya Jupiter UPI,74,friends,upi,jupiter,,friends_synthetic
Neha ko 442 transfer kiya phonepe se,442,friends,upi,phonepe,,friends_synthetic
office se aate hue crypto me 45007 rupaye ka invest kya UPI se pay kar diya,45007,investment,upi,cred,,hinglish_natural
Dunkin me 1066 rupay ka food order kr diya card se,1066,food,card,,,hinglish_natural
Rs.1173 to Arjun card UPI,1173,friends,card,,,friends_synthetic
aaj 617 rupees Netflix haath se diye,617,entertainment,cash,,sbi,hinglish_natural
PharmEasy se dawai lia 792 ka credit card se,792,healthcare,card,,,hinglish_natural
subah FreshMenu 201 rs. UPI se pay kr diya,41213,food,upi,phonepe,kotak,source_hinglish
Paid Rs.31092 for Udemy via Visa,31092,education,card,,,english_natural
Just paid Rs.867.98 to Uber through cash,867.98,travel,cash,,pnb,english_natural
auto payment INR 2346 done via cash,2346,travel,cash,,,english_natural
28526 ka Swiggy bill pay kiya card se,28526,food,card,,,voice_transcript
subah Blinkit ka mangwaya 576 rs. UPI se pay kar diya,576,food,upi,phonepe,,hinglish_natural
Apple Music me 165 rupay ka movie dekhi PhonePe pe HDFC Bank wale account se,165,entertainment,upi,phonepe,hdfc,hinglish_natural
"TAX INVOICE
clinic
Grand Total: 31865
Payment: Gpay",31865,healthcare,upi,gpay,,ocr_receipt
Vikram 3719 BHIM,3719,friends,upi,bhim,,english_natural
"BILL
Zepto
?2579
Paytm
Thank You Visit Again",2579,food,upi,paytm,kotak,ocr_receipt
sent money to yaar t4291 on gpay,4291,friends,upi,gpay,hdfc,friends_synthetic
3784.50 debited from your HDFC account for personal loan EMI (SLICE UPI),3784.50,emi,upi,slice,hdfc,ocr_upi
UPI/46497823/TATA PLAY/HDFC BANK,2199,utilities,upi,cred,hdfc,english_natural
49407 rupees stocks GPay,49407,investment,upi,gpay,,voice_transcript
TO:UDEMY udemy.64567@icicibankbank From:RAHULKUMAR (ICICI Bank Phonepe : sender9289@okicicibankbank,2654.44,education,upi,phonepe,icici,ocr_upi
broadband Rs.24288.94 cred,24288.94,utilities,upi,cred,hdfc,english_natural
bhai SpiceJet se cab liya 2897 rupaye ka haath se diye,2897,travel,cash,,,hinglish_natural
school college tuition course books fees ₹1913 card,1913,education,card,,,cue_row
bike loan EMI 281 rupay via Phone Pe zyada ho gaya,281,emi,upi,phonepe,,hinglish_natural
3165 to JioCinema via card,3165,entertainment,card,,,english_natural
Paid Rs.301.48 for home loan EMI from my PNB account via debit card,301.48,emi,card,,pnb,english_natural
stocks 1230.19,1230.19,investment,card,,,english_natural
ATM/CASH/BANK/328.00,328.00,utilities,upi,gpay,,english_natural
HDFC loan ka EMI bhara 496 ₹ card se pay kiya,18302,emi,card,,,source_hinglish
"D PAYTMMONEY 234.38 Completed 24Apr 2026,11:12 pm axis Bank 1778 UPI transaction ID 1161741352700 TO:PAYTMMONEY paytm money.79143@axisbank Googletransaction lD CICAgJjg240971 OPI Cred",234.38,investment,upi,cred,axis,ocr_upi
378 rupaiye doctor via Phonepe,378,healthcare,upi,phonepe,,hinglish_natural
ghar jaate waqt 3982 split kar diya Rohan pe cash die State Bank se,3982,friends,cash,,sbi,hinglish_natural
ghar jaate waqt ACT Fibernet ka bill bhra 315 rupaiye UPI se pay kya slice se,315,utilities,upi,paytm,slice,hinglish_natural
Apollo Pharmacy INR 4520 SLICE,4520,healthcare,upi,slice,sbi,english_natural
today i spent 21784 on Unacademy via Cred from my State Bank bank,21784,education,upi,cred,sbi,voice_transcript
Rs.373 debited from your icici account for YouTube Premium (PayTM UPI),373,entertainment,upi,paytm,icici,ocr_upi
mobile recharge me 3752 rs ka bill pay kia UPI se de diya,45479,utilities,upi,slice,sbi,source_hinglish
Rs.3418.15 debited from your HDFC account for metro (cred UPI),3418.15,travel,upi,cred,hdfc,ocr_upi
aaj 2459 rs. Behrouz card se pay kya,2459,food,card,,,hinglish_natural
Used HDFC Visa to pay 3866 for Practo,3866,healthcare,card,,hdfc,english_natural
₹4506 paid to Amit via Bhim from slice,4506,friends,upi,bhim,slice,english_natural
670 PVR cash me,670,entertainment,cash,,idfc,hinglish_natural
"Apollo Pharmacy
Net Amount 3888.13
Paid via Phonepe",3888.13,healthcare,upi,phonepe,,ocr_receipt
split bill 3095 card se yaar ko diya,3095,friends,card,,hdfc,friends_synthetic
NPS 154 rupaiye Jupiter se pay kia,43294,investment,upi,jupiter,,source_hinglish
sent ₹41 to friend on slice split bill UPI,41,friends,upi,slice,,cue_row
Tata Play ₹103.60 niyo,103.60,utilities,upi,niyo,,english_natural
kal 4278 rupay invest kiya SIP ko jupiter se pay kiyaa,4278,investment,upi,jupiter,,hinglish_natural
spent 64 rupees on market via Google Pay,64,shopping,upi,gpay,,voice_transcript
t2865 debited from your hdfc account for Jio recharge (Phone Pe UPI),2865,utilities,upi,phonepe,hdfc,ocr_upi
sent money to dost ₹161 on cash,161,friends,cash,,,friends_synthetic
"BILL
hospital
₹256
CARD
Thank You Visit Again",256,healthcare,card,,sbi,ocr_receipt
friend pe 4217 rupees ka udhar return kar diya UPI se pay kia,4217,friends,upi,phonepe,,hinglish_natural
today i spent 11196 on clinic via card,11196,healthcare,card,,,voice_transcript
UPI/14645192/CONCERT/BANK,8931,entertainment,card,,,english_natural
Bought Uber for 13015 with Paytm,13015,travel,upi,paytm,,english_natural
Paid INR 47950.26 to Airtel recharge GPay UPI State Bank 7332 Done,47950.26,utilities,upi,gpay,sbi,ocr_upi
"MedPlus
Net Amount 3855
Paid via Gpay",3855,healthcare,upi,gpay,,ocr_receipt
Rs 28563 charged for Croma on Gpay,28563,shopping,upi,gpay,sbi,english_natural
aaj mess pe 344 ₹ ka khana order kar diya cash me,344,food,cash,,sbi,hinglish_natural
ghar jaate waqt Nykaa 253 rupaiye haath se diyee,7479,shopping,cash,,sbi,source_hinglish
bhai gas bill se recharge kia 82 rs. ka card se pay kia,82,utilities,card,,,hinglish_natural
1156 ka Practo bill pay kiya card se,1156,healthcare,card,,,voice_transcript
ATM/CASH/BANK/149,149,emi,card,,,english_natural
bhai flatmate ko udhar return kiya 1839 rs gpay se,1839,friends,upi,gpay,hdfc,friends_synthetic
Just paid 4543 to DishTV through phonepe,4543,utilities,upi,phonepe,,english_natural
420 udhar return kiyaa Rahul ko UPI se de diye,420,friends,upi,gpay,,hinglish_natural
bro ko 1543 transfer kiya GPay se,1543,friends,upi,gpay,,friends_synthetic
dopahar ko education loan EMI ka installment diye 184 rupay UPI se de diye SBI se,184,emi,upi,gpay,sbi,hinglish_natural
Practo ka dawai lia 4459 rupaye card se Fi Money account se,4459,healthcare,card,,fi,hinglish_natural
Paid t301.59 for Shreya via cash,301.59,friends,cash,,,english_natural
TO:INDIGO indigo.37343@axisbank From:UTSAVJANA (Axis fi : user4435@okaxisbank,3531,travel,upi,fi,axis,ocr_upi
1mg 673.09,673.09,healthcare,upi,gpay,,english_natural
paid back friend lent money Rs.436 bhim,436,friends,upi,bhim,,cue_row
ghar jaate waqt RedBus 415 credit card se,415,travel,card,,,hinglish_natural
"BILL
gas bill
t426
CARD
Thank You Visit Again",426,utilities,card,,,ocr_receipt
YouTube Premium se ticket liyaa 301 rupaye ka Phone Pe se,301,entertainment,upi,phonepe,,hinglish_natural
49146 rupaiye ride lia MakeMyTrip pe via cred slice wale account se,49146,travel,upi,cred,slice,hinglish_natural
1721 tuition die college fees pe card se pay kia,1721,education,card,,,hinglish_natural
Paid exam fee ₹49092 using cash,49092,education,cash,,,english_natural
sent 2915 to friend on Gpay split bill UPI,2915,friends,upi,gpay,,cue_row
"Snapdeal 399.20 Completed 24Aug 2025,2:01 pm Axis Bank 1894 UPI transaction ID 802325869980",399.20,shopping,upi,phonepe,axis,ocr_upi
2517.89 to mutual fund via Mastercard,2517.89,investment,card,,,english_natural
330 ₹ personal loan EMI debit card se,330,emi,card,,,hinglish_natural
ghar jaate waqt Divya 3791 UPI se pay kya,3791,friends,upi,phonepe,,hinglish_natural
BigBasket payment INR 3752.32 done via PayTM,3752.32,food,upi,paytm,,english_natural
"BILL
Amazon Prime
Rs.1013
CARD
Thank You Visit Again",1013,entertainment,card,,,ocr_receipt
rent maintenance gas connection Rs125 gpay,125,utilities,upi,gpay,,cue_row
home loan car loan credit card EMI monthly Rs 435 autopay card,435,emi,card,,,cue_row
EaseMyTrip ka ride lya 505 rupay debit card se,505,travel,card,,,hinglish_natural
Just paid 2443 to college fees through Visa,2443,education,card,,kotak,english_natural
electricity bill pe 2435 rupaiye ka payment kya Phonepe pe YES BANK se kata,2435,utilities,upi,phonepe,yes bank,hinglish_natural
paid 4490 to Yatra through cash,4490,travel,cash,,,voice_transcript
"EATFIT RESTAURANT
Total 21671
Cash Received
Change 0.00",21671,food,upi,slice,,ocr_receipt
Exam fee INR 23550,23550,education,card,,sbi,source_english
Payment of 3744 to roommate was successful via bhim UPI Ref No 199177376606 axis Account 9464,3744,friends,upi,bhim,axis,ocr_upi
subah Neha 337 rupay via Phone Pe,337,friends,upi,phonepe,sbi,hinglish_natural
"BILL
society maintenance
Rs49323.10
CARD
Thank You Visit Again",49323.10,utilities,card,,,ocr_receipt
ghar jaate waqt 117 rupees show dekha Hotstar ko Jupiter se pay kya,117,entertainment,upi,jupiter,,hinglish_natural
ATM/CASH/BANK/13087,13087,healthcare,upi,phonepe,,english_natural
Amazon Prime 382 PNB,382,entertainment,card,,pnb,english_natural
BookMyShow Rs659 cash,659,entertainment,cash,,,english_natural
sent Rs4317 to friend on cash split bill UPI,4317,friends,cash,,hdfc,cue_row
MakeMyTrip ka ride le liya 182 rupay naqad,182,travel,cash,,niyo,hinglish_natural
bhai Rs3394.26 debited from IndusInd,3394.26,friends,upi,cred,indusind,english_natural
"Receipt #7920
Airtel recharge
Amount Paid: Rs.221.95
Mode: gpay",221.95,utilities,upi,gpay,,ocr_receipt
rent maintenance gas connection ₹4136 phonepe,4136,utilities,upi,phonepe,hdfc,cue_row
Paid 445.33 for SonyLIV from my IDFC First account via PhonePe,445.33,entertainment,upi,phonepe,idfc,english_natural
aaj Bajaj Finance EMI pe 420 rupaye kharcha hua card se,420,emi,card,,yes bank,voice_transcript
PVR ka show dekha 443 rupaye card se,443,entertainment,card,,,hinglish_natural
clinic 2005,2005,healthcare,upi,cred,,english_natural
Just paid ₹344 to education loan EMI through cred,344,emi,upi,cred,,english_natural
Arjun 237 Paytm,237,friends,upi,paytm,,english_natural
uber ola cab ride airport train ticket 278 card,278,travel,card,,,cue_row
4207 Neha,4207,friends,cash,,niyo,english_natural
"CCD RESTAURANT
Total 2068.51
Cash Received
Change 0.00",2068.51,food,upi,paytm,,ocr_receipt
ghar jaate waqt FD se stock liyaa 4739 rupay ka debit card se,4739,investment,card,,niyo,hinglish_natural
SpiceJet Rs.66.13 debited from Fi,66.13,travel,cash,,fi,english_natural
subah Air India 27423 naqad,27423,travel,cash,,hdfc,hinglish_natural
today i spent 456 on school fees via Google Pay,456,education,upi,gpay,,voice_transcript
BookMyShow INR 455 GPay,455,entertainment,upi,gpay,sbi,ocr_upi
petrol pump 4083,4083,travel,cash,,,english_natural
books se admission kia 569 rupay ka Paytm pe,569,education,upi,paytm,hdfc,hinglish_natural
today i spent 1509 on Uber via cash,1509,travel,cash,,,voice_transcript
"Receipt #4368
Airtel recharge
Amount Paid: 199.25
Mode: Paytm",199.25,utilities,upi,paytm,,ocr_receipt
bhai car loan EMI ka 8042 rupaye card se de diya,8042,emi,card,,canara,voice_transcript
Payment of t511.77 to Bewakoof was successful via GPay UPI Ref No 9245004968 hdfc Account 9807,511.77,shopping,upi,gpay,hdfc,ocr_upi
"Receipt #9093
diagnostic
Amount Paid: Rs.292
Mode: CASH",292,healthcare,cash,,,ocr_receipt
aaj MedPlus ka dawai lia 1080 rupay UPI se die,1080,healthcare,upi,cred,pnb,hinglish_natural
1969.78 paid to HDFC loan via Phone Pe UPI from Bandhan Bank Bank ending 5624,1969.78,emi,upi,phonepe,bandhan,ocr_upi
home loan car loan credit card EMI monthly Rs.28446 autopay card,28446,emi,card,,,cue_row
R 2090 to Karan Google Pay UPI,2090,friends,upi,gpay,,friends_synthetic
396 ₹ Faasos UPI se pay kiyaa,396,food,upi,niyo,,hinglish_natural
YouTube Premium 83 UPI se pay kia,83,entertainment,upi,paytm,,hinglish_natural
Paid Rs.20960.85 to society maintenance gpay UPI hdfc 5127 Completed,20960.85,utilities,upi,gpay,hdfc,ocr_upi
roommate ko 423 transfer kiya Google Pay se,423,friends,upi,gpay,,friends_synthetic
HDFC loan ka installment diye 2369 rupay credit card se,2369,emi,card,,,hinglish_natural
Pizza delivery INR 49494,49494,food,upi,paytm,axis,source_english
Zee5 ka 3305 rupees ka bill cash se pay kiya,3305,entertainment,cash,,,voice_transcript
"Receipt #2890
Snapdeal
Amount Paid: Rs.305
Mode: Slice",305,shopping,upi,slice,,ocr_receipt
NEFT/TRANSFER/DIAGNOSTIC/NIYO,4055,healthcare,cash,,niyo,english_natural
Hotstar mein 492 lag gaye G Pay se bhara,492,entertainment,upi,gpay,axis,voice_transcript
42397 rupaye Coin card se pay kiyaa,42397,investment,card,,axis,hinglish_natural
Groww ka stock le liya 2535 rupees UPI se diyee,2535,investment,upi,slice,,hinglish_natural
Just paid ?52 to BookMyShow through fi,52,entertainment,upi,fi,,english_natural
"D RICKSHAW 4505 Completed 26Apr 2026,5:42 pm Axis Bank Bank 5542 UPI transaction ID 6593523857121 TO:RICKSHAW rickshaw.94832@axis bankbank Soogletransaction lD CICAgJjg701192 OPI PhonePe",4505,travel,upi,phonepe,axis,ocr_upi
stocks 48656 rs. UPI se pay kr diya,48656,investment,upi,cred,,hinglish_natural
Just paid 34557 to Amit through paytm,34557,friends,upi,paytm,hdfc,english_natural
"D INOX 39628 Completed 16Feb 2026,8:11 pm YES BANK Bank 5805 UPI transaction ID 77015590053 TO:INOX inox.74395@yes bankbank Googletransaction lD CICAgJjg081677 OPI CRED",39628,entertainment,upi,cred,yes bank,ocr_upi
home loan car loan credit card EMI monthly ₹1600 autopay card,1600,emi,card,,,cue_row
car loan EMI 3907 debited from Jupiter,3907,emi,card,,jupiter,english_natural
i paid 21 rupees for INOX using fi,21,entertainment,upi,fi,,voice_transcript
TO:PVR pvr.83546@sbibank From:AMITSINGH (sbi SLICE : user2925@oksbibank,85,entertainment,upi,slice,sbi,ocr_upi
"D HOTSTAR 2923 Completed 24Apr 2026,1:05 pm State Bank Bank 3693 UPI transaction ID 6787388011130 TO:HOTSTAR hotstar.95578@state bankbank Googletransaction lD CICAgJjg923835 OPI PayTM",2923,entertainment,upi,paytm,sbi,ocr_upi
Just paid Rs39416.24 to Divya through cred,39416.24,friends,upi,cred,,english_natural
"PIZZA HUT RESTAURANT
Total 370.16
Cash Received
Change 0.00",370.16,food,upi,bhim,,ocr_receipt
4891 ka Rahul bill pay kiya Fi Money se,4891,friends,upi,fi,,voice_transcript
4754 rs. Gaana G Pay se,4754,entertainment,upi,gpay,fi,hinglish_natural
EaseMyTrip 2622 rupaye card se,2622,travel,card,,,hinglish_natural
sent 276 to friend on card split bill UPI,276,friends,card,,axis,cue_row
Unacademy 69 credit card,69,education,card,,,english_natural
subah 35743 rupaye books liya BYJU'S pe UPI se die,30612,education,upi,gpay,,source_hinglish
Bought car loan EMI for INR 46772.67 with G Pay,46772.67,emi,upi,gpay,,english_natural
Croma ka shopping kya 3480 rupaye Paytm se pay kiya,3480,shopping,upi,paytm,,hinglish_natural
Amit ko 16141 transfer kiya PayTM se,16141,friends,upi,paytm,,friends_synthetic
education loan EMI me 143 rupaiye ka EMI bharra cred se,143,emi,upi,cred,,hinglish_natural
FirstCry me 1730 rupaiye ka saman liya card se zyada ho gaya,1730,shopping,card,,,hinglish_natural
"D MOBILERECHARGE 510 Completed 16Jan 2026,8:33 pm PNB Bank 3753 UPI transaction ID 61783225091557 TO:MOBILERECHARGE mobile recharge.40069@pnbbank Soogletransaction lD CICAgJjg232601 OPI GPay",510,utilities,upi,gpay,pnb,ocr_upi
"Receipt #3724
SonyLIV
Amount Paid: 23.08
Mode: CARD",23.08,entertainment,card,,kotak,ocr_receipt
Paid Rs.8738.00 to personal loan EMI Paytm UPI icici 6518 Done,8738.00,emi,upi,paytm,icici,ocr_upi
personal loan installment EMI deduction 14906 card,14906,emi,card,,,cue_row
"BEHROUZ RESTAURANT
Total 13956
Cash Received
Change 0.00",13956,food,upi,phonepe,hdfc,ocr_receipt
maine 2909 rupaye SpiceJet ko diye card se,2909,travel,card,,,voice_transcript
Bewakoof se khareed le liya 47608 ka Jupiter se hdfc se kata,47608,shopping,upi,jupiter,hdfc,hinglish_natural
aaj MakeMyTrip pe 655 rupaye kharcha hua card se,655,travel,card,,,voice_transcript
"PVR BILL
St: ₹37125
CASH approved",37125,entertainment,cash,,,ocr_receipt
Just paid Rs 3375 to stocks through NIYO,3375,investment,upi,niyo,,english_natural
paid 312 to Rohan through gpay from Jupiter,312,friends,upi,gpay,jupiter,voice_transcript
"Hotstar 3303 Completed 5Aug 2025,3:29 pm IndusInd 1559 UPI transaction ID 076976938051453",3303,entertainment,upi,gpay,indusind,ocr_upi
bhai Neha ko udhar return kiya 2488 rs PhonePe se,2488,friends,upi,phonepe,,friends_synthetic
2456 ride le liya Bharat Petroleum ko cash diy,2456,travel,cash,,,hinglish_natural
"TAX INVOICE
water bill
Grand Total: Rs.319
Payment: Phone Pe",319,utilities,upi,phonepe,kotak,ocr_receipt
Gaana se subscription renew kiyaa 249 rs ka UPI se pay kya,249,entertainment,upi,paytm,,hinglish_natural
BSNL Rs 1180.74 debited from SLICE,1180.74,utilities,card,,slice,english_natural
sent ₹4399 to friend on Gpay split bill UPI,4399,friends,upi,gpay,,cue_row
Tata Play ka recharge kr diya 3004 rupay UPI se pay kia bohot mehenga,3004,utilities,upi,gpay,,hinglish_natural
"Zara
Net Amount 211.63
Paid via CASH",211.63,shopping,cash,,,ocr_receipt
Spent ₹26115 on BookMyShow using Mastercard,26115,entertainment,card,,,english_natural
paid back friend lent money ₹20601 PayTM,20601,friends,upi,paytm,,cue_row
diagnostic Rs 7260.92 cash,7260.92,healthcare,cash,,hdfc,english_natural
"doctor
Net Amount 248
Paid via G Pay",248,healthcare,upi,gpay,,ocr_receipt
college fees 30088 rs haath se diye,30088,education,cash,,,hinglish_natural
PVR 37.32,37.32,entertainment,card,,,english_natural
Kuvera se mutual fund kya 468 rupay ka UPI se State Bank account se,1506,investment,upi,gpay,sbi,source_hinglish
paid 160 to HP Petrol through card from HDFC Bank,160,travel,card,,hdfc,voice_transcript
UPI/88160170/NETFLIX/HDFC,2414,entertainment,upi,phonepe,hdfc,english_natural
Jio recharge ka bill pay kr diya 9797 rs UPI se,9797,utilities,upi,paytm,fi,hinglish_natural
428 rupaiye khana khya Zomato ko CRED se pay kr diya,43619,food,upi,cred,,source_hinglish
NEFT/TRANSFER/SBI LOAN/,1728.22,emi,upi,gpay,,english_natural
Bought SpiceJet for R 216 with cash,216,travel,cash,,,english_natural
BSNL me 4477 rupaye ka recharge kr diya UPI se pay kiya matlab,4477,utilities,upi,bhim,,hinglish_natural
ghar jaate waqt friend pe 3199 rupaiye ka udhar return kia Google Pay se,3199,friends,upi,gpay,,hinglish_natural
Paid 30157 for Bajaj Finance EMI via card,30157,emi,card,,,english_natural
Air India ka 2221 rupees ka bill card se pay kiya,2221,travel,card,,sbi,voice_transcript
4468.38 charged for PharmEasy on Visa,4468.38,healthcare,card,,icici,english_natural
Lenskart ka 446 rupees ka bill Paytm se pay kiya,446,shopping,upi,paytm,,voice_transcript
maine 18527 rupaye personal loan EMI ko diye card se,18527,emi,card,,,voice_transcript
yaar 49929 rupay petrol bhara auto pe card se,49929,travel,card,,,hinglish_natural
"Bewakoof
Net Amount 418
Paid via CASH",418,shopping,cash,,,ocr_receipt
Air India pe 34838 rupaiye ka ride liya haath se de diya,34838,travel,cash,,,hinglish_natural
dost bro ko 3502 rupaye cash se bheje,3502,friends,cash,,,friends_synthetic
i did 3621 expense on Yatra using Gpay,3621,travel,upi,gpay,,voice_transcript
"LENSKART
Item 1 R 367
Item 2 Rs.455
Total INR 3313
Jupiter",3313,shopping,upi,jupiter,icici,ocr_receipt
"BEWAKOOF RESTAURANT
Total 28716
Cash Received
Change 0.00",28716,shopping,upi,paytm,,ocr_receipt
Practo me 3734 rupay ka dawai le liya via Google Pay,3734,healthcare,upi,gpay,,hinglish_natural
netflix spotify hotstar subscription movie show INR 28610 card,28610,entertainment,card,,,cue_row
spent 20135 rupees on BYJU'S via Google Pay,20135,education,upi,gpay,,voice_transcript
"BILL
Apple Music
23900.52
CARD
Thank You Visit Again",23900.52,entertainment,card,,,ocr_receipt
764 rupay MedPlus via SLICE,764,healthcare,upi,slice,,hinglish_natural
Rs824 debited from your HDFC account for library (Cred UPI),824,education,upi,cred,hdfc,ocr_upi
Paid library Rs2328 using fi,2328,education,upi,fi,,english_natural
paid 989 to FD through card from ICICI,989,investment,card,,icici,voice_transcript
SIP me 483 ka stock lya UPI se SLICE wale account se,483,investment,upi,gpay,slice,hinglish_natural
Tata Play 1915 Phone Pe,1915,utilities,upi,phonepe,pnb,english_natural
DMart 3707 card se,3707,food,card,,,hinglish_natural
190 rupaiye PPF card se,190,investment,card,,,hinglish_natural
paid Amit ₹7485 via cash,7485,friends,cash,,hdfc,friends_synthetic
dinner split 4456 rupaye roommate Jupiter,4456,friends,upi,jupiter,,friends_synthetic
₹1973.64 paid to Meesho via bhim UPI from kotak Bank ending 7799,1973.64,shopping,upi,bhim,kotak,ocr_upi
H&M pe 412 rupaye ka khareed le liya card se HDFC Bank se,412,shopping,card,,hdfc,hinglish_natural
i did 111 expense on Neha using Google Pay,111,friends,upi,gpay,,voice_transcript
Paid Rs.4518 to stationery gpay UPI State Bank 4468 Done,4518,education,upi,gpay,sbi,ocr_upi
POS/BURGER KING/DEBIT CARD/9584,6348.94,food,card,,,english_natural
164 ₹ order kiyaa electronics store ko cash me,164,shopping,cash,,,hinglish_natural
petrol diesel fuel Rs.1693 at pump phonepe,1693,travel,upi,phonepe,,cue_row
Meesho ka order kia 35271 NIYO se matlab,35271,shopping,upi,niyo,,hinglish_natural
Rs.429.25 paid to doctor via Mastercard from Federal Bank,429.25,healthcare,card,,federal bank,english_natural
aaj library pe 2448 rupaye kharcha hua cash se,2448,education,cash,,sbi,voice_transcript
Zomato dinner INR 25015,25015,food,upi,phonepe,,source_english
office se aate hue PPF 148 rupay card se,148,investment,card,,,hinglish_natural
Phone Pe payment Rs.402.80 Behrouz HDFC 8299 successful,402.80,food,upi,phonepe,hdfc,ocr_upi
"DIAGNOSTIC RESTAURANT
Total 40768
Cash Received
Change 0.00",40768,healthcare,card,,sbi,ocr_receipt
breakfast snacks chai coffee ₹407 cash,407,food,cash,,,cue_row
220 ₹ Netmeds UPI se diyee,220,healthcare,upi,phonepe,,hinglish_natural
3812 rupaye Lenskart Phonepe se budget tod diya,3812,shopping,upi,phonepe,,hinglish_natural
Spent ₹843.01 on roommate using cash,843.01,friends,cash,,,english_natural
JioCinema Rs.460 cred,460,entertainment,upi,cred,axis,ocr_upi
maine 2444 rupaye upGrad ko diye cash se,2444,education,cash,,,voice_transcript
credit card EMI 27256 rs UPI se axis wale account se,27256,emi,upi,slice,axis,hinglish_natural
bhai Arjun se udhar return kiya 49 rupay ka UPI se,49,friends,upi,paytm,,hinglish_natural
coaching exam preparation study material Rs24975 card,24975,education,card,,,cue_row
spent 2486 rupees on Tata CLiQ via cash,2486,shopping,cash,,idfc,voice_transcript
canteen ka kha liya 37420 rupay cash me zyada ho gaya,37420,food,cash,,,hinglish_natural
13966 rupees cafe via GPay,13966,food,upi,gpay,,hinglish_natural
abhi Karan me 3858 rs. ka udhar return kiyaa UPI se de diya bohot mehenga,3858,friends,upi,phonepe,fi,hinglish_natural
Shreya ka udhar return kr diya 27 rs UPI se,27,friends,upi,gpay,,hinglish_natural
"SBI loan 277 Completed 9Nov 2025,6:38 pm State Bank 1318 UPI transaction ID 5712544584795",277,emi,upi,phonepe,sbi,ocr_upi
Home loan EMI INR 45326,45326,emi,card,,axis,source_english
credit card EMI se installment diyee 2403 rupaiye ka CRED se pay kya bhai,2403,emi,upi,cred,,hinglish_natural
coaching exam preparation study material ₹1569 Google Pay,1569,education,upi,gpay,,cue_row
"Receipt #7206
Nykaa
Amount Paid: 14326
Mode: CASH",14326,shopping,cash,,,ocr_receipt
UPI/93329722/VI RECHARGE/BANK,487,utilities,upi,jupiter,,english_natural
4545 rs dentist credit card se bhai,43344,healthcare,card,,,source_hinglish
586 HDFC loan,586,emi,card,,federal bank,english_natural
Rohan mein 53 lag gaye Google Pay se bhara,53,friends,upi,gpay,sbi,voice_transcript
hospital doctor pharmacy medicine diagnostic Rs372 slice,372,healthcare,upi,slice,,cue_row
Paid ₹3508.81 to Lenskart GPay UPI ICICI 5944 Done,3508.81,healthcare,upi,gpay,icici,ocr_upi
i paid 44372 rupees for rent using GPay,44372,utilities,upi,gpay,,voice_transcript
₹38004 charged for BookMyShow on Cred,38004,entertainment,upi,cred,axis,english_natural
Coin ₹1444 debited from Canara Bank,1444,investment,upi,cred,canara,english_natural
rent maintenance gas connection Rs.2250 PhonePe,2250,utilities,upi,phonepe,,cue_row
Paid PharmEasy 45810 using cash,45810,healthcare,cash,,,english_natural
MedPlus ka medicine lia 48823 rupay card se,48823,healthcare,card,,,hinglish_natural
25327 rupaye paise bheje roommate pe Fi pe matlab,25327,friends,upi,fi,,hinglish_natural
spent 3682 rupees on IRCTC via jupiter,3682,travel,upi,jupiter,union bank,voice_transcript
459 rupees INOX via PhonePe,459,entertainment,upi,phonepe,,hinglish_natural
aaj Tata CLiQ pe 166 rupaye kharcha hua Paytm se,166,shopping,upi,paytm,,voice_transcript
541 rs. mutual fund kya SIP pe credit card se,541,investment,card,,,hinglish_natural
Ola INR 1189 cash,1189,travel,cash,,jupiter,english_natural
Payment of 4007.19 to Jio recharge was successful via Gpay UPI Ref No 32367709895 axis Account 9490,4007.19,utilities,upi,gpay,axis,ocr_upi
kal 63 rupay khareed le liya Meesho pe paytm se pay kiya budget tod diya,63,shopping,upi,paytm,,hinglish_natural
Paid Rs 659 to Zomato gpay UPI HDFC 9273 Completed,659,food,upi,gpay,hdfc,ocr_upi
"Receipt #8682
rent
Amount Paid: ?4563.26
Mode: CARD",4563.26,utilities,card,,,ocr_receipt
POS/CREDIT CARD EMI/MASTERCARD/7475,28215,emi,card,,slice,english_natural
Electricity bill payment INR 45479,45479,utilities,upi,slice,sbi,source_english
office se aate hue PVR ka movie dekhi 39 rupay haath se diy Canara Bank se,39,entertainment,cash,,canara,hinglish_natural
Practo ₹2681 Visa,2681,healthcare,card,,slice,english_natural
"dentist
Net Amount 4120
Paid via CARD",4120,healthcare,card,,,ocr_receipt
"D PRIYA 284 Completed 15Apr 2026,2:31 pm ICICI Bank 1925 UPI transaction ID 663579038186 TO:PRIYA priya.78132@icicibank Soogletransaction lD CICAgJjg073865 OPI bhim",284,friends,upi,bhim,icici,ocr_upi
sent money to Karan Rs 438 on Gpay,438,friends,upi,gpay,sbi,friends_synthetic
"BILL
Reliance Digital
₹722.74
cred
Thank You Visit Again",722.74,shopping,upi,cred,idfc,ocr_receipt
rickshaw me 3842 rs ka kiraya diy cash me IndusInd wale account se,3842,travel,cash,,indusind,hinglish_natural
TO:DENTIST dentist.66803@hdfcbank From:AMITSINGH (hdfc gpay : sender6286@okhdfcbank,26141,healthcare,upi,gpay,hdfc,ocr_upi
Cafe coffee INR 41213,41213,food,upi,phonepe,kotak,source_english
split bill 17678 Phonepe se Priya ko diya,17678,friends,upi,phonepe,,friends_synthetic
1mg 74,74,healthcare,upi,fi,,english_natural
Bought books for ₹113.30 with Phonepe,113.30,education,upi,phonepe,,english_natural
tuition 461 G Pay Successful SBI 8283,461,education,upi,gpay,sbi,ocr_upi
171 rs metro cash diyee,171,travel,cash,,,hinglish_natural
crypto gold bonds NPS portfolio Rs 44588 card,44588,investment,card,,icici,cue_row
today i spent 475 on Unacademy via G Pay,475,education,upi,gpay,,voice_transcript
Paid food court INR 36465.47 using paytm,36465.47,food,upi,paytm,,english_natural
Paid 17593.93 to electricity bill Jupiter UPI Punjab National Bank 7268 Completed,17593.93,utilities,upi,jupiter,pnb,ocr_upi
"TAX INVOICE
Dominos
Grand Total: ₹27439
Payment: paytm",27439,food,upi,paytm,,ocr_receipt
spent 164 rupees on Rahul via paytm,164,friends,upi,paytm,,voice_transcript
aaj Apollo Pharmacy pe 393 rupaye kharcha hua card se,393,healthcare,card,,jupiter,voice_transcript
paytm payment Rs 1885.94 Amazon YES BANK 9664 completed,1885.94,shopping,upi,paytm,yes bank,ocr_upi
Paid Bharat Petroleum ?163 using gpay,163,travel,upi,gpay,,english_natural
"Amazon Prime BILL
St: Rs.129
PhonePe APPROVED",129,entertainment,upi,phonepe,,ocr_receipt
Mutual fund SIP INR 2934,2934,investment,card,,,source_english
1857 rs Airtel recharge naqad,1857,utilities,cash,,,hinglish_natural
Apple Music 102.89 card,102.89,entertainment,card,,hdfc,english_natural
"BILL
Hotstar
Rs1630
GPay
Thank You Visit Again",1630,entertainment,upi,gpay,sbi,ocr_receipt
electronics clothes shoes accessories purchase Rs.421 via card,421,shopping,card,,icici,cue_row
abhi 3337 rupay recharge kya electricity bill pe card se HDFC account se,3337,utilities,card,,hdfc,hinglish_natural
flatmate rent share 21969 card Rohan,21969,friends,card,,,friends_synthetic
"Practo 4393 Completed 26Feb 2026,2:03 am kotak 1828 UPI transaction ID 67618182831",4393,healthcare,upi,cred,kotak,ocr_upi
"YouTube Premium
Net Amount 3438.60
Paid via CASH",3438.60,entertainment,cash,,kotak,ocr_receipt
paid Karan 2441 via cash,2441,friends,cash,,,friends_synthetic
"TAX INVOICE
Reliance Digital
Grand Total: t2574
Payment: Phone Pe",2574,shopping,upi,phonepe,,ocr_receipt
Swiggy me 22007 rs ka khana order kya phonepe pe,22007,food,upi,phonepe,,hinglish_natural
ACT FIBERNET INR 448,448,utilities,upi,bhim,,english_natural
Paid EatFit INR 304 using cash,304,food,cash,,,english_natural
Practo ka checkup karaya 3181 rupaiye cash me bohot mehenga,3181,healthcare,cash,,,hinglish_natural
Airtel recharge 4463 rs. CRED pe,4463,utilities,upi,cred,,hinglish_natural
Bought insurance premium for 933.57 with credit card,933.57,utilities,card,,jupiter,english_natural
subah credit card EMI pe 152 rupaye ka loan payment kya via jupiter,152,emi,upi,jupiter,,hinglish_natural
diagnostic ka checkup karaya 345 rupaye gpay se,345,healthcare,upi,gpay,,hinglish_natural
Netflix 263 paytm Payment done sbi 1727,263,entertainment,upi,paytm,sbi,ocr_upi
Paid Ananya ₹2695 using GPay,2695,friends,upi,gpay,,english_natural
40 rupaye Paytm Money credit card se,40,investment,card,,,hinglish_natural
Spent ₹3852.20 on personal loan EMI using Google Pay,3852.20,emi,upi,gpay,sbi,english_natural
"TAX INVOICE
electronics store
Grand Total: t4968
Payment: CARD",4968,shopping,card,,canara,ocr_receipt
Used HDFC Google Pay to pay Rs 111.67 for Netmeds,111.67,healthcare,upi,gpay,hdfc,english_natural
POS/FRIEND/CASH/2295,3452,friends,cash,,,english_natural
5591.38 debited from your State Bank account for stocks (GPay UPI),5591.38,investment,upi,gpay,sbi,ocr_upi
auto payment ₹3194.86 done via cash,3194.86,travel,cash,,,english_natural
11393 rupay ticket book kiya petrol pump ko via slice,11393,travel,upi,slice,,hinglish_natural
uber ola cab ride airport train ticket ₹7492 card,7492,travel,card,,,cue_row
gpay payment 402 Unacademy IndusInd 8015 done,402,education,upi,gpay,indusind,ocr_upi
i did 11700 expense on Bewakoof using card,11700,shopping,card,,,voice_transcript
tuition pe 6745 rupees ka course lia card se pay kar diya,6745,education,card,,,hinglish_natural
"D FRIEND 1875 Completed 20Jan 2026,8:28 pm ICICI Bank 7857 UPI transaction ID 746585785645 TO:FRIEND friend.21502@icicibank Goog1etransaction lD CICAgJjg279346 OPI phonepe",1875,friends,upi,phonepe,icici,ocr_upi
Paid 30979.84 to roommate PhonePe UPI idfc 7221 Successful,30979.84,friends,upi,phonepe,idfc,ocr_upi
"Gaana 2184 Completed 10May 2025,8:05 am icici 5446 UPI transaction ID 8379087980",2184,entertainment,upi,cred,icici,ocr_upi
bhai dost ko udhar return kiya 2104 rs Cred se,2104,friends,upi,cred,,friends_synthetic
paid 38484 to Vikram through Google Pay from Canara Bank,38484,friends,upi,gpay,canara,voice_transcript
split bill 23288 jupiter se bhai ko diya,23288,friends,upi,jupiter,,friends_synthetic
"Blinkit 2723 Completed 26Oct 2026,8:35 pm State Bank 1197 UPI transaction ID 91136966260933",2723,food,upi,bhim,sbi,ocr_upi
i paid 4168 rupees for MakeMyTrip using card,4168,travel,card,,,voice_transcript
Paid Rs6357.37 to Lenskart GPay UPI Kotak Mahindra 3187 Successful,6357.37,shopping,upi,gpay,kotak,ocr_upi
lab test me 547 rs. ka checkup karaya UPI se diye,547,healthcare,upi,slice,,hinglish_natural
"Spotify BILL
St: ₹74
G Pay Approved",74,entertainment,upi,gpay,,ocr_receipt
Paid 4477 to lab test bhim UPI HDFC 7275 Successful,4477,healthcare,upi,bhim,hdfc,ocr_upi
office se aate hue Pooja me 301 rupay ka udhar return kya via Slice yaar,301,friends,upi,slice,,hinglish_natural
72 rupees MedPlus card se pay kya,72,healthcare,card,,,hinglish_natural
Bought SpiceJet for 4007.92 with credit card,4007.92,travel,card,,hdfc,english_natural
UPI/03508366/APOLLO PHARMACY/HDFC BANK,410.14,healthcare,upi,phonepe,hdfc,english_natural
dopahar ko MedPlus se checkup karaya 371 ₹ ka credit card se,371,healthcare,card,,,hinglish_natural
yaar mobile recharge pe 376 ka bill bharra PhonePe se,376,utilities,upi,phonepe,,hinglish_natural
Paid Rs.2896.68 for FD from my Canara Bank account via cred,2896.68,investment,upi,cred,canara,english_natural
office se aate hue 2021 ₹ EMI bharaa credit card EMI ko slice pe,2021,emi,upi,slice,,hinglish_natural
Spent Rs 1143 on Arjun using PayTM,1143,friends,upi,paytm,bob,english_natural
Netflix ka 966 rupees ka bill card se pay kiya,966,entertainment,card,,,voice_transcript
"Receipt #5581
Haldirams
Amount Paid: ₹29000.88
Mode: Cred",29000.88,food,upi,cred,,ocr_receipt
breakfast snacks chai coffee INR 290 Gpay,290,food,upi,gpay,,cue_row
Exam fee INR 13464,13464,education,cash,,,source_english
INR 6518 charged for Karan on paytm,6518,friends,upi,paytm,,english_natural
"DUNKIN
Item 1 431
Item 2 Rs370
Total t4505
G Pay",4505,food,upi,gpay,,ocr_receipt
raat ko Zerodha pe 11132 rupaye ka stock lia card se pay kya,11132,investment,card,,,hinglish_natural
Behrouz se khana order kiyaa 4795 rs. ka naqad,4795,food,cash,,,hinglish_natural
368.00 petrol pump,368.00,travel,cash,,,english_natural
i did 259 expense on RedBus using Phonepe,259,travel,upi,phonepe,fi,voice_transcript
IndiGo 22091 rs card se pay kya,22091,travel,card,,axis,hinglish_natural
"Flipkart BILL
St: 11269
G Pay APPROVED",11269,shopping,upi,gpay,canara,ocr_receipt
credit card EMI 21145 rupaye jupiter pe,21145,emi,upi,jupiter,,hinglish_natural
mobile recharge se payment kar diya 404 rupaiye ka Gpay pe,404,utilities,upi,gpay,jupiter,hinglish_natural
yaar credit card EMI 40246 rupees card se Fi se,40246,emi,card,,fi,hinglish_natural
Bajaj Finance EMI 3204.08 paytm,3204.08,emi,upi,paytm,,english_natural
3522 debited from your HDFC account for ACT Fibernet (Jupiter UPI),3522,utilities,upi,jupiter,hdfc,ocr_upi
Ananya 126.59 cash,126.59,friends,cash,,,english_natural
"electricity bill 424 Completed 3Nov 2026,2:21 pm kotak 8417 UPI transaction ID 0517757861",424,utilities,upi,phonepe,kotak,ocr_upi
office se aate hue doctor ka checkup karaya 47833 rs. Phonepe se,47833,healthcare,upi,phonepe,,hinglish_natural
"EYE CHECKUP RESTAURANT
Total 315.37
Cash Received
Change 0.00",315.37,healthcare,card,,idfc,ocr_receipt
office se aate hue 2201 rs. home loan EMI via GPay,2925,emi,upi,gpay,,source_hinglish
TO:PIZZAHUT pizzahut.45401@hdfcbankbank From:PRIYASHARMA (HDFC Bank BHIM : user3699@okhdfcbankbank,247,food,upi,bhim,hdfc,ocr_upi
car loan EMI 25450 rupay credit card se sbi se,25450,emi,card,,sbi,hinglish_natural
"TAX INVOICE
JioMart
Grand Total: Rs.3295
Payment: Gpay",3295,food,upi,gpay,,ocr_receipt
Spent 15770.53 on mess using cash,15770.53,food,cash,,hdfc,english_natural
Paid t297 for Bajaj Finance EMI via credit card,297,emi,card,,icici,english_natural
14152 books,14152,education,upi,paytm,canara,english_natural
paid 2785 to Netflix through card,2785,entertainment,card,,,voice_transcript
"Receipt #3220
Apollo Pharmacy
Amount Paid: 350
Mode: bhim",350,healthcare,upi,bhim,kotak,ocr_receipt
Airtel recharge payment Rs.3288 done via Phone Pe,3288,utilities,upi,phonepe,,english_natural
Phonepe payment t4048 personal loan EMI ICICI Bank 9122 done,4048,emi,upi,phonepe,icici,ocr_upi
414 rupees Nature's Basket card,414,food,card,,,voice_transcript
raat ko 468 rupaiye checkup karaya 1mg pe credit card se,17462,healthcare,card,,,source_hinglish
diagnostic se test karaya 40876 rupees ka card se achha deal mila,40876,healthcare,card,,,hinglish_natural
office se aate hue Blinkit se mangwaya 437 rupaye ka via Phonepe Axis card se,437,food,upi,phonepe,axis,hinglish_natural
Rohan 382 axis,382,friends,cash,,axis,english_natural
2813 Hotstar,2813,entertainment,cash,,jupiter,english_natural
Tata CLiQ me 4350 rs. ka buy kr diya debit card se,4350,shopping,card,,jupiter,hinglish_natural
bhai petrol pump ka 1514 rupaye cash se de diya,1514,travel,cash,,,voice_transcript
"PVR
Item 1 ₹78
Item 2 Rs.135
Total ₹3048
Paytm",3048,entertainment,upi,paytm,sbi,ocr_receipt
Paid ?1148.15 for Divya via PhonePe,1148.15,friends,upi,phonepe,sbi,english_natural
home loan EMI 2223 rupay credit card se,2223,emi,card,,,hinglish_natural
"IndiGo 34523 Completed 9Aug 2025,6:38 am State Bank 6072 UPI transaction ID 12135887043208",34523,travel,upi,paytm,sbi,ocr_upi
crypto 500.13 Cred Payment done HDFC Bank 4470,500.13,investment,upi,cred,hdfc,ocr_upi
3739 Mastercard HDFC loan,3739,emi,card,,jupiter,english_natural
UPI/89053327/LAB TEST/STATE BANK,78,healthcare,upi,phonepe,sbi,english_natural
Payment of Rs 3666 to YouTube Premium was successful via SLICE UPI Ref No 52558767350781 HDFC Account 6705,3666,entertainment,upi,slice,hdfc,ocr_upi
1657 rupaiye payment kr diya Airtel recharge pe via Google Pay,1657,utilities,upi,gpay,,hinglish_natural
1mg 452 rs. card se HDFC se,1,healthcare,card,,hdfc,hinglish_natural
home loan car loan credit card EMI monthly ₹345 autopay card,345,emi,card,,,cue_row
personal loan installment EMI deduction Rs 77 card,77,emi,card,,,cue_row
"market
Net Amount 3382.39
Paid via phonepe",3382.39,shopping,upi,phonepe,,ocr_receipt
crypto gold bonds NPS portfolio Rs42902 card,42902,investment,card,,,cue_row
bhai stocks 27114 rs UPI se achha deal mila,27114,investment,upi,niyo,,hinglish_natural
SBI loan Rs 14268 Mastercard,14268,emi,card,,,english_natural
exam fee 37797 rupaye UPI se pay kr diya,37797,education,upi,paytm,,hinglish_natural
Just paid Rs180.22 to society maintenance through paytm,180.22,utilities,upi,paytm,,english_natural
18872 rupees insurance premium cash me,18872,utilities,cash,,,hinglish_natural
"dentist
Net Amount 4946
Paid via Niyo",4946,healthcare,upi,niyo,,ocr_receipt
"TAX INVOICE
Tata Play
Grand Total: INR 1188
Payment: CARD",1188,utilities,card,,,ocr_receipt
upGrad pe 118 rupay ka fees bhar diya naqad kotak se,118,education,cash,,kotak,hinglish_natural
NEFT/TRANSFER/YATRA/,252.77,travel,upi,phonepe,,english_natural
credit card EMI payment Rs 48116 done via cred,48116,emi,upi,cred,,english_natural
Arjun me 3659 rupay ka split kya UPI se pay kia,3659,friends,upi,phonepe,,hinglish_natural
Bought dentist for Rs 1771 with cash,1771,healthcare,cash,,,english_natural
Rohan ko 204 transfer kiya phonepe se,204,friends,upi,phonepe,hdfc,friends_synthetic
hospital doctor pharmacy medicine diagnostic INR 436 cash,436,healthcare,cash,,,cue_row
Rs1345 debited from your sbi account for doctor (Gpay UPI),1345,healthcare,upi,gpay,sbi,ocr_upi
dopahar ko Rapido ka ride le liya 482 rs. card se,482,travel,card,,,hinglish_natural
today i spent 2035 on coaching via card,2035,education,card,,,voice_transcript
2153 ka broadband bill pay kiya G Pay se,2153,utilities,upi,gpay,,voice_transcript
Paid INR 4822 for school fees from my jupiter account via cash,4822,education,cash,,jupiter,english_natural
education loan EMI se EMI kat gayi 27 rupaiye ka Paytm se sasta tha,27,emi,upi,paytm,,hinglish_natural
Angel One Rs441 Mastercard,441,investment,card,,,english_natural
abhi electronics store me 183 rupaiye ka buy kia debit card se slice account se,183,shopping,card,,slice,hinglish_natural
TO:COIN coin.57345@axisbank From:AMITSINGH (Axis PhonePe : sender7759@okaxisbank,431,investment,upi,phonepe,axis,ocr_upi
maine 453 rupaye Lenskart ko diye gpay se,453,healthcare,upi,gpay,,voice_transcript
ghar jaate waqt insurance premium me 2261 rs ka bill pay kar diya UPI se,2261,utilities,upi,paytm,hdfc,hinglish_natural
13908 charged for Coin on PayTM,13908,investment,upi,paytm,hdfc,english_natural
bhai 745 rupaiye UPI se pay kia,745,friends,upi,gpay,fi,hinglish_natural
"D CLINIC 207 Completed 17Feb 2026,7:33 pm SBI Bank 3125 UPI transaction ID 786015804393 TO:CLINIC clinic.89959@sbibank Goog1etransaction lD CICAgJjg869675 OPI G Pay",207,healthcare,upi,gpay,sbi,ocr_upi
"lab test
Net Amount 43353.28
Paid via CARD",43353.28,healthcare,card,,sbi,ocr_receipt
220.45 jupiter gaming,220.45,entertainment,upi,jupiter,icici,english_natural
spent 91 rupees on mutual fund via CRED,91,investment,upi,cred,sbi,voice_transcript
5195 rupaiye credit card EMI card se,5195,emi,card,,,hinglish_natural
NEFT/TRANSFER/DOCTOR/NIYO,4621.32,healthcare,card,,niyo,english_natural
office se aate hue 38937 rs. stock liyaa mutual fund ko UPI se pay kiya,38937,investment,upi,phonepe,,hinglish_natural
Rs.2501 charged for Netmeds on Paytm,2501,healthcare,upi,paytm,,english_natural
"ELECTRICITY BILL RESTAURANT
Total 6308
Cash Received
Change 0.00",6308,utilities,upi,cred,sbi,ocr_receipt
abhi doctor ka doctor ko de diye 17865 rs. cash me,17865,healthcare,cash,,,hinglish_natural
SIP me 19044 rs. ka mutual fund kya card se pay kr diya,19044,investment,card,,,hinglish_natural
home loan car loan credit card EMI monthly 3927 autopay card,3927,emi,card,,,cue_row
sent R 1056 to friend on Phone Pe split bill UPI,1056,friends,upi,phonepe,,cue_row
Just paid 17084.31 to personal loan EMI through card,17084.31,emi,card,,,english_natural
"Receipt #3584
Hotstar
Amount Paid: ₹3037
Mode: CARD",3037,entertainment,card,,,ocr_receipt
Groww me 1062 rupees ka SIP bharaa debit card se,1062,investment,card,,,hinglish_natural
aaj Nykaa pe 373 rupaye kharcha hua Phone Pe se,373,shopping,upi,phonepe,,voice_transcript
sent money to Shreya Rs54 on phonepe,54,friends,upi,phonepe,,friends_synthetic
1503 rs. subscription renew kar diya INOX ko cash me,1503,entertainment,cash,,jupiter,hinglish_natural
i did 68 expense on Arjun using card,68,friends,card,,,voice_transcript
"personal loan EMI 22871.43 Completed 12Jul 2025,8:15 pm ICICI Bank 7585 UPI transaction ID 1188242051253",22871.43,emi,upi,slice,icici,ocr_upi
split bill 2537 cash se Neha ko diya,2537,friends,cash,,,friends_synthetic
POS/INDIAN OIL/CASH/4901,15619,travel,cash,,,english_natural
subah HDFC loan ka EMI bhra 19391 rupaiye PayTM se,19391,emi,upi,paytm,,hinglish_natural
Bought Hotstar for 1796 with debit card,1796,entertainment,card,,,english_natural
YATRA INR 324 KOTAK MAHINDRA,324,travel,cash,,kotak,english_natural
ghar jaate waqt Ola 99 rupay via Fi Money bhai,99,travel,upi,fi,hdfc,hinglish_natural
Paid Rs.957 to FreshMenu slice UPI BOB 7297 Successful,957,food,upi,slice,bob,ocr_upi
Paid ₹1853 for Bajaj Finance EMI via credit card,1853,emi,card,,,english_natural
i did 4223 expense on DMart using Slice,4223,food,upi,slice,fi,voice_transcript
office se aate hue crypto se invest kya 27161 ₹ ka card se pay kar diya,27161,investment,card,,,hinglish_natural
Just paid ₹1822.81 to cafe through paytm,1822.81,food,upi,paytm,,english_natural
Paid bike loan EMI INR 45859 using Visa from axis,45859,emi,card,,axis,english_natural
Stock purchase INR 1506,1506,investment,upi,gpay,sbi,source_english
bhai upGrad se books liya 20862 ka card se pay kia,20862,education,card,,,hinglish_natural
292 rs insurance premium UPI se diyee,292,utilities,upi,gpay,,hinglish_natural
Bharat Petroleum ₹343 Mastercard,343,travel,card,,slice,english_natural
concert ka game lya 2467 ₹ Phonepe pe,2467,entertainment,upi,phonepe,,hinglish_natural
"PPF 9253 Completed 6May 2025,10:54 am HDFC 4878 UPI transaction ID 20272575226",9253,investment,upi,niyo,hdfc,ocr_upi
"McDonald's BILL
St: Rs37472
CASH APPROVED",37472,food,cash,,,ocr_receipt
241 debited from your ICICI Bank account for canteen (Phone Pe UPI),241,food,upi,phonepe,icici,ocr_upi
mess ka 213 rupees ka bill cash se pay kiya,213,food,cash,,,voice_transcript
roommate 101 rupaye gpay se pay kya,101,friends,upi,gpay,bob,hinglish_natural
split bill 1162 gpay se Vikram ko diya,1162,friends,upi,gpay,,friends_synthetic
Zara ka buy kia 4460 rupaye card se sbi account se,4460,shopping,card,,sbi,hinglish_natural
office se aate hue 273 rupaiye loan payment kya credit card EMI ko debit card se IDFC se kata,273,emi,card,,idfc,hinglish_natural
2638 rupaiye mutual fund kiyaa FD pe PayTM se pay kiya,2638,investment,upi,paytm,,hinglish_natural
Rs 873 to flatmate GPay UPI,873,friends,upi,gpay,pnb,friends_synthetic
40608 rupaiye test karaya MedPlus pe cash me,40608,healthcare,cash,,pnb,hinglish_natural
247 rupees Vi recharge Phone Pe,247,utilities,upi,phonepe,,voice_transcript
INR 395.76 debited from your Indusind Bank account for Jio recharge (jupiter UPI),395.76,utilities,upi,jupiter,indusind,ocr_upi
"Blinkit BILL
St: ₹1178
slice approved",1178,food,upi,slice,,ocr_receipt
144 rs cab le liya Cleartrip pe via PhonePe,144,travel,upi,phonepe,,hinglish_natural
₹379 charged for Faasos on slice,379,food,upi,slice,,english_natural
1728 rupay ticket book kar diya MakeMyTrip ko cash diy budget tod diya,9510,travel,cash,,hdfc,source_hinglish
i did 2953 expense on Lenskart using jupiter,2953,shopping,upi,jupiter,,voice_transcript
society maintenance ka 4112 rupees ka bill Phone Pe se pay kiya,4112,utilities,upi,phonepe,niyo,voice_transcript
Bought Netmeds for ₹3720.12 with PayTM,3720.12,healthcare,upi,paytm,canara,english_natural
Rs 3466.42 charged for Coin on Mastercard,3466.42,investment,card,,,english_natural
25986.82 debit card education loan EMI,25986.82,emi,card,,,english_natural
Karan pe 4053 rupaiye ka dost ko die Phone Pe pe,4053,friends,upi,phonepe,,hinglish_natural
Udemy me 4114 rupees ka books liyaa UPI se Jupiter se,4114,education,upi,phonepe,jupiter,hinglish_natural
subah 261 rupees home loan EMI Phonepe se pay kiyaa,261,emi,upi,phonepe,slice,hinglish_natural
friend ko 419 transfer kiya Gpay se,419,friends,upi,gpay,,friends_synthetic
Lenskart ka saman liya 198 card se pay kiyaa matlab,198,shopping,card,,,hinglish_natural
electricity water broadband mobile recharge bill t1408 Gpay,1408,utilities,upi,gpay,,cue_row
UPI/16196580/STARBUCKS/INDUSIND BANK,554,food,upi,phonepe,indusind,english_natural
paid 416 to INOX through Niyo,416,entertainment,upi,niyo,,voice_transcript
12294 rupaye tuition cash de diye,12294,education,cash,,,hinglish_natural
bhai Faasos ka 43840 rupaye Phonepe se de diya,43840,food,upi,phonepe,,voice_transcript
diagnostic me 3354 rupaiye ka test karaya cash me BOB wale account se,3354,healthcare,cash,,bob,hinglish_natural
subah dhaba ka mangwaya 1838 rupay naqad bhai,10308,food,cash,,kotak,source_hinglish
Hotel booking INR 45855,45855,travel,cash,,hdfc,source_english
"society maintenance BILL
St: ₹1059
CASH APPROVED",1059,utilities,cash,,federal bank,ocr_receipt
45558 rs personal loan EMI PayTM se,45558,emi,upi,paytm,sbi,hinglish_natural
3570 rupees credit card EMI card Axis Bank account,3570,emi,card,,axis,voice_transcript
paytm payment ?8422 coaching IndusInd 9922 done,8422,education,upi,paytm,indusind,ocr_upi
Paid ₹18397 to library phonepe UPI State Bank 1887 Successful,18397,education,upi,phonepe,sbi,ocr_upi
kal 36460 rs DishTV UPI se,25505,utilities,upi,cred,axis,source_hinglish
Uber ride INR 15034,15034,travel,cash,,,source_english
318 rupees checkup karaya dentist pe debit card se,318,healthcare,card,,,hinglish_natural
Vikram mein 25262 lag gaye CRED se bhara,25262,friends,upi,cred,,voice_transcript
₹3574 to Shreya cash UPI,3574,friends,cash,,,friends_synthetic
hospital se medicine liyaa 25871 rs ka cash die,25871,healthcare,cash,,bob,hinglish_natural
Paytm payment 771 INOX icici 9076 successful,771,entertainment,upi,paytm,icici,ocr_upi
Bajaj Finance EMI me 3945 ₹ ka loan payment kr diya card se pay kiyaa budget tod diya,3945,emi,card,,sbi,hinglish_natural
uber ola cab ride airport train ticket Rs.4935 cash,4935,travel,cash,,,cue_row
TO:LIBRARY library.44236@hdfcbank From:UTSAVJANA (HDFC fi : user5575@okhdfcbank,36019,education,upi,fi,hdfc,ocr_upi
4217 ka Bajaj Finance EMI bill pay kiya card se SLICE se kata,4217,emi,card,,slice,voice_transcript
Vedantu me 2503 ₹ ka tuition diye card se pay kiya,2503,education,card,,,hinglish_natural
20821 rupees bill pay kr diya Tata Play ko UPI se diy,38723,utilities,upi,gpay,,source_hinglish
3796 ₹ canteen haath se die,3796,food,cash,,jupiter,hinglish_natural
Paid Rs.33951 for BSNL via Phone Pe,33951,utilities,upi,phonepe,,english_natural
2388 rs. stocks card se,2388,investment,card,,jupiter,hinglish_natural
college fees Rs38770.38 debit card,38770.38,education,card,,,english_natural
coaching exam preparation study material ₹12124 paytm,12124,education,upi,paytm,,cue_row
aaj metro pe 187 rupaye kharcha hua cash se,187,travel,cash,,slice,voice_transcript
maine 2744 rupaye library ko diye card se,2744,education,card,,federal bank,voice_transcript
bhai mutual fund ka 4357 rupaye CRED se de diya,4357,investment,upi,cred,,voice_transcript
H&M se saman lia 3677 ₹ ka credit card se,3677,shopping,card,,,hinglish_natural
mutual fund SIP stocks PPF FD investment t476 card,476,investment,card,,hdfc,cue_row
"DENTIST
Item 1 Rs.120
Item 2 163
Total ₹1239.59
Phonepe",1239.59,healthcare,upi,phonepe,,ocr_receipt
Paid ₹2924.83 for diagnostic via card,2924.83,healthcare,card,,,english_natural
"Bewakoof
Net Amount 237
Paid via cred",237,shopping,upi,cred,,ocr_receipt
raat ko 36023 rupaiye credit card EMI card se pay kya,36023,emi,card,,,hinglish_natural
i did 44564 expense on diagnostic using paytm,44564,healthcare,upi,paytm,,voice_transcript
Lenskart me 4849 rs ka dawai lia UPI se diye,4849,healthcare,upi,slice,kotak,hinglish_natural
paid Arjun Rs.139 via Phonepe,139,friends,upi,phonepe,bandhan,friends_synthetic
1485 rupaye petrol bharaa auto pe card se budget tod diya,1485,travel,card,,,hinglish_natural
116.15 Zerodha,116.15,investment,card,,fi,english_natural
aaj electricity bill ka bill pay kiyaa 157 rs UPI se bohot mehenga,157,utilities,upi,cred,,hinglish_natural
college fees ka fees bhara 41997 rs. paytm pe budget tod diya,41997,education,upi,paytm,,hinglish_natural
Angel One ka mutual fund kar diya 39187 debit card se,39187,investment,card,,,hinglish_natural
2508 gold card se pay kya,2508,investment,card,,,hinglish_natural
348 rs. bill bhar diya BSNL ko haath se die axis se kata sasta tha,47161,utilities,cash,,axis,source_hinglish
"Receipt #8866
rent
Amount Paid: Rs4786
Mode: CARD",4786,utilities,card,,,ocr_receipt
₹43026.01 to Apollo Pharmacy via gpay,43026.01,healthcare,upi,gpay,,english_natural
paid 1897 to YouTube Premium through BHIM from Fi,1897,entertainment,upi,bhim,fi,voice_transcript
235 rupay checkup karaya 1mg pe Google Pay se pay kiya,235,healthcare,upi,gpay,,hinglish_natural
1268 debited from your Kotak Mahindra account for PPF (PhonePe UPI),1268,investment,upi,phonepe,kotak,ocr_upi
school college tuition course books fees ₹28728 card,28728,education,card,,,cue_row
484 rupees EatFit card Fi account,484,food,card,,fi,voice_transcript
400 rupees car loan EMI card,400,emi,card,,,voice_transcript
spent 685 rupees on SIP via phonepe,685,investment,upi,phonepe,,voice_transcript
R 3446.94 to 1mg via NIYO PNB account,3446.94,healthcare,upi,niyo,pnb,english_natural
Personal loan installment INR 41802,41802,emi,card,,,source_english
bhai Pooja ka 227 rupaye cash se de diya,227,friends,cash,,bob,voice_transcript
bhai Zepto ka 15430 rupaye cash se de diya,15430,food,cash,,hdfc,voice_transcript
tuition ?28843.36 slice,28843.36,education,upi,slice,sbi,ocr_upi
4182 market cash diy matlab,23220,shopping,cash,,sbi,source_hinglish
"ELECTRICITY BILL RESTAURANT
Total 59
Cash Received
Change 0.00",59,utilities,card,,,ocr_receipt
ATM/CASH/BANK/1496,1496,entertainment,card,,,english_natural
bhai FreshMenu 30561 haath se diyee,30561,food,cash,,,hinglish_natural
2672 rupees bike loan EMI cred ICICI account,2672,emi,upi,cred,icici,voice_transcript
Just paid ₹26729 to H&M through CRED,26729,shopping,upi,cred,,english_natural
dinner split 296 rupaye Vikram PhonePe,296,friends,upi,phonepe,,friends_synthetic
paid 35385 to home loan EMI through card,35385,emi,card,,,voice_transcript
Paid bike loan EMI 360 using Visa,360,emi,card,,,english_natural
personal loan EMI se EMI kat gayi 1641 rs. ka card se pay kr diya,1641,emi,card,,,hinglish_natural
UPI/08198422/BOOKMYSHOW/BANK,2798,entertainment,card,,,english_natural
dost roommate ko 3249 rupaye G Pay se bheje,3249,friends,upi,gpay,,friends_synthetic
aaj 342 rupaye rickshaw card se,342,travel,card,,bob,hinglish_natural
Paid ₹2069.46 for Behrouz from my hdfc account via Jupiter,2069.46,food,upi,jupiter,hdfc,english_natural
dost Shreya ko 440 rupaye PhonePe se bheje,440,friends,upi,phonepe,,friends_synthetic
NPS ka mutual fund kiya 39771 rupay card se pay kya,39771,investment,card,,,hinglish_natural
Food court payment INR 49572,49572,food,upi,phonepe,,source_english
INR 2433 to Arjun Gpay UPI,2433,friends,upi,gpay,hdfc,friends_synthetic
personal loan installment EMI deduction ₹38474 SLICE,38474,emi,upi,slice,,cue_row
Paid Nykaa 14792 using credit card,14792,shopping,card,,,english_natural
"diagnostic
Net Amount 2782.18
Paid via CARD",2782.18,healthcare,card,,,ocr_receipt
NEFT/TRANSFER/OLA/HDFC,4150,travel,upi,gpay,hdfc,english_natural
"Blinkit 2930 Completed 1Jan 2025,3:08 am YES BANK 1087 UPI transaction ID 322089395608",2930,food,upi,gpay,yes bank,ocr_upi
lunch dinner food order swiggy zomato restaurant meal ₹8363 Google Pay,8363,food,upi,gpay,,cue_row
INR 3746 to Vikram cred UPI,3746,friends,upi,cred,,friends_synthetic
SonyLIV mein 27802 lag gaye PhonePe se bhara,27802,entertainment,upi,phonepe,hdfc,voice_transcript
Jio recharge se bill pay kiya 401 rs ka gpay se,401,utilities,upi,gpay,hdfc,hinglish_natural
FD ka paisa daala 3496 rupaye G Pay pe,3496,investment,upi,gpay,,hinglish_natural
medical checkup lab test health insurance Rs.351 card,351,healthcare,card,,,cue_row
1mg ka dawai le liya 2668 rupay UPI se diyee,1,healthcare,upi,phonepe,kotak,hinglish_natural
Flipkart se shopping kiyaa 1090 rupaye ka card se Fi account se,1090,shopping,card,,fi,hinglish_natural
Kuvera 241 Slice Payment done HDFC Bank 7895,241,investment,upi,slice,hdfc,ocr_upi
rent ka bill pay kiyaa 13101 ₹ BHIM se pay kya HDFC Bank card se budget tod diya,13101,utilities,upi,bhim,hdfc,hinglish_natural
education loan EMI 93 rupaye card se achha deal mila,93,emi,card,,,hinglish_natural
22 rs BYJU'S cash me,22,education,cash,,,hinglish_natural
"FOOD COURT
Item 1 Rs.152
Item 2 128
Total Rs 34328.70
phonepe",34328.70,food,upi,phonepe,icici,ocr_receipt
maine 2552 rupaye PVR ko diye card se,2552,entertainment,card,,,voice_transcript
Air India ka 2532 rupees ka bill card se pay kiya,2532,travel,card,,,voice_transcript
"D DOCTOR 413 Completed 20Feb 2026,8:38 pm Kotak Bank 8885 UPI transaction ID 77523999636918 TO:DOCTOR doctor.49392@kotakbank Googletransaction lD XYZabc198385 OPI paytm",413,healthcare,upi,paytm,kotak,ocr_upi
INOX ₹884 Google Pay,884,entertainment,upi,gpay,,english_natural
Paid 128.74 for Biryani Blues from my SLICE account via cash,128.74,food,cash,,slice,english_natural
"CCD BILL
St: Rs.3269
Google Pay Approved",3269,food,upi,gpay,,ocr_receipt
upGrad 432 GPay pe,432,education,upi,gpay,,hinglish_natural
electricity water broadband mobile recharge bill INR 3949 Cred,3949,utilities,upi,cred,,cue_row
sent R 13728 to Shreya on Phone Pe,13728,friends,upi,phonepe,,friends_synthetic
electronics clothes shoes accessories purchase 379 via card,379,shopping,card,,,cue_row
93 PayTM car loan EMI,93,emi,upi,paytm,indusind,english_natural
flight booking travel ticket ₹28868 GPay,28868,travel,upi,gpay,icici,cue_row
coaching exam preparation study material Rs 8502 card,8502,education,card,,yes bank,cue_row
"CLINIC
Item 1 ₹97
Item 2 208
Total t19812
CARD",19812,healthcare,card,,,ocr_receipt
Paid Rs25018.92 for concert from my icici account via Mastercard,25018.92,entertainment,card,,icici,english_natural
grocery vegetables milk bread fruits R 6370 paid Slice,6370,food,upi,slice,,cue_row
medical checkup lab test health insurance Rs.4477 cash,4477,healthcare,cash,,axis,cue_row
1mg ka dawai le liya 3685 rs cash me Niyo wale account se,1,healthcare,cash,,niyo,hinglish_natural
Zee5 ka ticket liya 3224 rs card se pay kiya Slice account se,5,entertainment,card,,slice,hinglish_natural
hospital se doctor ko de diya 446 rupaye ka card se achha deal mila,446,healthcare,card,,,hinglish_natural
aaj Amit ka udhar return kar diya 215 rupaye naqad,215,friends,cash,,,hinglish_natural
flatmate rent share 4426 cash Arjun,4426,friends,cash,,,friends_synthetic
33 cash gas bill,33,utilities,cash,,,english_natural
"BILL
Bewakoof
₹131
gpay
Thank You Visit Again",131,shopping,upi,gpay,,ocr_receipt
Angel One 89 Axis Bank,89,investment,upi,phonepe,axis,english_natural
Rs.308 debited from your Punjab National Bank account for credit card EMI (paytm UPI),308,emi,upi,paytm,pnb,ocr_upi
subah Zara se saman lya 447 ₹ ka card se pay kia,447,shopping,card,,,hinglish_natural
bike loan EMI se EMI kat gayi 271 ka card se,271,emi,card,,,hinglish_natural
Spent t17785 on eye checkup using PayTM,17785,healthcare,upi,paytm,,english_natural
Lenskart 37949.96 Google Pay,37949.96,shopping,upi,gpay,,english_natural
Dunkin ka khana order kiya 536 rupaiye UPI se,536,food,upi,jupiter,niyo,hinglish_natural
rickshaw pe 417 rupees ka ticket book kya NIYO se pay kr diya,417,travel,upi,niyo,icici,hinglish_natural
Used hdfc cash to pay 8549 for FirstCry,8549,shopping,cash,,hdfc,english_natural
JioMart payment ₹819 done via cash,819,food,cash,,,english_natural
Amazon me 671 ka saman lya card se,671,shopping,card,,,hinglish_natural
DMart pe 41659 ka food order kya UPI se HDFC wale account se,41659,food,upi,cred,hdfc,hinglish_natural
BYJU'S ka course lya 23600 rupees GPay pe zyada ho gaya,23600,education,upi,gpay,,hinglish_natural
301 ka car loan EMI bill pay kiya cred se,301,emi,upi,cred,,voice_transcript
"BILL
eye checkup
₹166.51
CARD
Thank You Visit Again",166.51,healthcare,card,,sbi,ocr_receipt
concert se game lya 1140 rupaye ka credit card se Kotak se kata bhai,1140,entertainment,card,,kotak,hinglish_natural
2350 rs. admission kr diya BYJU'S pe card se,2350,education,card,,icici,hinglish_natural
48224 mangwaya Pizza Hut pe GPay se,48224,food,upi,gpay,,hinglish_natural
Rs.2459.64 to BYJU'S via SLICE,2459.64,education,upi,slice,,english_natural
Spent Rs163 on PVR using card,163,entertainment,card,,,english_natural
today i spent 439 on Myntra via cash from my PNB bank,439,shopping,cash,,pnb,voice_transcript
Kuvera 167 ₹ credit card se,167,investment,card,,,hinglish_natural
office se aate hue SBI loan se EMI kat gayi 438 rupay ka card se pay kar diya SBI se,13573,emi,card,,sbi,source_hinglish
Amazon pe 7634 rs ka buy kar diya credit card se,7634,shopping,card,,,hinglish_natural
Lenskart se buy kiya 204 rupay ka naqad,204,shopping,cash,,,hinglish_natural
Practo pe 11767 rupees ka doctor ko diyee debit card se,11767,healthcare,card,,,hinglish_natural
mutual fund se stock liya 15016 ka card se pay kr diya,15016,investment,card,,sbi,hinglish_natural
25203 rupaye Udemy card se pay kia,25203,education,card,,,hinglish_natural
KFC 760.39 CRED,760.39,food,upi,cred,,english_natural
education loan EMI se loan payment kiya 39806 rupaiye ka card se pay kya,39806,emi,card,,slice,hinglish_natural
"1MG RESTAURANT
Total 27051
Cash Received
Change 0.00",27051,healthcare,cash,,axis,ocr_receipt
"TAX INVOICE
concert
Grand Total: 42.72
Payment: Paytm",42.72,entertainment,upi,paytm,sbi,ocr_receipt
Medical test charges INR 6837,6837,healthcare,card,,pnb,source_english
books ka books lya 4217 rupay haath se diyee Axis se yaar,4217,education,cash,,axis,hinglish_natural
spent 2595 rupees on car loan EMI via Gpay,2595,emi,upi,gpay,,voice_transcript
upGrad ka fees bharra 3553 rs credit card se SLICE card se,3553,education,card,,slice,hinglish_natural
4448.28 paid to flatmate via phonepe from Fi Money,4448.28,friends,upi,phonepe,fi,english_natural
42834 ka library bill pay kiya phonepe se,42834,education,upi,phonepe,,voice_transcript
Nature's Basket payment Rs 12829 done via G Pay,12829,food,upi,gpay,,english_natural
subah gas bill se bill bharra 1458 rs ka phonepe se pay kar diya,1458,utilities,upi,phonepe,,hinglish_natural
ET Money mein 4397 lag gaye GPay se bhara,4397,investment,upi,gpay,sbi,voice_transcript
4676 ticket book kia RedBus pe naqad,4676,travel,cash,,,hinglish_natural
17663 rs kha liya dhaba ko cash diyee,17663,food,cash,,,hinglish_natural
rickshaw se cab liya 29 rupaye ka Phone Pe se,29,travel,upi,phonepe,slice,hinglish_natural
coaching exam preparation study material Rs.22600 card,22600,education,card,,,cue_row
UPI/86251121/PIZZA HUT/BANK,31057,food,upi,slice,,english_natural
Arjun ko 17550 transfer kiya bhim se,17550,friends,upi,bhim,icici,friends_synthetic
Hotel booking INR 24121,24121,travel,card,,,source_english
flatmate rent share 145 PhonePe Priya,145,friends,upi,phonepe,,friends_synthetic
PPF se paisa daala 4456 ₹ ka via SLICE achha deal mila,4456,investment,upi,slice,,hinglish_natural
Snapdeal 9858 rupay phonepe se pay kiyaa Fi se kata,9858,shopping,upi,phonepe,fi,hinglish_natural
Spent ₹18117 on credit card EMI using Phonepe,18117,emi,upi,phonepe,fi,english_natural
Rs.385 debited from your sbi account for Tata CLiQ (PhonePe UPI),385,shopping,upi,phonepe,sbi,ocr_upi
i paid 175 rupees for FreshMenu using PayTM,175,food,upi,paytm,,voice_transcript
abhi bhai pe 144 rupees ka dost ko diyee naqad,144,friends,cash,,,hinglish_natural
paid 3582 to Udemy through gpay from HDFC,3582,education,upi,gpay,hdfc,voice_transcript
yaar Rahul se split kya 156 rupay ka credit card se,156,friends,card,,sbi,hinglish_natural
coaching exam preparation study material Rs 1614 SLICE,1614,education,upi,slice,,cue_row
maine 20578 rupaye education loan EMI ko diye Jupiter se,20578,emi,upi,jupiter,,voice_transcript
Paid hospital 3366.48 using cred from Fi Money,3366.48,healthcare,upi,cred,fi,english_natural
CCD INR 47608 SBI,47608,food,upi,cred,sbi,english_natural
5017 rupay bike loan EMI credit card se,5017,emi,card,,,hinglish_natural
"TAX INVOICE
Lenskart
Grand Total: Rs859
Payment: gpay",859,healthcare,upi,gpay,,ocr_receipt
spent 622 rupees on Unacademy via Jupiter,622,education,upi,jupiter,sbi,voice_transcript
1617 rupaye doctor ko de diya diagnostic ko UPI se diye,1617,healthcare,upi,cred,hdfc,hinglish_natural
UPI/59551630/CLEARTRIP/BANK,361.17,travel,card,,,english_natural
EXAM FEE INR 4532,4532,education,card,,,english_natural
"DENTIST RESTAURANT
Total 21405
Cash Received
Change 0.00",21405,healthcare,card,,,ocr_receipt
"D INOX 3263 Completed 25Apr 2026,5:21 pm ICICI Bank 8869 UPI transaction ID 6788505180 TO:INOX inox.90398@icicibank Googletransaction lD CICAgJjg315080 OPI Google Pay",3263,entertainment,upi,gpay,icici,ocr_upi
aaj market me 805 ka shopping kr diya UPI se pay kiya,805,shopping,upi,phonepe,,hinglish_natural
paid 1747 to Nykaa through card,1747,shopping,card,,,voice_transcript
Goibibo 354 rs. card se,354,travel,card,,,hinglish_natural
dopahar ko 430 rs khana khaya Zepto ko cash me achha deal mila,430,food,cash,,,hinglish_natural
Just paid ₹4012.67 to food court through niyo,4012.67,food,upi,niyo,hdfc,english_natural
t4964.16 paid to Gaana via G Pay UPI from RBL Bank Bank ending 5213,4964.16,entertainment,upi,gpay,rbl,ocr_upi
POS/SHREYA/CRED/4090,14426.89,friends,upi,cred,,english_natural
i did 4218 expense on BSNL using Paytm,4218,utilities,upi,paytm,,voice_transcript
Just paid INR 23530 to school fees through card,23530,education,card,,,english_natural
bro ko 18878 transfer kiya card se,18878,friends,card,,,friends_synthetic
SPOTIFY INR 244,244,entertainment,card,,,english_natural
today i spent 44665 on gas bill via Phonepe,44665,utilities,upi,phonepe,,voice_transcript
Zee5 196 rupaiye Phone Pe se pay kiya,5,entertainment,upi,phonepe,sbi,hinglish_natural
"gaming
Net Amount 1200.79
Paid via Paytm",1200.79,entertainment,upi,paytm,icici,ocr_receipt
i did 4910 expense on BYJU'S using card,4910,education,card,,,voice_transcript
Paid INR 70.14 to Airtel recharge CRED UPI Axis 2296 Completed,70.14,utilities,upi,cred,axis,ocr_upi
25359 rupees Karan paytm Bank of Baroda account,25359,friends,upi,paytm,bob,voice_transcript
Payment of ₹503.25 to Hotstar was successful via GPay UPI Ref No 047827734573 Axis Bank Account 3846,503.25,entertainment,upi,gpay,axis,ocr_upi
flatmate 870,870,friends,upi,phonepe,,english_natural
subah Zee5 13388 rs card se,5,entertainment,card,,kotak,hinglish_natural
Spent INR 2952 on dost using cash,2952,friends,cash,,icici,english_natural
clinic 113.60,113.60,healthcare,card,,,english_natural
stationery ka tuition de diya 28146 rupaiye cash me ICICI Bank se kata,28146,education,cash,,icici,hinglish_natural
1016 rupees Pizza Hut via PhonePe,1016,food,upi,phonepe,sbi,hinglish_natural
rent maintenance gas connection Rs.4658 gpay,4658,utilities,upi,gpay,,cue_row
petrol diesel fuel Rs.41867 at pump card,41867,travel,card,,,cue_row
Hotstar me 2053 rs. ka game liya UPI se pay kia yaar,2053,entertainment,upi,gpay,,hinglish_natural
Just paid INR 165.75 to upGrad through cash,165.75,education,cash,,,english_natural
split bill 1922 card se friend ko diya,1922,friends,card,,bob,friends_synthetic
sent 493 to friend on PayTM split bill UPI,493,friends,upi,paytm,,cue_row
Karan 11302 rs UPI se,11302,friends,upi,slice,icici,hinglish_natural
330 rupay auto debit card se,330,travel,card,,hdfc,hinglish_natural
Subway se khana order kr diya 1327 rs. ka card se pay kia SLICE card se,1327,food,card,,slice,hinglish_natural
37064 rupees Rahul Bhim se pay kar diya,37064,friends,upi,bhim,icici,hinglish_natural
R 1631.98 paid to books via CRED UPI from ICICI Bank ending 5615,1631.98,education,upi,cred,icici,ocr_upi
IndiGo Rs 18369 cash,18369,travel,cash,,,english_natural
LIBRARY INR 2830.64,2830.64,education,cash,,,english_natural
maine 4221 rupaye Netflix ko diye Phone Pe se,4221,entertainment,upi,phonepe,,voice_transcript
Coin Rs.3200 debited from jupiter,3200,investment,upi,paytm,jupiter,english_natural
dinner split 289 rupaye Karan BHIM,289,friends,upi,bhim,hdfc,friends_synthetic
Paytm Money ka 1993 rupees ka bill Cred se pay kiya,1993,investment,upi,cred,axis,voice_transcript
spent 3506 rupees on water bill via Cred,3506,utilities,upi,cred,,voice_transcript
16719 rupaye Burger King haath se de diye,16719,food,cash,,,hinglish_natural
Netflix subscription INR 26178,26178,entertainment,card,,bob,source_english
sent money to Shreya ₹4267 on paytm,4267,friends,upi,paytm,,friends_synthetic
Paid SpiceJet 2500 using Phonepe from HDFC Bank,2500,travel,upi,phonepe,hdfc,english_natural
office se aate hue tuition ka fees bharaa 394 rupees cash die,394,education,cash,,,hinglish_natural
TO:GAMING gaming.45332@hdfcbank From:UTSAVJANA (hdfc Google Pay : user5711@okhdfcbank,448.50,entertainment,upi,gpay,hdfc,ocr_upi
bike loan EMI 3581 ₹ Phone Pe se pay kr diya Niyo se kata,3581,emi,upi,phonepe,niyo,hinglish_natural
maine 46731 rupaye Tata CLiQ ko diye card se,46731,shopping,card,,sbi,voice_transcript
JIOCINEMA INR 54 SBI,54,entertainment,card,,sbi,english_natural
4430 rupay installment de diya car loan EMI ko card se,4430,emi,card,,,hinglish_natural
broadband Rs.342 cash,342,utilities,cash,,bob,english_natural
H&M ka khareed lia 2170 rupaiye debit card se,2170,shopping,card,,,hinglish_natural
car loan EMI R 21092.55 credit card,21092.55,emi,card,,,english_natural
TO:HOTSTAR hotstar.17987@sbibank From:UTSAVJANA (SBI CRED : user5964@oksbibank,872,entertainment,upi,cred,sbi,ocr_upi
amazon flipkart myntra online shopping order Rs 218 card,218,shopping,card,,,cue_row
ACT Fibernet ka bill pay kr diya 4957 debit card se,4957,utilities,card,,,hinglish_natural
uber ola cab ride airport train ticket Rs.352 card,352,travel,card,,icici,cue_row
breakfast snacks chai coffee 66 cash,66,food,cash,,,cue_row
flatmate se udhar return kia 3882 ka Slice se pay kia icici se,3882,friends,upi,slice,icici,hinglish_natural
BYJU'S 53,53,education,card,,,english_natural
friend me 403 rupay ka paise bheje jupiter se pay kar diya,403,friends,upi,jupiter,,hinglish_natural
"Receipt #7870
Ajio
Amount Paid: ₹60
Mode: fi",60,shopping,upi,fi,hdfc,ocr_receipt
SBI loan 1723 rs. debit card se State Bank se kata,1723,emi,card,,sbi,hinglish_natural
HDFC loan 466,466,emi,card,,axis,english_natural
UPI/40423507/VIKRAM/BANK,3077,friends,upi,bhim,,english_natural
home loan car loan credit card EMI monthly Rs4255 autopay bhim,4255,emi,upi,bhim,,cue_row
NEFT/TRANSFER/PRACTO/FI,3182.99,healthcare,card,,fi,english_natural
Reliance Fresh 4459.32,4459.32,food,upi,phonepe,,english_natural
bhai NPS ka 4074 rupaye card se de diya,4074,investment,card,,,voice_transcript
credit card EMI pe 1002 rupaye ka EMI kat gayi debit card se,1002,emi,card,,,hinglish_natural
H&M se saman lya 4085 rupaiye ka via PhonePe budget tod diya,4085,shopping,upi,phonepe,,hinglish_natural
UPI/98675185/STOCKS/BANK,3526,investment,upi,paytm,,english_natural
FirstCry se saman liya 2788 rupees ka Google Pay se pay kia,2788,shopping,upi,gpay,icici,hinglish_natural
dopahar ko gold se mutual fund kiyaa 46 rupees ka via Phonepe,46,investment,upi,phonepe,,hinglish_natural
paid flatmate Rs.20397 via PayTM,20397,friends,upi,paytm,sbi,friends_synthetic
"MESS
Item 1 Rs71
Item 2 INR 339
Total ?49273
Bhim",49273,food,upi,bhim,hdfc,ocr_receipt
roommate ka udhar return kar diya 70 rupaye slice pe,70,friends,upi,slice,,hinglish_natural
Rs 3918 to Divya PayTM UPI,3918,friends,upi,paytm,hdfc,friends_synthetic
paid dost ₹1187 via NIYO,1187,friends,upi,niyo,,friends_synthetic
kal Dominos ka mangwaya 2905 rupees card se pay kiya,35805,food,card,,,source_hinglish
sent money to roommate ₹2127 on cash,2127,friends,cash,,,friends_synthetic
uber ola cab ride airport train ticket Rs.19047 SLICE,19047,travel,upi,slice,,cue_row
Unacademy Rs120 cash,120,education,cash,,fi,english_natural
Used ICICI Bank debit card to pay 1132 for credit card EMI,1132,emi,card,,icici,english_natural
INR 386 debited from your Federal Bank account for HDFC loan (Google Pay UPI),386,emi,upi,gpay,federal bank,ocr_upi
concert me 5834 rs ka subscription renew kya card se sasta tha,5834,entertainment,card,,,hinglish_natural
41575.31 paid to doctor via phonepe from Kotak,41575.31,healthcare,upi,phonepe,kotak,english_natural
₹1064 paid to Coin via Phonepe UPI from SBI Bank ending 4978,1064,investment,upi,phonepe,sbi,ocr_upi
maine 1888 rupaye Bewakoof ko diye PhonePe se,1888,shopping,upi,phonepe,,voice_transcript
"MALL RESTAURANT
Total 46784
Cash Received
Change 0.00",46784,shopping,cash,,,ocr_receipt
SBI loan ka installment diye 4647 ₹ card se,4647,emi,card,,,hinglish_natural
Used Slice card to pay 1127 for Lenskart,1127,shopping,card,,slice,english_natural
"D BIKELOANEMI 4675 Completed 9Mar 2026,1:38 pm State Bank Bank 2113 UPI transaction ID 86547192705 TO:BIKELOANEMI bike loan emi.43225@state bankbank Goog1etransaction lD XYZabc870566 OPI NIYO",4675,emi,upi,niyo,sbi,ocr_upi
maine 353 rupaye Shreya ko diye bhim se,353,friends,upi,bhim,jupiter,voice_transcript
eye checkup 44847 rs UPI se pay kr diya,44847,healthcare,upi,paytm,,hinglish_natural
Just paid R 6208 to Netmeds through Phone Pe,6208,healthcare,upi,phonepe,,english_natural
subah 1233 rupaye Flipkart phonepe se,1233,shopping,upi,phonepe,,hinglish_natural
"BILL
FirstCry
₹479
bhim
Thank You Visit Again",479,shopping,upi,bhim,idfc,ocr_receipt
i did 2552 expense on Zara using card,2552,shopping,card,,fi,voice_transcript
907 rupay exam fee naqad,907,education,cash,,,hinglish_natural
aaj home loan EMI 136 rupay credit card se sbi se kata,136,emi,card,,sbi,hinglish_natural
1mg 96 rupaiye cash diye,1,healthcare,cash,,,hinglish_natural
mess ka khana order kya 4552 rs. naqad sasta tha,4552,food,cash,,,hinglish_natural
split bill 23438 cash se bro ko diya,23438,friends,cash,,idfc,friends_synthetic
Karan 43 rupay naqad HDFC se,43,friends,cash,,hdfc,hinglish_natural
3055 paid to restaurant via Jupiter UPI from HDFC Bank Bank ending 6116,3055,food,upi,jupiter,hdfc,ocr_upi
POS/SWIGGY/FI/3879,10282,food,upi,fi,icici,english_natural
t3859 paid to rent via credit card from HDFC Bank,3859,utilities,card,,hdfc,english_natural
"BILL
insurance premium
INR 2813.58
CARD
Thank You Visit Again",2813.58,utilities,card,,,ocr_receipt
FRIEND INR 48851 ICICI,48851,friends,upi,phonepe,icici,english_natural
Just paid Rs.14701 to Angel One through Cred,14701,investment,upi,cred,,english_natural
Paid 259 for Coin from my BOB account via card,259,investment,card,,bob,english_natural
abhi stationery pe 36018 ₹ ka fees bharaa card se pay kiya,36018,education,card,,,hinglish_natural
paytm payment ₹403.18 bro axis 9092 done,403.18,friends,upi,paytm,axis,ocr_upi
flatmate rent share 228 PhonePe yaar,228,friends,upi,phonepe,sbi,friends_synthetic
"MOBILE RECHARGE RESTAURANT
Total 441
Cash Received
Change 0.00",441,utilities,card,,kotak,ocr_receipt
today i spent 4040 on PPF via Phonepe,4040,investment,upi,phonepe,,voice_transcript
Rs.3420 to Ananya phonepe UPI,3420,friends,upi,phonepe,,friends_synthetic
bhai ET Money 27106 rupaiye credit card se,27106,investment,card,,,hinglish_natural
"TAX INVOICE
INOX
Grand Total: 2645.42
Payment: CARD",2645.42,entertainment,card,,union bank,ocr_receipt
2786 GPay SonyLIV,2786,entertainment,upi,gpay,,english_natural
"EYE CHECKUP
Item 1 373
Item 2 325
Total 3229
CARD",3229,healthcare,card,,,ocr_receipt
sent Rs.837 to Pooja on cash,837,friends,cash,,,friends_synthetic
"CHAI POINT RESTAURANT
Total 16158
Cash Received
Change 0.00",16158,food,card,,,ocr_receipt
TO:APOLLOPHARMACY apollopharmacy.65944@icicibank From:AMITSINGH (ICICI G Pay : sender5744@okicicibank,717,healthcare,upi,gpay,icici,ocr_upi
i did 1697 expense on BYJU'S using SLICE,1697,education,upi,slice,hdfc,voice_transcript
mess se khana order kar diya 337 rupaiye ka haath se diyee IDFC First se bc,337,food,cash,,idfc,hinglish_natural
Paid Rs.17161 for eye checkup via niyo,17161,healthcare,upi,niyo,,english_natural
Amazon Prime 4082 rupay naqad,4082,entertainment,cash,,,hinglish_natural
4047 bill bharaa gas bill ko Paytm se pay kar diya,4047,utilities,upi,paytm,,hinglish_natural
Rs300 to mall via debit card,300,shopping,card,,,english_natural
"Apple Music 4278.64 Completed 16Jun 2025,1:48 pm Punjab National Bank 3463 UPI transaction ID 2269667349586",4278.64,entertainment,upi,paytm,pnb,ocr_upi
"BookMyShow BILL
St: 2400.87
CASH APPROVED",2400.87,entertainment,cash,,,ocr_receipt
Indian Oil ka kiraya de diye 369 ₹ card se,369,travel,card,,,hinglish_natural
Water bill INR 15823,15823,utilities,upi,gpay,,source_english
electricity bill se payment kia 214 rupees ka cash me bhai,214,utilities,cash,,,hinglish_natural
stocks se paisa daala 1332 rupaye ka Phonepe se pay kia,1332,investment,upi,phonepe,hdfc,hinglish_natural
grocery vegetables milk bread fruits ₹4183 paid Fi,4183,food,upi,fi,bandhan,cue_row
"BIRYANI BLUES RESTAURANT
Total 183
Cash Received
Change 0.00",183,food,upi,gpay,hdfc,ocr_receipt
INOX me 441 rupay ka game lya debit card se,441,entertainment,card,,rbl,hinglish_natural
bro ka paise bheje 245 ₹ UPI se,245,friends,upi,paytm,,hinglish_natural
kal 1033 rupees Rapido via NIYO,1033,travel,upi,niyo,,hinglish_natural
Ananya payment ₹4489.72 done via Fi Money,4489.72,friends,upi,fi,niyo,english_natural
dinner split 8526 rupaye Rohan phonepe,8526,friends,upi,phonepe,,friends_synthetic
Udemy pe 990 rs. ka tuition diy cash diy,990,education,cash,,,hinglish_natural
raat ko Bharat Petroleum se petrol bharaa 2336 rupay ka cash diye achha deal mila,2336,travel,cash,,,hinglish_natural
TO:BIGBASKET bigbasket.85373@statebankbank From:RAHULKUMAR (State Bank CRED : sender4350@okstatebankbank,214.93,food,upi,cred,sbi,ocr_upi
Just paid 330.53 to YouTube Premium through cash,330.53,entertainment,cash,,,english_natural
"Receipt #3772
market
Amount Paid: INR 48954.78
Mode: CARD",48954.78,shopping,card,,,ocr_receipt
today i spent 19032 on concert via card,19032,entertainment,card,,,voice_transcript
Coin pe 2832 ka invest kya via Bhim BOB account se sasta tha,2832,investment,upi,bhim,bob,hinglish_natural
Train ticket IRCTC INR 36320,36320,travel,upi,gpay,,source_english
colleague 450.59 paytm,450.59,friends,upi,paytm,,english_natural
1324 rupaye Blinkit UPI se,1324,food,upi,slice,,hinglish_natural
Ola 17844,17844,travel,card,,,english_natural
electronics clothes shoes accessories purchase ₹117 via card,117,shopping,card,,,cue_row
bike loan EMI pe 349 rs. ka EMI bhara UPI se pay kr diya SBI se kata,349,emi,upi,paytm,sbi,hinglish_natural
education loan EMI 32575 Google Pay Successful Kotak Mahindra 1075,32575,emi,upi,gpay,kotak,ocr_upi
dopahar ko BookMyShow pe 1333 rs. ka game lia debit card se IDFC First wale account se,1333,entertainment,card,,idfc,hinglish_natural
3384 Reliance Digital,3384,shopping,upi,gpay,pnb,english_natural
yaar 3180 rs Box8 cash me,3180,food,cash,,sbi,hinglish_natural
medical checkup lab test health insurance Rs 2283 GPay,2283,healthcare,upi,gpay,,cue_row
Kuvera se invest kar diya 25427 rs ka gpay se bc,15181,investment,upi,gpay,,source_hinglish
Spent Rs 12473.75 on bike loan EMI using Visa,12473.75,emi,card,,,english_natural
yaar tuition me 2270 ₹ ka books liyaa via gpay,2270,education,upi,gpay,,hinglish_natural
raat ko MedPlus ka doctor ko diy 2026 rupay UPI se diy,2026,healthcare,upi,slice,,hinglish_natural
ATM/CASH/BANK/40216,40216,investment,card,,,english_natural
INR 468 paid to Zepto via gpay UPI from ICICI Bank ending 1652,468,food,upi,gpay,icici,ocr_upi
Divya 3928 UPI se pay kr diya,3928,friends,upi,bhim,indusind,hinglish_natural
294 rupaye dost ko diy roommate pe UPI se de diye HDFC Bank account se,294,friends,upi,gpay,hdfc,hinglish_natural
"stocks 2239.28 Completed 28Feb 2026,7:12 am IDFC First 3589 UPI transaction ID 014215634526",2239.28,investment,upi,slice,idfc,ocr_upi
"Receipt #7242
BSNL
Amount Paid: ₹80
Mode: CARD",80,utilities,card,,axis,ocr_receipt
BSNL mein 3892 lag gaye card se bhara,3892,utilities,card,,hdfc,voice_transcript
paid Ananya Rs 303 via slice,303,friends,upi,slice,,friends_synthetic
Uber ride INR 21449,21449,travel,upi,bhim,,source_english
2887 GPay bike loan EMI,2887,emi,upi,gpay,hdfc,english_natural
bhai 15311 rupay dhaba via Phone Pe bc,15311,food,upi,phonepe,jupiter,hinglish_natural
1mg 1075 debited from hdfc,1075,healthcare,card,,hdfc,english_natural
4569 rupees EMI bharaa SBI loan pe credit card se,4569,emi,card,,,hinglish_natural
Rs.33345.51 charged for Biryani Blues on Mastercard,33345.51,food,card,,,english_natural
178 rupay PPF UPI se diyee,178,investment,upi,gpay,,hinglish_natural
Fi Money payment Rs.4950 Bajaj Finance EMI icici 8664 completed,4950,emi,upi,fi,icici,ocr_upi
HP Petrol t71.16 fi,71.16,travel,upi,fi,canara,ocr_upi
Udemy ka fees bhara 18080 rupay card se pay kya bohot mehenga,18080,education,card,,,hinglish_natural
3718 rs PVR credit card se,3718,entertainment,card,,,hinglish_natural
netflix spotify hotstar subscription movie show Rs610 card,610,entertainment,card,,,cue_row
aaj mutual fund pe 1565 rupaye kharcha hua fi se,1565,investment,upi,fi,,voice_transcript
paid 101 to Coin through card from Kotak Mahindra,101,investment,card,,kotak,voice_transcript
Barbeque Nation 3781.18 CRED,3781.18,food,upi,cred,,english_natural
personal loan EMI mein 2988 lag gaye card se bhara,2988,emi,card,,,voice_transcript
Paid 3308 for education loan EMI via card,3308,emi,card,,,english_natural
raat ko Vedantu 630 rupaye card se pay kia Federal Bank wale account se,630,education,card,,federal bank,hinglish_natural
car loan EMI ka EMI kat gayi 382 debit card se,382,emi,card,,,hinglish_natural
36556 rupay transfer kya Ananya ko GPay se pay kar diya,36556,friends,upi,gpay,,hinglish_natural
SonyLIV ka show dekha 25778 rs haath se diy,25778,entertainment,cash,,,hinglish_natural
water bill se payment kar diya 1895 rupay ka via Fi,1895,utilities,upi,fi,,hinglish_natural
264.96 CRED crypto,264.96,investment,upi,cred,,english_natural
TUITION INR 4838,4838,education,card,,,english_natural
"CROMA
Item 1 INR 139
Item 2 R 173
Total INR 38613.98
paytm",38613.98,shopping,upi,paytm,,ocr_receipt
Udemy 54 rs. UPI se,19939,education,upi,bhim,,source_hinglish
flatmate rent share 81 card roommate,81,friends,card,,,friends_synthetic
"electricity bill
Net Amount 1859.44
Paid via Gpay",1859.44,utilities,upi,gpay,,ocr_receipt
21194 ₹ test karaya lab test pe card se,21194,healthcare,card,,hdfc,hinglish_natural
bhai Netmeds ka 21 rupaye Bhim se de diya,21,healthcare,upi,bhim,,voice_transcript
Kuvera 428,428,investment,upi,gpay,,english_natural
4300 rupees ride liya RedBus ko cash de diya achha deal mila,4300,travel,cash,,,hinglish_natural
water bill 180 SLICE Successful HDFC Bank 7379,180,utilities,upi,slice,hdfc,ocr_upi
412.57 charged for Nature's Basket on debit card,412.57,food,card,,icici,english_natural
personal loan EMI se loan payment kar diya 373 rupaye ka card se Axis se kata,373,emi,card,,axis,hinglish_natural
breakfast snacks chai coffee Rs 38448 cash,38448,food,cash,,,cue_row
"TAX INVOICE
MedPlus
Grand Total: Rs33956.45
Payment: CASH",33956.45,healthcare,cash,,,ocr_receipt
i did 312 expense on Ananya using cash,312,friends,cash,,,voice_transcript
flatmate rent share 843 Phonepe Rohan,843,friends,upi,phonepe,sbi,friends_synthetic
"TAX INVOICE
Apollo Pharmacy
Grand Total: 3011
Payment: G Pay",3011,healthcare,upi,gpay,,ocr_receipt
library ka 21445 rupees ka bill card se pay kiya,21445,education,card,,kotak,voice_transcript
dinner split 324 rupaye roommate Slice,324,friends,upi,slice,,friends_synthetic
BEWAKOOF INR 720.85,720.85,shopping,card,,,english_natural
diagnostic INR 1807 debited from slice,1807,healthcare,upi,paytm,slice,english_natural
office se aate hue stocks se paisa daala 508 rupees ka card se pay kiyaa budget tod diya,508,investment,card,,,hinglish_natural
paid 304 to Netflix through cash,304,entertainment,cash,,,voice_transcript
auto 162.66 Mastercard,162.66,travel,card,,kotak,english_natural
Paid ₹3015 for Zerodha from my sbi account via Cred,3015,investment,upi,cred,sbi,english_natural
"INOX
Net Amount 1919
Paid via CARD",1919,entertainment,card,,sbi,ocr_receipt
YouTube Premium ka game liya 38207 rupees card se pay kia,38207,entertainment,card,,,hinglish_natural
Phone Pe payment Rs134.03 stationery HDFC 3796 successful,134.03,education,upi,phonepe,hdfc,ocr_upi
kal 4286 rs. recharge kiyaa ACT Fibernet ko card se pay kia,4286,utilities,card,,,hinglish_natural
Exam fee INR 16147,16147,education,upi,slice,,source_english
"BILL
McDonald's
Rs283.24
CASH
Thank You Visit Again",283.24,food,cash,,,ocr_receipt
rent maintenance gas connection ?6568 Phonepe,6568,utilities,upi,phonepe,,cue_row
mobile recharge pe 47 rupaiye ka bill pay kar diya UPI se Fi card se,47,utilities,upi,jupiter,fi,hinglish_natural
kal Spotify 2568 ₹ card se pay kar diya,2568,entertainment,card,,indusind,hinglish_natural
bhai Apollo Pharmacy ka 4312 rupaye Cred se de diya,4312,healthcare,upi,cred,,voice_transcript
24838 rupay credit card EMI card se pay kya,24838,emi,card,,fi,hinglish_natural
Chai Point ka mangwaya 2327 rupees Bhim se,2327,food,upi,bhim,,hinglish_natural
"ZEPTO
Item 1 Rs302
Item 2 ₹492
Total Rs1048
Google Pay",1048,food,upi,gpay,,ocr_receipt
office se aate hue Blinkit 4710 cash diyee icici wale account se,4710,food,cash,,icici,hinglish_natural
bhai Karan ko udhar return kiya 520 rs PhonePe se,520,friends,upi,phonepe,,friends_synthetic
Box8 1813 cred,1813,food,upi,cred,hdfc,ocr_upi
SIP ka paisa daala 1237 card se,1237,investment,card,,,hinglish_natural
abhi HP Petrol ka petrol bhra 918 rs. card se budget tod diya,918,travel,card,,sbi,hinglish_natural
329 rupees bike loan EMI card hdfc account,329,emi,card,,hdfc,voice_transcript
"canteen
Net Amount 204
Paid via CASH",204,food,cash,,,ocr_receipt
UPI/04630388/ACT FIBERNET/BANK,3373,utilities,upi,slice,,english_natural
Angel One INR 1489 debited from State Bank,1489,investment,card,,sbi,english_natural
Spent 40723 on Priya using cash,40723,friends,cash,,,english_natural
dost Rahul ko 275 rupaye Google Pay se bheje,275,friends,upi,gpay,,friends_synthetic
sent Rs17520 to bro on gpay,17520,friends,upi,gpay,,friends_synthetic
"Flipkart
Net Amount 23930
Paid via Jupiter",23930,shopping,upi,jupiter,,ocr_receipt
gold payment 254 done via Visa,254,investment,card,,,english_natural
Bought Coursera for Rs 2099.04 with Mastercard,2099.04,education,card,,niyo,english_natural
personal loan EMI payment Rs.1914 done via PayTM,1914,emi,upi,paytm,,english_natural
home loan car loan credit card EMI monthly Rs.19343 autopay Paytm,19343,emi,upi,paytm,icici,cue_row
Just paid ₹29939.08 to insurance premium through GPay,29939.08,utilities,upi,gpay,,english_natural
HP Petrol me 4512 rs ka ride liyaa credit card se Canara Bank se kata,4512,travel,card,,canara,hinglish_natural
"gas bill BILL
St: ₹32394
paytm Approved",32394,utilities,upi,paytm,hdfc,ocr_receipt
25632 ₹ split kar diya bhai ko via GPay,25632,friends,upi,gpay,,hinglish_natural
Rs.31006 paid to diagnostic via Mastercard from HDFC,31006,healthcare,card,,hdfc,english_natural
FD ka 2473 rupees ka bill G Pay se pay kiya,2473,investment,upi,gpay,,voice_transcript
doctor ka doctor ko die 405 rupaiye UPI se pay kiyaa,405,healthcare,upi,phonepe,,hinglish_natural
"APOLLO PHARMACY
Item 1 383
Item 2 ₹395
Total ₹4157
CARD",4157,healthcare,card,,,ocr_receipt
Paid PPF ₹39595.13 using card,39595.13,investment,card,,,english_natural
317 rupees exam fee paytm hdfc account,317,education,upi,paytm,hdfc,voice_transcript
TO:BEWAKOOF bewakoof.73430@icicibank From:UTSAVJANA (icici phonepe : user2549@okicicibank,783,shopping,upi,phonepe,icici,ocr_upi
Reliance Digital 123.19 bhim Successful Bandhan Bank 1059,123.19,shopping,upi,bhim,bandhan,ocr_upi
276 paid to ET Money via Cred UPI from icici Bank ending 7975,276,investment,upi,cred,icici,ocr_upi
cred payment 88 FD HDFC 2669 completed,88,investment,upi,cred,hdfc,ocr_upi
R 23849.37 to credit card EMI via credit card,23849.37,emi,card,,,english_natural
Apple Music ka game le liya 4132 rupay UPI se Jupiter se,4132,entertainment,upi,slice,jupiter,hinglish_natural
HDFC loan ₹467.34 PhonePe,467.34,emi,upi,phonepe,kotak,ocr_upi
TO:COLLEGEFEES collegefees.67336@hdfcbankbank From:RAHULKUMAR (HDFC Bank gpay : sender3037@okhdfcbankbank,58,education,upi,gpay,hdfc,ocr_upi
ATM/CASH/RBL BANK/200.42,200.42,utilities,upi,slice,rbl,english_natural
4455 rupees Ajio card,4455,shopping,card,,,voice_transcript
office se aate hue 3288 rs. diagnostic haath se diye,3288,healthcare,cash,,,hinglish_natural
Paid Rs 48262.28 for Vedantu via GPay,48262.28,education,upi,gpay,,english_natural
Paid INR 3024.30 to Coin PayTM UPI Kotak 1147 Successful,3024.30,investment,upi,paytm,kotak,ocr_upi
electricity water broadband mobile recharge bill Rs.2928 CRED,2928,utilities,upi,cred,,cue_row
food court ka kha liya 695 rupay cash diye,695,food,cash,,,hinglish_natural
₹388 paid to mess via Google Pay UPI from BOB Bank ending 9845,388,food,upi,gpay,bob,ocr_upi
"1mg BILL
St: Rs 4260.27
PayTM APPROVED",4260.27,healthcare,upi,paytm,,ocr_receipt
Paid Paytm Money Rs.849 using Paytm from Fi,849,investment,upi,paytm,fi,english_natural
Used HDFC Bank Visa to pay 39190.16 for Udemy,39190.16,education,card,,hdfc,english_natural
H&M ka buy kia 214 rupaiye card se pay kr diya,214,shopping,card,,niyo,hinglish_natural
aaj 32273 rupaye tuition de diye books ko card se,32273,education,card,,fi,hinglish_natural
POS/UDEMY/DEBIT CARD/7552,42727.82,education,card,,,english_natural
Rs3107 paid to Groww via Phone Pe UPI from Bandhan Bank Bank ending 6267,3107,investment,upi,phonepe,bandhan,ocr_upi
lunch dinner food order swiggy zomato restaurant meal ₹7862 G Pay,7862,food,upi,gpay,,cue_row
raat ko dentist 370 rupaiye card se,370,healthcare,card,,,hinglish_natural
2965 rs. ride liya Goibibo pe UPI se diye BOB account se,2965,travel,upi,gpay,bob,hinglish_natural
Flight ticket booking INR 40894,40894,travel,card,,,source_english
dentist 239.50,239.50,healthcare,upi,phonepe,,english_natural
BookMyShow ka game liyaa 3041 rupaye G Pay pe,20244,entertainment,upi,gpay,,source_hinglish
Spent Rs9612 on Flipkart using credit card,9612,shopping,card,,,english_natural
19807 debited from your State Bank account for electricity bill (Paytm UPI),19807,utilities,upi,paytm,sbi,ocr_upi
28187 SonyLIV,28187,entertainment,upi,jupiter,niyo,english_natural
Zerodha 37612,37612,investment,card,,,english_natural
Spent Rs334 on Flipkart using Mastercard,334,shopping,card,,,english_natural
i did 2221 expense on FreshMenu using Slice,2221,food,upi,slice,,voice_transcript
Rs.145 to Ananya Cred UPI,145,friends,upi,cred,,friends_synthetic
"Receipt #2745
BookMyShow
Amount Paid: Rs.41510
Mode: CARD",41510,entertainment,card,,indusind,ocr_receipt
paid flatmate 184 via Jupiter,184,friends,upi,jupiter,hdfc,friends_synthetic
t26811 debited from your sbi account for market (G Pay UPI),26811,shopping,upi,gpay,sbi,ocr_upi
dinner split 8463 rupaye Rohan G Pay,8463,friends,upi,gpay,,friends_synthetic
market ka buy kiya 63 rupaiye card se sasta tha,63,shopping,card,,,hinglish_natural
subah broadband se recharge kia 23201 rupees ka UPI se bohot mehenga,23201,utilities,upi,slice,slice,hinglish_natural
TO:1MG 1mg.58792@icicibankbank From:PRIYASHARMA (ICICI Bank Phonepe : sender7429@okicicibankbank,328,healthcare,upi,phonepe,icici,ocr_upi
aaj Tata CLiQ pe 49759 rupaye kharcha hua card se,49759,shopping,card,,,voice_transcript
INR 290.62 paid to bike loan EMI via Phonepe UPI from hdfc Bank ending 1517,290.62,emi,upi,phonepe,hdfc,ocr_upi
split bill 1161 cash se friend ko diya,1161,friends,cash,,,friends_synthetic
gaming 4219 State Bank,4219,entertainment,upi,slice,sbi,english_natural
277 rupees flatmate cash Kotak Mahindra account,277,friends,cash,,kotak,voice_transcript
raat ko Vedantu se books liyaa 363 rs ka haath se diye,363,education,cash,,sbi,hinglish_natural
4936.41 to Chai Point via Cred,4936.41,food,upi,cred,,english_natural
₹678.81 debited from your HDFC Bank account for MedPlus (Paytm UPI),678.81,healthcare,upi,paytm,hdfc,ocr_upi
i did 295 expense on electronics store using card,295,shopping,card,,,voice_transcript
Payment of INR 685 to Netmeds was successful via Jupiter UPI Ref No 792795132465 Axis Account 7131,685,healthcare,upi,jupiter,axis,ocr_upi
Rs1701 paid to gas bill via gpay UPI from sbi Bank ending 2729,1701,utilities,upi,gpay,sbi,ocr_upi
i paid 18355 rupees for Rahul using card,18355,friends,card,,icici,voice_transcript
school fees mein 380 lag gaye G Pay se bhara,380,education,upi,gpay,kotak,voice_transcript
abhi PPF ka SIP bharra 2792 rupaye niyo pe,2792,investment,upi,niyo,,hinglish_natural
bhai 3159 ₹ tuition diyee school fees ko debit card se bc,3159,education,card,,,hinglish_natural
Paid INR 44059.18 to Netflix jupiter UPI IDFC 5286 Successful,44059.18,entertainment,upi,jupiter,idfc,ocr_upi
books se course liyaa 7356 ka CRED se pay kia,7356,education,upi,cred,,hinglish_natural
i did 469 expense on Priya using cash,469,friends,cash,,,voice_transcript
sent Rs12135 to Ananya on Paytm,12135,friends,upi,paytm,,friends_synthetic
roommate ko 3968 transfer kiya cash se,3968,friends,cash,,hdfc,friends_synthetic
Used Niyo Phonepe to pay 392 for insurance premium,392,utilities,upi,phonepe,niyo,english_natural
"TAX INVOICE
electronics store
Grand Total: ?2527
Payment: Bhim",2527,shopping,upi,bhim,,ocr_receipt
netflix spotify hotstar subscription movie show INR 3190 paytm,3190,entertainment,upi,paytm,,cue_row
roommate se dost ko de diye 230 ka gpay se pay kya,230,friends,upi,gpay,,hinglish_natural
Used Bandhan Google Pay to pay ₹30865 for Vedantu,30865,education,upi,gpay,bandhan,english_natural
coaching exam preparation study material ₹3517 G Pay,3517,education,upi,gpay,,cue_row
dopahar ko Netflix se game lya 903 rupaye ka Paytm se pay kar diya bhai,903,entertainment,upi,paytm,,hinglish_natural
Rs40946 paid to Uber via slice UPI from PNB Bank ending 5549,40946,travel,upi,slice,pnb,ocr_upi
petrol pump se ticket book kiyaa 24617 ₹ ka naqad,24617,travel,cash,,,hinglish_natural
dost INR 1709 GPay,1709,friends,upi,gpay,,english_natural
Gaana 26060 HDFC,26060,entertainment,upi,cred,hdfc,english_natural
525 rupay Vedantu credit card se,525,education,card,,,hinglish_natural
electricity water broadband mobile recharge bill INR 21211 paytm,21211,utilities,upi,paytm,,cue_row
₹22943 to dost G Pay UPI,22943,friends,upi,gpay,,friends_synthetic
Spent Rs 20893 on restaurant using card,20893,food,card,,,english_natural
39675 BSNL,39675,utilities,card,,,english_natural
crypto 3693 Jupiter,3693,investment,upi,jupiter,hdfc,ocr_upi
spent 1971 rupees on Groww via card,1971,investment,card,,,voice_transcript
Paid ₹2511.26 to DMart phonepe UPI State Bank 7291 Done,2511.26,food,upi,phonepe,sbi,ocr_upi
Paid t58.61 to Air India gpay UPI hdfc 4883 Completed,58.61,travel,upi,gpay,hdfc,ocr_upi
Just paid Rs205.18 to HDFC loan through Google Pay,205.18,emi,upi,gpay,,english_natural
amazon flipkart myntra online shopping order ?971 card,971,shopping,card,,,cue_row
Personal loan installment INR 22156,22156,emi,card,,,source_english
bhai payment Rs 2900.48 done via PayTM,2900.48,friends,upi,paytm,,english_natural
Karan 481.85 Niyo,481.85,friends,upi,niyo,axis,ocr_upi
i paid 30359 rupees for lab test using Cred,30359,healthcare,upi,cred,axis,voice_transcript
Just paid ₹22377 to Lenskart through credit card,22377,healthcare,card,,,english_natural
Bharat Petroleum ka 415 rupees ka bill PayTM se pay kiya,415,travel,upi,paytm,,voice_transcript
bhai Rohan ko udhar return kiya 1700 rs gpay se,1700,friends,upi,gpay,sbi,friends_synthetic
Rs 2106.18 debited from your ICICI Bank account for flatmate (Phonepe UPI),2106.18,friends,upi,phonepe,icici,ocr_upi
Dunkin pe 41939 rs ka food order kiyaa UPI se,41939,food,upi,cred,hdfc,hinglish_natural
aaj 49178 rupees Hotstar haath se diy,49178,entertainment,cash,,,hinglish_natural
gaming concert event ticket Rs 36945 card,36945,entertainment,card,,icici,cue_row
Swiggy se food order kya 48475 rupaye ka debit card se,48475,food,card,,axis,hinglish_natural
SBI loan se loan payment kr diya 32862 ₹ ka UPI se de diya,32862,emi,upi,paytm,,hinglish_natural
t1701 paid to Netmeds via slice UPI from SBI Bank ending 7799,1701,healthcare,upi,slice,sbi,ocr_upi
"SNAPDEAL
Item 1 Rs.122
Item 2 ₹407
Total Rs.4363
Paytm",4363,shopping,upi,paytm,hdfc,ocr_receipt
Zerodha ka 230 rupees ka bill Slice se pay kiya,230,investment,upi,slice,,voice_transcript
115 ka Paytm Money bill pay kiya Fi se HDFC se kata,115,investment,upi,fi,hdfc,voice_transcript
Bus ticket INR 5976,5976,travel,card,,sbi,source_english
dinner split 3545 rupaye flatmate Google Pay,3545,friends,upi,gpay,sbi,friends_synthetic
home loan car loan credit card EMI monthly Rs1007 autopay card,1007,emi,card,,hdfc,cue_row
Starbucks 25929.66 PayTM Payment done Axis 3637,25929.66,food,upi,paytm,axis,ocr_upi
57 rupees doctor ko diye 1mg ko CRED pe,57,healthcare,upi,cred,,hinglish_natural
metro ₹356 cash,356,travel,cash,,,english_natural
personal loan EMI pe 33 rs. ka EMI kat gayi card se,33,emi,card,,,hinglish_natural
crypto se mutual fund kiya 47989 rupees ka credit card se,47989,investment,card,,,hinglish_natural
39 BSNL,39,utilities,upi,phonepe,hdfc,english_natural
Used State Bank Google Pay to pay R 253 for Zerodha,253,investment,upi,gpay,sbi,english_natural
maine 4912 rupaye Apollo Pharmacy ko diye gpay se,4912,healthcare,upi,gpay,hdfc,voice_transcript
mutual fund SIP stocks PPF FD investment Rs 1933 Cred,1933,investment,upi,cred,,cue_row
Ola cab INR 17122,17122,travel,card,,axis,source_english
phonepe payment INR 296 metro Punjab National Bank 1418 done,296,travel,upi,phonepe,pnb,ocr_upi
4952 rupaye kha liya mess ko UPI se die,4952,food,upi,phonepe,kotak,hinglish_natural
Kuvera Rs 2202 credit card,2202,investment,card,,canara,english_natural
bhai Ananya ka 4077 rupaye Phonepe se de diya,4077,friends,upi,phonepe,hdfc,voice_transcript
mutual fund SIP stocks PPF FD investment Rs.2467 BHIM,2467,investment,upi,bhim,,cue_row
ET Money 44574,44574,investment,upi,cred,,english_natural
"D EDUCATIONLOANEMI 156 Completed 15Mar 2026,9:08 pm icici Bank 8357 UPI transaction ID 3562326100270 TO:EDUCATIONLOANEMI education loan emi.36326@icicibank Soogletransaction lD XYZabc251011 OPI GPay",156,emi,upi,gpay,icici,ocr_upi
"D HPPETROL 363 Completed 12Feb 2026,3:14 pm ICICI Bank Bank 1716 UPI transaction ID 96234091046 TO:HPPETROL hp petrol.31795@icici bankbank Soogletransaction lD XYZabc065094 OPI Gpay",363,travel,upi,gpay,icici,ocr_upi
38688 rupaye books lia Coursera ko credit card se,38688,education,card,,,hinglish_natural
Spent Rs719 on Rahul using cash,719,friends,cash,,,english_natural
Paid 822 for BYJU'S via CRED,822,education,upi,cred,,english_natural
home loan car loan credit card EMI monthly R 265 autopay jupiter,265,emi,upi,jupiter,,cue_row
tuition ka books liya 8867 Gpay pe,8867,education,upi,gpay,,hinglish_natural
Unacademy payment Rs.475 done via fi,475,education,upi,fi,,english_natural
Spent INR 372.02 on broadband using slice,372.02,utilities,upi,slice,,english_natural
i paid 136 rupees for SpiceJet using card,136,travel,card,,hdfc,voice_transcript
Rohan ko 4153 transfer kiya GPay se,4153,friends,upi,gpay,,friends_synthetic
spent 39 rupees on personal loan EMI via G Pay,39,emi,upi,gpay,,voice_transcript
Paid crypto INR 283 using debit card from SBI,283,investment,card,,sbi,english_natural
Angel One se SIP bharra 3823 rupaiye ka UPI se pay kya,3823,investment,upi,phonepe,niyo,hinglish_natural
335 rupaye ACT Fibernet UPI se pay kr diya budget tod diya,335,utilities,upi,gpay,,hinglish_natural
office se aate hue FD se stock lia 413 rs. ka credit card se,413,investment,card,,,hinglish_natural
Rohan Rs 136 debited from Fi,136,friends,cash,,fi,english_natural
Croma pe 13986 ₹ ka khareed lia GPay se pay kar diya,13986,shopping,upi,gpay,,hinglish_natural
₹159 charged for Vedantu on credit card,159,education,card,,,english_natural
3413 rupay concert card se,3413,entertainment,card,,,hinglish_natural
coaching exam preparation study material 127 Paytm,127,education,upi,paytm,pnb,cue_row
TO:AIRTELRECHARGE airtelrecharge.73447@statebankbank From:RAHULKUMAR (State Bank Gpay : sender5153@okstatebankbank,4069.14,utilities,upi,gpay,sbi,ocr_upi
ghar jaate waqt mutual fund 1124 rs Gpay pe,1124,investment,upi,gpay,axis,hinglish_natural
235 BSNL,235,utilities,card,,,english_natural
Rahul se paise bheje 43451 rs ka via Phonepe,43451,friends,upi,phonepe,,hinglish_natural
amazon flipkart myntra online shopping order Rs.1146 jupiter,1146,shopping,upi,jupiter,axis,cue_row
ACT Fibernet me 21703 rupees ka payment kia Phone Pe pe,21703,utilities,upi,phonepe,,hinglish_natural
paid Divya Rs.248 via Gpay,248,friends,upi,gpay,,friends_synthetic
MedPlus ka 234 rupees ka bill cash se pay kiya,234,healthcare,cash,,,voice_transcript
yaar se split kr diya 372 rs ka via CRED,372,friends,upi,cred,,hinglish_natural
rent Rs 3145 Gpay,3145,utilities,upi,gpay,indusind,ocr_upi
39164 rupaye PharmEasy UPI se pay kia,39164,healthcare,upi,phonepe,axis,hinglish_natural
"ELECTRICITY BILL
Item 1 433
Item 2 274
Total ₹480.79
Phone Pe",480.79,utilities,upi,phonepe,,ocr_receipt
mutual fund SIP stocks PPF FD investment t1088 GPay,1088,investment,upi,gpay,indusind,cue_row
rickshaw 210 rs card se,210,travel,card,,,hinglish_natural
Paid Rs.1482 to rent PhonePe UPI Punjab National Bank 5309 Completed,1482,utilities,upi,phonepe,pnb,ocr_upi
"Meesho
Net Amount 11851.18
Paid via CARD",11851.18,shopping,card,,,ocr_receipt
bhai Priya ka 4904 rupaye GPay se de diya,4904,friends,upi,gpay,,voice_transcript
Used Slice Gpay to pay Rs112.34 for bike loan EMI,112.34,emi,upi,gpay,slice,english_natural
split bill 298 PayTM se bhai ko diya,298,friends,upi,paytm,,friends_synthetic
28672 rs. Dunkin cash me,28672,food,cash,,,hinglish_natural
Paid ₹301 for home loan EMI from my ICICI Bank account via credit card,301,emi,card,,icici,english_natural
34377 paid to library via Google Pay UPI from Indusind Bank Bank ending 8904,34377,education,upi,gpay,indusind,ocr_upi
personal loan installment EMI deduction INR 49453 card,49453,emi,card,,,cue_row
Airtel recharge se recharge kiya 7497 ₹ ka card se pay kiyaa,7497,utilities,card,,,hinglish_natural
maine 41761 rupaye Burger King ko diye cash se,41761,food,cash,,,voice_transcript
SonyLIV 22150 Fi Completed icici 5293,22150,entertainment,upi,fi,icici,ocr_upi
bhai pe 4962 rupaiye ka dost ko diy via PayTM,4962,friends,upi,paytm,,hinglish_natural
bhai 768 rs Netflix UPI se bhai,768,entertainment,upi,slice,jupiter,hinglish_natural
personal loan EMI se EMI kat gayi 12130 ka Paytm pe,12130,emi,upi,paytm,,hinglish_natural
"AMAZON
Item 1 363
Item 2 INR 177
Total 26140.73
CARD",26140.73,shopping,card,,,ocr_receipt
POS/PERSONAL LOAN EMI/VISA/1259,2547.99,emi,card,,,english_natural
subah Udemy 2413 rupaiye naqad,2413,education,cash,,kotak,hinglish_natural
spent 16958 rupees on SBI loan via card,16958,emi,card,,axis,voice_transcript
Electronics shopping INR 13334,13334,shopping,upi,jupiter,,source_english
mutual fund SIP stocks PPF FD investment Rs 639 card,639,investment,card,,,cue_row
ghar jaate waqt bike loan EMI 25057 rs UPI se pay kr diya,25057,emi,upi,gpay,,hinglish_natural
₹240 to Divya Jupiter UPI,240,friends,upi,jupiter,,friends_synthetic
friend ka split kr diya 3008 ₹ UPI se diye,3008,friends,upi,phonepe,,hinglish_natural
abhi 3158 rupaye dentist UPI se pay kiyaa,3158,healthcare,upi,gpay,sbi,hinglish_natural
Paid t2841 for Zee5 via Gpay,2841,entertainment,upi,gpay,,english_natural
"Zara BILL
St: ₹421
CARD APPROVED",421,shopping,card,,sbi,ocr_receipt
spent 311 rupees on Tata Play via Jupiter,311,utilities,upi,jupiter,sbi,voice_transcript
dentist 1330 G Pay Successful YES BANK 9810,1330,healthcare,upi,gpay,yes bank,ocr_upi
Vedantu pe 17151 rs. ka admission kya PayTM se IDFC First wale account se matlab,17151,education,upi,paytm,idfc,hinglish_natural
32358 Slice FirstCry,32358,shopping,upi,slice,,english_natural
Pizza Hut t1337 cash,1337,food,cash,,sbi,english_natural
₹291 charged for credit card EMI on credit card,291,emi,card,,,english_natural
aaj 232 rupaiye shopping kiyaa Croma ko debit card se,232,shopping,card,,,hinglish_natural
"Box8 BILL
St: ₹311.07
CARD APPROVED",311.07,food,card,,,ocr_receipt
Meesho 88 rupaiye debit card se,88,shopping,card,,,hinglish_natural
kal gold 500 rs. UPI se die HDFC wale account se budget tod diya,41097,investment,upi,cred,hdfc,source_hinglish
Angel One ka stock liya 475 ₹ Google Pay se,475,investment,upi,gpay,,hinglish_natural
4489.16 Amazon Prime,4489.16,entertainment,upi,bhim,,english_natural
office se aate hue SpiceJet pe 103 ₹ ka ticket book kia UPI se pay kr diya bc,103,travel,upi,slice,federal bank,hinglish_natural
BSNL ka bill pay kya 116 rupaiye via paytm,116,utilities,upi,paytm,,hinglish_natural
ATM/CASH/JUPITER/2928,2928,emi,card,,jupiter,english_natural
maine 375 rupaye Unacademy ko diye Gpay se,375,education,upi,gpay,,voice_transcript
bhai Haldirams ka mangwaya 36260 rupaye naqad,36260,food,cash,,,hinglish_natural
26963 rs mutual fund UPI se pay kiyaa bohot mehenga,26963,investment,upi,gpay,,hinglish_natural
"SonyLIV 16754.71 Completed 16Jan 2026,10:51 am YES BANK 4299 UPI transaction ID 04878601508334",16754.71,entertainment,upi,cred,yes bank,ocr_upi
today i spent 803 on Vi recharge via CRED from my HDFC Bank bank,803,utilities,upi,cred,hdfc,voice_transcript
abhi YouTube Premium 3144 rupay UPI se pay kiyaa,3144,entertainment,upi,paytm,icici,hinglish_natural
"DMart BILL
St: t319.85
Gpay Approved",319.85,food,upi,gpay,,ocr_receipt
3096 rs mangwaya Pizza Hut pe gpay pe,3096,food,upi,gpay,,hinglish_natural
aaj credit card EMI pe 3255 rupaye kharcha hua bhim se,3255,emi,upi,bhim,kotak,voice_transcript
kal 22196 rupaye test karaya Practo ko naqad,45663,healthcare,cash,,,source_hinglish
mess se mangwaya 7091 ka UPI se pay kiyaa Punjab National Bank card se matlab,7091,food,upi,phonepe,pnb,hinglish_natural
EDUCATION LOAN EMI INR 4437,4437,emi,card,,,english_natural
2453 Fi MakeMyTrip,2453,travel,upi,fi,,english_natural
135 rs split kiya bhai pe cash de diye,135,friends,cash,,,hinglish_natural
Paid 470 for Priya from my Kotak Mahindra account via Google Pay,470,friends,upi,gpay,kotak,english_natural
UPI/48378546/PPF/BANK,1417,investment,upi,cred,,english_natural
lunch dinner food order swiggy zomato restaurant meal Rs.9712 cash,9712,food,cash,,,cue_row
amazon flipkart myntra online shopping order Rs 3351 card,3351,shopping,card,,,cue_row
32562 rupay show dekha concert pe haath se diy,32562,entertainment,cash,,,hinglish_natural
yaar BookMyShow pe 3157 rupaiye ka subscription renew kya card se pay kya,3157,entertainment,card,,,hinglish_natural
bike loan EMI ka installment de diye 942 rupaye card se pay kya,942,emi,card,,,hinglish_natural
"JIOMART
Item 1 464
Item 2 Rs 75
Total INR 3839
Paytm",3839,food,upi,paytm,hdfc,ocr_receipt
7771 ka bro bill pay kiya PhonePe se,7771,friends,upi,phonepe,,voice_transcript
paid 324 to Paytm Money through SLICE,324,investment,upi,slice,,voice_transcript
1095 mutual fund kar diya FD pe card se pay kya,1095,investment,card,,,hinglish_natural
i did 3296 expense on lab test using card,3296,healthcare,card,,,voice_transcript
Ananya se dost ko die 134 rupaye ka naqad bc,134,friends,cash,,niyo,hinglish_natural
Reliance Digital me 542 ka khareed liya credit card se,542,shopping,card,,,hinglish_natural
1mg pe 4690 rs. ka medicine le liya haath se diye Kotak se kata,1,healthcare,cash,,kotak,hinglish_natural
?1653 paid to HDFC loan via bhim UPI from Yes Bank Bank ending 8835,1653,emi,upi,bhim,yes bank,ocr_upi
split bill 3155 Phonepe se Vikram ko diya,3155,friends,upi,phonepe,,friends_synthetic
college fees 57 naqad budget tod diya,38439,education,cash,,,source_hinglish
i did 3410 expense on doctor using Slice,3410,healthcare,upi,slice,pnb,voice_transcript
electronics clothes shoes accessories purchase ₹36382 via GPay,36382,shopping,upi,gpay,,cue_row
paid 21323 to gas bill through card,21323,utilities,card,,,voice_transcript
43616 charged for INOX on Paytm,43616,entertainment,upi,paytm,,english_natural
NEFT/TRANSFER/APOLLO PHARMACY/,1739,healthcare,card,,,english_natural
"NETFLIX RESTAURANT
Total 492
Cash Received
Change 0.00",492,entertainment,upi,cred,,ocr_receipt
Air India mein 429 lag gaye Phone Pe se bhara,429,travel,upi,phonepe,,voice_transcript
i did 457 expense on personal loan EMI using card,457,emi,card,,axis,voice_transcript
bhai Tata Play ka 864 rupaye BHIM se de diya,864,utilities,upi,bhim,,voice_transcript
crypto gold bonds NPS portfolio R 27049 Gpay,27049,investment,upi,gpay,,cue_row
bike loan EMI me 12592 rs. ka EMI kat gayi card se Axis se,12592,emi,card,,axis,hinglish_natural
hospital Rs 2866 Visa,2866,healthcare,card,,,english_natural
Fixed deposit investment INR 9520,9520,investment,upi,cred,,source_english
"lab test
Net Amount 2063
Paid via CASH",2063,healthcare,cash,,,ocr_receipt
dentist ka dawai liya 268 rupaye card se pay kiyaa,268,healthcare,card,,,hinglish_natural
40432 charged for home loan EMI on credit card,40432,emi,card,,,english_natural
electronics store 121 rupaiye slice pe,19936,shopping,upi,slice,,source_hinglish
friend payment R 475 done via phonepe,475,friends,upi,phonepe,axis,english_natural
Bought home loan EMI for 10517 with gpay,10517,emi,upi,gpay,yes bank,english_natural
1585 rupaye invest kar diya Groww pe debit card se,1585,investment,card,,,hinglish_natural
electronics clothes shoes accessories purchase ₹618 via card,618,shopping,card,,,cue_row
amazon flipkart myntra online shopping order Rs 18369 cash,18369,shopping,cash,,,cue_row
aaj 2311 ₹ installment de diya Bajaj Finance EMI ko CRED pe kotak card se,2311,emi,upi,cred,kotak,hinglish_natural
Zomato dinner INR 29492,29492,food,cash,,,source_english
gaming concert event ticket 197 card,197,entertainment,card,,,cue_row
stationery pe 4620 ka tuition die cash me Axis Bank wale account se,4620,education,cash,,axis,hinglish_natural
17104 to dentist via Visa,17104,healthcare,card,,,english_natural
TO:ZERODHA zerodha.66394@hdfcbank From:UTSAVJANA (HDFC Gpay : sender7266@okhdfcbank,485.34,investment,upi,gpay,hdfc,ocr_upi
Amazon 20815.31 G Pay Completed HDFC 1403,20815.31,shopping,upi,gpay,hdfc,ocr_upi
₹49 to FirstCry via phonepe,49,shopping,upi,phonepe,,english_natural
home loan car loan credit card EMI monthly Rs 726 autopay card,726,emi,card,,,cue_row
Paid car loan EMI 15477.77 using CRED from NIYO,15477.77,emi,upi,cred,niyo,english_natural
253 rs movie dekhi gaming pe card se,253,entertainment,card,,,hinglish_natural
PharmEasy pe 36153 rs. ka medicine lia naqad,14903,healthcare,cash,,bandhan,source_hinglish
"Croma
Net Amount 2261
Paid via CASH",2261,shopping,cash,,,ocr_receipt
"electricity bill BILL
St: ₹437
CARD APPROVED",437,utilities,card,,,ocr_receipt
bhai Apple Music ka 242 rupaye card se de diya,242,entertainment,card,,,voice_transcript
Bhim payment Rs 4819.14 IRCTC State Bank 7283 completed,4819.14,travel,upi,bhim,sbi,ocr_upi
Just paid INR 272.10 to BookMyShow through credit card,272.10,entertainment,card,,,english_natural
Nykaa 193 rs. naqad,193,shopping,cash,,,hinglish_natural
FirstCry se saman liya 1171 rupaye ka slice se,1171,shopping,upi,slice,slice,hinglish_natural
Paid ₹12597 for gold from my Axis Bank account via Phonepe,12597,investment,upi,phonepe,axis,english_natural
school fees se course lya 3866 rupay ka credit card se Yes Bank se,3866,education,card,,yes bank,hinglish_natural
670 food order kya CCD pe UPI se pay kia,670,food,upi,paytm,,hinglish_natural
home loan car loan credit card EMI monthly 464 autopay PhonePe,464,emi,upi,phonepe,,cue_row
insurance premium ka bill pay kya 1116 rs. debit card se,1116,utilities,card,,,hinglish_natural
yaar MedPlus 2616 rupaye UPI se slice card se,2616,healthcare,upi,cred,slice,hinglish_natural
ghar jaate waqt MedPlus me 2085 rs ka dawai liyaa naqad,2085,healthcare,cash,,,hinglish_natural
Spent 1611 on Jio recharge using PhonePe,1611,utilities,upi,phonepe,sbi,english_natural
Just paid Rs.198 to eye checkup through PhonePe,198,healthcare,upi,phonepe,,english_natural
breakfast snacks chai coffee ?23178 gpay,23178,food,upi,gpay,,cue_row
40395 ka bhai bill pay kiya niyo se,40395,friends,upi,niyo,,voice_transcript
raat ko FD 465 rs. Fi se pay kr diya jupiter card se,465,investment,upi,fi,jupiter,hinglish_natural
"concert 379.76 Completed 3Aug 2026,9:37 am HDFC Bank 5955 UPI transaction ID 01302878332067",379.76,entertainment,upi,bhim,hdfc,ocr_upi
"BILL
MedPlus
Rs.47256
CARD
Thank You Visit Again",47256,healthcare,card,,,ocr_receipt
1322 rupaye mobile recharge SLICE se,1322,utilities,upi,slice,hdfc,hinglish_natural
Paid INR 3789 for personal loan EMI from my HDFC account via paytm,3789,emi,upi,paytm,hdfc,english_natural
sent Rs.4634 to Arjun on Paytm,4634,friends,upi,paytm,yes bank,friends_synthetic
46861 rupees mangwaya McDonald's ko card se bohot mehenga,46861,food,card,,,hinglish_natural
Rs266.69 paid to Cleartrip via CRED UPI from HDFC Bank ending 1800,266.69,travel,upi,cred,hdfc,ocr_upi
53.08 paid to Bajaj Finance EMI via G Pay UPI from Bandhan Bank Bank ending 2558,53.08,emi,upi,gpay,bandhan,ocr_upi
Vikram mein 44835 lag gaye Gpay se bhara,44835,friends,upi,gpay,,voice_transcript
Paid ₹5546 to Nature's Basket CRED UPI Canara Bank 3882 Completed,5546,food,upi,cred,canara,ocr_upi
Vedantu se tuition diye 4089 rs ka SLICE pe,4089,education,upi,slice,,hinglish_natural
₹237.17 to tuition via cash,237.17,education,cash,,,english_natural
today i spent 39415 on CCD via card from my Axis bank,39415,food,card,,axis,voice_transcript
Rs.44031 debited from your HDFC Bank account for Unacademy (BHIM UPI),44031,education,upi,bhim,hdfc,ocr_upi
Snapdeal pe 12211 rs ka shopping kr diya UPI se pay kia,12211,shopping,upi,paytm,,hinglish_natural
Bought library for ₹134.32 with Mastercard,134.32,education,card,,niyo,english_natural
coaching 3497 slice,3497,education,upi,slice,icici,ocr_upi
Tata Play pe 265 rupaye ka bill bharra gpay pe,265,utilities,upi,gpay,,hinglish_natural
FirstCry INR 3781 debited from Fi,3781,shopping,upi,paytm,fi,english_natural
3461.57 diagnostic,3461.57,healthcare,card,,federal bank,english_natural
"PVR
Net Amount 2644
Paid via jupiter",2644,entertainment,upi,jupiter,,ocr_receipt
grocery vegetables milk bread fruits ?30964 paid cash,30964,food,cash,,,cue_row
Stock purchase INR 9736,9736,investment,upi,cred,,source_english
today i spent 376 on Tata CLiQ via card,376,shopping,card,,,voice_transcript
HDFC LOAN INR 3645 BOB,3645,emi,card,,bob,english_natural
dinner split 383 rupaye Priya Bhim,383,friends,upi,bhim,,friends_synthetic
bhai Shreya ko udhar return kiya 2612 rs Slice se,2612,friends,upi,slice,hdfc,friends_synthetic
Coursera mein 37583 lag gaye paytm se bhara,37583,education,upi,paytm,,voice_transcript
NEFT/TRANSFER/SBI LOAN/HDFC,3741,emi,upi,paytm,hdfc,english_natural
maine 394 rupaye Unacademy ko diye cash se,394,education,cash,,,voice_transcript
eye checkup ka medicine lya 68 rs. debit card se,68,healthcare,card,,,hinglish_natural
gaming concert event ticket 352 Jupiter,352,entertainment,upi,jupiter,,cue_row
MakeMyTrip me 2530 rupaiye ka petrol bhara card se,2530,travel,card,,,hinglish_natural
bhai PPF ka 4005 rupaye gpay se de diya,4005,investment,upi,gpay,,voice_transcript
petrol diesel fuel t3067 at pump card,3067,travel,card,,,cue_row
Lenskart ka khareed liya 2589 rupaye card se HDFC card se,2589,shopping,card,,hdfc,hinglish_natural
PVR 3440 ₹ debit card se,3440,entertainment,card,,,hinglish_natural
Nykaa 1103 rupees card se slice se,1103,shopping,card,,slice,hinglish_natural
Paid Snapdeal Rs.380 using credit card,380,shopping,card,,,english_natural
maine 344 rupaye HDFC loan ko diye card se,344,emi,card,,,voice_transcript
netflix spotify hotstar subscription movie show ?1185 cash,1185,entertainment,cash,,,cue_row
sent 39963 to friend on G Pay split bill UPI,39963,friends,upi,gpay,,cue_row
eye checkup se test karaya 3051 rupees ka UPI se Punjab National Bank account se,3051,healthcare,upi,gpay,pnb,hinglish_natural
mess Rs 3452 SLICE,3452,food,upi,slice,,english_natural
"Tata Play BILL
St: ₹27713
CARD APPROVED",27713,utilities,card,,,ocr_receipt
1417 rupees khana khya Swiggy pe UPI se diy,1417,food,upi,slice,,hinglish_natural
Kuvera 21448 rs. debit card se matlab,21448,investment,card,,slice,hinglish_natural
spent 2043 rupees on DMart via card,2043,food,card,,,voice_transcript
RedBus 4511 rs via PayTM,4511,travel,upi,paytm,,hinglish_natural
829 EMI bharra HDFC loan pe UPI se pay kar diya,829,emi,upi,paytm,,hinglish_natural
"Receipt #7638
BookMyShow
Amount Paid: 24914
Mode: CARD",24914,entertainment,card,,,ocr_receipt
FirstCry ka shopping kya 29 rs. debit card se,29,shopping,card,,slice,hinglish_natural
bhai Rohan ko udhar return kiya 158 rs card se,158,friends,card,,,friends_synthetic
48296 rupees loan payment kia bike loan EMI pe UPI se de diya kotak wale account se,48296,emi,upi,bhim,kotak,hinglish_natural
aaj mutual fund pe 1425 rupaye kharcha hua card se,1425,investment,card,,,voice_transcript
aaj 107 rs fees bhra Udemy ko UPI se,107,education,upi,jupiter,,hinglish_natural
netflix spotify hotstar subscription movie show Rs.266 card,266,entertainment,card,,,cue_row
grocery vegetables milk bread fruits Rs.11227 paid gpay,11227,food,upi,gpay,kotak,cue_row
Payment of Rs2979 to Rohan was successful via PayTM UPI Ref No 97426085502 State Bank Account 8270,2979,friends,upi,paytm,sbi,ocr_upi
aaj Coursera me 3802 ka tuition diyee card se Fi se kata,3802,education,card,,fi,hinglish_natural
Bought IndiGo for Rs.398.31 with cash,398.31,travel,cash,,,english_natural
274.67 Slice Lenskart,274.67,healthcare,upi,slice,,english_natural
48095 rs invest kia NPS ko UPI se die,48095,investment,upi,cred,slice,hinglish_natural
ghar jaate waqt SBI loan se loan payment kiya 3698 rs ka gpay pe HDFC Bank card se,3698,emi,upi,gpay,hdfc,hinglish_natural
"WATER BILL RESTAURANT
Total 2536
Cash Received
Change 0.00",2536,utilities,upi,cred,yes bank,ocr_receipt
"BILL
gas bill
Rs.3011
Jupiter
Thank You Visit Again",3011,utilities,upi,jupiter,,ocr_receipt
i paid 397 rupees for Cleartrip using card,397,travel,card,,,voice_transcript
paid Shreya ₹12087 via cash,12087,friends,cash,,,friends_synthetic
subah 1945 rupees car loan EMI debit card se,1945,emi,card,,,hinglish_natural
SonyLIV 3296 cash,3296,entertainment,cash,,,english_natural
crypto me 1425 rs. ka paisa daala debit card se yaar,1425,investment,card,,kotak,hinglish_natural
Paid ₹185.53 for diagnostic via G Pay,185.53,healthcare,upi,gpay,icici,english_natural
maine 1144 rupaye Priya ko diye G Pay se,1144,friends,upi,gpay,,voice_transcript
dinner split 3927 rupaye Rohan GPay,3927,friends,upi,gpay,,friends_synthetic
PPF contribution INR 43294,43294,investment,upi,jupiter,,source_english
concert 2572.74 PhonePe,2572.74,entertainment,upi,phonepe,icici,ocr_upi
flatmate rent share 70 card flatmate,70,friends,card,,,friends_synthetic
abhi concert me 48130 rupees ka game lya card se pay kiya,48130,entertainment,card,,,hinglish_natural
today i spent 231 on water bill via Jupiter,231,utilities,upi,jupiter,,voice_transcript
abhi 29354 rupaiye paise bheje Rahul pe card se sbi card se,29354,friends,card,,sbi,hinglish_natural
bhai Dominos pe 244 rs. ka khana khaya via Cred,244,food,upi,cred,,hinglish_natural
bro ko 2122 transfer kiya Fi se,2122,friends,upi,fi,,friends_synthetic
t1191 to PPF via Paytm,1191,investment,upi,paytm,,english_natural
abhi school fees se admission kia 297 rs. ka card se yaar,33733,education,card,,,source_hinglish
mall se buy kiya 633 rupaye ka card se,633,shopping,card,,,hinglish_natural
Rapido 26068 rupay cash me,26068,travel,cash,,,hinglish_natural
281 shopping kiya Reliance Digital pe via PayTM,281,shopping,upi,paytm,,hinglish_natural
"Vi recharge BILL
St: INR 9183
CARD Approved",9183,utilities,card,,,ocr_receipt
JioMart 197 ₹ UPI se pay kiyaa,37514,food,upi,phonepe,,source_hinglish
kal 886 rupaye food order kar diya Box8 ko debit card se,886,food,card,,,hinglish_natural
Paid 129.03 for credit card EMI from my kotak account via credit card,129.03,emi,card,,kotak,english_natural
"D SBILOAN 1137 Completed 2Feb 2026,7:52 pm hdfc Bank 4886 UPI transaction ID 0946186771641 TO:SBILOAN sbi loan.78022@hdfcbank Soogletransaction lD XYZabc049912 OPI slice",1137,emi,upi,slice,hdfc,ocr_upi
spent 63 rupees on food court via phonepe,63,food,upi,phonepe,sbi,voice_transcript
Croma ka khareed lya 1108 rs credit card se icici se kata,1108,shopping,card,,icici,hinglish_natural
249 rs course lia stationery pe naqad yaar,249,education,cash,,,hinglish_natural
Angel One ka paisa daala 2824 rs. card se pay kia bhai,2824,investment,card,,fi,hinglish_natural
Payment of t651 to mobile recharge was successful via cred UPI Ref No 1743040256 icici Account 6305,651,utilities,upi,cred,icici,ocr_upi
CCD ka mangwaya 2258 rupaiye cash de diya,2258,food,cash,,,hinglish_natural
Just paid ₹36.04 to Dunkin through Phonepe,36.04,food,upi,phonepe,,english_natural
bhai mall ka 298 rupaye card se de diya,298,shopping,card,,,voice_transcript
4417 rupay coaching UPI se de diya,4417,education,upi,cred,,hinglish_natural
i did 14819 expense on Dominos using cash,14819,food,cash,,hdfc,voice_transcript
₹60 to roommate Phonepe UPI,60,friends,upi,phonepe,,friends_synthetic
bhai home loan EMI ka 206 rupaye CRED se de diya,206,emi,upi,cred,,voice_transcript
sent money to Divya Rs.2924 on gpay,2924,friends,upi,gpay,,friends_synthetic
428 rupaye Rahul UPI se,428,friends,upi,bhim,sbi,hinglish_natural
stationery ₹1698.32 debited from Yes Bank,1698.32,education,upi,paytm,yes bank,english_natural
i did 74 expense on auto using Bhim,74,travel,upi,bhim,,voice_transcript
today i spent 1457 on gaming via Google Pay,1457,entertainment,upi,gpay,,voice_transcript
Used hdfc cash to pay ₹3658.84 for DishTV,3658.84,utilities,cash,,hdfc,english_natural
ghar jaate waqt Starbucks 23158 rupaye UPI se,23158,food,upi,slice,,hinglish_natural
"TAX INVOICE
hospital
Grand Total: t6664.52
Payment: CARD",6664.52,healthcare,card,,,ocr_receipt
yaar 10706 ₹ bill bhra Vi recharge ko naqad,10706,utilities,cash,,,hinglish_natural
120 charged for mall on cash,120,shopping,cash,,,english_natural
2692 fees bhar diya BYJU'S ko credit card se,2692,education,card,,,hinglish_natural
143 ₹ game liya YouTube Premium pe credit card se,143,entertainment,card,,,hinglish_natural
"BILL
Lenskart
₹92.39
CARD
Thank You Visit Again",92.39,shopping,card,,,ocr_receipt
car loan EMI ka installment die 1152 rupay card se pay kya,37761,emi,card,,,source_hinglish
28642 PVR,28642,entertainment,upi,slice,axis,english_natural
34767 rupees IndiGo card,34767,travel,card,,,voice_transcript
Arjun 30603.95,30603.95,friends,upi,cred,,english_natural
mall 38086 debited from SLICE,38086,shopping,card,,slice,english_natural
TO:COLLEAGUE colleague.11285@axisbank From:UTSAVJANA (axis Phonepe : sender1807@okaxisbank,161,friends,upi,phonepe,axis,ocr_upi
paid 136 to Apollo Pharmacy through Jupiter from icici,136,healthcare,upi,jupiter,icici,voice_transcript
Snapdeal me 249 rupay ka shopping kar diya debit card se HDFC Bank wale account se,249,shopping,card,,hdfc,hinglish_natural
"D TATACLIQ 1421.00 Completed 23Apr 2026,5:23 pm SBI Bank 7256 UPI transaction ID 4667291554872 TO:TATACLIQ tata cliq.79574@sbibank Goog1etransaction lD CICAgJjg673756 OPI SLICE",1421.00,shopping,upi,slice,sbi,ocr_upi
Zee5 pe 164 rupay ka show dekha card se,5,entertainment,card,,,hinglish_natural
Paytm Money pe 544 ₹ ka paisa daala fi pe,544,investment,upi,fi,,hinglish_natural
INR 77 paid to Subway via PhonePe UPI from PNB Bank ending 3591,77,food,upi,phonepe,pnb,ocr_upi
"BYJU'S 423 Completed 12Nov 2025,2:36 am ICICI Bank 6037 UPI transaction ID 07773088153",423,education,upi,cred,icici,ocr_upi
"TAX INVOICE
Pizza Hut
Grand Total: ₹424.66
Payment: CARD",424.66,food,card,,icici,ocr_receipt
"AMAZON PRIME RESTAURANT
Total 2254
Cash Received
Change 0.00",2254,entertainment,upi,gpay,,ocr_receipt
Paid t315.63 to Apollo Pharmacy Paytm UPI hdfc 3765 Done,315.63,healthcare,upi,paytm,hdfc,ocr_upi
Rs.296 to Neha card UPI,296,friends,card,,,friends_synthetic
ATM/CASH/BANK/88.67,88.67,food,upi,gpay,,english_natural
2297 ₹ recharge kia rent ko UPI se,2297,utilities,upi,gpay,,hinglish_natural
383 rs transfer kia Amit ko via jupiter zyada ho gaya,383,friends,upi,jupiter,,hinglish_natural
2979.85 SBI loan,2979.85,emi,upi,bhim,,english_natural
3797 rs medicine liya Netmeds pe debit card se icici card se,3797,healthcare,card,,icici,hinglish_natural
"APOLLO PHARMACY RESTAURANT
Total 3075
Cash Received
Change 0.00",3075,healthcare,upi,bhim,,ocr_receipt
UPI/05359431/HOME LOAN EMI/BANK,23535,emi,card,,,english_natural
4813 ₹ tuition die Vedantu pe card se bc,4813,education,card,,,hinglish_natural
paid 134 to Chai Point through PayTM from State Bank,134,food,upi,paytm,sbi,voice_transcript
Just paid INR 1773 to BSNL through G Pay,1773,utilities,upi,gpay,,english_natural
exam fee se fees bharra 311 rs. ka cash me,11055,education,cash,,,source_hinglish
Just paid Rs 114.67 to Barbeque Nation through cash,114.67,food,cash,,,english_natural
"YouTube Premium
Net Amount 3878
Paid via PhonePe",3878,entertainment,upi,phonepe,,ocr_receipt
UPI/78329801/PERSONAL LOAN EMI/BANK,39789,emi,card,,,english_natural
Used Niyo PayTM to pay Rs 286 for Priya,286,friends,upi,paytm,niyo,english_natural
17792 rupay Hotstar UPI se pay kia zyada ho gaya,17792,entertainment,upi,jupiter,hdfc,hinglish_natural
paid 3858 to Coin through Phonepe,3858,investment,upi,phonepe,,voice_transcript
NEFT/TRANSFER/STATIONERY/,567,education,upi,phonepe,,english_natural
tuition me 1749 rupaiye ka course lia naqad,1749,education,cash,,,hinglish_natural
Amit 196 paytm,196,friends,upi,paytm,pnb,english_natural
home loan EMI Rs.402 phonepe,402,emi,upi,phonepe,hdfc,ocr_upi
lab test se medicine le liya 5588 rupaye ka Gpay se Punjab National Bank card se,5588,healthcare,upi,gpay,pnb,hinglish_natural
"Zee5
Net Amount 4752
Paid via CARD",4752,entertainment,card,,,ocr_receipt
Game purchase INR 10121,10121,entertainment,card,,,source_english
metro 318,318,travel,card,,sbi,english_natural
"H&M 150 Completed 12Jul 2025,5:27 pm IDFC 8649 UPI transaction ID 44200421867",150,shopping,upi,gpay,idfc,ocr_upi
bhai DMart 4967 rupees haath se diye,4967,food,cash,,axis,hinglish_natural
yaar 51 rupaiye mangwaya Dominos ko UPI se,51,food,upi,cred,,hinglish_natural
subah Groww ka SIP bhra 53 rs. card se pay kia,53,investment,card,,,hinglish_natural
393 ka Cleartrip bill pay kiya card se,393,travel,card,,,voice_transcript
Paid ₹2872.98 for Dominos from my NIYO account via bhim,2872.98,food,upi,bhim,niyo,english_natural
EatFit Rs.1091 gpay,1091,food,upi,gpay,pnb,ocr_upi
paid 3323 to Gaana through card from icici,3323,entertainment,card,,icici,voice_transcript
i did 3867 expense on Amazon using gpay,3867,shopping,upi,gpay,niyo,voice_transcript
INR 2106 paid to SBI loan via GPay UPI from HDFC Bank ending 8584,2106,emi,upi,gpay,hdfc,ocr_upi
₹1867 charged for water bill on SLICE,1867,utilities,upi,slice,pnb,english_natural
4156 rupees SIP bharra Angel One ko UPI se die SBI se,4156,investment,upi,cred,sbi,hinglish_natural
bhai Yatra ka 18291 rupaye slice se de diya,18291,travel,upi,slice,,voice_transcript
652 rupay library card se,652,education,card,,sbi,hinglish_natural
3154 ₹ BYJU'S UPI se,3154,education,upi,phonepe,,hinglish_natural
Rs 2249 to Apple Music via card,2249,entertainment,card,,,english_natural
aaj IndiGo pe 347 rupaye kharcha hua card se,347,travel,card,,,voice_transcript
home loan EMI 477 credit card,477,emi,card,,niyo,english_natural
EatFit 128.99 cash,128.99,food,cash,,,english_natural
aaj 177 rs Nykaa via Gpay,177,shopping,upi,gpay,icici,hinglish_natural
TO:BSNL bsnl.87210@kotakbank From:AMITSINGH (Kotak slice : sender3132@okkotakbank,574,utilities,upi,slice,kotak,ocr_upi
14530 Gpay FirstCry,14530,shopping,upi,gpay,,english_natural
Payment of 3876 to electronics store was successful via gpay UPI Ref No 051097247254265 BOB Account 1335,3876,shopping,upi,gpay,bob,ocr_upi
"FirstCry 2593 Completed 8Feb 2026,1:23 pm Bank of Baroda 8720 UPI transaction ID 25832014354563",2593,shopping,upi,bhim,bob,ocr_upi
Paid INR 392.73 for Meesho via card,392.73,shopping,card,,,english_natural
480 rupaye exam fee card se pay kiyaa,480,education,card,,axis,hinglish_natural
sent money to dost INR 132 on paytm,132,friends,upi,paytm,,friends_synthetic
POS/HOME LOAN EMI/BHIM/4692,1483.39,emi,upi,bhim,hdfc,english_natural
Just paid ₹3314.27 to SBI loan through PhonePe,3314.27,emi,upi,phonepe,,english_natural
TO:PPF ppf.41344@hdfcbankbank From:AMITSINGH (HDFC Bank paytm : user7456@okhdfcbankbank,40931.82,investment,upi,paytm,hdfc,ocr_upi
rent maintenance gas connection R 43850 SLICE,43850,utilities,upi,slice,,cue_row
Amazon 39178.90 gpay Payment done HDFC Bank 3560,39178.90,shopping,upi,gpay,hdfc,ocr_upi
"ELECTRICITY BILL
Item 1 Rs 60
Item 2 ₹111
Total Rs.44762
Phone Pe",44762,utilities,upi,phonepe,icici,ocr_receipt
bhai bike loan EMI ka 4045 rupaye card se de diya,4045,emi,card,,,voice_transcript
TO:GASBILL gasbill.13370@hdfcbankbank From:UTSAVJANA (HDFC Bank SLICE : user5112@okhdfcbankbank,5192.59,utilities,upi,slice,hdfc,ocr_upi
TO:DMART dmart.84601@hdfcbank From:UTSAVJANA (HDFC CRED : sender7965@okhdfcbank,17371,food,upi,cred,hdfc,ocr_upi
"Zara BILL
St: 39910
GPay APPROVED",39910,shopping,upi,gpay,,ocr_receipt
flatmate rent share 2030 jupiter Ananya,2030,friends,upi,jupiter,,friends_synthetic
145 rupees DishTV Google Pay,145,utilities,upi,gpay,,voice_transcript
Paid Rs42364.28 for credit card EMI via Mastercard,42364.28,emi,card,,sbi,english_natural
spent 2802 rupees on Bewakoof via Phone Pe,2802,shopping,upi,phonepe,icici,voice_transcript
"RedBus 71.58 Completed 19Sep 2026,10:13 am Axis 2999 UPI transaction ID 608438291353941",71.58,travel,upi,bhim,axis,ocr_upi
subah 497 subscription renew kiyaa concert ko via PayTM,497,entertainment,upi,paytm,hdfc,hinglish_natural
aaj upGrad pe 4462 rupaye kharcha hua cash se,4462,education,cash,,,voice_transcript
4043 to college fees via cash HDFC Bank account,4043,education,cash,,hdfc,english_natural
exam fee se books lia 8544 rupaiye ka naqad,8544,education,cash,,,hinglish_natural
raat ko Paytm Money se mutual fund kr diya 2450 ₹ ka credit card se Jupiter wale account se,2450,investment,card,,jupiter,hinglish_natural
dost se dost ko die 65 rupay ka UPI se de diya,65,friends,upi,gpay,,hinglish_natural
paid 405 to Zepto through cash from HDFC,405,food,cash,,hdfc,voice_transcript
paid 5276 to Hotstar through paytm,5276,entertainment,upi,paytm,,voice_transcript
PharmEasy ka doctor ko die 154 rupay cash diye SBI account se,154,healthcare,cash,,sbi,hinglish_natural
bhai water bill ka 4611 rupaye card se de diya,4611,utilities,card,,,voice_transcript
Croma Rs 12310 gpay,12310,shopping,upi,gpay,pnb,ocr_upi
Paid INR 35122 for upGrad via Mastercard,35122,education,card,,,english_natural
2316 Mastercard bike loan EMI,2316,emi,card,,bob,english_natural
home loan car loan credit card EMI monthly INR 4615 autopay Google Pay,4615,emi,upi,gpay,,cue_row
Paid ?438.34 for Shreya via GPay,438.34,friends,upi,gpay,,english_natural
doctor pe 37851 rupees ka checkup karaya card se pay kr diya,37851,healthcare,card,,,hinglish_natural
electricity water broadband mobile recharge bill INR 13536 GPay,13536,utilities,upi,gpay,,cue_row
Haldirams ka khana khaaya 651 rs. cash me,651,food,cash,,,hinglish_natural
abhi Udemy pe 9930 rupaye ka course lia card se pay kr diya,7111,education,card,,,source_hinglish
₹27720 debited from your icici account for IRCTC (GPay UPI),27720,travel,upi,gpay,icici,ocr_upi
"ELECTRONICS STORE
Item 1 ₹230
Item 2 Rs 238
Total R 398
Gpay",398,shopping,upi,gpay,hdfc,ocr_receipt
kal upGrad se course lya 3434 rupaiye ka debit card se HDFC se,3434,education,card,,hdfc,hinglish_natural
Divya ko 2431 transfer kiya cash se,2431,friends,cash,,,friends_synthetic
canteen se kha liya 192 ₹ ka cash me,192,food,cash,,,hinglish_natural
"JioCinema BILL
St: ₹1515
PayTM approved",1515,entertainment,upi,paytm,yes bank,ocr_receipt
hospital se checkup karaya 3518 rs ka card se pay kia,40800,healthcare,card,,,source_hinglish
aaj mutual fund pe 49 rupaye kharcha hua Gpay se,49,investment,upi,gpay,bob,voice_transcript
Angel One se stock liya 56 rupees ka card se,56,investment,card,,,hinglish_natural
Just paid Rs 191.29 to Amazon through cash,191.29,shopping,cash,,bandhan,english_natural
auto me 43004 rupay ka petrol bhra Jupiter pe State Bank se,43004,travel,upi,jupiter,sbi,hinglish_natural
bhai dost ko udhar return kiya 6048 rs cash se,6048,friends,cash,,,friends_synthetic
17844 rupees ride lya RedBus ko CRED se pay kr diya,17844,travel,upi,cred,,hinglish_natural
hospital Rs 1129 debited from Slice,1129,healthcare,card,,slice,english_natural
stocks mein 94 lag gaye bhim se bhara,94,investment,upi,bhim,,voice_transcript
UPI/51132953/COLLEGE FEES/SLICE,33335,education,upi,phonepe,slice,english_natural
ATM/CASH/JUPITER/64,64,food,upi,paytm,jupiter,english_natural
Paytm Money payment 2648 done via PhonePe,2648,investment,upi,phonepe,,english_natural
flatmate rent share 144 SLICE Ananya,144,friends,upi,slice,hdfc,friends_synthetic
"SONYLIV RESTAURANT
Total 362
Cash Received
Change 0.00",362,entertainment,upi,paytm,,ocr_receipt
Amazon mein 37137 lag gaye card se bhara,37137,shopping,card,,hdfc,voice_transcript
Rs.48264.46 charged for education loan EMI on debit card,48264.46,emi,card,,,english_natural
Yatra pe 494 rs. ka ticket book kiyaa debit card se Axis Bank card se matlab,494,travel,card,,axis,hinglish_natural
hospital doctor pharmacy medicine diagnostic ₹20287 phonepe,20287,healthcare,upi,phonepe,icici,cue_row
stocks 4459 Fi Money Successful Union Bank 5105,4459,investment,upi,fi,union bank,ocr_upi
Reliance Fresh 361 rs UPI se die,361,food,upi,phonepe,,hinglish_natural
DishTV 18144 rupaye PayTM se pay kia,18144,utilities,upi,paytm,niyo,hinglish_natural
"D PIZZAHUT 412 Completed 23Jan 2026,12:43 pm hdfc Bank 5298 UPI transaction ID 98298108604 TO:PIZZAHUT pizza hut.45207@hdfcbank Goog1etransaction lD CICAgJjg938509 OPI Gpay",412,food,upi,gpay,hdfc,ocr_upi
bhai colleague ka 242 rupaye card se de diya,242,friends,card,,,voice_transcript
INR 4205 to FirstCry via GPay,4205,shopping,upi,gpay,,english_natural
H&M payment ₹233.11 done via Mastercard,233.11,shopping,card,,,english_natural
"SpiceJet 294 Completed 1Mar 2025,4:19 am State Bank 3965 UPI transaction ID 714243880137249",294,travel,upi,jupiter,sbi,ocr_upi
INR 1410 to Flipkart via Google Pay,1410,shopping,upi,gpay,,english_natural
mutual fund SIP stocks PPF FD investment 279 card,279,investment,card,,kotak,cue_row
paid back friend lent money Rs9261 Paytm,9261,friends,upi,paytm,,cue_row
SIP 51 HDFC,51,investment,card,,hdfc,english_natural
i did 348 expense on diagnostic using PayTM,348,healthcare,upi,paytm,icici,voice_transcript
ghar jaate waqt EaseMyTrip se ticket book kya 33466 rupay ka naqad,33466,travel,cash,,bob,hinglish_natural
maine 328 rupaye gold ko diye card se,328,investment,card,,rbl,voice_transcript
Vikram ka udhar return kia 464 rs. UPI se pay kr diya Jupiter wale account se,464,friends,upi,phonepe,jupiter,hinglish_natural
Paytm Money mein 43898 lag gaye card se bhara,43898,investment,card,,,voice_transcript
2173 DishTV,2173,utilities,card,,,english_natural
Reliance Digital 407 rs UPI se zyada ho gaya,407,shopping,upi,niyo,hdfc,hinglish_natural
Kuvera 84.66,84.66,investment,card,,,english_natural
ghar jaate waqt Gaana 629 rs credit card se,629,entertainment,card,,,hinglish_natural
split bill 642 PhonePe se Ananya ko diya,642,friends,upi,phonepe,,friends_synthetic
258.07 paid to PharmEasy via cred UPI from Union Bank Bank ending 5235,258.07,healthcare,upi,cred,union bank,ocr_upi
Rahul me 381 ₹ ka split kr diya cash me HDFC Bank wale account se,381,friends,cash,,hdfc,hinglish_natural
yaar 18239 rs medicine lia dentist pe debit card se Axis account se,18239,healthcare,card,,axis,hinglish_natural
electronics clothes shoes accessories purchase Rs.830 via card,830,shopping,card,,,cue_row
Paytm Money pe 2456 rupees ka SIP bhara credit card se,2456,investment,card,,,hinglish_natural
Food court payment INR 35805,35805,food,card,,,source_english
Myntra 2318 rupees Gpay se,16565,shopping,upi,gpay,sbi,source_hinglish
Paid R 429 for 1mg via Paytm,429,healthcare,upi,paytm,hdfc,english_natural
Spotify 1204.45 cash,1204.45,entertainment,cash,,kotak,english_natural
auto me 786 rupees ka petrol bharra PhonePe se pay kya,786,travel,upi,phonepe,hdfc,hinglish_natural
Paid roommate ₹1315 using Paytm,1315,friends,upi,paytm,,english_natural
bhai Gaana pe 17882 rupay ka movie dekhi card se pay kia,17882,entertainment,card,,,hinglish_natural
paid 110 to ACT Fibernet through PayTM,110,utilities,upi,paytm,,voice_transcript
home loan EMI 358,358,emi,card,,,english_natural
38 rs. game liya Hotstar pe card se,38,entertainment,card,,,hinglish_natural
INR 66 to Divya CRED UPI,66,friends,upi,cred,,friends_synthetic
Practo pe 182 rs ka medicine liya haath se diye bohot mehenga,182,healthcare,cash,,,hinglish_natural
Paid Rs.10370 for concert via Mastercard,10370,entertainment,card,,,english_natural
TO:HOMELOANEMI homeloanemi.63971@yesbankbank From:PRIYASHARMA (Yes Bank Jupiter : user5379@okyesbankbank,3459.71,emi,upi,jupiter,yes bank,ocr_upi
books mein 45120 lag gaye card se bhara,45120,education,card,,,voice_transcript
UPI/01584634/PVR/ICICI,156.22,entertainment,upi,bhim,icici,english_natural
office se aate hue broadband se recharge kr diya 13089 rupees ka via PayTM,13089,utilities,upi,paytm,,hinglish_natural
maine 4281 rupaye Rohan ko diye cred se,4281,friends,upi,cred,,voice_transcript
Rs 3612.00 to lab test via Gpay,3612.00,healthcare,upi,gpay,,english_natural
Spent 333.36 on PharmEasy using Visa,333.36,healthcare,card,,,english_natural
flight booking travel ticket Rs 659 card,659,travel,card,,,cue_row
mess mein 441 lag gaye cash se bhara,441,food,cash,,,voice_transcript
sent Rs352 to flatmate on card,352,friends,card,,axis,friends_synthetic
sent Rs.4855 to friend on card split bill UPI,4855,friends,card,,,cue_row
"PharmEasy BILL
St: INR 15872
Paytm APPROVED",15872,healthcare,upi,paytm,,ocr_receipt
t28703 charged for restaurant on Phonepe,28703,food,upi,phonepe,,english_natural
ghar jaate waqt 48429 Apollo Pharmacy card se,48429,healthcare,card,,,hinglish_natural
Paid Rs3627 for books via card,3627,education,card,,,english_natural
4078 rupees Bewakoof UPI se,4078,shopping,upi,phonepe,,hinglish_natural
21663 rupees Rahul NIYO se,21663,friends,upi,niyo,,hinglish_natural
Hospital bill INR 2679,2679,healthcare,upi,fi,,source_english
BookMyShow 63 rs. naqad,63,entertainment,cash,,,hinglish_natural
ACT Fibernet ka recharge kiya 2405 UPI se de diya,2405,utilities,upi,slice,,hinglish_natural
uber ola cab ride airport train ticket ₹91 card,91,travel,card,,,cue_row
Fi payment 4957.54 mobile recharge HDFC Bank 3029 completed,4957.54,utilities,upi,fi,hdfc,ocr_upi
Shreya payment 322 done via gpay,322,friends,upi,gpay,,english_natural
4029 bike loan EMI card se pay kia,14490,emi,card,,,source_hinglish
76 rupaiye BSNL PayTM pe matlab,76,utilities,upi,paytm,,hinglish_natural
gaming concert event ticket ₹77 Jupiter,77,entertainment,upi,jupiter,sbi,cue_row
mutual fund SIP stocks PPF FD investment ₹39561 NIYO,39561,investment,upi,niyo,,cue_row
metro se ride lya 3656 rupaye ka card se,3656,travel,card,,,hinglish_natural
₹3522.98 to exam fee via Gpay Punjab National Bank account,3522.98,education,upi,gpay,pnb,english_natural
246.61 GPay insurance premium,246.61,utilities,upi,gpay,sbi,english_natural
3652 ka Apple Music bill pay kiya Phone Pe se,3652,entertainment,upi,phonepe,,voice_transcript
Flipkart me 455 rupay ka order kr diya UPI se pay kia,455,shopping,upi,cred,hdfc,hinglish_natural
college fees 1849.53 Jupiter,1849.53,education,upi,jupiter,,english_natural
abhi credit card EMI ka EMI kat gayi 3269 rs. Google Pay pe,3269,emi,upi,gpay,,hinglish_natural
spent 1262 rupees on Apollo Pharmacy via slice,1262,healthcare,upi,slice,jupiter,voice_transcript
aaj Lenskart pe 187 rupaye kharcha hua Phone Pe se,187,healthcare,upi,phonepe,,voice_transcript
yaar eye checkup me 37772 ₹ ka dawai lia UPI se diye,37772,healthcare,upi,paytm,,hinglish_natural
NEFT/TRANSFER/PVR/SLICE,200.28,entertainment,upi,gpay,slice,english_natural
education loan EMI me 3915 rupaye ka EMI bharra G Pay se pay kia sbi account se bc,3915,emi,upi,gpay,sbi,hinglish_natural
paid back friend lent money ₹14112 cred,14112,friends,upi,cred,,cue_row
books 4964 Axis Bank,4964,education,card,,axis,english_natural
4625 rs. market naqad,4625,shopping,cash,,,hinglish_natural
"WATER BILL RESTAURANT
Total 680
Cash Received
Change 0.00",680,utilities,upi,bhim,,ocr_receipt
sent ₹4810 to friend on cred split bill UPI,4810,friends,upi,cred,,cue_row
Spent INR 276 on food court using PhonePe,276,food,upi,phonepe,,english_natural
stationery Rs 171 jupiter,171,education,upi,jupiter,,english_natural
₹8780 charged for books on Visa,8780,education,card,,,english_natural
TO:PPF ppf.70438@hdfcbankbank From:AMITSINGH (HDFC Bank bhim : user7826@okhdfcbankbank,458,investment,upi,bhim,hdfc,ocr_upi
Barbeque Nation ka 1088 rupees ka bill gpay se pay kiya,1088,food,upi,gpay,bandhan,voice_transcript
sent money to Karan INR 3615 on Slice,3615,friends,upi,slice,,friends_synthetic
dopahar ko 390 rs mutual fund card se pay kia,390,investment,card,,,hinglish_natural
Ananya ko 233 transfer kiya cash se,233,friends,cash,,,friends_synthetic
POS/KARAN/CASH/2904,180,friends,cash,,,english_natural
petrol diesel fuel 18445 at pump card,18445,travel,card,,,cue_row
Priya se dost ko diy 203 ka Phonepe pe,203,friends,upi,phonepe,,hinglish_natural
uber ola cab ride airport train ticket INR 493 card,493,travel,card,,,cue_row
spent 185 rupees on water bill via Paytm,185,utilities,upi,paytm,,voice_transcript
INR 17140.16 debited from your IDFC account for crypto (Phone Pe UPI),17140.16,investment,upi,phonepe,idfc,ocr_upi
97 rs. school fees UPI se pay kiya,97,education,upi,gpay,slice,hinglish_natural
uber ola cab ride airport train ticket ₹1339 card,1339,travel,card,,,cue_row
NEFT/TRANSFER/DENTIST/HDFC,1498,healthcare,upi,cred,hdfc,english_natural
TO:DOCTOR doctor.94525@hdfcbank From:AMITSINGH (HDFC paytm : sender3903@okhdfcbank,21850,healthcare,upi,paytm,hdfc,ocr_upi
paid Ananya ₹1228 via CRED,1228,friends,upi,cred,hdfc,friends_synthetic
Rs.4274 to Priya via CRED,4274,friends,upi,cred,,english_natural
Rs1690 to Neha Phonepe UPI,1690,friends,upi,phonepe,,friends_synthetic
gas bill 252 debit card,252,utilities,card,,,english_natural
home loan car loan credit card EMI monthly Rs27198 autopay card,27198,emi,card,,,cue_row
Payment of ₹1415.25 to DishTV was successful via Slice UPI Ref No 32430872447 Yes Bank Account 8529,1415.25,utilities,upi,slice,yes bank,ocr_upi
clinic R 568.93 cash,568.93,healthcare,cash,,hdfc,english_natural
"mess BILL
St: Rs 265.04
Gpay APPROVED",265.04,food,upi,gpay,,ocr_receipt
Ananya ko 15819 transfer kiya G Pay se,15819,friends,upi,gpay,,friends_synthetic
Paid ET Money R 17797.39 using SLICE from jupiter,17797.39,investment,upi,slice,jupiter,english_natural
yaar 2899 rs. EMI bhra car loan EMI ko card se pay kar diya axis account se,2899,emi,card,,axis,hinglish_natural
bhai 3177 rs Bharat Petroleum Niyo se pay kiyaa,3177,travel,upi,niyo,,hinglish_natural
14190 rs test karaya dentist pe Niyo se pay kr diya,14190,healthcare,upi,niyo,,hinglish_natural
45200 rupees HDFC loan card,45200,emi,card,,,voice_transcript
breakfast snacks chai coffee 2279 Fi Money,2279,food,upi,fi,,cue_row
Starbucks 4120.14 IndusInd,4120.14,food,card,,indusind,english_natural
"DISHTV RESTAURANT
Total 3901.14
Cash Received
Change 0.00",3901.14,utilities,upi,phonepe,,ocr_receipt
IRCTC 34947 rupaiye haath se die,34947,travel,cash,,,hinglish_natural
Amit se udhar return kiyaa 1732 rupees ka cash me,1732,friends,cash,,,hinglish_natural
crypto gold bonds NPS portfolio ₹31036 Phonepe,31036,investment,upi,phonepe,sbi,cue_row
subah 2388 rs Jio recharge Slice se pay kiya,2388,utilities,upi,slice,slice,hinglish_natural
crypto se mutual fund kiyaa 2188 rs. ka via Paytm bohot mehenga,2188,investment,upi,paytm,,hinglish_natural
petrol diesel fuel t28537 at pump card,28537,travel,card,,pnb,cue_row
tuition 15810.61 PhonePe Completed Yes Bank 3017,15810.61,education,upi,phonepe,yes bank,ocr_upi
Rs 12520.53 debited from your HDFC Bank account for Divya (Bhim UPI),12520.53,friends,upi,bhim,hdfc,ocr_upi
19744 paid to H&M via Mastercard from sbi,19744,shopping,card,,sbi,english_natural
13295 rupay market UPI se de diye,13295,shopping,upi,jupiter,,hinglish_natural
books 3985 slice,3985,education,upi,slice,sbi,ocr_upi
sent money to flatmate Rs2973 on GPay,2973,friends,upi,gpay,hdfc,friends_synthetic
paid 11450 to dhaba through card,11450,food,card,,,voice_transcript
society maintenance me 451 rupaiye ka payment kiyaa cash de diye,451,utilities,cash,,,hinglish_natural
Goibibo 258 Jupiter Completed Kotak Mahindra 4136,258,travel,upi,jupiter,kotak,ocr_upi
TO:ELECTRONICSSTORE electronicsstore.41364@idfcbank From:PRIYASHARMA (idfc cred : user9010@okidfcbank,125.78,shopping,upi,cred,idfc,ocr_upi
electricity water broadband mobile recharge bill Rs264 cash,264,utilities,cash,,icici,cue_row
"PVR
Item 1 Rs268
Item 2 Rs.411
Total ₹288
Gpay",288,entertainment,upi,gpay,,ocr_receipt
Amazon payment 40870 done via PayTM,40870,shopping,upi,paytm,,english_natural
Paid ?44646.12 for Amazon Prime via card,44646.12,entertainment,card,,sbi,english_natural
Just paid Rs380 to Udemy through Visa,380,education,card,,axis,english_natural
Reliance Fresh ka kha liya 48 ₹ card se pay kia,48,food,card,,icici,hinglish_natural
yaar tuition ka course le liya 234 rs via slice,234,education,upi,slice,,hinglish_natural
"MARKET
Item 1 R 360
Item 2 INR 326
Total Rs.413
Phonepe",413,shopping,upi,phonepe,sbi,ocr_receipt
DishTV 445 rs via jupiter hdfc wale account se,445,utilities,upi,jupiter,hdfc,hinglish_natural
bhai 59 SLICE,59,friends,upi,slice,fi,english_natural
Ananya 2457 rs. card se,2457,friends,card,,,hinglish_natural
kal mutual fund ka SIP bhara 446 rupees card se pay kr diya,446,investment,card,,,hinglish_natural
kal SpiceJet ka cab lia 4108 cash diyee,4108,travel,cash,,,hinglish_natural
484 ka Groww bill pay kiya Paytm se,484,investment,upi,paytm,,voice_transcript
yaar Spotify ka ticket le liya 255 rupaiye card se pay kar diya,255,entertainment,card,,,hinglish_natural
flatmate rent share 4967 CRED dost,4967,friends,upi,cred,,friends_synthetic
"APOLLO PHARMACY
Item 1 ₹467
Item 2 INR 230
Total 272
phonepe",272,healthcare,upi,phonepe,,ocr_receipt
2319 rupaye Starbucks debit card se,2319,food,card,,,hinglish_natural
i paid 4391 rupees for dhaba using cash,4391,food,cash,,,voice_transcript
Paid INR 19368 to canteen Paytm UPI SBI 7145 Done,19368,food,upi,paytm,sbi,ocr_upi
POS/BOOKS/CASH/2505,42133,education,cash,,,english_natural
77 rupees Gaana card,77,entertainment,card,,,voice_transcript
Clothing store bill INR 28217,28217,shopping,upi,paytm,,source_english
"WATER BILL
Item 1 ₹97
Item 2 ?90
Total INR 48680
Bhim",48680,utilities,upi,bhim,hdfc,ocr_receipt
market se shopping kr diya 5974 rupay ka UPI se die,5974,shopping,upi,gpay,,hinglish_natural
bhai dost ko udhar return kiya 288 rs Phone Pe se,288,friends,upi,phonepe,idfc,friends_synthetic
electricity bill Rs.5281 G Pay,5281,utilities,upi,gpay,,english_natural
raat ko 22205 rupaye course lya exam fee pe via G Pay,22205,education,upi,gpay,jupiter,hinglish_natural
Barbeque Nation se food order kiya 361 ₹ ka Fi Money se pay kiya,361,food,upi,fi,,hinglish_natural
abhi Reliance Fresh me 7523 rupaye ka food order kar diya card se,33055,food,card,,,source_hinglish
₹397.13 charged for Gaana on credit card,397.13,entertainment,card,,niyo,english_natural
"JIOMART RESTAURANT
Total 46
Cash Received
Change 0.00",46,food,cash,,sbi,ocr_receipt
library 274 rupees credit card se sasta tha,274,education,card,,,hinglish_natural
972 rs payment kya water bill ko debit card se,972,utilities,card,,,hinglish_natural
Rs.33224.17 paid to PPF via Google Pay UPI from Yes Bank Bank ending 9685,33224.17,investment,upi,gpay,yes bank,ocr_upi
Unacademy ka fees bharra 273 rupay card se,273,education,card,,,hinglish_natural
3820 rs Meesho cred se,3820,shopping,upi,cred,,hinglish_natural
hospital doctor pharmacy medicine diagnostic Rs428 cash,428,healthcare,cash,,pnb,cue_row
Angel One 22323 credit card se zyada ho gaya,22323,investment,card,,,hinglish_natural
raat ko Udemy se course le liya 487 ka UPI se,487,education,upi,gpay,fi,hinglish_natural
8327.84 debited from your State Bank account for Croma (Phonepe UPI),8327.84,shopping,upi,phonepe,sbi,ocr_upi
dost bro ko 946 rupaye phonepe se bheje,946,friends,upi,phonepe,,friends_synthetic
subah Kuvera pe 1378 rs ka invest kar diya debit card se Fi Money account se,1378,investment,card,,fi,hinglish_natural
Payment of INR 4858 to Groww was successful via Phonepe UPI Ref No 3224518256961 HDFC Account 4589,4858,investment,upi,phonepe,hdfc,ocr_upi
UPI/11597583/WATER BILL/BANK,4024.10,utilities,upi,niyo,,english_natural
TO:SIP sip.43561@hdfcbank From:RAHULKUMAR (hdfc jupiter : sender4158@okhdfcbank,191.10,investment,upi,jupiter,hdfc,ocr_upi
office se aate hue car loan EMI pe 1983 rupay ka EMI bhara Phone Pe se,40752,emi,upi,phonepe,,source_hinglish
i paid 36708 rupees for SpiceJet using card,36708,travel,card,,,voice_transcript
"gaming BILL
St: 3747
CARD approved",3747,entertainment,card,,,ocr_receipt
"AMAZON PRIME RESTAURANT
Total 1263.05
Cash Received
Change 0.00",1263.05,entertainment,upi,paytm,idfc,ocr_receipt
NEFT/TRANSFER/CLEARTRIP/,25,travel,upi,slice,,english_natural
coaching exam preparation study material Rs.49859 Gpay,49859,education,upi,gpay,,cue_row
bhai INOX ka 7319 rupaye card se de diya,7319,entertainment,card,,,voice_transcript
office se aate hue insurance premium 35 ₹ phonepe se,35,utilities,upi,phonepe,yes bank,hinglish_natural
470 rs ticket liya Spotify pe UPI se de diya,470,entertainment,upi,slice,,hinglish_natural
Lenskart ka khareed liya 11675 ₹ via gpay SBI se,11675,shopping,upi,gpay,sbi,hinglish_natural
sent ?233 to friend on Google Pay split bill UPI,233,friends,upi,gpay,,cue_row
gaming concert event ticket INR 407 card,407,entertainment,card,,hdfc,cue_row
Rs.1185 to bhai cash UPI,1185,friends,cash,,,friends_synthetic
Airtel recharge ka bill pay kya 25172 credit card se,22344,utilities,card,,,source_hinglish
TO:CAFE cafe.30994@canarabank From:RAHULKUMAR (Canara Paytm : user4753@okcanarabank,35749.36,food,upi,paytm,canara,ocr_upi
FD 288 rupaiye card se pay kiyaa,288,investment,card,,,hinglish_natural
2088 ka upGrad bill pay kiya cash se,2088,education,cash,,,voice_transcript
gaming concert event ticket Rs.87 cash,87,entertainment,cash,,,cue_row
Subway pe 2053 rs ka khana order kar diya card se,2053,food,card,,,hinglish_natural
366 to Shreya Paytm UPI,366,friends,upi,paytm,,friends_synthetic
JioMart 253 rupay cash de diya,253,food,cash,,,hinglish_natural
colleague ko 7386 transfer kiya gpay se,7386,friends,upi,gpay,,friends_synthetic
paid 2992 to JioCinema through card,2992,entertainment,card,,,voice_transcript
ATM/CASH/JUPITER/38740.07,38740.07,investment,upi,paytm,jupiter,english_natural
clinic pe 137 ka test karaya credit card se,137,healthcare,card,,slice,hinglish_natural
Blinkit me 1402 rupees ka khana kha liya jupiter pe,1402,food,upi,jupiter,slice,hinglish_natural
paid 474 to McDonald's through Slice from ICICI Bank,474,food,upi,slice,icici,voice_transcript
"TAX INVOICE
JioCinema
Grand Total: Rs 2270
Payment: CARD",2270,entertainment,card,,,ocr_receipt
aaj 701 ₹ Priya UPI se,701,friends,upi,paytm,,hinglish_natural
1194 rupaiye paise bheje Vikram pe UPI se pay kya yaar,1194,friends,upi,slice,,hinglish_natural
paid 326 to bike loan EMI through card,326,emi,card,,,voice_transcript
paid 1594 to Reliance Digital through cash from Canara,1594,shopping,cash,,canara,voice_transcript
education loan EMI ka loan payment kya 3626 ₹ card se,3626,emi,card,,jupiter,hinglish_natural
"DHABA
Item 1 INR 314
Item 2 Rs 67
Total 3810.44
paytm",3810.44,food,upi,paytm,hdfc,ocr_receipt
crypto gold bonds NPS portfolio 36127 PayTM,36127,investment,upi,paytm,,cue_row
Doctor consultation INR 42391,42391,healthcare,cash,,,source_english
bhai Chai Point ka food order kya 181 card se pay kia,181,food,card,,,hinglish_natural
3361 rupaye tuition diye college fees ko via Phonepe,3361,education,upi,phonepe,,hinglish_natural
office se aate hue stationery 475 rs. credit card se,475,education,card,,,hinglish_natural
"Receipt #1149
market
Amount Paid: Rs 47.27
Mode: Phonepe",47.27,shopping,upi,phonepe,,ocr_receipt
Groww pe 1630 rupees ka mutual fund kiya card se pay kiya,1630,investment,card,,,hinglish_natural
INR 855 to school fees via cash NIYO account,855,education,cash,,niyo,english_natural
HDFC loan ka 8718 rupees ka bill card se pay kiya,8718,emi,card,,,voice_transcript
93 rupaiye Groww UPI se die,93,investment,upi,gpay,icici,hinglish_natural
breakfast snacks chai coffee INR 20566 cash,20566,food,cash,,,cue_row
aaj crypto pe 1959 rupaye kharcha hua SLICE se,1959,investment,upi,slice,,voice_transcript
1984 to library via Visa,1984,education,card,,,english_natural
"petrol pump 4539.21 Completed 8May 2025,6:47 pm icici 9040 UPI transaction ID 41760798767",4539.21,travel,upi,slice,icici,ocr_upi
Paid ₹1390 for car loan EMI via Mastercard,1390,emi,card,,,english_natural
ZARA INR 4740,4740,shopping,card,,,english_natural
ATM/CASH/BANK/1427,1427,healthcare,upi,cred,,english_natural
split bill 2623 cash se Neha ko diya,2623,friends,cash,,,friends_synthetic
338 ka DishTV bill pay kiya G Pay se,338,utilities,upi,gpay,,voice_transcript
"home loan EMI 24792 Completed 18Jul 2026,5:18 am SBI 7119 UPI transaction ID 35998962586",24792,emi,upi,niyo,sbi,ocr_upi
Goibibo pe 889 rupees ka cab le liya naqad,889,travel,cash,,icici,hinglish_natural
TO:COIN coin.71759@indusindbankbank From:UTSAVJANA (Indusind Bank GPay : sender3126@okindusindbankbank,3483,investment,upi,gpay,indusind,ocr_upi
Ajio se khareed liyaa 36075 ka UPI se Axis account se,44640,shopping,upi,bhim,axis,source_hinglish
PhonePe payment R 43830 BSNL Kotak Mahindra 9109 done,43830,utilities,upi,phonepe,kotak,ocr_upi
Burger King 17585 ₹ UPI se pay kiyaa,17585,food,upi,gpay,,hinglish_natural
Spent Rs.790.88 on PharmEasy using G Pay,790.88,healthcare,upi,gpay,fi,english_natural
H&M pe 375 rupaye ka saman lia haath se diyee,375,shopping,cash,,,hinglish_natural
UPI/49973807/DENTIST/BANK,4987,healthcare,cash,,,english_natural
uber ola cab ride airport train ticket t4577 cash,4577,travel,cash,,,cue_row
"D SUBWAY 27584 Completed 24Mar 2026,5:07 pm SBI Bank 5317 UPI transaction ID 23661625230 TO:SUBWAY subway.96686@sbibank Goog1etransaction lD CICAgJjg733494 OPI phonepe",27584,food,upi,phonepe,sbi,ocr_upi
"Receipt #9696
gaming
Amount Paid: Rs40
Mode: gpay",40,entertainment,upi,gpay,,ocr_receipt
36177 rupay EaseMyTrip UPI se pay kar diya,36177,travel,upi,phonepe,,hinglish_natural
lunch dinner food order swiggy zomato restaurant meal ?305 cash,305,food,cash,,,cue_row
Rahul ko 108 transfer kiya card se,108,friends,card,,,friends_synthetic
Spent Rs1711 on Lenskart using cash,1711,healthcare,cash,,,english_natural
DMart 148,148,food,upi,gpay,,english_natural
maine 352 rupaye upGrad ko diye card se,352,education,card,,,voice_transcript
bhai Netmeds ka 5623 rupaye Google Pay se de diya,5623,healthcare,upi,gpay,,voice_transcript
today i spent 2584 on gold via jupiter,2584,investment,upi,jupiter,,voice_transcript
electronics clothes shoes accessories purchase Rs 11205 via card,11205,shopping,card,,sbi,cue_row
2750.24 Phonepe bike loan EMI,2750.24,emi,upi,phonepe,sbi,english_natural
split bill 13235 gpay se Ananya ko diya,13235,friends,upi,gpay,,friends_synthetic
"BEWAKOOF RESTAURANT
Total 10284
Cash Received
Change 0.00",10284,shopping,card,,,ocr_receipt
Goibibo ka petrol bhra 447 ₹ card se,447,travel,card,,pnb,hinglish_natural
dinner split 7290 rupaye dost Slice,7290,friends,upi,slice,,friends_synthetic
niyo payment t29910.06 Blinkit State Bank 4711 done,29910.06,food,upi,niyo,sbi,ocr_upi
Paid Bajaj Finance EMI Rs 1485 using Visa,1485,emi,card,,,english_natural
3533 ka stocks bill pay kiya card se,3533,investment,card,,,voice_transcript
483 rs market UPI se pay kr diya,483,shopping,upi,paytm,,hinglish_natural
abhi rent 1279 ₹ phonepe se pay kiyaa,1279,utilities,upi,phonepe,,hinglish_natural
"BILL
lab test
₹289
Google Pay
Thank You Visit Again",289,healthcare,upi,gpay,,ocr_receipt
personal loan installment EMI deduction t6546 card,6546,emi,card,,,cue_row
abhi Jio recharge se bill pay kr diya 267 rupaiye ka UPI se pay kiya,267,utilities,upi,jupiter,,hinglish_natural
rickshaw ka ticket book kiyaa 16459 rupaiye naqad,5669,travel,cash,,axis,source_hinglish
2807 Ola UPI se diye,2807,travel,upi,slice,,hinglish_natural
personal loan installment EMI deduction Rs4711 card,4711,emi,card,,,cue_row
split bill 2971 Gpay se Karan ko diya,2971,friends,upi,gpay,,friends_synthetic
office se aate hue friend ka split kya 3203 rs slice se pay kiyaa,3203,friends,upi,slice,hdfc,hinglish_natural
home loan car loan credit card EMI monthly ₹473 autopay card,473,emi,card,,,cue_row
yaar 332 rs. PVR via paytm,332,entertainment,upi,paytm,,hinglish_natural
home loan car loan credit card EMI monthly INR 4852 autopay card,4852,emi,card,,,cue_row
"APOLLO PHARMACY RESTAURANT
Total 53.77
Cash Received
Change 0.00",53.77,healthcare,card,,,ocr_receipt
Udemy 2670 Jupiter,2670,education,upi,jupiter,,english_natural
Paid ₹18382.39 for Reliance Fresh from my Jupiter account via Paytm,18382.39,food,upi,paytm,jupiter,english_natural
exam fee Rs 37068 Cred,37068,education,upi,cred,canara,ocr_upi
jupiter payment ₹20177 mess YES BANK 6405 completed,20177,food,upi,jupiter,yes bank,ocr_upi
Spent 429.00 on Gaana using Phonepe,429.00,entertainment,upi,phonepe,slice,english_natural
abhi MedPlus me 269 rupay ka checkup karaya UPI se pay kiya matlab,269,healthcare,upi,gpay,,hinglish_natural
t3820.76 to Angel One via BHIM Niyo account,3820.76,investment,upi,bhim,niyo,english_natural
kal Zerodha se stock lia 3677 rs. ka credit card se,3677,investment,card,,,hinglish_natural
"JIOCINEMA
Item 1 ₹187
Item 2 160
Total Rs 15617
phonepe",15617,entertainment,upi,phonepe,bob,ocr_receipt
Rs.3556 to SBI loan via Visa,3556,emi,card,,,english_natural
Paid t173 for college fees via Niyo,173,education,upi,niyo,kotak,english_natural
45350 to flatmate via slice,45350,friends,upi,slice,,english_natural
ghar jaate waqt rickshaw 61 rupaye cash me,61,travel,cash,,,hinglish_natural
4465 rs. dost ko de diya colleague ko UPI se pay kiyaa,4465,friends,upi,gpay,,hinglish_natural
KFC se mangwaya 143 rs ka card se,143,food,card,,,hinglish_natural
1024 ka personal loan EMI bill pay kiya card se,1024,emi,card,,,voice_transcript
Just paid INR 48170 to library through debit card,48170,education,card,,,english_natural
maine 1680 rupaye friend ko diye cash se,1680,friends,cash,,,voice_transcript
"D COURSERA 1563 Completed 3Apr 2026,8:52 pm State Bank Bank 6361 UPI transaction ID 499246871446 TO:COURSERA coursera.89935@state bankbank Soogletransaction lD XYZabc155664 OPI paytm",1563,education,upi,paytm,sbi,ocr_upi
Paid ₹3299.48 for Pooja via cred,3299.48,friends,upi,cred,,english_natural
breakfast snacks chai coffee INR 4906 card,4906,food,card,,,cue_row
R 4936 paid to college fees via cred UPI from kotak Bank ending 2104,4936,education,upi,cred,kotak,ocr_upi
paid back friend lent money INR 418 card,418,friends,card,,,cue_row
Rs.1899 to Vedantu via Visa,1899,education,card,,,english_natural
dentist se checkup karaya 13706 rupaye ka UPI se pay kiyaa,13706,healthcare,upi,gpay,bandhan,hinglish_natural
Bajaj Finance EMI se installment de diya 32827 rupaye ka card se pay kr diya,32827,emi,card,,,hinglish_natural
48402.27 Google Pay McDonald's,48402.27,food,upi,gpay,fi,english_natural
education loan EMI payment ₹2762 done via credit card,2762,emi,card,,,english_natural
Rs.451 paid to Meesho via Google Pay UPI from HDFC Bank ending 9482,451,shopping,upi,gpay,hdfc,ocr_upi
today i spent 2844 on IRCTC via card from my ICICI Bank bank,2844,travel,card,,icici,voice_transcript
Zee5 ka show dekha 2476 rupaye via phonepe IndusInd account se,5,entertainment,upi,phonepe,indusind,hinglish_natural
"BILL
BSNL
₹4600
CARD
Thank You Visit Again",4600,utilities,card,,,ocr_receipt
"gas bill BILL
St: 276.78
GPay approved",276.78,utilities,upi,gpay,,ocr_receipt
106 rupees loan payment kia home loan EMI ko UPI se de diya,106,emi,upi,phonepe,,hinglish_natural
credit card EMI se installment die 2259 ₹ ka paytm pe State Bank card se,44877,emi,upi,paytm,sbi,source_hinglish
rickshaw se ride le liya 132 rs. ka Phonepe pe,132,travel,upi,phonepe,fi,hinglish_natural
dentist me 149 rs ka test karaya card se,1311,healthcare,card,,hdfc,source_hinglish
846 rupay dost ko diye Neha ko UPI se,846,friends,upi,phonepe,sbi,hinglish_natural
"1MG
Item 1 Rs.187
Item 2 434
Total 56
CASH",56,healthcare,cash,,hdfc,ocr_receipt
"DMART
Item 1 ₹204
Item 2 267
Total Rs 4401
CASH",4401,food,cash,,,ocr_receipt
school fees pe 35 rupaye ka course liya card se pay kiyaa,35,education,card,,,hinglish_natural
subah college fees me 432 rs ka admission kr diya haath se diye,432,education,cash,,,hinglish_natural
Rs284.37 charged for SpiceJet on slice,284.37,travel,upi,slice,,english_natural
TO:ZARA zara.85843@hdfcbank From:AMITSINGH (HDFC Bhim : user6799@okhdfcbank,733,shopping,upi,bhim,hdfc,ocr_upi
education loan EMI se EMI kat gayi 4052 rs. ka debit card se icici se kata,4052,emi,card,,icici,hinglish_natural
concert ka ticket lya 290 rupaiye paytm pe,290,entertainment,upi,paytm,,hinglish_natural
mess mein 475 lag gaye card se bhara,475,food,card,,,voice_transcript
i did 4898 expense on Vi recharge using Phonepe,4898,utilities,upi,phonepe,,voice_transcript
paid 234 to Reliance Digital through CRED,234,shopping,upi,cred,,voice_transcript
"petrol pump 20536.13 Completed 20Mar 2026,5:57 am HDFC Bank 6520 UPI transaction ID 34512919587095",20536.13,travel,upi,gpay,hdfc,ocr_upi
car loan EMI pe 27 ka EMI bhara debit card se,27,emi,card,,hdfc,hinglish_natural
244 rupees auto cash Slice account,244,travel,cash,,slice,voice_transcript
upGrad me 2452 rupay ka books lya debit card se HDFC Bank account se,2452,education,card,,hdfc,hinglish_natural
HDFC loan ?1856.88 debited from State Bank,1856.88,emi,card,,sbi,english_natural
"AIRTEL RECHARGE RESTAURANT
Total 2193
Cash Received
Change 0.00",2193,utilities,card,,,ocr_receipt
Netflix 8949 credit card,8949,entertainment,card,,,english_natural
bro 122 rupaiye haath se diy,122,friends,cash,,,hinglish_natural
"Receipt #6770
broadband
Amount Paid: Rs.43880.71
Mode: fi",43880.71,utilities,upi,fi,,ocr_receipt
petrol diesel fuel ₹3989 at pump cash,3989,travel,cash,,,cue_row
spent 34162 rupees on friend via cred,34162,friends,upi,cred,,voice_transcript
Indian Oil se kiraya die 213 rupay ka credit card se,213,travel,card,,,hinglish_natural
Spent Rs4715 on Udemy using paytm,4715,education,upi,paytm,,english_natural
i did 48786 expense on rent using gpay,48786,utilities,upi,gpay,niyo,voice_transcript
ghar jaate waqt 204 rupay IndiGo Slice se,204,travel,upi,slice,canara,hinglish_natural
coaching exam preparation study material INR 459 PayTM,459,education,upi,paytm,,cue_row
454.30 dhaba,454.30,food,cash,,,english_natural
DIAGNOSTIC INR 4359,4359,healthcare,card,,,english_natural
Yatra 4331 UPI se pay kiya budget tod diya,4331,travel,upi,phonepe,fi,hinglish_natural
rent 486 rupees debit card se,486,utilities,card,,canara,hinglish_natural
Bought colleague for INR 4843 with fi,4843,friends,upi,fi,,english_natural
today i spent 210 on Spotify via BHIM,210,entertainment,upi,bhim,,voice_transcript
29386.25 charged for Zerodha on GPay,29386.25,investment,upi,gpay,,english_natural
electronics clothes shoes accessories purchase 4346 via Niyo,4346,shopping,upi,niyo,,cue_row
mutual fund SIP stocks PPF FD investment Rs.381 Paytm,381,investment,upi,paytm,,cue_row
2863 rs khana khaya EatFit pe jupiter pe HDFC wale account se,2863,food,upi,jupiter,hdfc,hinglish_natural
TO:HPPETROL hppetrol.50212@bobbank From:AMITSINGH (BOB CRED : user4588@okbobbank,32524,travel,upi,cred,bob,ocr_upi
aaj Nykaa pe 244 rupaye kharcha hua card se,244,shopping,card,,,voice_transcript
Rs532 charged for Yatra on Gpay,532,travel,upi,gpay,,english_natural
home loan EMI se installment diye 411 ₹ ka card se pay kiya,411,emi,card,,hdfc,hinglish_natural
4495 Vedantu via phonepe,4495,education,upi,phonepe,,hinglish_natural
dost Pooja ko 1553 rupaye cash se bheje,1553,friends,cash,,,friends_synthetic
Box8 ka kha liya 37495 rs cash de diye,8,food,cash,,,hinglish_natural
Amit 180 Paytm se pay kr diya Fi se kata bohot mehenga,180,friends,upi,paytm,fi,hinglish_natural
broadband me 306 rs ka bill pay kar diya credit card se budget tod diya,306,utilities,card,,,hinglish_natural
"DHABA RESTAURANT
Total 4102.95
Cash Received
Change 0.00",4102.95,food,card,,,ocr_receipt
i paid 2975 rupees for Pizza Hut using card,2975,food,card,,,voice_transcript
Paid Rs.471 for books via card,471,education,card,,,english_natural
Rs.45908.60 charged for Spotify on card,45908.60,entertainment,card,,,english_natural
Paid Rs.1862.00 for Bajaj Finance EMI from my Federal Bank account via G Pay,1862.00,emi,upi,gpay,federal bank,english_natural
Divya ko 3683 transfer kiya CRED se,3683,friends,upi,cred,icici,friends_synthetic
Rs4260 debited from your Kotak Mahindra account for Croma (GPay UPI),4260,shopping,upi,gpay,kotak,ocr_upi
aaj gaming pe 404 rupaye kharcha hua cash se,404,entertainment,cash,,,voice_transcript
4751 paid to lab test via Cred UPI from State Bank Bank ending 8301,4751,healthcare,upi,cred,sbi,ocr_upi
subah DishTV 653 ₹ debit card se,653,utilities,card,,,hinglish_natural
aaj 86 rs Divya via Jupiter,86,friends,upi,jupiter,,hinglish_natural
"KFC RESTAURANT
Total 428
Cash Received
Change 0.00",428,food,upi,slice,,ocr_receipt
FD ka paisa daala 4601 rupees G Pay pe,4601,investment,upi,gpay,,hinglish_natural
dinner split 3007 rupaye Rohan gpay,3007,friends,upi,gpay,,friends_synthetic
sent Rs 2649 to Arjun on card,2649,friends,card,,,friends_synthetic
MakeMyTrip se cab le liya 2107 rs. ka naqad Bank of Baroda se kata bc,2107,travel,cash,,bob,hinglish_natural
rent se bill bhar diya 2531 ₹ ka G Pay pe,2531,utilities,upi,gpay,,hinglish_natural
Vi recharge ka payment kia 4918 rupaye UPI se BOB card se,4918,utilities,upi,slice,bob,hinglish_natural
abhi cafe se khana khaya 4637 rupees ka cash me,4637,food,cash,,,hinglish_natural
yaar mobile recharge me 939 rupay ka payment kya haath se diye,939,utilities,cash,,,hinglish_natural
education loan EMI 206.43 PhonePe,206.43,emi,upi,phonepe,jupiter,english_natural
uber ola cab ride airport train ticket Rs425 card,425,travel,card,,,cue_row
maine 48611 rupaye Zara ko diye cash se,48611,shopping,cash,,,voice_transcript
₹175 to EaseMyTrip via debit card hdfc account,175,travel,card,,hdfc,english_natural
3249 rupees FD card,3249,investment,card,,,voice_transcript
1486 rupees mess Gpay SLICE account,1486,food,upi,gpay,slice,voice_transcript
35170 rupay SIP bharra crypto pe GPay se pay kia,35170,investment,upi,gpay,yes bank,hinglish_natural
gaming concert event ticket 47275 card,47275,entertainment,card,,,cue_row
Zomato 2886.02 debited from HDFC,2886.02,food,cash,,hdfc,english_natural
i did 3912 expense on Snapdeal using card,3912,shopping,card,,niyo,voice_transcript
"Dominos BILL
St: ₹1338
CARD approved",1338,food,card,,kotak,ocr_receipt
707 rs. invest kr diya SIP pe G Pay se pay kr diya jupiter account se,707,investment,upi,gpay,jupiter,hinglish_natural
Bike loan EMI INR 14361,14361,emi,card,,sbi,source_english
Apple Music Rs.968 bhim,968,entertainment,upi,bhim,,english_natural
29628 ₹ ride le liya MakeMyTrip ko card se pay kya,29628,travel,card,,,hinglish_natural
POS/SUBWAY/CASH/4938,3052.79,food,cash,,axis,english_natural
161 rupaye shopping kya Meesho ko card se pay kr diya,161,shopping,card,,,hinglish_natural
Bought Amazon for ₹6009 with Visa,6009,shopping,card,,bob,english_natural
NEFT/TRANSFER/PRACTO/,200,healthcare,upi,gpay,,english_natural
107 personal loan EMI UPI se de diya sasta tha,107,emi,upi,bhim,fi,hinglish_natural
TO:ELECTRICITYBILL electricitybill.49519@axisbank From:RAHULKUMAR (Axis G Pay : user8657@okaxisbank,2754,utilities,upi,gpay,axis,ocr_upi
₹491.31 debited from your HDFC account for Tata Play (cred UPI),491.31,utilities,upi,cred,hdfc,ocr_upi
UPI/47570208/NETMEDS/BANK,1659,healthcare,cash,,,english_natural
Amazon payment 1067 done via CRED,1067,shopping,upi,cred,,english_natural
4994.89 paid to Amazon Prime via Cred UPI from Axis Bank Bank ending 6814,4994.89,entertainment,upi,cred,axis,ocr_upi
Paid ₹30746 to RedBus Paytm UPI BOB 7839 Done,30746,travel,upi,paytm,bob,ocr_upi
469 rs. FD credit card se bhai,469,investment,card,,,hinglish_natural
3449 Amazon Prime,3449,entertainment,upi,paytm,icici,english_natural
amazon flipkart myntra online shopping order ₹2882 card,2882,shopping,card,,,cue_row
flatmate ka 268 rupees ka bill BHIM se pay kiya,268,friends,upi,bhim,icici,voice_transcript
BookMyShow me 3980 rupay ka show dekha card se pay kiya,3980,entertainment,card,,,hinglish_natural
office se aate hue stationery se admission kar diya 2556 rupaye ka UPI se,2556,education,upi,paytm,jupiter,hinglish_natural
Starbucks Rs.16492 debited from HDFC Bank,16492,food,cash,,hdfc,english_natural
aaj Gaana pe 4985 rupaye kharcha hua PhonePe se,4985,entertainment,upi,phonepe,,voice_transcript
"PHARMEASY RESTAURANT
Total 1324.76
Cash Received
Change 0.00",1324.76,healthcare,upi,phonepe,,ocr_receipt
"BILL
diagnostic
₹410.23
CASH
Thank You Visit Again",410.23,healthcare,cash,,axis,ocr_receipt
i did 30820 expense on lab test using cash,30820,healthcare,cash,,,voice_transcript
Bought Flipkart for INR 13185 with card,13185,shopping,card,,,english_natural
sent Rs 762 to friend on Phonepe split bill UPI,762,friends,upi,phonepe,,cue_row
Meesho pe 285 ₹ ka order kr diya debit card se,285,shopping,card,,hdfc,hinglish_natural
amazon flipkart myntra online shopping order 1984 Phonepe,1984,shopping,upi,phonepe,,cue_row
hospital doctor pharmacy medicine diagnostic 236 card,236,healthcare,card,,hdfc,cue_row
MedPlus 158 cash,158,healthcare,cash,,,english_natural
Rs 1802 charged for dentist on Slice,1802,healthcare,upi,slice,,english_natural
today i spent 32222 on Goibibo via cash,32222,travel,cash,,,voice_transcript
Bought Neha for 37537.96 with Visa,37537.96,friends,card,,,english_natural
"EatFit
Net Amount 5798.61
Paid via CARD",5798.61,food,card,,,ocr_receipt
BigBasket se khana order kya 995 ₹ ka naqad kotak se,995,food,cash,,kotak,hinglish_natural
26491 rupees gold via Google Pay,26491,investment,upi,gpay,,hinglish_natural
aaj clinic pe 8740 rupaye kharcha hua card se,8740,healthcare,card,,fi,voice_transcript
"NPS 32430.21 Completed 15Aug 2025,2:32 am Punjab National Bank 7009 UPI transaction ID 6505655340026",32430.21,investment,upi,jupiter,pnb,ocr_upi
today i spent 32572 on Reliance Digital via card,32572,shopping,card,,,voice_transcript
3907 rupees loan payment kya education loan EMI pe card se pay kiyaa,3907,emi,card,,,hinglish_natural
Used kotak Visa to pay Rs946 for hospital,946,healthcare,card,,kotak,english_natural
grocery vegetables milk bread fruits ₹46348 paid cred,46348,food,upi,cred,,cue_row
Used IDFC Mastercard to pay Rs.266 for SBI loan,266,emi,card,,idfc,english_natural
Meesho ka buy kiyaa 445 rupaye fi pe,445,shopping,upi,fi,,hinglish_natural
electricity water broadband mobile recharge bill INR 31312 Paytm,31312,utilities,upi,paytm,sbi,cue_row
13431 rupees Apple Music card,13431,entertainment,card,,,voice_transcript
INOX Rs 109.51 GPay,109.51,entertainment,upi,gpay,idfc,english_natural
crypto ka mutual fund kya 2392 rupaiye card se pay kya,2392,investment,card,,,hinglish_natural
upGrad mein 34921 lag gaye card se bhara,34921,education,card,,niyo,voice_transcript
255 rupaye Lenskart UPI se de diya,255,healthcare,upi,gpay,,hinglish_natural
Amazon ka shopping kar diya 3691 rs via Google Pay,3691,shopping,upi,gpay,kotak,hinglish_natural
kal 3196 ₹ BookMyShow UPI se diy,3196,entertainment,upi,fi,,hinglish_natural
medical checkup lab test health insurance Rs 494 cred,494,healthcare,upi,cred,,cue_row
Spent 457 on Flipkart using debit card,457,shopping,card,,hdfc,english_natural
hospital doctor pharmacy medicine diagnostic Rs495 cash,495,healthcare,cash,,,cue_row
"D HOMELOANEMI 37837 Completed 2Jan 2026,2:02 pm Axis Bank 8745 UPI transaction ID 708444453256 TO:HOMELOANEMI home loan emi.71593@axisbank Soogletransaction lD CICAgJjg195110 OPI PayTM",37837,emi,upi,paytm,axis,ocr_upi
ghar jaate waqt 28159 rupay H&M UPI se pay kia,28159,shopping,upi,slice,hdfc,hinglish_natural
Bought Reliance Digital for ?4159.08 with GPay,4159.08,shopping,upi,gpay,,english_natural
Bewakoof 39290 naqad,39290,shopping,cash,,,hinglish_natural
home loan EMI 2857 Cred Successful HDFC 1893,2857,emi,upi,cred,hdfc,ocr_upi
POS/BSNL/CASH/9215,2802.34,utilities,cash,,,english_natural
IndiGo me 3566 rupees ka ticket book kr diya credit card se,3566,travel,card,,,hinglish_natural
Cred payment 21.95 1mg YES BANK 3143 successful,21.95,healthcare,upi,cred,yes bank,ocr_upi
CRED payment Rs 1353 Netmeds sbi 9260 completed,1353,healthcare,upi,cred,sbi,ocr_upi
mutual fund SIP stocks PPF FD investment Rs.182 Phonepe,182,investment,upi,phonepe,,cue_row
ATM/CASH/BANK/3329,3329,investment,upi,paytm,,english_natural
Bought Reliance Digital for R 61 with paytm,61,shopping,upi,paytm,,english_natural
COLLEAGUE INR 4440.26,4440.26,friends,upi,gpay,,english_natural
Spent Rs.3531 on Groww using card,3531,investment,card,,,english_natural
TO:LABTEST labtest.31324@idfcbank From:UTSAVJANA (idfc jupiter : user6860@okidfcbank,3838,healthcare,upi,jupiter,idfc,ocr_upi
medical checkup lab test health insurance t6281 cash,6281,healthcare,cash,,axis,cue_row
Rs 456 paid to Airtel recharge via Slice from Slice,456,utilities,upi,slice,slice,english_natural
sent money to Shreya 17455 on Paytm,17455,friends,upi,paytm,,friends_synthetic
aaj Lenskart pe 2999 rupaiye ka dawai liyaa Jupiter pe,2999,healthcare,upi,jupiter,,hinglish_natural
electronics clothes shoes accessories purchase ₹1941 via card,1941,shopping,card,,kotak,cue_row
"BILL
gaming
Rs.21
CARD
Thank You Visit Again",21,entertainment,card,,icici,ocr_receipt
rent maintenance gas connection INR 2716 cash,2716,utilities,cash,,,cue_row
UPI/25075453/LENSKART/BANK,254.71,healthcare,upi,phonepe,,english_natural
maine 2893 rupaye college fees ko diye card se,2893,education,card,,,voice_transcript
Flight ticket booking INR 7480,7480,travel,cash,,,source_english
subah PVR me 493 ka subscription renew kia UPI se diyee,493,entertainment,upi,jupiter,,hinglish_natural
2248 rs Cleartrip cash diyee,2248,travel,cash,,icici,hinglish_natural
aaj broadband 44811 debit card se,44811,utilities,card,,,hinglish_natural
IndiGo 495,495,travel,upi,gpay,fi,english_natural
1875 debited from your axis account for bike loan EMI (Phonepe UPI),1875,emi,upi,phonepe,axis,ocr_upi
3082 ACT Fibernet,3082,utilities,upi,jupiter,jupiter,english_natural
bhai Spotify ka 119 rupaye PayTM se de diya,119,entertainment,upi,paytm,,voice_transcript
"Jio recharge BILL
St: Rs42637
cred APPROVED",42637,utilities,upi,cred,canara,ocr_receipt
584 show dekha Apple Music ko debit card se,584,entertainment,card,,,hinglish_natural
Just paid Rs.2100.93 to roommate through cash,2100.93,friends,cash,,,english_natural
dopahar ko 4061 rs. kiraya diye rickshaw pe card se pay kr diya Niyo account se,4061,travel,card,,niyo,hinglish_natural
Bajaj Finance EMI ka EMI bhara 500 ₹ card se pay kr diya hdfc card se,500,emi,card,,hdfc,hinglish_natural
spent 2419 rupees on mobile recharge via cred,2419,utilities,upi,cred,,voice_transcript
Vikram ka udhar return kiya 4736 rupees haath se de diye,4736,friends,cash,,,hinglish_natural
Zara 48279.43,48279.43,shopping,upi,gpay,,english_natural
2359 rs FD Phone Pe se pay kiya budget tod diya,2359,investment,upi,phonepe,fi,hinglish_natural
₹435 paid to water bill via PhonePe from Axis Bank,435,utilities,upi,phonepe,axis,english_natural
TO:PERSONALLOANEMI personalloanemi.68145@sbibank From:RAHULKUMAR (sbi Google Pay : sender6925@oksbibank,47252.89,emi,upi,gpay,sbi,ocr_upi
"clinic
Net Amount 18064.75
Paid via GPay",18064.75,healthcare,upi,gpay,,ocr_receipt
ATM/CASH/AXIS BANK/3195,3195,entertainment,card,,axis,english_natural
"PVR 10759.57 Completed 20Sep 2025,2:16 pm HDFC 5084 UPI transaction ID 37803463328",10759.57,entertainment,upi,gpay,hdfc,ocr_upi
JioCinema 38524 debited from HDFC,38524,entertainment,cash,,hdfc,english_natural
3196 rupay order kar diya Amazon ko cash me,3196,shopping,cash,,,hinglish_natural
H&M ka khareed le liya 2233 rupees UPI se,2233,shopping,upi,gpay,,hinglish_natural
₹1741 to Karan cash UPI,1741,friends,cash,,,friends_synthetic
"MakeMyTrip 1895.04 Completed 1Sep 2026,12:20 pm ICICI Bank 4113 UPI transaction ID 79704157429943",1895.04,travel,upi,phonepe,icici,ocr_upi
236 rupees books Jupiter,236,education,upi,jupiter,,voice_transcript
raat ko mess se mangwaya 59 rupay ka UPI se de diye,59,food,upi,cred,axis,hinglish_natural
"TAX INVOICE
gaming
Grand Total: ₹1277
Payment: GPay",1277,entertainment,upi,gpay,icici,ocr_receipt
kal Netmeds ka test karaya 2375 ₹ UPI se pay kia sbi account se,2375,healthcare,upi,gpay,sbi,hinglish_natural
stocks me 4972 ₹ ka paisa daala card se pay kr diya HDFC Bank se kata,4972,investment,card,,hdfc,hinglish_natural
940 rs EMI kat gayi SBI loan pe card se pay kya,940,emi,card,,,hinglish_natural
netflix spotify hotstar subscription movie show Rs2790 Niyo,2790,entertainment,upi,niyo,,cue_row
Reliance Fresh se food order kar diya 2454 rs ka UPI se pay kia,9587,food,upi,gpay,,source_hinglish
paid Shreya Rs3753 via card,3753,friends,card,,,friends_synthetic
1100 debited from your YES BANK account for Vedantu (CRED UPI),1100,education,upi,cred,yes bank,ocr_upi
grocery vegetables milk bread fruits 3227 paid PhonePe,3227,food,upi,phonepe,sbi,cue_row
"Ajio 2792 Completed 18Feb 2025,1:53 pm SBI 6930 UPI transaction ID 7352635951763",2792,shopping,upi,cred,sbi,ocr_upi
aaj Zee5 pe 14564 rupaye kharcha hua Paytm se,14564,entertainment,upi,paytm,,voice_transcript
Rs.107.47 to Amazon via Gpay,107.47,shopping,upi,gpay,,english_natural
BookMyShow ka movie dekhi 40488 rupees credit card se,40488,entertainment,card,,,hinglish_natural
Payment of Rs 184.68 to concert was successful via Gpay UPI Ref No 867567535153 SBI Account 1964,184.68,entertainment,upi,gpay,sbi,ocr_upi
home loan EMI INR 416 Paytm,416,emi,upi,paytm,kotak,english_natural
R 3921.80 paid to Zee5 via Slice UPI from Axis Bank Bank ending 8202,3921.80,entertainment,upi,slice,axis,ocr_upi
yaar 4503 ₹ food order kr diya Faasos ko naqad,4503,food,cash,,,hinglish_natural
₹100 to Neha niyo UPI,100,friends,upi,niyo,,friends_synthetic
40919 Karan NIYO se,40919,friends,upi,niyo,kotak,hinglish_natural
BSNL ka payment kr diya 275 rupees PhonePe pe hdfc card se budget tod diya,275,utilities,upi,phonepe,hdfc,hinglish_natural
Paid Rs.197 to SonyLIV jupiter UPI HDFC 7402 Done,197,entertainment,upi,jupiter,hdfc,ocr_upi
sent Rs3755 to friend on Phone Pe,3755,friends,upi,phonepe,,friends_synthetic
INR 204.96 debited from your State Bank account for Yatra (Google Pay UPI),204.96,travel,upi,gpay,sbi,ocr_upi
Tata Play pe 1356 rs. ka recharge kiya SLICE se HDFC Bank se kata,1356,utilities,upi,slice,hdfc,hinglish_natural
"TAX INVOICE
concert
Grand Total: Rs.1276.77
Payment: CARD",1276.77,entertainment,card,,,ocr_receipt
Rs 3507 paid to Indian Oil via Gpay from axis,3507,travel,upi,gpay,axis,english_natural
Paid t4209 to Bewakoof Google Pay UPI axis 7945 Successful,4209,shopping,upi,gpay,axis,ocr_upi
POS/ZEE5/CREDIT CARD/1677,146,entertainment,card,,,english_natural
42279 rs. mobile recharge UPI se achha deal mila,42279,utilities,upi,cred,hdfc,hinglish_natural
45744 rs. installment de diya education loan EMI pe card se bc,45744,emi,card,,,hinglish_natural
sent money to bhai Rs.372 on PayTM,372,friends,upi,paytm,,friends_synthetic
907 ka upGrad bill pay kiya GPay se slice se kata,907,education,upi,gpay,slice,voice_transcript
ghar jaate waqt 4475 hospital card se,4475,healthcare,card,,,hinglish_natural
sent money to bro Rs6216 on gpay,6216,friends,upi,gpay,,friends_synthetic
upGrad ₹21039 debited from HDFC Bank,21039,education,card,,hdfc,english_natural
44728 rupees bhai phonepe,44728,friends,upi,phonepe,,voice_transcript
"HDFC loan 9618 Completed 25Aug 2025,2:28 pm HDFC 2792 UPI transaction ID 460834864917",9618,emi,upi,phonepe,hdfc,ocr_upi
petrol diesel fuel 2075 at pump card,2075,travel,card,,sbi,cue_row
"Tata Play 234 Completed 19Sep 2026,7:44 am Indusind Bank 4066 UPI transaction ID 777415463344",234,utilities,upi,cred,indusind,ocr_upi
home loan car loan credit card EMI monthly Rs.19658 autopay card,19658,emi,card,,,cue_row
maine 106 rupaye eye checkup ko diye Slice se,106,healthcare,upi,slice,,voice_transcript
Paid t30812 for Barbeque Nation from my sbi account via Paytm,30812,food,upi,paytm,sbi,english_natural
personal loan EMI ₹410 card,410,emi,card,,,english_natural
Ola cab INR 48830,48830,travel,upi,gpay,sbi,source_english
Bought Swiggy for 29876 with credit card,29876,food,card,,,english_natural
Cleartrip ka cab le liya 951 rs card se,951,travel,card,,,hinglish_natural
"HALDIRAMS
Item 1 ₹112
Item 2 INR 288
Total ₹2295
Gpay",2295,food,upi,gpay,,ocr_receipt
Netflix 1752 rupees Jupiter se Jupiter se,1752,entertainment,upi,jupiter,jupiter,hinglish_natural
INOX ka show dekha 43665 PhonePe se pay kiya,43665,entertainment,upi,phonepe,,hinglish_natural
"D BEHROUZ 165 Completed 8Mar 2026,9:57 pm Kotak Bank 9896 UPI transaction ID 3018844502528 TO:BEHROUZ behrouz.45145@kotakbank Soogletransaction lD CICAgJjg954313 OPI phonepe",165,food,upi,phonepe,kotak,ocr_upi
INOX me 209 rupaiye ka show dekha Google Pay pe,209,entertainment,upi,gpay,,hinglish_natural
NEFT/TRANSFER/COACHING/SLICE,403,education,upi,jupiter,slice,english_natural
t168.02 paid to diagnostic via Fi UPI from icici Bank ending 1683,168.02,healthcare,upi,fi,icici,ocr_upi
POS/EASEMYTRIP/CASH/9695,49726,travel,cash,,sbi,english_natural
"D LENSKART 321 Completed 6Jan 2026,2:33 pm SBI Bank 3949 UPI transaction ID 2438011803865 TO:LENSKART lenskart.15978@sbibank Soogletransaction lD CICAgJjg665575 OPI PhonePe",321,healthcare,upi,phonepe,sbi,ocr_upi
"concert BILL
St: 4114.29
CARD APPROVED",4114.29,entertainment,card,,,ocr_receipt
2020 rupees BigBasket card,2020,food,card,,,voice_transcript
207 rupaiye movie dekhi Spotify pe UPI se pay kia Punjab National Bank card se,207,entertainment,upi,phonepe,pnb,hinglish_natural
434 rs YouTube Premium via Phone Pe,434,entertainment,upi,phonepe,,hinglish_natural
Paid home loan EMI INR 4425.18 using credit card,4425.18,emi,card,,,english_natural
Rs142.14 to bike loan EMI via Phone Pe,142.14,emi,upi,phonepe,,english_natural
gaming concert event ticket 4937 card,4937,entertainment,card,,,cue_row
32065 rupaiye EMI bharaa credit card EMI ko card se pay kar diya,32065,emi,card,,,hinglish_natural
17231 paid to society maintenance via phonepe from NIYO,17231,utilities,upi,phonepe,niyo,english_natural
dinner split 7905 rupaye Amit jupiter,7905,friends,upi,jupiter,,friends_synthetic
POS/COIN/SLICE/2144,78,investment,upi,slice,,english_natural
83 rupaiye Angel One credit card se,83,investment,card,,canara,hinglish_natural
401 ₹ Netmeds card se budget tod diya,401,healthcare,card,,,hinglish_natural
medical checkup lab test health insurance R 1353 gpay,1353,healthcare,upi,gpay,,cue_row
Spent 4462.36 on broadband using PayTM,4462.36,utilities,upi,paytm,,english_natural
356.25 paid to Rohan via Niyo from slice,356.25,friends,upi,niyo,slice,english_natural
2380 ka Air India bill pay kiya GPay se,2380,travel,upi,gpay,,voice_transcript
yaar payment Rs157 done via Google Pay,157,friends,upi,gpay,hdfc,english_natural
"gaming
Net Amount 36322
Paid via CARD",36322,entertainment,card,,sbi,ocr_receipt
MedPlus pe 727 rupaye ka medicine lya debit card se,727,healthcare,card,,,hinglish_natural
i paid 21606 rupees for Amazon Prime using card,21606,entertainment,card,,,voice_transcript
"SONYLIV
Item 1 INR 156
Item 2 Rs.296
Total 249.35
CARD",249.35,entertainment,card,,,ocr_receipt
Used HDFC card to pay Rs.5051.71 for education loan EMI,5051.71,emi,card,,hdfc,english_natural
home loan car loan credit card EMI monthly ₹3539 autopay card,3539,emi,card,,,cue_row
petrol diesel fuel Rs.354 at pump cash,354,travel,cash,,hdfc,cue_row
?4026.20 debited from your Bandhan account for RedBus (phonepe UPI),4026.20,travel,upi,phonepe,bandhan,ocr_upi
Pooja payment Rs710 done via cash,710,friends,cash,,,english_natural
FirstCry ka 184 rupees ka bill cash se pay kiya,184,shopping,cash,,,voice_transcript
rent maintenance gas connection Rs460 Phonepe,460,utilities,upi,phonepe,indusind,cue_row
rent maintenance gas connection ₹1807 Phone Pe,1807,utilities,upi,phonepe,,cue_row
"TAX INVOICE
Swiggy
Grand Total: Rs 4703
Payment: PayTM",4703,food,upi,paytm,,ocr_receipt
sent ₹3531 to Pooja on Fi,3531,friends,upi,fi,,friends_synthetic
mobile recharge ₹346.74 GPay,346.74,utilities,upi,gpay,hdfc,ocr_upi
?355.01 paid to education loan EMI via Fi UPI from kotak Bank ending 8922,355.01,emi,upi,fi,kotak,ocr_upi
"WATER BILL
Item 1 INR 122
Item 2 Rs.324
Total 74.84
phonepe",74.84,utilities,upi,phonepe,,ocr_receipt
yaar 2376 rupay concert UPI se pay kia,2376,entertainment,upi,cred,,hinglish_natural
Rs4585.69 paid to Flipkart via Paytm from jupiter,4585.69,shopping,upi,paytm,jupiter,english_natural
BSNL se recharge kya 4388 ka UPI se de diya,4388,utilities,upi,cred,,hinglish_natural
bhai hospital 1892 rupay debit card se,1892,healthcare,card,,,hinglish_natural
"HALDIRAMS
Item 1 Rs.82
Item 2 R 222
Total ₹18752
CASH",18752,food,cash,,,ocr_receipt
"Rahul 4475.09 Completed 17May 2026,3:35 pm HDFC Bank 6238 UPI transaction ID 7703784679700",4475.09,friends,upi,gpay,hdfc,ocr_upi
DishTV ka bill pay kiyaa 4979 rs. card se pay kia,4979,utilities,card,,axis,hinglish_natural
ghar jaate waqt 317 rs. ride le liya SpiceJet ko credit card se Indusind Bank card se achha deal mila,317,travel,card,,indusind,hinglish_natural
Just paid Rs210 to Snapdeal through Mastercard,210,shopping,card,,,english_natural
i did 63 expense on Coin using Gpay,63,investment,upi,gpay,,voice_transcript
stocks 3266 PhonePe,3266,investment,upi,phonepe,,english_natural
Priya 435,435,friends,upi,phonepe,,english_natural
society maintenance 431 rupees CRED pe yaar,431,utilities,upi,cred,yes bank,hinglish_natural
"MEESHO
Item 1 333
Item 2 INR 132
Total Rs3749.55
CARD",3749.55,shopping,card,,,ocr_receipt
₹106.13 paid to Zepto via debit card from icici,106.13,food,card,,icici,english_natural
office se aate hue 416 rupaiye gold NIYO pe,416,investment,upi,niyo,,hinglish_natural
FD 337 sbi,337,investment,upi,bhim,sbi,english_natural
480 tuition die school fees pe credit card se sbi se kata,480,education,card,,sbi,hinglish_natural
25501 rupaye course liyaa books ko card se,6918,education,card,,,source_hinglish
204.23 G Pay Dominos,204.23,food,upi,gpay,icici,english_natural
stationery 642 rupees UPI se diye,642,education,upi,gpay,,hinglish_natural
"BILL
water bill
336.64
Slice
Thank You Visit Again",336.64,utilities,upi,slice,axis,ocr_receipt
421 rupay JioMart naqad,421,food,cash,,,hinglish_natural
flatmate rent share 20264 SLICE Pooja,20264,friends,upi,slice,,friends_synthetic
FD ka invest kr diya 1042 rupees PhonePe pe,1042,investment,upi,phonepe,,hinglish_natural
Hotstar 4478,4478,entertainment,card,,icici,english_natural
Concert ticket INR 1632,1632,entertainment,upi,gpay,,source_english
spent 4498 rupees on INOX via card,4498,entertainment,card,,,voice_transcript
Paytm Money ka paisa daala 456 rupay UPI se die,456,investment,upi,paytm,,hinglish_natural
Rs 47441 paid to Indian Oil via Bhim UPI from HDFC Bank Bank ending 1415,47441,travel,upi,bhim,hdfc,ocr_upi
spent 3395 rupees on Divya via Jupiter,3395,friends,upi,jupiter,,voice_transcript
school fees 466,466,education,upi,gpay,,english_natural
education loan EMI 44091 Paytm Payment done HDFC 9830,44091,emi,upi,paytm,hdfc,ocr_upi
home loan car loan credit card EMI monthly Rs.2271 autopay card,2271,emi,card,,,cue_row
"BROADBAND
Item 1 Rs.282
Item 2 386
Total Rs47299
cred",47299,utilities,upi,cred,,ocr_receipt
3553 HDFC loan,3553,emi,card,,hdfc,english_natural
"NPS 407 Completed 11Dec 2025,12:47 pm Axis 7236 UPI transaction ID 641372811223",407,investment,upi,gpay,axis,ocr_upi
3179 EMI kat gayi bike loan EMI pe card se pay kiya,3179,emi,card,,slice,hinglish_natural
PayTM payment Rs 5066 PharmEasy HDFC 9414 done,5066,healthcare,upi,paytm,hdfc,ocr_upi
"BILL
Jio recharge
₹4636.40
cred
Thank You Visit Again",4636.40,utilities,upi,cred,,ocr_receipt
Uber ride INR 49540,49540,travel,card,,yes bank,source_english
ghar jaate waqt 2434 rs books card se,39380,education,card,,,source_hinglish
2602 rupees flatmate cash,2602,friends,cash,,,voice_transcript
239 rupay eye checkup UPI se pay kia,239,healthcare,upi,gpay,,hinglish_natural
office se aate hue 4267 rupay BookMyShow card se,4267,entertainment,card,,icici,hinglish_natural
11246 rs food order kya Burger King ko CRED pe,11246,food,upi,cred,sbi,hinglish_natural
EatFit 22,22,food,upi,gpay,,english_natural
Coin 18750 UPI se pay kiyaa,18750,investment,upi,phonepe,,hinglish_natural
personal loan installment EMI deduction INR 13845 card,13845,emi,card,,,cue_row
BookMyShow se game le liya 306 rupaiye ka debit card se,306,entertainment,card,,,hinglish_natural
grocery vegetables milk bread fruits Rs2357 paid cash,2357,food,cash,,,cue_row
Paid Rs.7312.74 to SBI loan Phonepe UPI HDFC Bank 8742 Successful,7312.74,emi,upi,phonepe,hdfc,ocr_upi
SBI loan me 33687 ka loan payment kar diya UPI se diyee State Bank wale account se achha deal mila,33687,emi,upi,phonepe,sbi,hinglish_natural
dopahar ko tuition 1572 rupees cash de diya,1572,education,cash,,,hinglish_natural
aaj society maintenance pe 4901 rupaye kharcha hua cash se,4901,utilities,cash,,sbi,voice_transcript
"D H&M 24019 Completed 11Apr 2026,11:01 pm Axis Bank Bank 3124 UPI transaction ID 3022829335287 TO:H&M h&m.79095@axis bankbank Goog1etransaction lD XYZabc535964 OPI Google Pay",24019,shopping,upi,gpay,axis,ocr_upi
TATA PLAY INR 3566.25,3566.25,utilities,upi,gpay,,english_natural
PVR Rs.2573 debited from Fi Money,2573,entertainment,card,,fi,english_natural
SIP payment 44523.72 done via Visa,44523.72,investment,card,,,english_natural
Payment of Rs.4718 to Haldirams was successful via Phonepe UPI Ref No 8193421147467 hdfc Account 4112,4718,food,upi,phonepe,hdfc,ocr_upi
aaj SBI loan 4759 rupees UPI se de diye,4759,emi,upi,phonepe,,hinglish_natural
"Hotstar 105 Completed 23Oct 2026,1:24 pm HDFC 9854 UPI transaction ID 935614008145",105,entertainment,upi,cred,hdfc,ocr_upi
"BookMyShow 1126 Completed 21Aug 2026,12:57 pm PNB 6113 UPI transaction ID 3061092216",1126,entertainment,upi,gpay,pnb,ocr_upi
ACT Fibernet me 1075 ₹ ka payment kiyaa UPI se pay kar diya,1075,utilities,upi,phonepe,,hinglish_natural
Coursera se admission kiyaa 2254 rs. ka UPI se de diye,2254,education,upi,phonepe,,hinglish_natural
"AMAZON PRIME
Item 1 Rs.426
Item 2 407
Total R 4617
BHIM",4617,entertainment,upi,bhim,,ocr_receipt
Paid Rs.22333 for upGrad via gpay,22333,education,upi,gpay,slice,english_natural
subah 327 rs. Unacademy card se pay kya,327,education,card,,,hinglish_natural
ATM/CASH/KOTAK/253.54,253.54,healthcare,cash,,kotak,english_natural
PETROL PUMP INR 3747.57,3747.57,travel,cash,,,english_natural
?119 charged for society maintenance on Slice,119,utilities,upi,slice,,english_natural
Electricity bill payment INR 32705,32705,utilities,card,,,source_english
GPay payment 164 Faasos Axis 4821 done,164,food,upi,gpay,axis,ocr_upi
INR 1905 to dost Phone Pe UPI,1905,friends,upi,phonepe,,friends_synthetic
subah Box8 ka food order kr diya 4644 rs Jupiter pe,8,food,upi,jupiter,,hinglish_natural
Used Kotak Mahindra cash to pay Rs15145 for RedBus,15145,travel,cash,,kotak,english_natural
school college tuition course books fees Rs110 GPay,110,education,upi,gpay,,cue_row
394 paid to credit card EMI via PhonePe from HDFC Bank,394,emi,upi,phonepe,hdfc,english_natural
Bought stationery for ₹9295 with cash,9295,education,cash,,,english_natural
College fees payment INR 12066,12066,education,card,,federal bank,source_english
abhi lab test se checkup karaya 1942 rupees ka card se,1942,healthcare,card,,,hinglish_natural
"BILL
Lenskart
₹19885
Phone Pe
Thank You Visit Again",19885,healthcare,upi,phonepe,,ocr_receipt
kal Starbucks 16068 Gpay se pay kiyaa,16068,food,upi,gpay,hdfc,hinglish_natural
dopahar ko 472 rupaye Priya via PayTM,472,friends,upi,paytm,,hinglish_natural
394 insurance premium Google Pay pe,394,utilities,upi,gpay,,hinglish_natural
Ananya ka paise bheje 4342 rupees cash diy SBI se,4342,friends,cash,,sbi,hinglish_natural
Neha 4296,4296,friends,upi,cred,,english_natural
19675 rupaye petrol bharaa EaseMyTrip pe UPI se de diye,5430,travel,upi,gpay,,source_hinglish
"BILL
Swiggy
Rs 13547
CASH
Thank You Visit Again",13547,food,cash,,icici,ocr_receipt
Haldirams 14212.98 Phonepe Successful State Bank 2498,14212.98,food,upi,phonepe,sbi,ocr_upi
Fixed deposit investment INR 26392,26392,investment,upi,jupiter,,source_english
Paytm Money 16861 debit card,16861,investment,card,,,english_natural
split bill 5411 cash se Ananya ko diya,5411,friends,cash,,,friends_synthetic
₹281 debited from your YES BANK account for society maintenance (Gpay UPI),281,utilities,upi,gpay,yes bank,ocr_upi
spent 18847 rupees on crypto via Google Pay,18847,investment,upi,gpay,,voice_transcript
dopahar ko eye checkup me 20957 rs. ka medicine liya haath se diy,20957,healthcare,cash,,jupiter,hinglish_natural
Goibibo 2017 CRED pe yaar,2017,travel,upi,cred,,hinglish_natural
t275 debited from your axis account for Airtel recharge (CRED UPI),275,utilities,upi,cred,axis,ocr_upi
raat ko 32360 rupay fees bhar diya books ko SLICE pe matlab,32360,education,upi,slice,,hinglish_natural
insurance premium 407 rupaye Gpay se,407,utilities,upi,gpay,,hinglish_natural
Paid Rs408 for SpiceJet via Mastercard,408,travel,card,,,english_natural
EatFit ka kha liya 42375 rs. UPI se pay kr diya,42375,food,upi,paytm,,hinglish_natural
RedBus 12516 rupees naqad,12516,travel,cash,,,hinglish_natural
POS/JIO RECHARGE/JUPITER/1598,30539,utilities,upi,jupiter,slice,english_natural
ghar jaate waqt clinic se medicine le liya 422 rupaiye ka UPI se pay kar diya Yes Bank se kata,422,healthcare,upi,gpay,yes bank,hinglish_natural
Paid Rs27658.37 for Shreya via card,27658.37,friends,card,,,english_natural
230 rupaiye lab test UPI se diy,230,healthcare,upi,phonepe,,hinglish_natural
school college tuition course books fees 2091 fi,2091,education,upi,fi,,cue_row
maine 264 rupaye McDonald's ko diye phonepe se,264,food,upi,phonepe,,voice_transcript
"Apple Music BILL
St: Rs18071
CARD Approved",18071,entertainment,card,,icici,ocr_receipt
3539 Rohan UPI se,3539,friends,upi,gpay,pnb,hinglish_natural
dopahar ko 1011 rs. BSNL UPI se pay kr diya bhai,1011,utilities,upi,phonepe,canara,hinglish_natural
367 rs society maintenance credit card se,367,utilities,card,,,hinglish_natural
Bought Air India for ₹364 with cash,364,travel,cash,,fi,english_natural
breakfast snacks chai coffee ?2545 bhim,2545,food,upi,bhim,kotak,cue_row
HP PETROL INR 177,177,travel,card,,,english_natural
Paid 3725 for Reliance Fresh via phonepe,3725,food,upi,phonepe,,english_natural
Nykaa 309 rupees UPI se de diya matlab,309,shopping,upi,gpay,,hinglish_natural
dopahar ko FD 37009 rs SLICE pe,37009,investment,upi,slice,fi,hinglish_natural
92 rs show dekha Netflix pe card se SBI wale account se,92,entertainment,card,,sbi,hinglish_natural
253 rs EMI bhara education loan EMI pe card se pay kia,253,emi,card,,,hinglish_natural
spent 18190 rupees on HDFC loan via card,18190,emi,card,,,voice_transcript
Payment of Rs 158 to Airtel recharge was successful via Phonepe UPI Ref No 3696540356874 icici Account 2191,158,utilities,upi,phonepe,icici,ocr_upi
443 rs. BigBasket UPI se,443,food,upi,bhim,fi,hinglish_natural
yaar Coursera 3752 rupaiye debit card se,3752,education,card,,,hinglish_natural
"BSNL BILL
St: ₹364
Fi approved",364,utilities,upi,fi,,ocr_receipt
today i spent 17809 on FirstCry via card from my axis bank,17809,shopping,card,,axis,voice_transcript
netflix spotify hotstar subscription movie show Rs.3242 Phone Pe,3242,entertainment,upi,phonepe,,cue_row
gaming concert event ticket t31924 Phone Pe,31924,entertainment,upi,phonepe,,cue_row
2468 ka Behrouz bill pay kiya card se,2468,food,card,,,voice_transcript
hospital ka test karaya 46876 rupaye debit card se ICICI Bank wale account se,46876,healthcare,card,,icici,hinglish_natural
Ajio 4175.42 Google Pay,4175.42,shopping,upi,gpay,,english_natural
personal loan installment EMI deduction ₹30699 card,30699,emi,card,,,cue_row
paid 347 to Vikram through cash from Yes Bank,347,friends,cash,,yes bank,voice_transcript
medical checkup lab test health insurance ₹42 Paytm,42,healthcare,upi,paytm,,cue_row
"Bewakoof BILL
St: ₹28989
NIYO APPROVED",28989,shopping,upi,niyo,,ocr_receipt
4783 rupay petrol bhar diya Cleartrip ko cash me,4783,travel,cash,,,hinglish_natural
home loan car loan credit card EMI monthly 1864 autopay card,1864,emi,card,,,cue_row
"TAX INVOICE
Apple Music
Grand Total: 107
Payment: phonepe",107,entertainment,upi,phonepe,,ocr_receipt
"BILL
DMart
R 43447.22
SLICE
Thank You Visit Again",43447.22,food,upi,slice,,ocr_receipt
143 rupay diagnostic cash diy,143,healthcare,cash,,,hinglish_natural
UPI/07164462/ZARA/HDFC,264,shopping,upi,paytm,hdfc,english_natural
"gas bill
Net Amount 1761.75
Paid via CASH",1761.75,utilities,cash,,axis,ocr_receipt
home loan car loan credit card EMI monthly 3469 autopay card,3469,emi,card,,,cue_row
abhi water bill me 4547 ₹ ka recharge kar diya PayTM pe,4547,utilities,upi,paytm,,hinglish_natural
Just paid t457.23 to Unacademy through paytm,457.23,education,upi,paytm,,english_natural
3686 ka McDonald's bill pay kiya cash se,3686,food,cash,,,voice_transcript
Subway ka mangwaya 10659 rupaye haath se de diya,10659,food,cash,,sbi,hinglish_natural
3176 rs Coin card se pay kya,3176,investment,card,,,hinglish_natural
aaj rickshaw pe 243 rupaye kharcha hua card se,243,travel,card,,,voice_transcript
paid back friend lent money 2510 Paytm,2510,friends,upi,paytm,sbi,cue_row
electronics clothes shoes accessories purchase ₹25 via card,25,shopping,card,,,cue_row
Rs 6893.88 paid to SIP via PhonePe UPI from ICICI Bank Bank ending 8628,6893.88,investment,upi,phonepe,icici,ocr_upi
Priya ko 52 transfer kiya paytm se,52,friends,upi,paytm,,friends_synthetic
321 rupay flatmate gpay pe,321,friends,upi,gpay,,hinglish_natural
dinner split 270 rupaye Priya paytm,270,friends,upi,paytm,,friends_synthetic
47188.15 Reliance Digital,47188.15,shopping,upi,phonepe,,english_natural
education loan EMI 442 rs. UPI se pay kr diya bohot mehenga,6157,emi,upi,paytm,icici,source_hinglish
54 Subway,54,food,upi,paytm,,english_natural
school fees 3845 NIYO,3845,education,upi,paytm,niyo,english_natural
paid dost ₹485 via cash,485,friends,cash,,,friends_synthetic
Yatra 43025 PhonePe,43025,travel,upi,phonepe,axis,ocr_upi
credit card EMI se EMI bharra 11206 rupaye ka debit card se sasta tha,11206,emi,card,,,hinglish_natural
Pizza Hut 2272 PayTM,2272,food,upi,paytm,,english_natural
kal coaching ka course le liya 7655 rupees naqad,7655,education,cash,,hdfc,hinglish_natural
bhai EaseMyTrip 3810 rs. debit card se matlab,3810,travel,card,,,hinglish_natural
rent maintenance gas connection INR 3728 Gpay,3728,utilities,upi,gpay,,cue_row
Udemy 149 ₹ credit card se,149,education,card,,,hinglish_natural
BSNL ka 155 rupees ka bill Google Pay se pay kiya,155,utilities,upi,gpay,,voice_transcript
Just paid Rs2594 to Rahul through G Pay,2594,friends,upi,gpay,,english_natural
Hospital bill INR 45060,45060,healthcare,card,,kotak,source_english
UPI/14065290/STOCKS/BANK,33781,investment,card,,,english_natural
sent ₹3649 to friend on paytm split bill UPI,3649,friends,upi,paytm,,cue_row
rent maintenance gas connection INR 101 paytm,101,utilities,upi,paytm,icici,cue_row
4765 rs. bill pay kr diya insurance premium pe phonepe pe Axis se kata,4765,utilities,upi,phonepe,axis,hinglish_natural
Swiggy order INR 3507,3507,food,upi,phonepe,,source_english
Paid ₹25 for HDFC loan via gpay,25,emi,upi,gpay,,english_natural
Neha se transfer kiyaa 35166 ₹ ka UPI se pay kia NIYO se,35166,friends,upi,fi,niyo,hinglish_natural
Netmeds mein 1458 lag gaye Jupiter se bhara,1458,healthcare,upi,jupiter,,voice_transcript
Spent Rs4255.86 on Vi recharge using debit card,4255.86,utilities,card,,,english_natural
gaming 497 rupay UPI se,497,entertainment,upi,phonepe,,hinglish_natural
Reliance Digital Rs.40 debited from Bandhan Bank,40,shopping,upi,paytm,bandhan,english_natural
netflix spotify hotstar subscription movie show INR 1500 PayTM,1500,entertainment,upi,paytm,kotak,cue_row
Paid 1mg 23627 using cash,23627,healthcare,cash,,,english_natural
sent 3196 to friend on card split bill UPI,3196,friends,card,,,cue_row
mall 416 ₹ credit card se,416,shopping,card,,hdfc,hinglish_natural
486.44 Zerodha,486.44,investment,upi,phonepe,,english_natural
bhai FD ka 431 rupaye card se de diya,431,investment,card,,,voice_transcript
"D ETMONEY 21448 Completed 26Feb 2026,11:13 pm State Bank Bank 1614 UPI transaction ID 8385263532565 TO:ETMONEY et money.81125@state bankbank Goog1etransaction lD CICAgJjg173090 OPI GPay",21448,investment,upi,gpay,sbi,ocr_upi
Burger King pe 22789 rupay ka kha liya UPI se diye,22789,food,upi,slice,,hinglish_natural
1564 cash HP Petrol,1564,travel,cash,,icici,english_natural
Rahul 477.25 gpay,477.25,friends,upi,gpay,,english_natural
Spent Rs84.68 on Box8 using PayTM,84.68,food,upi,paytm,icici,english_natural
"Vi recharge BILL
St: Rs 320
CASH Approved",320,utilities,cash,,,ocr_receipt
877 rs insurance premium Google Pay se pay kiyaa,877,utilities,upi,gpay,,hinglish_natural
maine 11023 rupaye exam fee ko diye card se,11023,education,card,,pnb,voice_transcript
Behrouz 324 card,324,food,card,,,english_natural
FreshMenu 26695.30 SLICE Successful ICICI 5925,26695.30,food,upi,slice,icici,ocr_upi
278 rupees recharge kiya rent pe cash me ICICI Bank se kata,278,utilities,cash,,icici,hinglish_natural
i paid 4721 rupees for DishTV using PhonePe,4721,utilities,upi,phonepe,hdfc,voice_transcript
mutual fund 267.96,267.96,investment,upi,gpay,axis,english_natural
INR 813 charged for ACT Fibernet on CRED,813,utilities,upi,cred,yes bank,english_natural
personal loan installment EMI deduction 4999 card,4999,emi,card,,union bank,cue_row
Just paid Rs 38447.15 to Netmeds through Paytm,38447.15,healthcare,upi,paytm,fi,english_natural
college fees 4713 rs UPI se pay kar diya,8008,education,upi,phonepe,,source_hinglish
medical checkup lab test health insurance Rs.4756 bhim,4756,healthcare,upi,bhim,,cue_row
ATM/CASH/BANK/4296.95,4296.95,education,upi,slice,,english_natural
sent ₹3717 to colleague on PayTM,3717,friends,upi,paytm,,friends_synthetic
flatmate rent share 11102 GPay Pooja,11102,friends,upi,gpay,,friends_synthetic
23 rupay Flipkart credit card se bhai,23,shopping,card,,,hinglish_natural
1030 rupaye installment diyee home loan EMI ko credit card se,1030,emi,card,,,hinglish_natural
"GAANA
Item 1 232
Item 2 Rs 192
Total Rs 40704.06
Slice",40704.06,entertainment,upi,slice,hdfc,ocr_receipt
kal Pooja me 815 rupees ka dost ko diyee UPI se pay kr diya,815,friends,upi,gpay,,hinglish_natural
340 CRED doctor,340,healthcare,upi,cred,,english_natural
i paid 42104 rupees for Goibibo using jupiter,42104,travel,upi,jupiter,,voice_transcript
restaurant 302 Google Pay,302,food,upi,gpay,,english_natural
39650 rs subscription renew kr diya PVR ko card se pay kar diya,39650,entertainment,card,,axis,hinglish_natural
"BILL
market
27067.90
CARD
Thank You Visit Again",27067.90,shopping,card,,,ocr_receipt
Paid Rs.403 for car loan EMI via Mastercard,403,emi,card,,,english_natural
2097 rs. stock liyaa Kuvera ko Gpay se,2097,investment,upi,gpay,,hinglish_natural
Kuvera 451.17 slice,451.17,investment,upi,slice,sbi,english_natural
petrol diesel fuel ₹36325 at pump G Pay,36325,travel,upi,gpay,,cue_row
₹381.37 paid to Vedantu via Visa from axis,381.37,education,card,,axis,english_natural
Rs1186.20 debited from your Indusind Bank account for Karan (phonepe UPI),1186.20,friends,upi,phonepe,indusind,ocr_upi
yaar books se books liya 48930 rupaiye ka card se,48930,education,card,,,hinglish_natural
JioCinema 25372 ₹ haath se die,25372,entertainment,cash,,jupiter,hinglish_natural
aaj Apple Music pe 685 rupaye kharcha hua card se,685,entertainment,card,,,voice_transcript
BRO INR 48590,48590,friends,cash,,,english_natural
Food court payment INR 874,874,food,cash,,,source_english
30248 rupees Chai Point Paytm hdfc account,30248,food,upi,paytm,hdfc,voice_transcript
"D HDFCLOAN 1536.99 Completed 16Mar 2026,3:38 pm State Bank Bank 2252 UPI transaction ID 880640685806 TO:HDFCLOAN hdfc loan.88128@state bankbank Goog1etransaction lD XYZabc495979 OPI slice",1536.99,emi,upi,slice,sbi,ocr_upi
Paid 24259 to Rohan BHIM UPI sbi 8041 Done,24259,friends,upi,bhim,sbi,ocr_upi
"Zara
Net Amount 165.05
Paid via GPay",165.05,shopping,upi,gpay,icici,ocr_receipt
UPI/66848141/CAR LOAN EMI/SLICE,4658,emi,card,,slice,english_natural
ET Money 326 rupees card se,326,investment,card,,,hinglish_natural
"D STOCKS 1837 Completed 25Jan 2026,8:31 pm Kotak Bank 3680 UPI transaction ID 03666636947281 TO:STOCKS stocks.95202@kotakbank Soogletransaction lD CICAgJjg598450 OPI Fi",1837,investment,upi,fi,kotak,ocr_upi
coaching 4724 rupaiye Gpay pe,4724,education,upi,gpay,,hinglish_natural
flight booking travel ticket ₹17946 card,17946,travel,card,,,cue_row
Rs.459.16 paid to Rahul via slice UPI from ICICI Bank Bank ending 3462,459.16,friends,upi,slice,icici,ocr_upi
sent money to Divya R 2378 on Jupiter,2378,friends,upi,jupiter,,friends_synthetic
bro 46.86 debited from kotak,46.86,friends,cash,,kotak,english_natural
kal 44992 rupees loan payment kar diya SBI loan ko card se bhai,44992,emi,card,,,hinglish_natural
ATM/CASH/AXIS/4067,4067,food,cash,,axis,english_natural
Paid ₹352.35 to gas bill gpay UPI HDFC 2190 Completed,352.35,utilities,upi,gpay,hdfc,ocr_upi
Game purchase INR 34701,34701,entertainment,card,,icici,source_english
"electricity bill
Net Amount 26187
Paid via CARD",26187,utilities,card,,,ocr_receipt
i paid 328 rupees for 1mg using phonepe,328,healthcare,upi,phonepe,,voice_transcript
Priya ko 2876 transfer kiya Slice se,2876,friends,upi,slice,,friends_synthetic
PVR 4424 rupees card se pay kar diya,4424,entertainment,card,,,hinglish_natural
market ka shopping kia 1676 rs. card se pay kar diya,1676,shopping,card,,,hinglish_natural
44118 rupaye INOX card se pay kr diya,44118,entertainment,card,,fi,hinglish_natural
GPay payment 267.14 doctor IndusInd 4507 done,267.14,healthcare,upi,gpay,indusind,ocr_upi
Just paid Rs463 to BookMyShow through credit card,463,entertainment,card,,,english_natural
Bought Kuvera for Rs 3179.60 with Mastercard,3179.60,investment,card,,icici,english_natural
Divya 49270 rs. UPI se pay kya,49270,friends,upi,gpay,,hinglish_natural
Pooja ka transfer kiyaa 218 rupaye card se Niyo se kata,218,friends,card,,niyo,hinglish_natural
Paid ₹34.81 to Reliance Digital Slice UPI Kotak 8487 Successful,34.81,shopping,upi,slice,kotak,ocr_upi
TO:INSURANCEPREMIUM insurancepremium.43335@statebankbank From:UTSAVJANA (State Bank Cred : sender7463@okstatebankbank,36360,utilities,upi,cred,sbi,ocr_upi
₹3661 debited from your ICICI account for Vikram (Phonepe UPI),3661,friends,upi,phonepe,icici,ocr_upi
Ola 409 rs. credit card se,409,travel,card,,,hinglish_natural
aaj personal loan EMI pe 2897 rupaye kharcha hua slice se,2897,emi,upi,slice,icici,voice_transcript
24273 rupaye Lenskart debit card se,24273,shopping,card,,fi,hinglish_natural
23573.41 Google Pay SIP,23573.41,investment,upi,gpay,jupiter,english_natural
uber ola cab ride airport train ticket ₹24698 card,24698,travel,card,,,cue_row
coaching exam preparation study material ₹164 slice,164,education,upi,slice,,cue_row
Amit ka split kar diya 33336 ₹ gpay se pay kr diya sasta tha,33336,friends,upi,gpay,,hinglish_natural
restaurant 26396 rupaiye cash diy,33931,food,cash,,,source_hinglish
Croma ₹2649 debited from HDFC Bank,2649,shopping,cash,,hdfc,english_natural
184 rupaye Reliance Fresh UPI se die,184,food,upi,gpay,,hinglish_natural
928 Haldirams cash me,928,food,cash,,,hinglish_natural
raat ko Nykaa ka order kia 2082 rupaiye debit card se,2082,shopping,card,,,hinglish_natural
23694 rupay course le liya upGrad pe haath se die,23694,education,cash,,yes bank,hinglish_natural
POS/STATIONERY/CASH/9332,444,education,cash,,,english_natural
car loan EMI INR 198 debited from Axis Bank,198,emi,card,,axis,english_natural
aaj hospital pe 10512 rupaiye ka dawai liyaa Google Pay pe,32932,healthcare,upi,gpay,,source_hinglish
Just paid ₹1618 to personal loan EMI through credit card,1618,emi,card,,idfc,english_natural
bhai library pe 97 rupaiye ka fees bhra credit card se,97,education,card,,,hinglish_natural
"MakeMyTrip 37026 Completed 4Nov 2025,7:01 am HDFC 7070 UPI transaction ID 68496777619",37026,travel,upi,phonepe,hdfc,ocr_upi
Payment of INR 430.27 to Gaana was successful via gpay UPI Ref No 139311653126 sbi Account 8330,430.27,entertainment,upi,gpay,sbi,ocr_upi
hospital doctor pharmacy medicine diagnostic Rs366 cash,366,healthcare,cash,,hdfc,cue_row
"BILL
Tata CLiQ
3170.04
CARD
Thank You Visit Again",3170.04,shopping,card,,,ocr_receipt
kal Kuvera me 304 ka mutual fund kya card se,304,investment,card,,axis,hinglish_natural
4743 rupees Zomato jupiter,4743,food,upi,jupiter,,voice_transcript
bhai Rahul ko udhar return kiya 572 rs Cred se,572,friends,upi,cred,,friends_synthetic
"D DOCTOR 29497 Completed 27Jan 2026,9:09 pm State Bank Bank 3618 UPI transaction ID 12789885249919 TO:DOCTOR doctor.62996@state bankbank Soogletransaction lD XYZabc585537 OPI Jupiter",29497,healthcare,upi,jupiter,sbi,ocr_upi
JioCinema pe 526 ka movie dekhi UPI se de diya,526,entertainment,upi,gpay,,hinglish_natural
credit card EMI 47342 rupees debit card se,47342,emi,card,,,hinglish_natural
Yatra ka cab liyaa 499 rs naqad sbi account se,499,travel,cash,,sbi,hinglish_natural
dinner split 3217 rupaye Karan GPay,3217,friends,upi,gpay,,friends_synthetic
1248.44 SBI loan,1248.44,emi,card,,,english_natural
INOX INR 473.08,473.08,entertainment,cash,,,english_natural
sent ₹3739 to friend on Google Pay split bill UPI,3739,friends,upi,gpay,pnb,cue_row
"INSURANCE PREMIUM RESTAURANT
Total 475
Cash Received
Change 0.00",475,utilities,upi,phonepe,,ocr_receipt
975 paid to KFC via PayTM UPI from State Bank Bank ending 1650,975,food,upi,paytm,sbi,ocr_upi
school college tuition course books fees 3582 cash,3582,education,cash,,,cue_row
Used sbi Mastercard to pay Rs.48700 for Uber,48700,travel,card,,sbi,english_natural
"Burger King BILL
St: ₹146.45
CASH Approved",146.45,food,cash,,,ocr_receipt
yaar BookMyShow 20596 ₹ via Gpay,20596,entertainment,upi,gpay,,hinglish_natural
Priya payment 21718.05 done via slice,21718.05,friends,upi,slice,,english_natural
Hotstar 350 rupaye SLICE se pay kiyaa,350,entertainment,upi,slice,,hinglish_natural
Rahul 993 Phonepe,993,friends,upi,phonepe,hdfc,ocr_upi
hospital doctor pharmacy medicine diagnostic Rs 2773 paytm,2773,healthcare,upi,paytm,sbi,cue_row
Rahul me 4429 rupaiye ka paise bheje cash me,4429,friends,cash,,,hinglish_natural
abhi 34200 rupaiye BigBasket cash diyee,34200,food,cash,,,hinglish_natural
bhai yaar ko udhar return kiya 205 rs Phonepe se,205,friends,upi,phonepe,,friends_synthetic
Yatra ka petrol bhara 279 rs debit card se,279,travel,card,,,hinglish_natural
mutual fund SIP stocks PPF FD investment Rs.304 Phonepe,304,investment,upi,phonepe,icici,cue_row
UPI/38254547/PERSONAL LOAN EMI/HDFC BANK,508,emi,card,,hdfc,english_natural
42923 debited from your icici account for clinic (SLICE UPI),42923,healthcare,upi,slice,icici,ocr_upi
Rs362 charged for Netmeds on cash,362,healthcare,cash,,sbi,english_natural
paid Amit ₹249 via cash,249,friends,cash,,,friends_synthetic
paid back friend lent money ₹167 cash,167,friends,cash,,,cue_row
YouTube Premium 2381 Phone Pe Successful idfc 4878,2381,entertainment,upi,phonepe,idfc,ocr_upi
raat ko lab test me 3842 rupay ka dawai le liya UPI se pay kr diya sasta tha,38968,healthcare,upi,gpay,,source_hinglish
"lab test BILL
St: ?16582.55
GPay approved",16582.55,healthcare,upi,gpay,,ocr_receipt
"BILL
Lenskart
Rs 22904
PayTM
Thank You Visit Again",22904,shopping,upi,paytm,,ocr_receipt
Paid Cleartrip Rs4376 using cash from Axis Bank,4376,travel,cash,,axis,english_natural
Vedantu Rs4492 Cred,4492,education,upi,cred,kotak,ocr_upi
Rs.2685.72 debited from your Axis Bank account for Apollo Pharmacy (Paytm UPI),2685.72,healthcare,upi,paytm,axis,ocr_upi
abhi 38548 rs. NPS card se,38548,investment,card,,icici,hinglish_natural
Paid ?268.19 to FD Phonepe UPI Axis 7378 Completed,268.19,investment,upi,phonepe,axis,ocr_upi
raat ko 1539 checkup karaya Practo ko UPI se pay kiyaa,1539,healthcare,upi,phonepe,,hinglish_natural
petrol diesel fuel 4496 at pump card,4496,travel,card,,,cue_row
gaming concert event ticket ₹263 Paytm,263,entertainment,upi,paytm,,cue_row
amazon flipkart myntra online shopping order Rs.487 cred,487,shopping,upi,cred,,cue_row
Rs 935 paid to SpiceJet via cash from Canara,935,travel,cash,,canara,english_natural
Meesho se saman liyaa 4919 ka card se pay kar diya,4919,shopping,card,,,hinglish_natural
credit card EMI se loan payment kr diya 2642 ka card se,2642,emi,card,,,hinglish_natural
Paid Rahul Rs.21367.67 using GPay,21367.67,friends,upi,gpay,,english_natural
Starbucks 216 jupiter Successful ICICI 2346,216,food,upi,jupiter,icici,ocr_upi
gpay payment Rs11307.65 PharmEasy SBI 8824 completed,11307.65,healthcare,upi,gpay,sbi,ocr_upi
today i spent 29 on BookMyShow via card,29,entertainment,card,,,voice_transcript
paid 3904 to education loan EMI through card,3904,emi,card,,,voice_transcript
Amit ko 271 transfer kiya cash se,271,friends,cash,,icici,friends_synthetic
ATM/CASH/BANK/36530,36530,entertainment,card,,,english_natural
Paid INR 2110.28 to Groww Cred UPI hdfc 9864 Done,2110.28,investment,upi,cred,hdfc,ocr_upi
"ZEE5 RESTAURANT
Total 47
Cash Received
Change 0.00",47,entertainment,upi,gpay,axis,ocr_receipt
Paid doctor 410 using Mastercard,410,healthcare,card,,,english_natural
food court ka khana khya 1921 rs UPI se HDFC wale account se,1921,food,upi,phonepe,hdfc,hinglish_natural
gaming concert event ticket Rs 39381 Phonepe,39381,entertainment,upi,phonepe,,cue_row
gaming concert event ticket Rs 2469 card,2469,entertainment,card,,,cue_row
1mg ka dawai le liya 167 rupay Cred se jupiter wale account se,1,healthcare,upi,cred,jupiter,hinglish_natural
Paid Tata CLiQ ₹433 using Paytm from Kotak,433,shopping,upi,paytm,kotak,english_natural
spent 280 rupees on credit card EMI via PayTM,280,emi,upi,paytm,jupiter,voice_transcript
276 ₹ loan payment kiyaa education loan EMI pe card se Canara card se,276,emi,card,,canara,hinglish_natural
education loan EMI ka loan payment kya 4084 card se pay kiyaa zyada ho gaya,4084,emi,card,,,hinglish_natural
bhai 260 rupay invest kiyaa mutual fund pe via G Pay,260,investment,upi,gpay,,hinglish_natural
181 rs kha liya Zomato ko Paytm se pay kia ICICI Bank se kata,181,food,upi,paytm,icici,hinglish_natural
IRCTC ka ride lya 704 debit card se,704,travel,card,,axis,hinglish_natural
₹34206 to Angel One via Cred,34206,investment,upi,cred,,english_natural
FreshMenu mein 302 lag gaye cash se bhara,302,food,cash,,,voice_transcript
eye checkup 35638.21 debited from icici,35638.21,healthcare,upi,cred,icici,english_natural
FreshMenu ka kha liya 4297 ₹ Phone Pe se pay kr diya,4297,food,upi,phonepe,,hinglish_natural
"BILL
Tata Play
₹194.24
gpay
Thank You Visit Again",194.24,utilities,upi,gpay,,ocr_receipt
raat ko Groww ka SIP bhara 87 rupaiye Slice se,87,investment,upi,slice,kotak,hinglish_natural
TO:RENT rent.63389@hdfcbankbank From:AMITSINGH (HDFC Bank Slice : sender7165@okhdfcbankbank,16543,utilities,upi,slice,hdfc,ocr_upi
Zee5 41446.16,41446.16,entertainment,upi,slice,,english_natural
mess 9622,9622,food,cash,,,english_natural
paid Ananya Rs 11480 via Cred,11480,friends,upi,cred,,friends_synthetic
Spotify Rs.32800 debited from Jupiter,32800,entertainment,upi,gpay,jupiter,english_natural
"Angel One 149 Completed 16Jul 2026,5:19 pm State Bank 5299 UPI transaction ID 0619208412",149,investment,upi,paytm,sbi,ocr_upi
Uber 741 Phonepe se slice se,741,travel,upi,phonepe,slice,hinglish_natural
roommate me 44055 rs. ka split kia credit card se,44055,friends,card,,,hinglish_natural
"BILL
Dunkin
Rs.4355.02
jupiter
Thank You Visit Again",4355.02,food,upi,jupiter,,ocr_receipt
31662 ₹ YouTube Premium card se,31662,entertainment,card,,axis,hinglish_natural
2381 rupaiye mutual fund kar diya gold ko card se,2381,investment,card,,,hinglish_natural
TO:PRACTO practo.50695@statebankbank From:PRIYASHARMA (State Bank GPay : sender5385@okstatebankbank,15527,healthcare,upi,gpay,sbi,ocr_upi
gaming concert event ticket INR 3783 Phone Pe,3783,entertainment,upi,phonepe,,cue_row
abhi stationery 4849 rupees cash me zyada ho gaya,4849,education,cash,,,hinglish_natural
Coursera 3652 HDFC,3652,education,cash,,hdfc,english_natural
Bharat Petroleum Rs.21.19 Slice,21.19,travel,upi,slice,bob,ocr_upi
₹385 to bro cash UPI,385,friends,cash,,,friends_synthetic
26562 rupaiye dawai le liya Lenskart ko UPI se pay kya,26562,healthcare,upi,gpay,,hinglish_natural
34173 ₹ Amit cash me,34173,friends,cash,,,hinglish_natural
IRCTC 28551 haath se diye,28551,travel,cash,,,hinglish_natural
bike loan EMI payment Rs 217.99 done via phonepe,217.99,emi,upi,phonepe,icici,english_natural
today i spent 8380 on Tata CLiQ via card from my NIYO bank,8380,shopping,card,,niyo,voice_transcript
coaching exam preparation study material Rs14384 Google Pay,14384,education,upi,gpay,,cue_row
Practo 3099 Fi,3099,healthcare,upi,gpay,fi,english_natural
flatmate INR 66 phonepe,66,friends,upi,phonepe,sbi,ocr_upi
Bought mutual fund for ₹714.47 with card,714.47,investment,card,,,english_natural
18724 ₹ Rapido naqad,18724,travel,cash,,,hinglish_natural
dost se dost ko de diye 1118 rs. ka UPI se pay kr diya,1118,friends,upi,gpay,sbi,hinglish_natural
ghar jaate waqt SIP se invest kia 126 ₹ ka niyo se pay kia,126,investment,upi,niyo,,hinglish_natural
bhai exam fee ka 469 rupaye card se de diya,469,education,card,,,voice_transcript
lab test pe 668 ₹ ka doctor ko de diye PayTM se,668,healthcare,upi,paytm,,hinglish_natural
4728 electricity bill,4728,utilities,upi,niyo,,english_natural
3333 rupay stocks UPI se pay kr diya,3333,investment,upi,jupiter,kotak,hinglish_natural
coaching exam preparation study material ₹3320 card,3320,education,card,,,cue_row
"DMart BILL
St: ₹3641
Paytm approved",3641,food,upi,paytm,canara,ocr_receipt
Unacademy me 18274 ₹ ka course liya paytm se pay kar diya sasta tha,18274,education,upi,paytm,,hinglish_natural
school college tuition course books fees ₹461 GPay,461,education,upi,gpay,,cue_row
Internet recharge INR 45125,45125,utilities,cash,,,source_english
netflix spotify hotstar subscription movie show INR 1704 card,1704,entertainment,card,,,cue_row
Paid ?46901 for SonyLIV via Google Pay,46901,entertainment,upi,gpay,,english_natural
ghar jaate waqt electronics store pe 639 rs ka khareed liyaa via paytm Punjab National Bank account se,257,shopping,upi,paytm,pnb,source_hinglish
Shreya 27115 ₹ cash me,27115,friends,cash,,,hinglish_natural
"CROMA
Item 1 ₹290
Item 2 489
Total Rs.20482
CARD",20482,shopping,card,,,ocr_receipt
Spotify Rs 4944 debited from Axis Bank,4944,entertainment,card,,axis,english_natural
medical checkup lab test health insurance Rs.4728 cash,4728,healthcare,cash,,axis,cue_row
rent maintenance gas connection 40772 SLICE,40772,utilities,upi,slice,hdfc,cue_row
bhai 416 medicine lya dentist ko via bhim,416,healthcare,upi,bhim,,hinglish_natural
Karan ko 4782 transfer kiya PhonePe se,4782,friends,upi,phonepe,,friends_synthetic
Spent ₹20911 on Tata CLiQ using cash,20911,shopping,cash,,,english_natural
credit card EMI pe 2156 rupaye ka EMI kat gayi phonepe se,2156,emi,upi,phonepe,,hinglish_natural
"Receipt #1195
FirstCry
Amount Paid: ₹3750
Mode: CARD",3750,shopping,card,,axis,ocr_receipt
"SOCIETY MAINTENANCE
Item 1 Rs.149
Item 2 Rs498
Total Rs.34690
PayTM",34690,utilities,upi,paytm,,ocr_receipt
i did 2983 expense on Angel One using card,2983,investment,card,,,voice_transcript
"LAB TEST RESTAURANT
Total 406
Cash Received
Change 0.00",406,healthcare,card,,,ocr_receipt
library pe 23691 rs. ka fees bharra cash de diya Jupiter account se,23691,education,cash,,jupiter,hinglish_natural
2131 ka broadband bill pay kiya cash se,2131,utilities,cash,,,voice_transcript
today i spent 1653 on Dunkin via Slice,1653,food,upi,slice,,voice_transcript
diagnostic se test karaya 383 rupees ka card se pay kiya,383,healthcare,card,,hdfc,hinglish_natural
151 rupay food order kiya food court pe card se,151,food,card,,sbi,hinglish_natural
bhai MakeMyTrip ka 3389 rupaye card se de diya,3389,travel,card,,,voice_transcript
Rs.392 charged for Udemy on Mastercard,392,education,card,,,english_natural
INR 45376.81 debited from your Bandhan Bank account for SIP (jupiter UPI),45376.81,investment,upi,jupiter,bandhan,ocr_upi
Electronics shopping INR 8213,8213,shopping,card,,axis,source_english
flight booking travel ticket 4681 card,4681,travel,card,,icici,cue_row
lunch dinner food order swiggy zomato restaurant meal Rs.14732 card,14732,food,card,,,cue_row
Personal loan installment INR 35959,35959,emi,upi,phonepe,,source_english
Used hdfc cash to pay Rs 2063 for Lenskart,2063,healthcare,cash,,hdfc,english_natural
upGrad se fees bharaa 137 rs. ka via Slice,137,education,upi,slice,,hinglish_natural
"gas bill
Net Amount 3570
Paid via Jupiter",3570,utilities,upi,jupiter,union bank,ocr_receipt
paid bhai R 818 via cash,818,friends,cash,,pnb,friends_synthetic
Croma se shopping kiyaa 2377 ka via Gpay sbi wale account se,2377,shopping,upi,gpay,sbi,hinglish_natural
Rs.4481.15 debited from your SBI account for upGrad (cred UPI),4481.15,education,upi,cred,sbi,ocr_upi
library ka tuition diyee 3930 rs card se pay kiyaa achha deal mila,3930,education,card,,hdfc,hinglish_natural
kal 11870 rupaiye clinic card se,11870,healthcare,card,,,hinglish_natural
BookMyShow me 32 rupaye ka game le liya UPI se diyee,32,entertainment,upi,jupiter,,hinglish_natural
Jio recharge se bill bhar diya 1695 rs. ka UPI se die,1695,utilities,upi,gpay,kotak,hinglish_natural
eye checkup mein 165 lag gaye cash se bhara,165,healthcare,cash,,,voice_transcript
dentist se checkup karaya 9977 rs ka UPI se diye,9977,healthcare,upi,gpay,,hinglish_natural
Reliance Digital 2457.48 Slice Completed State Bank 4312,2457.48,shopping,upi,slice,sbi,ocr_upi
exam fee Rs 452 debited from Fi,452,education,card,,fi,english_natural
"TAX INVOICE
Vi recharge
Grand Total: 3845
Payment: Cred",3845,utilities,upi,cred,rbl,ocr_receipt
BSNL ka bill bhar diya 20642 rs. PhonePe pe,20642,utilities,upi,phonepe,,hinglish_natural
42572 rupaye credit card EMI slice se pay kia,42572,emi,upi,slice,,hinglish_natural
"NETMEDS
Item 1 Rs 187
Item 2 Rs 381
Total ₹51
CASH",51,healthcare,cash,,,ocr_receipt
34510.52 to roommate via GPay,34510.52,friends,upi,gpay,,english_natural
15338 rupaye Hotstar haath se de diye,15338,entertainment,cash,,axis,hinglish_natural
UPI/97268133/POOJA/BANK,7432.09,friends,upi,cred,,english_natural
UPI/57998959/ET MONEY/BANK,415.90,investment,upi,phonepe,,english_natural
Udemy 36827,36827,education,upi,paytm,,english_natural
Flipkart me 49879 rs. ka order kiyaa UPI se de diya,49879,shopping,upi,gpay,sbi,hinglish_natural
home loan EMI se EMI bharaa 2556 rs ka card se pay kiyaa,29107,emi,card,,,source_hinglish
4053 rupay paisa daala SIP pe CRED pe bohot mehenga,4053,investment,upi,cred,,hinglish_natural
PharmEasy 23714 rupaiye via Gpay bohot mehenga,23714,healthcare,upi,gpay,,hinglish_natural
clinic se checkup karaya 2799 rupaiye ka NIYO pe,2799,healthcare,upi,niyo,,hinglish_natural
₹31557.24 paid to cafe via slice UPI from Union Bank Bank ending 3317,31557.24,food,upi,slice,union bank,ocr_upi
Paid INR 8881 for EaseMyTrip via paytm,8881,travel,upi,paytm,sbi,english_natural
Paid 1381 to Groww Cred UPI Yes Bank 3132 Completed,1381,investment,upi,cred,yes bank,ocr_upi
Paid Rs.765 to Shreya SLICE UPI IDFC 5201 Done,765,friends,upi,slice,idfc,ocr_upi
"BILL
clinic
3039
Phone Pe
Thank You Visit Again",3039,healthcare,upi,phonepe,,ocr_receipt
aaj Shreya 78 ₹ via PayTM Yes Bank wale account se,78,friends,upi,paytm,yes bank,hinglish_natural
personal loan EMI payment ₹9099.96 done via PayTM,9099.96,emi,upi,paytm,,english_natural
yaar Blinkit se khana order kar diya 6428 rupaye ka credit card se,24997,food,card,,,source_hinglish
Bajaj Finance EMI se installment de diya 406 ₹ ka card se pay kya,406,emi,card,,,hinglish_natural
360 ka broadband bill pay kiya Phonepe se icici se kata,360,utilities,upi,phonepe,icici,voice_transcript
TO:JIOCINEMA jiocinema.18916@bankofbarodabank From:AMITSINGH (Bank of Baroda CRED : sender6443@okbankofbarodabank,261,entertainment,upi,cred,bob,ocr_upi
2809 rupaye khana kha liya Dunkin pe via Phonepe,29176,food,upi,phonepe,,source_hinglish
Tata CLiQ ka 24448 rupees ka bill card se pay kiya,24448,shopping,card,,jupiter,voice_transcript
"KFC
Item 1 t461
Item 2 Rs368
Total 4658
CARD",4658,food,card,,federal bank,ocr_receipt
coaching exam preparation study material Rs.28535 card,28535,education,card,,,cue_row
POS/KUVERA/GOOGLE PAY/5192,2766.51,investment,upi,gpay,axis,english_natural
Paid Box8 t42896 using paytm,42896,food,upi,paytm,,english_natural
343 rs dawai lya clinic pe UPI se de diye,343,healthcare,upi,fi,hdfc,hinglish_natural
?5430.09 charged for Unacademy on cash,5430.09,education,cash,,,english_natural
Spent Rs221.79 on stocks using phonepe,221.79,investment,upi,phonepe,,english_natural
dopahar ko 24623 rupaiye kiraya diy Rapido ko UPI se de diye,24623,travel,upi,phonepe,,hinglish_natural
mall mein 31647 lag gaye GPay se bhara,31647,shopping,upi,gpay,axis,voice_transcript
aaj electronics store pe 592 rupaye kharcha hua card se,592,shopping,card,,,voice_transcript
maine 488 rupaye Vikram ko diye Jupiter se,488,friends,upi,jupiter,,voice_transcript
office se aate hue 1016 rupaiye hospital card se pay kiyaa,1016,healthcare,card,,niyo,hinglish_natural
spent 2667 rupees on Vi recharge via BHIM,2667,utilities,upi,bhim,,voice_transcript
electricity water broadband mobile recharge bill 443 paytm,443,utilities,upi,paytm,icici,cue_row
i did 329 expense on Unacademy using Phonepe,329,education,upi,phonepe,icici,voice_transcript
443 rs. rent card se pay kya,443,utilities,card,,,hinglish_natural
home loan car loan credit card EMI monthly ₹1521 autopay paytm,1521,emi,upi,paytm,,cue_row
ATM/CASH/BANK/39390,39390,investment,upi,fi,,english_natural
Paytm payment ₹2411 petrol pump axis 6756 completed,2411,travel,upi,paytm,axis,ocr_upi
"H&M
Net Amount 14626
Paid via paytm",14626,shopping,upi,paytm,,ocr_receipt
TO:BIKELOANEMI bikeloanemi.27651@sbibank From:AMITSINGH (sbi phonepe : sender2203@oksbibank,2127,emi,upi,phonepe,sbi,ocr_upi
14500 PVR,14500,entertainment,card,,kotak,english_natural
3654 cash Coursera,3654,education,cash,,,english_natural
paid flatmate ₹1849 via card,1849,friends,card,,,friends_synthetic
bhai 4115 rupaye mangwaya DMart ko UPI se pay kia,4115,food,upi,phonepe,,hinglish_natural
Paid education loan EMI Rs4983.54 using card from sbi,4983.54,emi,card,,sbi,english_natural
college fees se admission kr diya 488 rupay ka haath se diye,488,education,cash,,icici,hinglish_natural
netflix spotify hotstar subscription movie show Rs 22201 card,22201,entertainment,card,,icici,cue_row
2021 rupees Groww PayTM,2021,investment,upi,paytm,,voice_transcript
Credit card EMI INR 29705,29705,emi,card,,,source_english
Air India ka ticket book kr diya 329 rupaiye GPay se,33695,travel,upi,gpay,,source_hinglish
abhi 21081 ₹ show dekha YouTube Premium ko card se pay kr diya bohot mehenga,21081,entertainment,card,,sbi,hinglish_natural
"Blinkit
Net Amount 1973.52
Paid via CARD",1973.52,food,card,,,ocr_receipt
PVR ka subscription renew kar diya 350 rs SLICE pe,350,entertainment,upi,slice,,hinglish_natural
PVR 38004 Gpay se HDFC wale account se,38004,entertainment,upi,gpay,hdfc,hinglish_natural
split bill 426 Bhim se roommate ko diya,426,friends,upi,bhim,axis,friends_synthetic
gpay payment t4846 H&M HDFC Bank 8088 completed,4846,shopping,upi,gpay,hdfc,ocr_upi
Paid ₹112 to Nykaa cred UPI hdfc 7346 Successful,112,shopping,upi,cred,hdfc,ocr_upi
4703 ka YouTube Premium bill pay kiya SLICE se Yes Bank se kata,4703,entertainment,upi,slice,yes bank,voice_transcript
"dentist 111 Completed 3Apr 2025,8:00 pm axis 3535 UPI transaction ID 740850749113",111,healthcare,upi,paytm,axis,ocr_upi
46 paid to Rapido via Mastercard from hdfc,46,travel,card,,hdfc,english_natural
hospital ₹39925.47 cred,39925.47,healthcare,upi,cred,axis,ocr_upi
Hotel booking INR 2655,2655,travel,card,,,source_english
"GAS BILL
Item 1 ₹438
Item 2 Rs.154
Total Rs 2476
slice",2476,utilities,upi,slice,,ocr_receipt
mutual fund SIP stocks PPF FD investment 2777 phonepe,2777,investment,upi,phonepe,,cue_row
TO:MEDPLUS medplus.50730@idfcfirstbank From:AMITSINGH (IDFC First Cred : user7664@okidfcfirstbank,707,healthcare,upi,cred,idfc,ocr_upi
school fees ka tuition de diye 470 ₹ debit card se Niyo se,470,education,card,,niyo,hinglish_natural
BigBasket pe 2580 rupaiye ka mangwaya fi se,2580,food,upi,fi,,hinglish_natural
maine 52 rupaye auto ko diye Niyo se,52,travel,upi,niyo,,voice_transcript
split bill 18998 Fi se Divya ko diya,18998,friends,upi,fi,,friends_synthetic
"BILL
Gaana
Rs 813
BHIM
Thank You Visit Again",813,entertainment,upi,bhim,icici,ocr_receipt
stocks se paisa daala 28480 rupees ka CRED pe,28480,investment,upi,cred,hdfc,hinglish_natural
exam fee 2353 rs. cash diyee budget tod diya,2353,education,cash,,sbi,hinglish_natural
ET Money ka SIP bhar diya 1797 ₹ NIYO se pay kiyaa,1797,investment,upi,niyo,,hinglish_natural
Yatra Rs.60 Slice,60,travel,upi,slice,sbi,ocr_upi
2319 ₹ game lia SonyLIV pe card se pay kia,2319,entertainment,card,,,hinglish_natural
5179 Visa gold,5179,investment,card,,axis,english_natural
"INOX RESTAURANT
Total 2601.58
Cash Received
Change 0.00",2601.58,entertainment,card,,,ocr_receipt
dost ka transfer kiya 4614 UPI se diy,4614,friends,upi,phonepe,,hinglish_natural
2372 rs SIP bhara Zerodha pe UPI se,2372,investment,upi,phonepe,icici,hinglish_natural
spent 440 rupees on Karan via paytm,440,friends,upi,paytm,,voice_transcript
gold mein 428 lag gaye bhim se bhara,428,investment,upi,bhim,,voice_transcript
Jupiter payment Rs.38.30 credit card EMI Federal Bank 2885 done,38.30,emi,upi,jupiter,federal bank,ocr_upi
Used ICICI jupiter to pay Rs.478 for Airtel recharge,478,utilities,upi,jupiter,icici,english_natural
amazon flipkart myntra online shopping order ₹789 card,789,shopping,card,,,cue_row
Swiggy ka food order kia 411 rupay NIYO pe,411,food,upi,niyo,,hinglish_natural
Apollo Pharmacy 4709 rs card se,4709,healthcare,card,,,hinglish_natural
today i spent 41925 on Croma via cash from my HDFC bank,41925,shopping,cash,,hdfc,voice_transcript
i paid 4578 rupees for stocks using Cred,4578,investment,upi,cred,,voice_transcript
₹3469.22 paid to FirstCry via cred UPI from SBI Bank ending 2756,3469.22,shopping,upi,cred,sbi,ocr_upi
raat ko 573 rupaye paise bheje dost ko card se pay kr diya,573,friends,card,,,hinglish_natural
"D RELIANCEFRESH 42374 Completed 19Mar 2026,11:43 pm Axis Bank Bank 1590 UPI transaction ID 1055839111 TO:RELIANCEFRESH reliance fresh.58421@axis bankbank Soogletransaction lD CICAgJjg264009 OPI GPay",42374,food,upi,gpay,axis,ocr_upi
dopahar ko bike loan EMI me 432 rupees ka EMI kat gayi credit card se axis wale account se budget tod diya,432,emi,card,,axis,hinglish_natural
"doctor BILL
St: Rs.154
Bhim Approved",154,healthcare,upi,bhim,,ocr_receipt
flatmate 721 G Pay Payment done hdfc 5887,721,friends,upi,gpay,hdfc,ocr_upi
SpiceJet pe 3895 rupaiye ka petrol bhra via Phone Pe,3895,travel,upi,phonepe,,hinglish_natural
NEFT/TRANSFER/AMAZON/,1420.39,shopping,card,,,english_natural
friend ko 4074 transfer kiya cash se,4074,friends,cash,,,friends_synthetic
Spent Rs278.07 on gas bill using credit card,278.07,utilities,card,,,english_natural
today i spent 390 on school fees via gpay,390,education,upi,gpay,,voice_transcript
dost payment 452 done via PhonePe,452,friends,upi,phonepe,,english_natural
petrol diesel fuel ₹2987 at pump SLICE,2987,travel,upi,slice,,cue_row
NEFT/TRANSFER/PRIYA/,4116.91,friends,upi,niyo,,english_natural
paid Ananya 280 via jupiter,280,friends,upi,jupiter,,friends_synthetic
Zomato Rs 2775 Phonepe,2775,food,upi,phonepe,,english_natural
rent 6236 gpay,6236,utilities,upi,gpay,axis,ocr_upi
FLIPKART INR 1086,1086,shopping,upi,gpay,,english_natural
IRCTC se ride liyaa 71 ₹ ka debit card se zyada ho gaya,71,travel,card,,,hinglish_natural
Ajio se order kr diya 44098 rupaye ka debit card se,44098,shopping,card,,,hinglish_natural
Amazon 292 rupaiye cash diy,292,shopping,cash,,,hinglish_natural
Apollo Pharmacy ka doctor ko de diya 148 rs. Bhim se hdfc se,148,healthcare,upi,bhim,hdfc,hinglish_natural
library 49801.28 SLICE Completed hdfc 2012,49801.28,education,upi,slice,hdfc,ocr_upi
Myntra 4062 CRED Completed axis 8484,4062,shopping,upi,cred,axis,ocr_upi
flatmate rent share 16498 Phone Pe Rohan,16498,friends,upi,phonepe,,friends_synthetic
PVR pe 267 rupees ka show dekha credit card se,267,entertainment,card,,,hinglish_natural
Ajio se saman liya 153 rs. ka UPI se diy,153,shopping,upi,paytm,,hinglish_natural
UPI/58964148/RAHUL/BANK,17362,friends,upi,paytm,,english_natural
ghar jaate waqt MedPlus se medicine le liya 350 rs. ka cash die,34356,healthcare,cash,,axis,source_hinglish
NEFT/TRANSFER/PETROL PUMP/FI,380,travel,cash,,fi,english_natural
ghar jaate waqt concert ka show dekha 40986 rupees via Gpay,40986,entertainment,upi,gpay,,hinglish_natural
bhai 297 rupay Netflix phonepe se pay kr diya,297,entertainment,upi,phonepe,indusind,hinglish_natural
bhai ka udhar return kia 2868 rs. Fi Money se,2868,friends,upi,fi,icici,hinglish_natural
42 rupees stocks card slice account,42,investment,card,,slice,voice_transcript
water bill se recharge kr diya 2303 rupaiye ka debit card se,2303,utilities,card,,axis,hinglish_natural
Indian Oil 47703 rs cash die,22566,travel,cash,,icici,source_hinglish
"Receipt #6794
market
Amount Paid: INR 3513
Mode: CARD",3513,shopping,card,,,ocr_receipt
stocks se SIP bharaa 31657 rupaye ka credit card se,31657,investment,card,,,hinglish_natural
bhai personal loan EMI 429 rupaiye credit card se,429,emi,card,,slice,hinglish_natural
"Behrouz BILL
St: Rs 2652
CARD Approved",2652,food,card,,,ocr_receipt
mess Rs6532 PhonePe,6532,food,upi,phonepe,hdfc,ocr_upi
breakfast snacks chai coffee 4441 card,4441,food,card,,hdfc,cue_row
Amazon Prime ka movie dekhi 41851 rupay card se,41851,entertainment,card,,,hinglish_natural
FirstCry 39908.75,39908.75,shopping,cash,,,english_natural
sent INR 3572 to Rohan on phonepe,3572,friends,upi,phonepe,,friends_synthetic
"BILL
Myntra
INR 15876.49
CARD
Thank You Visit Again",15876.49,shopping,card,,kotak,ocr_receipt
"BILL
BSNL
INR 1454
Phonepe
Thank You Visit Again",1454,utilities,upi,phonepe,sbi,ocr_receipt
split bill 4834 cash se dost ko diya,4834,friends,cash,,axis,friends_synthetic
TO:PRIYA priya.83194@yesbankbank From:PRIYASHARMA (YES BANK Google Pay : user1360@okyesbankbank,15662,friends,upi,gpay,yes bank,ocr_upi
t274 charged for gaming on Cred,274,entertainment,upi,cred,,english_natural
diagnostic 4789 rupay UPI se achha deal mila,4789,healthcare,upi,paytm,,hinglish_natural
Concert ticket INR 494,494,entertainment,upi,paytm,sbi,source_english
Coin 14869.23 Phone Pe Successful SBI 7855,14869.23,investment,upi,phonepe,sbi,ocr_upi
sent money to bhai Rs2263 on Cred,2263,friends,upi,cred,bandhan,friends_synthetic
paid 170 to Blinkit through card,170,food,card,,,voice_transcript
Lenskart se saman lya 35189 rs ka debit card se,35189,shopping,card,,idfc,hinglish_natural
POS/BEHROUZ/CASH/7497,96.09,food,cash,,icici,english_natural
hospital doctor pharmacy medicine diagnostic 589 phonepe,589,healthcare,upi,phonepe,hdfc,cue_row
electronics clothes shoes accessories purchase 15586 via card,15586,shopping,card,,yes bank,cue_row
HDFC loan 4237 rupay credit card se matlab,4237,emi,card,,,hinglish_natural
"Receipt #9105
Tata Play
Amount Paid: ₹5860
Mode: CARD",5860,utilities,card,,,ocr_receipt
Pooja ko 4476 transfer kiya Cred se,4476,friends,upi,cred,icici,friends_synthetic
422 rupaiye Priya UPI se diye,422,friends,upi,paytm,,hinglish_natural
POS/FRESHMENU/PHONE PE/2164,275.39,food,upi,phonepe,,english_natural
2962 rupaiye roommate cash de diya,2962,friends,cash,,,hinglish_natural
Goibibo ka ride le liya 3680 rupaye card se pay kiya,3680,travel,card,,,hinglish_natural
i did 459 expense on crypto using NIYO,459,investment,upi,niyo,,voice_transcript
Amazon 164 ₹ credit card se achha deal mila,164,shopping,card,,hdfc,hinglish_natural
Zerodha ka stock liya 2814 rs. debit card se,2814,investment,card,,,hinglish_natural
"Croma 726 Completed 20Nov 2026,5:58 am ICICI Bank 6639 UPI transaction ID 795619572178",726,shopping,upi,gpay,icici,ocr_upi
paid 278 to Flipkart through slice from ICICI Bank,278,shopping,upi,slice,icici,voice_transcript
"D RELIANCEFRESH 4921.49 Completed 1Apr 2026,10:23 pm sbi Bank 1386 UPI transaction ID 5300022750936 TO:RELIANCEFRESH reliance fresh.96378@sbibank Soogletransaction lD XYZabc092803 OPI Phonepe",4921.49,food,upi,phonepe,sbi,ocr_upi
4176 rupees Barbeque Nation credit card se,4176,food,card,,,hinglish_natural
481 rs. eye checkup Google Pay se,481,healthcare,upi,gpay,jupiter,hinglish_natural
paytm payment ₹4219.90 Netmeds Canara 2707 done,4219.90,healthcare,upi,paytm,canara,ocr_upi
water bill ₹4938 debited from Fi,4938,utilities,upi,phonepe,fi,english_natural
car loan EMI 23441 rupay card se pay kr diya,23441,emi,card,,jupiter,hinglish_natural
FD 3956.23 Slice Payment done Kotak 7730,3956.23,investment,upi,slice,kotak,ocr_upi
clinic se test karaya 462 rupaiye ka Gpay se pay kr diya,1654,healthcare,upi,gpay,,source_hinglish
mutual fund 2011 PhonePe pe,2011,investment,upi,phonepe,icici,hinglish_natural
i paid 117 rupees for NPS using phonepe,117,investment,upi,phonepe,canara,voice_transcript
Paid ₹451 to broadband G Pay UPI HDFC 9988 Done,451,utilities,upi,gpay,hdfc,ocr_upi
office se aate hue coaching pe 401 ka tuition die debit card se,401,education,card,,,hinglish_natural
348.80 Cred Dominos,348.80,food,upi,cred,slice,english_natural
"Receipt #5504
Dominos
Amount Paid: ₹3929
Mode: paytm",3929,food,upi,paytm,,ocr_receipt
Flipkart se buy kiyaa 231 rupaye ka credit card se,231,shopping,card,,,hinglish_natural
?397 paid to Ola via Phone Pe from Fi,397,travel,upi,phonepe,fi,english_natural
Chai Point 335 rupaiye debit card se HDFC card se,335,food,card,,hdfc,hinglish_natural
Vikram 4701 HDFC,4701,friends,card,,hdfc,english_natural
aaj petrol pump pe 2205 rupaye kharcha hua cash se,2205,travel,cash,,,voice_transcript
Arjun ko 392 transfer kiya Paytm se,392,friends,upi,paytm,,friends_synthetic
Lunch at hotel INR 41867,41867,food,upi,gpay,,source_english
441 rupaye bill bhra insurance premium ko UPI se,441,utilities,upi,jupiter,axis,hinglish_natural
49541 rupaiye ACT Fibernet jupiter se,49541,utilities,upi,jupiter,icici,hinglish_natural
"SBI loan 173.46 Completed 20Mar 2026,11:41 pm HDFC 1636 UPI transaction ID 80707718815",173.46,emi,upi,gpay,hdfc,ocr_upi
₹2975 paid to PVR via gpay UPI from ICICI Bank ending 6148,2975,entertainment,upi,gpay,icici,ocr_upi
HDFC loan se loan payment kiya 2679 rs. ka card se pay kiyaa achha deal mila,22161,emi,card,,sbi,source_hinglish
POS/DIAGNOSTIC/CREDIT CARD/4736,242,healthcare,card,,,english_natural
NEFT/TRANSFER/NETMEDS/,1534,healthcare,card,,,english_natural
"dentist
Net Amount 2847.02
Paid via CARD",2847.02,healthcare,card,,,ocr_receipt
Paid Netmeds Rs.173 using cash from SBI,173,healthcare,cash,,sbi,english_natural
Bought RedBus for ₹1127 with credit card,1127,travel,card,,pnb,english_natural
Paid food court 40418.64 using Visa,40418.64,food,card,,,english_natural
UPI/22014679/GOLD/YES BANK,289,investment,card,,yes bank,english_natural
Paid 3155 for ET Money from my HDFC Bank account via Visa,3155,investment,card,,hdfc,english_natural
i did 11903 expense on Practo using BHIM,11903,healthcare,upi,bhim,,voice_transcript
"TAX INVOICE
DishTV
Grand Total: ₹109
Payment: Gpay",109,utilities,upi,gpay,indusind,ocr_receipt
personal loan installment EMI deduction t60 card,60,emi,card,,,cue_row
Payment of ₹2954 to Coursera was successful via paytm UPI Ref No 906328775548 HDFC Bank Account 5423,2954,education,upi,paytm,hdfc,ocr_upi
"TATA PLAY
Item 1 Rs.154
Item 2 333
Total R 97
CARD",97,utilities,card,,,ocr_receipt
Rs.375.56 debited from your sbi account for Pooja (cred UPI),375.56,friends,upi,cred,sbi,ocr_upi
maine 9014 rupaye HDFC loan ko diye card se,9014,emi,card,,kotak,voice_transcript
403 rupay friend card se pay kar diya,403,friends,card,,,hinglish_natural
i paid 1402 rupees for school fees using Slice,1402,education,upi,slice,,voice_transcript
electricity water broadband mobile recharge bill Rs22024 cash,22024,utilities,cash,,,cue_row
split bill 3122 phonepe se Shreya ko diya,3122,friends,upi,phonepe,,friends_synthetic
market pe 1487 ka khareed le liya credit card se,1487,shopping,card,,,hinglish_natural
179 rupaiye stock lia PPF pe UPI se diy State Bank se kata,179,investment,upi,paytm,sbi,hinglish_natural
bhai roommate ko udhar return kiya 6012 rs paytm se,6012,friends,upi,paytm,,friends_synthetic
Goibibo ka petrol bhara 1997 rs. cash me,1997,travel,cash,,,hinglish_natural
Just paid Rs164.15 to Unacademy through card,164.15,education,card,,,english_natural
water bill 4565 rupaye Google Pay se pay kiyaa,4565,utilities,upi,gpay,kotak,hinglish_natural
EaseMyTrip payment Rs.237 done via credit card,237,travel,card,,,english_natural
lunch dinner food order swiggy zomato restaurant meal INR 1926 cash,1926,food,cash,,,cue_row
UPI/46062165/ARJUN/BANK,45825.48,friends,cash,,,english_natural
7598 rupaye Cleartrip GPay pe,7598,travel,upi,gpay,,hinglish_natural
Indian Oil se ticket book kya 4322 rupees ka card se,4322,travel,card,,,hinglish_natural
38487 rupees personal loan EMI via phonepe,43212,emi,upi,phonepe,,source_hinglish
electricity bill ka bill pay kya 1653 rs. via G Pay,1653,utilities,upi,gpay,,hinglish_natural
Flipkart 414 rs debit card se,414,shopping,card,,,hinglish_natural
library 25847.47 IDFC,25847.47,education,upi,fi,idfc,english_natural
Just paid R 47963 to water bill through Google Pay,47963,utilities,upi,gpay,,english_natural
Paid ₹334 for INOX via Visa,334,entertainment,card,,sbi,english_natural
bhai Starbucks ka 1676 rupaye Google Pay se de diya,1676,food,upi,gpay,,voice_transcript
ghar jaate waqt 19189 ₹ yaar UPI se,19189,friends,upi,gpay,sbi,hinglish_natural
BYJU'S mein 267 lag gaye card se bhara,267,education,card,,,voice_transcript
gaming payment 481.34 done via card,481.34,entertainment,card,,hdfc,english_natural
Bike loan EMI INR 14705,14705,emi,upi,phonepe,,source_english
Goibibo ka kiraya diy 7455 rs Phone Pe se pay kia,7455,travel,upi,phonepe,,hinglish_natural
colleague ko 378 transfer kiya PhonePe se,378,friends,upi,phonepe,,friends_synthetic
Rs 3274 paid to Zee5 via Phone Pe UPI from Kotak Bank ending 7508,3274,entertainment,upi,phonepe,kotak,ocr_upi
Rs.228 charged for Vi recharge on G Pay,228,utilities,upi,gpay,,english_natural
i did 562 expense on coaching using card,562,education,card,,,voice_transcript
Bajaj Finance EMI mein 3257 lag gaye card se bhara,3257,emi,card,,,voice_transcript
school college tuition course books fees 28785 cash,28785,education,cash,,,cue_row
BSNL 426.55,426.55,utilities,upi,phonepe,,english_natural
i paid 22510 rupees for NPS using card,22510,investment,card,,,voice_transcript
625 rupees RedBus UPI se de diya bc,625,travel,upi,jupiter,,hinglish_natural
BigBasket se khana order kr diya 13275 ka haath se diyee Kotak Mahindra wale account se yaar,6997,food,cash,,kotak,source_hinglish
"Receipt #8586
Apple Music
Amount Paid: R 2378
Mode: CARD",2378,entertainment,card,,,ocr_receipt
Spent Rs206 on yaar using SLICE,206,friends,upi,slice,,english_natural
dopahar ko 845 rupees McDonald's debit card se,845,food,card,,,hinglish_natural
crypto gold bonds NPS portfolio ?29855 card,29855,investment,card,,,cue_row
₹14812 to personal loan EMI via credit card BOB account,14812,emi,card,,bob,english_natural
kal Udemy se tuition de diya 1186 rupaiye ka credit card se,1186,education,card,,jupiter,hinglish_natural
coaching exam preparation study material INR 3431 PayTM,3431,education,upi,paytm,sbi,cue_row
split bill 145 Gpay se Amit ko diya,145,friends,upi,gpay,,friends_synthetic
Cafe coffee INR 31001,31001,food,cash,,,source_english
260 rs. Groww credit card se,260,investment,card,,,hinglish_natural
SNAPDEAL INR 87,87,shopping,upi,bhim,,english_natural
Unacademy ka fees bharaa 186 rupees UPI se pay kar diya,186,education,upi,phonepe,,hinglish_natural
dinner split 133 rupaye Neha Phonepe,133,friends,upi,phonepe,,friends_synthetic
sent money to flatmate 15801 on card,15801,friends,card,,,friends_synthetic
stocks 16778 rupaye PhonePe se pay kiyaa HDFC account se,16778,investment,upi,phonepe,hdfc,hinglish_natural
1634 ₹ EMI bhar diya HDFC loan ko credit card se,1634,emi,card,,,hinglish_natural
school college tuition course books fees Rs 57 card,57,education,card,,,cue_row
UPI/14772059/MOBILE RECHARGE/BANK,2056,utilities,upi,slice,,english_natural
lunch dinner food order swiggy zomato restaurant meal 25096 bhim,25096,food,upi,bhim,,cue_row
College fees payment INR 40804,40804,education,upi,fi,,source_english
"Receipt #1749
gas bill
Amount Paid: Rs 3359
Mode: bhim",3359,utilities,upi,bhim,icici,ocr_receipt
i did 339 expense on Spotify using slice,339,entertainment,upi,slice,,voice_transcript
flatmate rent share 430 card Amit,430,friends,card,,,friends_synthetic
Udemy se fees bhra 26224 ka debit card se,12066,education,card,,federal bank,source_hinglish
Just paid Rs.43155.36 to school fees through Visa,43155.36,education,card,,icici,english_natural
lab test 3835 ₹ cash me HDFC se,29051,healthcare,cash,,hdfc,source_hinglish
dopahar ko 2911 Hotstar credit card se,2911,entertainment,card,,hdfc,hinglish_natural
Pooja pe 3148 ka paise bheje Jupiter se pay kar diya,3148,friends,upi,jupiter,,hinglish_natural
aaj stocks pe 37947 rupaye kharcha hua card se,37947,investment,card,,,voice_transcript
mutual fund 498 rs card se,47076,investment,card,,,source_hinglish
education loan EMI 39002 fi Successful Bank of Baroda 9556,39002,emi,upi,fi,bob,ocr_upi
3724 BSNL,3724,utilities,upi,paytm,,english_natural
Payment of ₹408.43 to Zerodha was successful via PayTM UPI Ref No 43666470547199 SBI Account 5508,408.43,investment,upi,paytm,sbi,ocr_upi
flatmate rent share 13750 GPay Neha,13750,friends,upi,gpay,idfc,friends_synthetic
Tata CLiQ me 88 ka saman liya phonepe pe,88,shopping,upi,phonepe,,hinglish_natural
gaming concert event ticket Rs.137 card,137,entertainment,card,,,cue_row
SpiceJet 49248,49248,travel,upi,cred,idfc,english_natural
202.49 mobile recharge,202.49,utilities,cash,,jupiter,english_natural
4038 saman le liya Tata CLiQ ko UPI se,4038,shopping,upi,cred,,hinglish_natural
Bought FreshMenu for Rs281 with Visa,281,food,card,,,english_natural
TO:MUTUALFUND mutualfund.79560@icicibank From:UTSAVJANA (icici GPay : user7815@okicicibank,23,investment,upi,gpay,icici,ocr_upi
crypto se paisa daala 26301 rupay ka debit card se bohot mehenga,26301,investment,card,,,hinglish_natural
Paytm Money pe 4265 ₹ ka paisa daala paytm pe,4265,investment,upi,paytm,,hinglish_natural
₹1430 charged for MakeMyTrip on Phonepe,1430,travel,upi,phonepe,icici,english_natural
"D FLATMATE 748 Completed 26Feb 2026,11:27 pm HDFC Bank Bank 4314 UPI transaction ID 977910992208969 TO:FLATMATE flatmate.57763@hdfc bankbank Goog1etransaction lD CICAgJjg517491 OPI slice",748,friends,upi,slice,hdfc,ocr_upi
dinner split 3853 rupaye Priya GPay,3853,friends,upi,gpay,bob,friends_synthetic
bhai Nykaa ka 11096 rupaye Paytm se de diya,11096,shopping,upi,paytm,sbi,voice_transcript
maine 227 rupaye Pooja ko diye Phone Pe se,227,friends,upi,phonepe,axis,voice_transcript
"Starbucks 1838 Completed 18Nov 2026,6:52 am HDFC 6274 UPI transaction ID 088609692533",1838,food,upi,gpay,hdfc,ocr_upi
clinic me 2185 ka test karaya debit card se,2185,healthcare,card,,,hinglish_natural
subah stocks 32111 rs. Paytm se,32111,investment,upi,paytm,jupiter,hinglish_natural
ACT Fibernet 225 rupaiye debit card se HDFC wale account se,13072,utilities,card,,hdfc,source_hinglish
maine 124 rupaye mutual fund ko diye card se,124,investment,card,,,voice_transcript
mutual fund ka stock liya 3220 rs debit card se SBI card se,3220,investment,card,,sbi,hinglish_natural
petrol diesel fuel ₹1757 at pump card,1757,travel,card,,,cue_row
water bill 496 rupay Phone Pe pe,496,utilities,upi,phonepe,jupiter,hinglish_natural
Amazon ₹17312.60 Phone Pe,17312.60,shopping,upi,phonepe,,english_natural
kal SBI loan se EMI bhara 470 rupaye ka debit card se,41367,emi,card,,,source_hinglish
"D BYJU'S 1504 Completed 6Mar 2026,2:52 pm Kotak Mahindra Bank 3405 UPI transaction ID 978680428878925 TO:BYJU'S byju's.84748@kotak mahindrabank Goog1etransaction lD XYZabc241954 OPI PayTM",1504,education,upi,paytm,kotak,ocr_upi
POS/FIRSTCRY/GOOGLE PAY/1546,3319,shopping,upi,gpay,jupiter,english_natural
Spotify 23903 rupees card se,23903,entertainment,card,,fi,hinglish_natural
TO:ANGELONE angelone.51302@icicibankbank From:UTSAVJANA (ICICI Bank gpay : user6387@okicicibankbank,26774.92,investment,upi,gpay,icici,ocr_upi
JioMart me 9113 rupees ka khana order kiyaa PayTM se,9113,food,upi,paytm,,hinglish_natural
RedBus ka 1027 rupees ka bill card se pay kiya,1027,travel,card,,,voice_transcript
coaching exam preparation study material ₹3190 card,3190,education,card,,,cue_row
Bike loan EMI INR 41083,41083,emi,card,,yes bank,source_english
sent money to Divya ₹228 on PhonePe,228,friends,upi,phonepe,sbi,friends_synthetic
petrol diesel fuel ₹446 at pump card,446,travel,card,,,cue_row
"D NEHA 45123 Completed 7Jan 2026,8:17 pm sbi Bank 6112 UPI transaction ID 3991454228 TO:NEHA neha.86354@sbibank Googletransaction lD XYZabc476296 OPI PayTM",45123,friends,upi,paytm,sbi,ocr_upi
370 ₹ mangwaya Zepto ko GPay se,370,food,upi,gpay,jupiter,hinglish_natural
maine 32534 rupaye Zee5 ko diye card se,32534,entertainment,card,,,voice_transcript
Bought Ola for Rs.191 with cash,191,travel,cash,,,english_natural
Spent INR 1527.06 on Rahul using card,1527.06,friends,card,,,english_natural
Paid 2017 for Amit via cash,2017,friends,cash,,,english_natural
concert me 4175 rupay ka movie dekhi haath se diy,4175,entertainment,cash,,slice,hinglish_natural
broadband 257.95 Gpay Successful sbi 4956,257.95,utilities,upi,gpay,sbi,ocr_upi
BookMyShow t2496.99 Paytm,2496.99,entertainment,upi,paytm,icici,ocr_upi
268 rs. Netflix card se pay kr diya matlab,268,entertainment,card,,,hinglish_natural
4128 card Zerodha,4128,investment,card,,,english_natural
169.47 gas bill,169.47,utilities,upi,gpay,,english_natural
12972 rs subscription renew kya JioCinema pe card se pay kr diya,12972,entertainment,card,,yes bank,hinglish_natural
Paid 4197 for Netflix from my HDFC Bank account via Visa,4197,entertainment,card,,hdfc,english_natural
office se aate hue Zara 3279 rupees haath se de diya,3279,shopping,cash,,,hinglish_natural
ghar jaate waqt coaching ka admission kiya 142 rupees Phonepe pe,142,education,upi,phonepe,,hinglish_natural
netflix spotify hotstar subscription movie show ₹113 Slice,113,entertainment,upi,slice,,cue_row
Zomato ka khana kha liya 439 rs. debit card se HDFC se kata bc,40955,food,card,,hdfc,source_hinglish
medical checkup lab test health insurance Rs4342 cash,4342,healthcare,cash,,,cue_row
hospital doctor pharmacy medicine diagnostic Rs 311 G Pay,311,healthcare,upi,gpay,,cue_row
Paid t778 for PVR via cash,778,entertainment,cash,,,english_natural
dost yaar ko 2674 rupaye CRED se bheje,2674,friends,upi,cred,,friends_synthetic
yaar 2884 rs. EMI bharra bike loan EMI pe card se pay kya bhai,2884,emi,card,,,hinglish_natural
252 rupaye stock lya Groww pe paytm se pay kia HDFC account se,252,investment,upi,paytm,hdfc,hinglish_natural
"broadband
Net Amount 263.42
Paid via CARD",263.42,utilities,card,,,ocr_receipt
Arjun se split kiya 30808 ka G Pay pe Kotak Mahindra account se,30808,friends,upi,gpay,kotak,hinglish_natural
Bought YouTube Premium for Rs4893 with SLICE,4893,entertainment,upi,slice,hdfc,english_natural
Bajaj Finance EMI se EMI bharaa 421 rs ka card se pay kr diya,421,emi,card,,,hinglish_natural
"D PIZZAHUT 4593.64 Completed 25Mar 2026,10:01 pm sbi Bank 5769 UPI transaction ID 7274959169 TO:PIZZAHUT pizza hut.67340@sbibank Soogletransaction lD XYZabc114407 OPI phonepe",4593.64,food,upi,phonepe,sbi,ocr_upi
crypto gold bonds NPS portfolio ₹4080 fi,4080,investment,upi,fi,,cue_row
bhai Netflix ka 919 rupaye cash se de diya,919,entertainment,cash,,,voice_transcript
yaar mein 33759 lag gaye paytm se bhara,33759,friends,upi,paytm,sbi,voice_transcript
office se aate hue 4627 colleague phonepe pe,4627,friends,upi,phonepe,,hinglish_natural
office se aate hue coaching me 345 rupaye ka books lya debit card se,43194,education,card,,,source_hinglish
Coin 81 icici,81,investment,card,,icici,english_natural
"dhaba
Net Amount 35285
Paid via G Pay",35285,food,upi,gpay,,ocr_receipt
2786 rupaye doctor ko de diya eye checkup ko PhonePe se,2786,healthcare,upi,phonepe,slice,hinglish_natural
office se aate hue Angel One 146 rs via phonepe,146,investment,upi,phonepe,,hinglish_natural
"H&M BILL
St: 355
CARD approved",355,shopping,card,,,ocr_receipt
split bill 3673 cred se Priya ko diya,3673,friends,upi,cred,,friends_synthetic
POS/REDBUS/CASH/3371,839,travel,cash,,,english_natural
dinner split 19298 rupaye Pooja gpay,19298,friends,upi,gpay,,friends_synthetic
aaj Spotify pe 267 rupaye kharcha hua card se,267,entertainment,card,,,voice_transcript
Karan 4145 UPI se die budget tod diya,4145,friends,upi,cred,,hinglish_natural
22 rupees FirstCry cash,22,shopping,cash,,,voice_transcript
society maintenance ka recharge kia 41986 rupees via Gpay achha deal mila,41986,utilities,upi,gpay,,hinglish_natural
Biryani Blues payment Rs 328.82 done via Paytm,328.82,food,upi,paytm,pnb,english_natural
Spent Rs 498.69 on Snapdeal using CRED,498.69,shopping,upi,cred,,english_natural
home loan car loan credit card EMI monthly INR 23565 autopay card,23565,emi,card,,,cue_row
INOX se show dekha 386 rupay ka card se,386,entertainment,card,,jupiter,hinglish_natural
electronics clothes shoes accessories purchase 988 via card,988,shopping,card,,sbi,cue_row
Swiggy ka food order kar diya 1067 rupay Paytm pe NIYO wale account se yaar,1067,food,upi,paytm,niyo,hinglish_natural
insurance premium ka bill bhara 3516 ₹ naqad,3516,utilities,cash,,,hinglish_natural
aaj mess pe 7794 rupaye kharcha hua Gpay se,7794,food,upi,gpay,,voice_transcript
34690 card Uber,34690,travel,card,,,english_natural
split bill 1358 cash se colleague ko diya,1358,friends,cash,,,friends_synthetic
242 paid to Ola via bhim UPI from hdfc Bank ending 1231,242,travel,upi,bhim,hdfc,ocr_upi
electricity water broadband mobile recharge bill Rs16212 PayTM,16212,utilities,upi,paytm,sbi,cue_row
Priya 1264.54,1264.54,friends,upi,phonepe,,english_natural
yaar BSNL pe 791 ₹ ka payment kar diya card se Yes Bank wale account se,791,utilities,card,,yes bank,hinglish_natural
Rs2006 paid to bhai via G Pay UPI from HDFC Bank Bank ending 8922,2006,friends,upi,gpay,hdfc,ocr_upi
friend ko 19536 transfer kiya Cred se,19536,friends,upi,cred,sbi,friends_synthetic
Paid Amazon ₹140 using slice,140,shopping,upi,slice,,english_natural
lunch dinner food order swiggy zomato restaurant meal ₹3798 gpay,3798,food,upi,gpay,,cue_row
Airtel recharge me 42624 rupaye ka bill pay kiyaa G Pay pe,19748,utilities,upi,gpay,,source_hinglish
Rs 308.43 debited from your hdfc account for Jio recharge (cred UPI),308.43,utilities,upi,cred,hdfc,ocr_upi
POS/BOOKS/CASH/9110,3915.85,education,cash,,,english_natural
CHAI POINT INR 250.29 IDFC,250.29,food,upi,slice,idfc,english_natural
3188 upGrad,3188,education,card,,slice,english_natural
INOX se game le liya 4953 ₹ ka UPI se IndusInd se kata yaar,4953,entertainment,upi,phonepe,indusind,hinglish_natural
Goibibo t300.35 Google Pay,300.35,travel,upi,gpay,sbi,ocr_upi
subah 482 ₹ Coin paytm se,482,investment,upi,paytm,,hinglish_natural
4061 rs bill bharaa Tata Play ko GPay se,4061,utilities,upi,gpay,axis,hinglish_natural
4278 RedBus,4278,travel,cash,,,english_natural
hospital doctor pharmacy medicine diagnostic Rs.278 PhonePe,278,healthcare,upi,phonepe,,cue_row
breakfast snacks chai coffee 3739 Fi Money,3739,food,upi,fi,,cue_row
bhai ko 1161 transfer kiya GPay se,1161,friends,upi,gpay,,friends_synthetic
water bill 8999.93,8999.93,utilities,card,,canara,english_natural
"Croma
Net Amount 9474
Paid via CARD",9474,shopping,card,,,ocr_receipt
maine 342 rupaye IndiGo ko diye paytm se,342,travel,upi,paytm,,voice_transcript
office se aate hue mobile recharge ka payment kya 45919 rupees card se,45919,utilities,card,,,hinglish_natural
1947 rs coaching cash diy,1947,education,cash,,niyo,hinglish_natural
market me 440 rs. ka saman liya phonepe pe,440,shopping,upi,phonepe,,hinglish_natural
₹2687 charged for library on card,2687,education,card,,,english_natural
498.30 bike loan EMI,498.30,emi,card,,hdfc,english_natural
split bill 1435 card se Rohan ko diya,1435,friends,card,,,friends_synthetic
1104 Bhim crypto,1104,investment,upi,bhim,jupiter,english_natural
Rs 123.89 debited from your RBL account for personal loan EMI (paytm UPI),123.89,emi,upi,paytm,rbl,ocr_upi
Apollo Pharmacy me 3293 ka dawai liyaa card se matlab,3293,healthcare,card,,,hinglish_natural
bhai Faasos 1402 rupees haath se diyee,1402,food,cash,,,hinglish_natural
kal 41704 rupaiye Bajaj Finance EMI credit card se,41704,emi,card,,icici,hinglish_natural
26663 to rent via PhonePe,26663,utilities,upi,phonepe,,english_natural
"mobile recharge BILL
St: ₹3466.42
PayTM APPROVED",3466.42,utilities,upi,paytm,,ocr_receipt
313 rupaye stationery BHIM pe,313,education,upi,bhim,icici,hinglish_natural
ATM/CASH/IDFC/12291,12291,travel,card,,idfc,english_natural
2402 ₹ DishTV GPay pe,2402,utilities,upi,gpay,,hinglish_natural
IndiGo se ride lia 18011 ₹ ka cash diy,18011,travel,cash,,idfc,hinglish_natural
13428 rupay Unacademy UPI se,16147,education,upi,slice,,source_hinglish
split bill 4707 paytm se Vikram ko diya,4707,friends,upi,paytm,hdfc,friends_synthetic
SonyLIV 136,136,entertainment,card,,sbi,english_natural
372.25 paytm H&M,372.25,shopping,upi,paytm,icici,english_natural
mutual fund SIP stocks PPF FD investment 3887 Fi Money,3887,investment,upi,fi,,cue_row
28710 rs course le liya books pe credit card se,27700,education,card,,,source_hinglish
Just paid Rs.14448.31 to Unacademy through Mastercard,14448.31,education,card,,,english_natural
3391 Visa stationery,3391,education,card,,,english_natural
personal loan EMI mein 4134 lag gaye card se bhara,4134,emi,card,,jupiter,voice_transcript
Just paid Rs.29 to MedPlus through debit card,29,healthcare,card,,,english_natural
2546 rupay game liyaa Netflix pe debit card se,2546,entertainment,card,,,hinglish_natural
i did 409 expense on personal loan EMI using card,409,emi,card,,,voice_transcript
Spent ₹41262.11 on HP Petrol using PhonePe,41262.11,travel,upi,phonepe,jupiter,english_natural
UPI/51634418/FIRSTCRY/PNB,1834,shopping,card,,pnb,english_natural
electronics clothes shoes accessories purchase 41289 via cred,41289,shopping,upi,cred,pnb,cue_row
Bought Divya for Rs 26191.87 with cash,26191.87,friends,cash,,,english_natural
Online shopping payment INR 34527,34527,shopping,card,,,source_english
"BILL
Lenskart
₹1048
SLICE
Thank You Visit Again",1048,healthcare,upi,slice,,ocr_receipt
Spent Rs 29245 on Neha using CRED,29245,friends,upi,cred,,english_natural
Bought Biryani Blues for ₹7898 with Google Pay,7898,food,upi,gpay,,english_natural
HP Petrol se ride liya 2519 rupees ka cash me,2519,travel,cash,,,hinglish_natural
electronics clothes shoes accessories purchase Rs.4551 via card,4551,shopping,card,,,cue_row
mutual fund se stock le liya 3988 rupaye ka card se pay kiya,3988,investment,card,,,hinglish_natural
202 rupees upGrad card Niyo account,202,education,card,,niyo,voice_transcript
office se aate hue SpiceJet me 3916 rs. ka cab liya credit card se,16659,travel,card,,,source_hinglish
"electricity bill BILL
St: Rs.35363
phonepe Approved",35363,utilities,upi,phonepe,icici,ocr_receipt
Spent 1914.35 on college fees using Paytm,1914.35,education,upi,paytm,,english_natural
"PVR
Item 1 ₹138
Item 2 ₹317
Total ?31844.74
CARD",31844.74,entertainment,card,,,ocr_receipt
COACHING INR 418,418,education,card,,,english_natural
120 rupay ticket liya Spotify ko via GPay,120,entertainment,upi,gpay,,hinglish_natural
kal friend ka dost ko die 2875 rupay via Fi budget tod diya,2875,friends,upi,fi,,hinglish_natural
Spent INR 4041 on gold using phonepe,4041,investment,upi,phonepe,bandhan,english_natural
electricity water broadband mobile recharge bill INR 657 Cred,657,utilities,upi,cred,,cue_row
sent money to yaar ₹4591 on Bhim,4591,friends,upi,bhim,,friends_synthetic
maine 26664 rupaye Shreya ko diye card se,26664,friends,card,,,voice_transcript
33582.70 Mastercard books,33582.70,education,card,,,english_natural
Groww se stock liyaa 2477 ₹ ka card se,2477,investment,card,,,hinglish_natural
diagnostic 44743.46 YES BANK,44743.46,healthcare,upi,cred,yes bank,english_natural
maine 15309 rupaye Udemy ko diye cash se,15309,education,cash,,,voice_transcript
121 ₹ Gaana UPI se pay kiya,121,entertainment,upi,gpay,,hinglish_natural
Just paid ₹4051 to Zerodha through GPay,4051,investment,upi,gpay,,english_natural
"TAX INVOICE
electricity bill
Grand Total: INR 151
Payment: G Pay",151,utilities,upi,gpay,hdfc,ocr_receipt
aaj 4785 rs. tuition de diye coaching pe via paytm,4785,education,upi,paytm,,hinglish_natural
kal petrol pump se cab lya 16374 rupay ka card se,40894,travel,card,,,source_hinglish
yaar ko 229 transfer kiya Phonepe se,229,friends,upi,phonepe,,friends_synthetic
Tata CLiQ 173 rupaye card se,173,shopping,card,,,hinglish_natural
paid 3874 to SIP through PhonePe,3874,investment,upi,phonepe,,voice_transcript
personal loan installment EMI deduction Rs.1560 jupiter,1560,emi,upi,jupiter,,cue_row
Ajio 30624,30624,shopping,upi,slice,slice,english_natural
gold ka invest kr diya 365 rupaiye UPI se,365,investment,upi,gpay,sbi,hinglish_natural
friend se udhar return kya 23905 rs. ka naqad,23905,friends,cash,,,hinglish_natural
5848 ₹ ticket liyaa YouTube Premium pe cash me yaar,5848,entertainment,cash,,,hinglish_natural
society maintenance me 61 rs ka bill bhra UPI se,61,utilities,upi,slice,,hinglish_natural
4637 rs. coaching credit card se,21166,education,card,,,source_hinglish
Used ICICI slice to pay 463 for Airtel recharge,463,utilities,upi,slice,icici,english_natural
Bought home loan EMI for Rs.373 with Visa,373,emi,card,,hdfc,english_natural
Bought Kuvera for ₹84 with Paytm,84,investment,upi,paytm,,english_natural
"Receipt #4380
Zepto
Amount Paid: 2966
Mode: CASH",2966,food,cash,,,ocr_receipt
Rs.2212 charged for gaming on Mastercard,2212,entertainment,card,,,english_natural
Spent Rs.2721 on Ananya using cash,2721,friends,cash,,hdfc,english_natural
Bought exam fee for ₹562 with cash,562,education,cash,,,english_natural
abhi 385 rupees metro haath se diyee,385,travel,cash,,,hinglish_natural
13623 rupees khana order kiya Box8 pe credit card se,13623,food,card,,,hinglish_natural
paid Arjun INR 3851 via PayTM,3851,friends,upi,paytm,,friends_synthetic
Divya se split kia 44349 rupees ka UPI se,44349,friends,upi,slice,,hinglish_natural
8676 to flatmate Jupiter UPI,8676,friends,upi,jupiter,hdfc,friends_synthetic
1593 ₹ petrol bhar diya Indian Oil ko debit card se,1593,travel,card,,,hinglish_natural
maine 293 rupaye personal loan EMI ko diye card se,293,emi,card,,,voice_transcript
Rs.14618 to McDonald's via cash,14618,food,cash,,,english_natural
?1126 charged for mess on debit card,1126,food,card,,niyo,english_natural
personal loan EMI 8199.21,8199.21,emi,card,,slice,english_natural
₹321 to eye checkup via paytm,321,healthcare,upi,paytm,,english_natural
bhai flatmate ko udhar return kiya 117 rs GPay se,117,friends,upi,gpay,,friends_synthetic
HDFC loan se EMI bharaa 4076 rs ka credit card se,40005,emi,card,,,source_hinglish
Rs.4241 to Pooja PayTM UPI,4241,friends,upi,paytm,,friends_synthetic
"TATA PLAY RESTAURANT
Total 237
Cash Received
Change 0.00",237,utilities,upi,paytm,,ocr_receipt
"Tata CLiQ
Net Amount 3581.82
Paid via CARD",3581.82,shopping,card,,,ocr_receipt
TO:CREDITCARDEMI creditcardemi.42594@hdfcbank From:AMITSINGH (HDFC Phone Pe : sender6975@okhdfcbank,4174,emi,upi,phonepe,hdfc,ocr_upi
school college tuition course books fees Rs.378 cash,378,education,cash,,,cue_row
84 rupaiye invest kia PPF ko UPI se de diya,84,investment,upi,phonepe,,hinglish_natural
bhai dost ko udhar return kiya 3186 rs niyo se,3186,friends,upi,niyo,,friends_synthetic
3828 ka 1mg bill pay kiya card se,3828,healthcare,card,,,voice_transcript
Payment of 321 to Amazon was successful via slice UPI Ref No 04331682077852 State Bank Account 7958,321,shopping,upi,slice,sbi,ocr_upi
"D CANTEEN 4028.62 Completed 24Apr 2026,6:20 pm sbi Bank 1157 UPI transaction ID 0861997078 TO:CANTEEN canteen.37129@sbibank Goog1etransaction lD CICAgJjg132940 OPI Google Pay",4028.62,food,upi,gpay,sbi,ocr_upi
electronics clothes shoes accessories purchase t4198 via Paytm,4198,shopping,upi,paytm,,cue_row
HDFC loan INR 3666 credit card,3666,emi,card,,,english_natural
bhai SonyLIV ka 2713 rupaye card se de diya,2713,entertainment,card,,,voice_transcript
Gaana mein 381 lag gaye Cred se bhara,381,entertainment,upi,cred,slice,voice_transcript
"Faasos BILL
St: 859
CARD APPROVED",859,food,card,,,ocr_receipt
aaj Netmeds pe 4749 rupaye kharcha hua Phone Pe se,4749,healthcare,upi,phonepe,,voice_transcript
23080 rs hospital haath se diyee budget tod diya,23080,healthcare,cash,,,hinglish_natural
Netflix subscription INR 40589,40589,entertainment,cash,,,source_english
subah 4683 rs. show dekha Amazon Prime pe UPI se,4683,entertainment,upi,phonepe,slice,hinglish_natural
Rs.1405 charged for Amit on NIYO,1405,friends,upi,niyo,,english_natural
Vikram 13675 slice,13675,friends,cash,,slice,english_natural
3427 rupaye IndiGo naqad,3427,travel,cash,,,hinglish_natural
bhai dost ko udhar return kiya 138 rs SLICE se,138,friends,upi,slice,icici,friends_synthetic
stationery Rs.146.90 G Pay,146.90,education,upi,gpay,pnb,ocr_upi
"BILL
Barbeque Nation
Rs368.84
Fi Money
Thank You Visit Again",368.84,food,upi,fi,,ocr_receipt
Bought Box8 for ₹377 with Phonepe,377,food,upi,phonepe,,english_natural
kal 221 rupay Coin slice se pay kr diya,221,investment,upi,slice,hdfc,hinglish_natural
dopahar ko HDFC loan ka EMI kat gayi 26199 rupay Phonepe pe,26199,emi,upi,phonepe,,hinglish_natural
BYJU'S 3484 rs UPI se pay kia zyada ho gaya,3484,education,upi,gpay,,hinglish_natural
HDFC loan ka loan payment kia 2042 card se pay kia,2042,emi,card,,,hinglish_natural
college fees me 276 rupees ka books lya card se,276,education,card,,fi,hinglish_natural
399 rs. stocks card se pay kar diya,1554,investment,card,,,source_hinglish
MakeMyTrip se kiraya die 37049 rupay ka niyo se pay kya,37049,travel,upi,niyo,,hinglish_natural
medical checkup lab test health insurance Rs17935 cash,17935,healthcare,cash,,hdfc,cue_row
₹173 paid to Jio recharge via G Pay UPI from hdfc Bank ending 1007,173,utilities,upi,gpay,hdfc,ocr_upi
Coin mein 24 lag gaye card se bhara,24,investment,card,,,voice_transcript
mess se food order kya 2292 rs. ka phonepe se pay kiya HDFC Bank account se,2292,food,upi,phonepe,hdfc,hinglish_natural
Paid Gaana Rs 4163 using credit card,4163,entertainment,card,,,english_natural
3531 rs. Snapdeal UPI se,3531,shopping,upi,paytm,jupiter,hinglish_natural
Apple Music 1582.19 Google Pay Completed Axis 7043,1582.19,entertainment,upi,gpay,axis,ocr_upi
exam fee 3353.95,3353.95,education,card,,,english_natural
11273 rupaiye shopping kiyaa Ajio ko debit card se Slice wale account se,11273,shopping,card,,slice,hinglish_natural
sent 23310 to Neha on slice,23310,friends,upi,slice,,friends_synthetic
flatmate 3310 rupees card se,3310,friends,card,,jupiter,hinglish_natural
rent maintenance gas connection Rs.2587 Google Pay,2587,utilities,upi,gpay,,cue_row
dopahar ko 10217 rupay checkup karaya dentist pe card se pay kiya,10217,healthcare,card,,,hinglish_natural
45 debit card Spotify,45,entertainment,card,,icici,english_natural
spent 420 rupees on broadband via GPay,420,utilities,upi,gpay,,voice_transcript
IRCTC ₹1553 cash,1553,travel,cash,,slice,english_natural
Paid SBI loan 2866 using PayTM,2866,emi,upi,paytm,,english_natural
crypto me 208 ₹ ka paisa daala credit card se,208,investment,card,,,hinglish_natural
paid 4742 to SpiceJet through Cred from State Bank,4742,travel,upi,cred,sbi,voice_transcript
1096 ka cafe bill pay kiya card se Slice se kata,1096,food,card,,slice,voice_transcript
bhai bhai ko udhar return kiya 21863 rs paytm se,21863,friends,upi,paytm,,friends_synthetic
ghar jaate waqt 4694 rs. loan payment kya HDFC loan ko paytm se pay kr diya bc,4694,emi,upi,paytm,,hinglish_natural
flatmate rent share 4755 cash Rohan,4755,friends,cash,,,friends_synthetic
₹1892 charged for Tata CLiQ on NIYO,1892,shopping,upi,niyo,,english_natural
"MedPlus 10056 Completed 14Aug 2026,9:22 am Punjab National Bank 2551 UPI transaction ID 625804191116",10056,healthcare,upi,paytm,pnb,ocr_upi
raat ko Meesho 2759 rupaiye UPI se,2759,shopping,upi,phonepe,kotak,hinglish_natural
"D REDBUS 4811 Completed 10Mar 2026,3:39 pm hdfc Bank 8246 UPI transaction ID 29931642128265 TO:REDBUS redbus.76312@hdfcbank Googletransaction lD XYZabc248910 OPI PhonePe",4811,travel,upi,phonepe,hdfc,ocr_upi
paid 219 to Myntra through card from HDFC,219,shopping,card,,hdfc,voice_transcript
dopahar ko 1645 rs tuition die stationery ko naqad,1645,education,cash,,,hinglish_natural
Rs.3503.87 charged for education loan EMI on Mastercard,3503.87,emi,card,,,english_natural
bhai Reliance Digital ka 22909 rupaye cash se de diya,22909,shopping,cash,,hdfc,voice_transcript
INR 1066 paid to stocks via jupiter UPI from sbi Bank ending 7309,1066,investment,upi,jupiter,sbi,ocr_upi
13675 cab liyaa Bharat Petroleum pe card se Niyo se kata sasta tha,13675,travel,card,,niyo,hinglish_natural
school fees ka admission kiyaa 47225 rupay UPI se pay kr diya Fi wale account se,47225,education,upi,gpay,fi,hinglish_natural
1535 rupaye mutual fund kiyaa FD ko debit card se,1535,investment,card,,,hinglish_natural
lunch dinner food order swiggy zomato restaurant meal Rs.205 Gpay,205,food,upi,gpay,,cue_row
flatmate rent share 4090 Paytm roommate,4090,friends,upi,paytm,,friends_synthetic
Bought credit card EMI for INR 41190 with card,41190,emi,card,,,english_natural
INR 1029 paid to mess via card from slice,1029,food,card,,slice,english_natural
paid Pooja 115 via Slice,115,friends,upi,slice,kotak,friends_synthetic
DMart ka kha liya 4553 rupaiye via Paytm,4553,food,upi,paytm,,hinglish_natural
"TAX INVOICE
diagnostic
Grand Total: Rs 363
Payment: cred",363,healthcare,upi,cred,axis,ocr_receipt
218 ₹ kiraya die auto ko G Pay se pay kiyaa,218,travel,upi,gpay,,hinglish_natural
paid Ananya INR 3408 via Slice,3408,friends,upi,slice,,friends_synthetic
Paid INR 270 for cafe from my hdfc account via cash,270,food,cash,,hdfc,english_natural
bike loan EMI 429 rs debit card se ICICI Bank se kata budget tod diya,429,emi,card,,icici,hinglish_natural
Food court payment INR 847,847,food,cash,,hdfc,source_english
MCDONALD'S INR 150.62,150.62,food,upi,cred,,english_natural
49063 rupees mall Phone Pe,49063,shopping,upi,phonepe,,voice_transcript
Paid 319 to eye checkup jupiter UPI kotak 4855 Done,319,healthcare,upi,jupiter,kotak,ocr_upi
Cleartrip Rs 2685.31 cred,2685.31,travel,upi,cred,sbi,english_natural
"D EDUCATIONLOANEMI 20122 Completed 6Feb 2026,5:08 pm HDFC Bank Bank 3487 UPI transaction ID 820978862235342 TO:EDUCATIONLOANEMI education loan emi.29642@hdfc bankbank Soogletransaction lD CICAgJjg286879 OPI Phonepe",20122,emi,upi,phonepe,hdfc,ocr_upi
305 rupees dost ko diyee Pooja ko via G Pay SBI account se bohot mehenga,305,friends,upi,gpay,sbi,hinglish_natural
uber ola cab ride airport train ticket INR 434 card,434,travel,card,,,cue_row
MedPlus me 74 rs ka test karaya phonepe se pay kia zyada ho gaya,74,healthcare,upi,phonepe,hdfc,hinglish_natural
rickshaw 274.07 cash,274.07,travel,cash,,sbi,english_natural
home loan EMI pe 41462 rs. ka loan payment kia card se,41462,emi,card,,,hinglish_natural
paid 3044 to home loan EMI through card,3044,emi,card,,,voice_transcript
"TAX INVOICE
Amazon Prime
Grand Total: INR 210
Payment: CASH",210,entertainment,cash,,,ocr_receipt
dost yaar ko 513 rupaye Bhim se bheje,513,friends,upi,bhim,,friends_synthetic
3202 rupees education loan EMI slice,3202,emi,upi,slice,,voice_transcript
raat ko 12149 ₹ Arjun UPI se pay kr diya bohot mehenga,12149,friends,upi,gpay,axis,hinglish_natural
gaming 957 rs via bhim,957,entertainment,upi,bhim,,hinglish_natural
school college tuition course books fees 2980 phonepe,2980,education,upi,phonepe,,cue_row
electronics clothes shoes accessories purchase Rs360 via Google Pay,360,shopping,upi,gpay,,cue_row
sent money to Divya 1354 on cash,1354,friends,cash,,,friends_synthetic
389 rupees Zepto SLICE,389,food,upi,slice,,voice_transcript
school fees ka 1111 rupees ka bill G Pay se pay kiya,1111,education,upi,gpay,hdfc,voice_transcript
Spent ₹3867 on Bharat Petroleum using Mastercard,3867,travel,card,,,english_natural
1839 paise bheje colleague pe PhonePe se pay kr diya,1839,friends,upi,phonepe,,hinglish_natural
"BILL
lab test
₹1796.97
CASH
Thank You Visit Again",1796.97,healthcare,cash,,,ocr_receipt
"TAX INVOICE
Zara
Grand Total: 1190.84
Payment: PhonePe",1190.84,shopping,upi,phonepe,,ocr_receipt
R 24863 charged for rent on gpay,24863,utilities,upi,gpay,,english_natural
"AMAZON RESTAURANT
Total 43867.60
Cash Received
Change 0.00",43867.60,shopping,card,,yes bank,ocr_receipt
water bill me 4795 rupay ka payment kya UPI se de diye,4795,utilities,upi,gpay,,hinglish_natural
personal loan EMI pe 85 ₹ ka EMI kat gayi credit card se,85,emi,card,,,hinglish_natural
4856 Chai Point,4856,food,cash,,fi,english_natural
4949 rs Practo phonepe se pay kya,4949,healthcare,upi,phonepe,slice,hinglish_natural
broadband ka bill bhar diya 369 rupaiye Gpay pe,369,utilities,upi,gpay,,hinglish_natural
Zee5 pe 48953 ₹ ka show dekha Fi se pay kiyaa,5,entertainment,upi,fi,,hinglish_natural
Airtel recharge se recharge kya 27512 rs ka Phone Pe pe Kotak Mahindra se kata,27512,utilities,upi,phonepe,kotak,hinglish_natural
19904 BSNL Paytm se budget tod diya,11450,utilities,upi,paytm,,source_hinglish
gaming concert event ticket INR 3229 card,3229,entertainment,card,,,cue_row
Exam fee INR 40472,40472,education,card,,,source_english
Payment of 4394.03 to SIP was successful via Phonepe UPI Ref No 0230130113 hdfc Account 6014,4394.03,investment,upi,phonepe,hdfc,ocr_upi
Pooja ko 1580 transfer kiya card se,1580,friends,card,,sbi,friends_synthetic
flatmate rent share 1811 PayTM Divya,1811,friends,upi,paytm,,friends_synthetic
crypto gold bonds NPS portfolio Rs 41860 card,41860,investment,card,,,cue_row
bhai mall pe 171 rs. ka buy kiya UPI se matlab,171,shopping,upi,slice,,hinglish_natural
10637 rupay canteen via gpay,10637,food,upi,gpay,,hinglish_natural
rent 3651 rupees UPI se diyee ICICI wale account se zyada ho gaya,3651,utilities,upi,paytm,icici,hinglish_natural
bhai Uber ka 29 rupaye phonepe se de diya,29,travel,upi,phonepe,,voice_transcript
458 rupees crypto jupiter,458,investment,upi,jupiter,,voice_transcript
Just paid 18407.14 to exam fee through PhonePe,18407.14,education,upi,phonepe,slice,english_natural
PharmEasy 1320.75 phonepe Payment done HDFC Bank 7152,1320.75,healthcare,upi,phonepe,hdfc,ocr_upi
today i spent 44 on gas bill via PhonePe,44,utilities,upi,phonepe,,voice_transcript
Paid Rs.2339 for dentist via gpay,2339,healthcare,upi,gpay,,english_natural
4365 rupaye food order kiyaa cafe pe via NIYO bohot mehenga,4365,food,upi,niyo,sbi,hinglish_natural
i did 244 expense on upGrad using card,244,education,card,,,voice_transcript
rent maintenance gas connection INR 3137 card,3137,utilities,card,,,cue_row
Used Fi Money credit card to pay ₹421 for Indian Oil,421,travel,card,,fi,english_natural
paid 1938 to Apple Music through phonepe from sbi,1938,entertainment,upi,phonepe,sbi,voice_transcript
₹45899 paid to DMart via Gpay UPI from Yes Bank Bank ending 7771,45899,food,upi,gpay,yes bank,ocr_upi
Air India ka petrol bharra 25783 rupay paytm se State Bank se kata,25783,travel,upi,paytm,sbi,hinglish_natural
Ananya ko 616 transfer kiya cash se,616,friends,cash,,hdfc,friends_synthetic
yaar insurance premium 623 ₹ via Paytm,623,utilities,upi,paytm,kotak,hinglish_natural
sent money to roommate Rs2373 on paytm,2373,friends,upi,paytm,,friends_synthetic
372 rupay mangwaya mess ko UPI se de diya axis se kata,372,food,upi,paytm,axis,hinglish_natural
TO:FLATMATE flatmate.18108@statebankbank From:RAHULKUMAR (State Bank Fi Money : user4576@okstatebankbank,1516,friends,upi,fi,sbi,ocr_upi
i did 588 expense on upGrad using card,588,education,card,,hdfc,voice_transcript
Paid 2249 for mutual fund via Cred,2249,investment,upi,cred,,english_natural
Box8 me 3312 ₹ ka food order kar diya UPI se pay kiya SBI se kata,8,food,upi,gpay,sbi,hinglish_natural
Paid Rs.11393.58 for school fees via Phonepe,11393.58,education,upi,phonepe,icici,english_natural
23286 rs. dost UPI se,23286,friends,upi,gpay,,hinglish_natural
rent maintenance gas connection 3545 fi,3545,utilities,upi,fi,,cue_row
paid 4815 to roommate through cred from SLICE,4815,friends,upi,cred,slice,voice_transcript
Rs.41464 debited from your icici account for Coin (NIYO UPI),41464,investment,upi,niyo,icici,ocr_upi
school college tuition course books fees 8540 PhonePe,8540,education,upi,phonepe,,cue_row
Ola INR 1818 debited from Axis,1818,travel,card,,axis,english_natural
coaching exam preparation study material Rs 1528 BHIM,1528,education,upi,bhim,,cue_row
SBI loan payment 23927 done via card,23927,emi,card,,,english_natural
concert 3072 rs card se pay kiya yaar,38905,entertainment,card,,,source_hinglish
"Receipt #5204
Myntra
Amount Paid: ₹297.09
Mode: CARD",297.09,shopping,card,,,ocr_receipt
personal loan installment EMI deduction 18545 card,18545,emi,card,,,cue_row
?4031.29 to broadband via Phone Pe,4031.29,utilities,upi,phonepe,,english_natural
Paytm Money 1985.91 jupiter Completed Punjab National Bank 4256,1985.91,investment,upi,jupiter,pnb,ocr_upi
641 ka lab test bill pay kiya card se,641,healthcare,card,,,voice_transcript
dost Priya ko 331 rupaye cash se bheje,331,friends,cash,,,friends_synthetic
dinner split 3675 rupaye flatmate GPay,3675,friends,upi,gpay,,friends_synthetic
574 ka Rohan bill pay kiya card se,574,friends,card,,,voice_transcript
Lenskart 4888 Paytm Successful Federal Bank 1261,4888,healthcare,upi,paytm,federal bank,ocr_upi
"eye checkup BILL
St: Rs.377
CARD Approved",377,healthcare,card,,,ocr_receipt
388 cash Apple Music,388,entertainment,cash,,icici,english_natural
Amit se paise bheje 4419 rs. ka cash me,4419,friends,cash,,,hinglish_natural
Paid INR 296 for coaching via PhonePe,296,education,upi,phonepe,icici,english_natural
₹3872 to Pooja cash UPI,3872,friends,cash,,,friends_synthetic
Zerodha Rs 81.81 Phonepe,81.81,investment,upi,phonepe,sbi,ocr_upi
netflix spotify hotstar subscription movie show ₹3208 gpay,3208,entertainment,upi,gpay,axis,cue_row
BookMyShow se game lya 23322 rupees ka debit card se,23322,entertainment,card,,,hinglish_natural
i paid 365 rupees for car loan EMI using Niyo,365,emi,upi,niyo,,voice_transcript
dinner split 1403 rupaye Karan Phonepe,1403,friends,upi,phonepe,icici,friends_synthetic
Jio recharge 40485,40485,utilities,upi,paytm,slice,english_natural
sent money to bhai R 7892 on cash,7892,friends,cash,,sbi,friends_synthetic
t34134 debited from your RBL Bank account for college fees (G Pay UPI),34134,education,upi,gpay,rbl,ocr_upi
2541 rupees mutual fund Phonepe,2541,investment,upi,phonepe,,voice_transcript
"CAFE
Item 1 Rs.409
Item 2 75
Total Rs.925.76
CARD",925.76,food,card,,,ocr_receipt
paid 47478 to Dunkin through Cred from hdfc,47478,food,upi,cred,hdfc,voice_transcript
paid Ananya 388 via cash,388,friends,cash,,,friends_synthetic
18769 rupaiye ticket lia Gaana pe gpay se pay kr diya,18769,entertainment,upi,gpay,slice,hinglish_natural
Bought water bill for Rs186 with card,186,utilities,card,,canara,english_natural
904 rs. show dekha gaming pe PhonePe se pay kya hdfc card se,904,entertainment,upi,phonepe,hdfc,hinglish_natural
dopahar ko 147 rupaye kha liya restaurant ko via Fi budget tod diya,147,food,upi,fi,,hinglish_natural
gaming concert event ticket ₹4470 fi,4470,entertainment,upi,fi,,cue_row
"JIO RECHARGE
Item 1 Rs.371
Item 2 INR 318
Total INR 32727
Cred",32727,utilities,upi,cred,icici,ocr_receipt
"Zerodha 52 Completed 21Mar 2025,6:05 pm Axis Bank 9344 UPI transaction ID 281672796641001",52,investment,upi,gpay,axis,ocr_upi
friend payment Rs.1518 done via cash,1518,friends,cash,,,english_natural
Chai Point se food order kiyaa 3771 ₹ ka card se pay kya,3771,food,card,,,hinglish_natural
Flipkart INR 2404.33 Niyo,2404.33,shopping,upi,niyo,bob,ocr_upi
i paid 6994 rupees for IRCTC using paytm,6994,travel,upi,paytm,sbi,voice_transcript
"upGrad 4907 Completed 13Aug 2025,1:36 am sbi 2889 UPI transaction ID 9651059208653",4907,education,upi,bhim,sbi,ocr_upi
Paid t486 for Udemy from my SBI account via Mastercard,486,education,card,,sbi,english_natural
298 rupees broadband cred ICICI account,298,utilities,upi,cred,icici,voice_transcript
Angel One mein 1699 lag gaye Google Pay se bhara,1699,investment,upi,gpay,,voice_transcript
Rs.1232 charged for insurance premium on jupiter,1232,utilities,upi,jupiter,,english_natural
Paid petrol pump Rs605 using Mastercard,605,travel,card,,,english_natural
books 23 UPI se,23,education,upi,phonepe,,hinglish_natural
Coursera 1820 rupees UPI se pay kr diya HDFC wale account se matlab,1820,education,upi,gpay,hdfc,hinglish_natural
Paid ₹26679 for hospital from my State Bank account via debit card,26679,healthcare,card,,sbi,english_natural
Paytm Money mein 397 lag gaye PayTM se bhara,397,investment,upi,paytm,,voice_transcript
3233 slice SIP,3233,investment,upi,slice,,english_natural
"TAX INVOICE
Hotstar
Grand Total: Rs 30675.24
Payment: CARD",30675.24,entertainment,card,,,ocr_receipt
Rohan ko 14887 transfer kiya cred se,14887,friends,upi,cred,,friends_synthetic
dopahar ko FirstCry ka order kiya 462 rupaiye UPI se,462,shopping,upi,gpay,jupiter,hinglish_natural
159 rs books debit card se,159,education,card,,,hinglish_natural
uber ola cab ride airport train ticket Rs 480 cash,480,travel,cash,,axis,cue_row
Paid ₹98 for Zee5 from my HDFC Bank account via debit card,98,entertainment,card,,hdfc,english_natural
"DMart 126.80 Completed 13May 2026,12:21 am ICICI Bank 7952 UPI transaction ID 55738240793",126.80,food,upi,phonepe,icici,ocr_upi
TO:HOTSTAR hotstar.38423@icicibank From:AMITSINGH (ICICI Gpay : sender7277@okicicibank,15441.98,entertainment,upi,gpay,icici,ocr_upi
raat ko 21831 ₹ udhar return kya Shreya pe cash me Axis card se,21831,friends,cash,,axis,hinglish_natural
ghar jaate waqt 31863 ₹ ET Money UPI se pay kiyaa,31863,investment,upi,cred,,hinglish_natural
22784 personal loan EMI debit card se,22784,emi,card,,hdfc,hinglish_natural
gaming 318 rs. UPI se de diye HDFC Bank card se,318,entertainment,upi,phonepe,hdfc,hinglish_natural
aaj 19608 saman liyaa market pe debit card se ICICI se kata,19608,shopping,card,,icici,hinglish_natural
office se aate hue 4717 rupaiye Goibibo slice pe,4717,travel,upi,slice,,hinglish_natural
NEFT/TRANSFER/HP PETROL/AXIS BANK,1146,travel,cash,,axis,english_natural
"FIRSTCRY RESTAURANT
Total 499
Cash Received
Change 0.00",499,shopping,card,,,ocr_receipt
Jio recharge pe 416 rupees ka bill pay kr diya card se pay kr diya slice se,416,utilities,card,,slice,hinglish_natural
"JioCinema
Net Amount 4199.07
Paid via Google Pay",4199.07,entertainment,upi,gpay,hdfc,ocr_receipt
243 rs. Myntra card se,243,shopping,card,,,hinglish_natural
sent money to flatmate Rs 701 on jupiter,701,friends,upi,jupiter,,friends_synthetic
Rahul ka paise bheje 166 rupees cash me,166,friends,cash,,,hinglish_natural
167 transfer kiyaa bro ko via Paytm,167,friends,upi,paytm,slice,hinglish_natural
bhai Netflix ka 2720 rupaye cash se de diya,2720,entertainment,cash,,,voice_transcript
Payment of 1454 to Vi recharge was successful via Gpay UPI Ref No 3097559790638 Kotak Account 3786,1454,utilities,upi,gpay,kotak,ocr_upi
Netflix ka subscription renew kia 49353 via Jupiter,49353,entertainment,upi,jupiter,sbi,hinglish_natural
217 ₹ broadband cash me,217,utilities,cash,,,hinglish_natural
"MCDONALD'S
Item 1 Rs.439
Item 2 422
Total Rs.3956.81
paytm",3956.81,food,upi,paytm,,ocr_receipt
ET Money 7253.83 Visa,7253.83,investment,card,,fi,english_natural
"BILL
Tata Play
INR 47017
PhonePe
Thank You Visit Again",47017,utilities,upi,phonepe,,ocr_receipt
Rs 89 to Apple Music via Visa,89,entertainment,card,,,english_natural
Rs.33381 debited from your SBI account for Blinkit (SLICE UPI),33381,food,upi,slice,sbi,ocr_upi
PVR INR 2745.57,2745.57,entertainment,cash,,,english_natural
HP Petrol ka cab le liya 581 rs naqad,581,travel,cash,,,hinglish_natural
Bought JioMart for INR 329 with gpay,329,food,upi,gpay,,english_natural
spent 307 rupees on Karan via gpay,307,friends,upi,gpay,,voice_transcript
VEDANTU INR 2847,2847,education,card,,,english_natural
POS/MALL/CREDIT CARD/7772,592.32,shopping,card,,,english_natural
Goibibo Rs 355.68 card,355.68,travel,card,,,english_natural
spent 1865 rupees on BigBasket via Google Pay,1865,food,upi,gpay,fi,voice_transcript
colleague ko 4480 transfer kiya cash se,4480,friends,cash,,,friends_synthetic
flatmate rent share 157 Niyo dost,157,friends,upi,niyo,sbi,friends_synthetic
Coin 292.84 Google Pay Successful icici 2866,292.84,investment,upi,gpay,icici,ocr_upi
36107.18 Phone Pe coaching,36107.18,education,upi,phonepe,,english_natural
society maintenance Rs.548 debited from Niyo,548,utilities,upi,slice,niyo,english_natural
Karan me 244 ka split kr diya naqad,244,friends,cash,,,hinglish_natural
eye checkup me 274 rupaiye ka dawai le liya Phonepe se pay kia,274,healthcare,upi,phonepe,,hinglish_natural
dhaba ka 3693 rupees ka bill card se pay kiya,3693,food,card,,,voice_transcript
cafe mein 436 lag gaye card se bhara,436,food,card,,fi,voice_transcript
education loan EMI me 182 rupees ka installment diyee card se bohot mehenga,182,emi,card,,,hinglish_natural
"gold 41459 Completed 24Oct 2025,10:40 pm ICICI Bank 4757 UPI transaction ID 33631454615",41459,investment,upi,jupiter,icici,ocr_upi
Used HDFC Bank Visa to pay Rs.49038.94 for Cleartrip,49038.94,travel,card,,hdfc,english_natural
Snapdeal se khareed liya 271 rupees ka PayTM pe,271,shopping,upi,paytm,sbi,hinglish_natural
Apollo Pharmacy payment INR 1681 done via bhim,1681,healthcare,upi,bhim,,english_natural
coaching exam preparation study material ₹200 Phonepe,200,education,upi,phonepe,icici,cue_row
bhai personal loan EMI 47191 rupaye credit card se,48406,emi,card,,,source_hinglish
upGrad 11733 Bhim,11733,education,upi,bhim,,english_natural
22611 payment kia Vi recharge ko UPI se pay kr diya,22611,utilities,upi,paytm,,hinglish_natural
maine 360 rupaye Hotstar ko diye Phone Pe se,360,entertainment,upi,phonepe,,voice_transcript
4301 rupees Meesho card se,4301,shopping,card,,,hinglish_natural
sent 11504 to bro on G Pay,11504,friends,upi,gpay,yes bank,friends_synthetic
Bought MakeMyTrip for 48481.11 with cash,48481.11,travel,cash,,,english_natural
ghar jaate waqt auto 100 rs. debit card se,100,travel,card,,,hinglish_natural
Used PNB fi to pay 3899 for bhai,3899,friends,upi,fi,pnb,english_natural
"BILL
Myntra
Rs35058
CASH
Thank You Visit Again",35058,shopping,cash,,,ocr_receipt
NEFT/TRANSFER/SWIGGY/JUPITER,3596,food,upi,phonepe,jupiter,english_natural
raat ko H&M se saman lia 296 rs. ka UPI se diye,296,shopping,upi,gpay,,hinglish_natural
Zee5 ka 42751 rupees ka bill PayTM se pay kiya,42751,entertainment,upi,paytm,,voice_transcript
Swiggy 289.57 Paytm Payment done HDFC Bank 6585,289.57,food,upi,paytm,hdfc,ocr_upi
TATA CLIQ INR 258,258,shopping,card,,,english_natural
665 paid to SIP via cred UPI from Axis Bank ending 3120,665,investment,upi,cred,axis,ocr_upi
dost yaar ko 1818 rupaye card se bheje,1818,friends,card,,,friends_synthetic
383 paid to Dunkin via Slice from Niyo,383,food,upi,slice,niyo,english_natural
26704 ka Apple Music bill pay kiya cash se,26704,entertainment,cash,,,voice_transcript
Amit 23131 rupees debit card se,23131,friends,card,,,hinglish_natural
TO:FRIEND friend.70473@hdfcbankbank From:UTSAVJANA (HDFC Bank Gpay : user7087@okhdfcbankbank,2912,friends,upi,gpay,hdfc,ocr_upi
Angel One Rs 2595 CRED,2595,investment,upi,cred,,english_natural
2173 ka Reliance Digital bill pay kiya card se,2173,shopping,card,,,voice_transcript
3518 debit card school fees,3518,education,card,,,english_natural
Spent ₹859 on HDFC loan using card,859,emi,card,,,english_natural
Just paid Rs.4004.42 to Divya through debit card,4004.42,friends,card,,,english_natural
INR 5994 to Priya Phonepe UPI,5994,friends,upi,phonepe,,friends_synthetic
Dunkin mein 189 lag gaye Phone Pe se bhara,189,food,upi,phonepe,,voice_transcript
paid 3706 to bike loan EMI through NIYO,3706,emi,upi,niyo,,voice_transcript
ET Money 275,275,investment,card,,,english_natural
broadband mein 970 lag gaye Gpay se bhara,970,utilities,upi,gpay,,voice_transcript
Paid 3401.74 for Gaana via paytm,3401.74,entertainment,upi,paytm,niyo,english_natural
"Amazon
Net Amount 391
Paid via CARD",391,shopping,card,,,ocr_receipt
Ola 2943,2943,travel,card,,,english_natural
BookMyShow 1268 rupees debit card se Canara Bank account se,1268,entertainment,card,,canara,hinglish_natural
Rs 2777 to rent via cash Fi Money account,2777,utilities,cash,,fi,english_natural
dopahar ko Vedantu ka tuition diy 2229 rupees card se,2229,education,card,,,hinglish_natural
home loan EMI me 480 rupaye ka installment de diya UPI se HDFC account se,480,emi,upi,gpay,hdfc,hinglish_natural
maine 1574 rupaye Subway ko diye G Pay se,1574,food,upi,gpay,,voice_transcript
41651 rupaye HDFC loan credit card se,41651,emi,card,,sbi,hinglish_natural
i paid 273 rupees for rent using CRED,273,utilities,upi,cred,,voice_transcript
Tata Play me 4505 rupees ka bill bhar diya card se,4505,utilities,card,,,hinglish_natural
split bill 2221 slice se Rohan ko diya,2221,friends,upi,slice,,friends_synthetic
t3145.63 to 1mg via PayTM,3145.63,healthcare,upi,paytm,,english_natural
8121 rupees metro card se,8121,travel,card,,fi,hinglish_natural
HDFC loan pe 186 rs ka installment de diya credit card se bhai,186,emi,card,,,hinglish_natural
Rs.455 paid to Ola via cash from Bandhan Bank,455,travel,cash,,bandhan,english_natural
aaj Zomato pe 1710 rupaye kharcha hua Paytm se,1710,food,upi,paytm,icici,voice_transcript
Paid Rs.486.10 for home loan EMI via card,486.10,emi,card,,,english_natural
petrol pump 4716,4716,travel,upi,phonepe,,english_natural
maine 1579 rupaye Indian Oil ko diye card se,1579,travel,card,,,voice_transcript
rent maintenance gas connection Rs.42206 Paytm,42206,utilities,upi,paytm,,cue_row
Bajaj Finance EMI ka loan payment kia 4803 rs. card se ICICI Bank card se bhai,4803,emi,card,,icici,hinglish_natural
3793 ka Vikram bill pay kiya jupiter se,3793,friends,upi,jupiter,,voice_transcript
2046 ka EatFit bill pay kiya gpay se,2046,food,upi,gpay,,voice_transcript
ATM/CASH/BANK/3876,3876,travel,upi,slice,,english_natural
Angel One Rs 384 Mastercard,384,investment,card,,,english_natural
sent money to Neha INR 117 on Cred,117,friends,upi,cred,,friends_synthetic
College fees payment INR 31269,31269,education,upi,gpay,,source_english
bike loan EMI me 4722 rupaye ka EMI kat gayi card se pay kiya,4722,emi,card,,,hinglish_natural
clinic ka medicine lya 331 card se,331,healthcare,card,,,hinglish_natural
bhai dost ko udhar return kiya 4224 rs Phone Pe se,4224,friends,upi,phonepe,,friends_synthetic
i did 500 expense on stationery using Phone Pe,500,education,upi,phonepe,,voice_transcript
"EYE CHECKUP
Item 1 ₹175
Item 2 ₹58
Total Rs.36579
CASH",36579,healthcare,cash,,,ocr_receipt
concert me 104 rupaiye ka show dekha debit card se,36543,entertainment,card,,,source_hinglish
ghar jaate waqt Tata Play ka bill bhara 33667 PayTM pe,45866,utilities,upi,paytm,,source_hinglish
Uber se ticket book kya 3344 rupees ka naqad Kotak wale account se,3344,travel,cash,,kotak,hinglish_natural
544 rupees Amazon Prime Gpay,544,entertainment,upi,gpay,,voice_transcript
personal loan installment EMI deduction t26065 card,26065,emi,card,,,cue_row
ATM/CASH/BANK/264.11,264.11,food,cash,,,english_natural
Paid Hotstar 2621 using cash from jupiter,2621,entertainment,cash,,jupiter,english_natural
flight booking travel ticket Rs107 cash,107,travel,cash,,sbi,cue_row
paid 17624 to doctor through SLICE,17624,healthcare,upi,slice,,voice_transcript
flatmate rent share 220 phonepe Divya,220,friends,upi,phonepe,,friends_synthetic
today i spent 246 on MedPlus via CRED from my HDFC bank,246,healthcare,upi,cred,hdfc,voice_transcript
ATM/CASH/BANK/1260.44,1260.44,education,card,,,english_natural
dopahar ko tuition pe 37922 rs. ka tuition die Paytm se,37922,education,upi,paytm,icici,hinglish_natural
IndiGo ₹375 debited from YES BANK,375,travel,card,,yes bank,english_natural
uber ola cab ride airport train ticket ₹270 Jupiter,270,travel,upi,jupiter,,cue_row
paid back friend lent money Rs 4128 PayTM,4128,friends,upi,paytm,,cue_row
Ajio ka khareed lia 930 rs PhonePe se pay kar diya State Bank se,930,shopping,upi,phonepe,sbi,hinglish_natural
netflix spotify hotstar subscription movie show INR 140 card,140,entertainment,card,,,cue_row
paid flatmate Rs 4236 via GPay,4236,friends,upi,gpay,,friends_synthetic
UPI/74553920/MALL/BANK,39269.93,shopping,upi,fi,,english_natural
224 rupay checkup karaya hospital pe card se HDFC Bank se kata,36859,healthcare,card,,hdfc,source_hinglish
49102 rupees subscription renew kiyaa JioCinema ko gpay pe,49102,entertainment,upi,gpay,icici,hinglish_natural
Kuvera 1625 rupaiye credit card se,1625,investment,card,,,hinglish_natural
Vikram ko 9653 transfer kiya Paytm se,9653,friends,upi,paytm,,friends_synthetic
office se aate hue Air India se cab le liya 273 rupay ka cash me,273,travel,cash,,,hinglish_natural
clinic ka 2143 rupees ka bill cash se pay kiya,2143,healthcare,cash,,fi,voice_transcript
rent payment R 30398 done via credit card,30398,utilities,card,,,english_natural
"BILL
Barbeque Nation
t4292
CARD
Thank You Visit Again",4292,food,card,,hdfc,ocr_receipt
yaar 1510 rs. cab le liya Air India ko card se,1510,travel,card,,icici,hinglish_natural
ATM/CASH/STATE BANK/344,344,entertainment,upi,phonepe,sbi,english_natural
Swiggy order INR 10758,10758,food,cash,,,source_english
bhai Vi recharge ka 1011 rupaye phonepe se de diya,1011,utilities,upi,phonepe,,voice_transcript
POS/ACT FIBERNET/CRED/9145,28212,utilities,upi,cred,hdfc,english_natural
216 rupaye ET Money debit card se,216,investment,card,,sbi,hinglish_natural
abhi school fees ka admission kya 5586 cash de diye sasta tha,5586,education,cash,,,hinglish_natural
mutual fund SIP stocks PPF FD investment ₹924 card,924,investment,card,,,cue_row
sent ₹950 to friend on card split bill UPI,950,friends,card,,,cue_row
Used Bank of Baroda phonepe to pay ₹49236.51 for education loan EMI,49236.51,emi,upi,phonepe,bob,english_natural
kal Priya ka split kia 487 rupaye cash de diya,487,friends,cash,,,hinglish_natural
3018 ₹ ticket book kiyaa IRCTC ko Google Pay pe,3018,travel,upi,gpay,,hinglish_natural
"CHAI POINT RESTAURANT
Total 22785.51
Cash Received
Change 0.00",22785.51,food,cash,,,ocr_receipt
"LAB TEST
Item 1 ₹231
Item 2 101
Total 22237
G Pay",22237,healthcare,upi,gpay,,ocr_receipt
389 rs. recharge kiya DishTV ko card se sbi wale account se,389,utilities,card,,sbi,hinglish_natural
"TAX INVOICE
Biryani Blues
Grand Total: 142
Payment: CRED",142,food,upi,cred,,ocr_receipt
ATM/CASH/BANK/3098,3098,friends,upi,phonepe,,english_natural
personal loan EMI 377 paytm Payment done idfc 7360,377,emi,upi,paytm,idfc,ocr_upi
Car loan EMI INR 14490,14490,emi,card,,,source_english
gold ka invest kia 30534 UPI se,30534,investment,upi,slice,axis,hinglish_natural
college fees 49 paytm Completed ICICI Bank 1082,49,education,upi,paytm,icici,ocr_upi
Spent Rs 4344.48 on Reliance Digital using phonepe,4344.48,shopping,upi,phonepe,,english_natural
SIP se mutual fund kya 29168 ₹ ka via slice Jupiter card se,29168,investment,upi,slice,jupiter,hinglish_natural
College fees payment INR 40818,40818,education,card,,,source_english
dentist 46882 UPI se diyee axis card se,24208,healthcare,upi,paytm,axis,source_hinglish
Rs.2763 paid to Apple Music via slice UPI from icici Bank ending 8775,2763,entertainment,upi,slice,icici,ocr_upi
aaj 61 rupaiye Unacademy card se pay kiyaa,27684,education,card,,,source_hinglish
1mg ₹479 cash,479,healthcare,cash,,,english_natural
NPS 4275 rs UPI se pay kia,45976,investment,upi,slice,,source_hinglish
4743 rupay Bharat Petroleum card se pay kar diya,4743,travel,card,,,hinglish_natural
raat ko Airtel recharge 77 rs Google Pay pe,12018,utilities,upi,gpay,,source_hinglish
paid back friend lent money ₹325 PayTM,325,friends,upi,paytm,,cue_row
Spent Rs 8185.02 on coaching using credit card,8185.02,education,card,,,english_natural
yaar exam fee pe 430 ₹ ka fees bhra SLICE se pay kia HDFC card se sasta tha,430,education,upi,slice,hdfc,hinglish_natural
metro se ride liyaa 4461 ₹ ka card se State Bank se bhai,4461,travel,card,,sbi,hinglish_natural
aaj Croma se buy kya 1416 rupees ka card se pay kr diya,1416,shopping,card,,,hinglish_natural
"Netflix
Net Amount 248
Paid via CARD",248,entertainment,card,,,ocr_receipt
IRCTC me 3326 rs. ka cab liyaa card se pay kiya achha deal mila,3326,travel,card,,,hinglish_natural
1mg 4771 Jupiter,4771,healthcare,upi,bhim,jupiter,english_natural
flatmate rent share 324 Fi yaar,324,friends,upi,fi,,friends_synthetic
hospital doctor pharmacy medicine diagnostic Rs.405 cash,405,healthcare,cash,,,cue_row
medical checkup lab test health insurance Rs 29623 cash,29623,healthcare,cash,,,cue_row
4346 rupees Apollo Pharmacy card,4346,healthcare,card,,,voice_transcript
Rohan mein 3990 lag gaye cash se bhara,3990,friends,cash,,,voice_transcript
crypto gold bonds NPS portfolio Rs.4379 fi,4379,investment,upi,fi,,cue_row
3892 ka BYJU'S bill pay kiya card se,3892,education,card,,,voice_transcript
maine 209 rupaye PharmEasy ko diye PayTM se,209,healthcare,upi,paytm,slice,voice_transcript
Electricity bill payment INR 26745,26745,utilities,upi,gpay,,source_english
bhai gas bill ka 10516 rupaye G Pay se de diya,10516,utilities,upi,gpay,icici,voice_transcript
Tata Play ka payment kar diya 3395 rupaye jupiter se pay kya sbi se,3395,utilities,upi,jupiter,sbi,hinglish_natural
bhai society maintenance ka 1262 rupaye fi se de diya,1262,utilities,upi,fi,,voice_transcript
Airtel recharge se bill pay kia 2991 rs ka UPI se pay kiya,2991,utilities,upi,phonepe,sbi,hinglish_natural
Burger King ka kha liya 2340 rs UPI se,2340,food,upi,paytm,,hinglish_natural
netflix spotify hotstar subscription movie show Rs40912 Jupiter,40912,entertainment,upi,jupiter,,cue_row
POS/BHAI/CASH/5547,3355,friends,cash,,,english_natural
amazon flipkart myntra online shopping order 9198 card,9198,shopping,card,,kotak,cue_row
society maintenance ka payment kya 417 rupaye card se pay kar diya,417,utilities,card,,,hinglish_natural
gaming concert event ticket 41726 card,41726,entertainment,card,,,cue_row
doctor 35928 bhim,35928,healthcare,upi,bhim,jupiter,english_natural
office se aate hue 21173 rupaiye movie dekhi concert ko card se,21173,entertainment,card,,,hinglish_natural
Unacademy 2911 rs. cash me,2911,education,cash,,hdfc,hinglish_natural
i paid 2511 rupees for HDFC loan using card,2511,emi,card,,,voice_transcript
NEFT/TRANSFER/DENTIST/,4030,healthcare,upi,gpay,,english_natural
"Receipt #2404
Practo
Amount Paid: Rs.24078.94
Mode: PayTM",24078.94,healthcare,upi,paytm,,ocr_receipt
1493 ₹ Bewakoof credit card se,1493,shopping,card,,,hinglish_natural
amazon flipkart myntra online shopping order ₹23539 card,23539,shopping,card,,,cue_row
Dunkin pe 259 rs. ka mangwaya cash me,259,food,cash,,,hinglish_natural
24935 Uber,24935,travel,upi,gpay,niyo,english_natural
Ola 2379 rupaiye credit card se,2379,travel,card,,icici,hinglish_natural
Used HDFC Paytm to pay 404 for YouTube Premium,404,entertainment,upi,paytm,hdfc,english_natural
Online course subscription INR 45528,45528,education,cash,,,source_english
subah 436 rupay dost ko die bro pe cash diy,436,friends,cash,,hdfc,hinglish_natural
2993 ₹ Unacademy debit card se,2993,education,card,,,hinglish_natural
today i spent 1991 on Vi recharge via card from my SLICE bank,1991,utilities,card,,slice,voice_transcript
bhai 18090 rupaiye slice se,18090,friends,upi,slice,jupiter,hinglish_natural
2291 ka market bill pay kiya Phonepe se,2291,shopping,upi,phonepe,,voice_transcript
₹343.40 to stationery via gpay,343.40,education,upi,gpay,,english_natural
i did 405 expense on credit card EMI using SLICE,405,emi,upi,slice,kotak,voice_transcript
Google Pay payment Rs.463 Rahul HDFC 2497 done,463,friends,upi,gpay,hdfc,ocr_upi
crypto gold bonds NPS portfolio ₹268 card,268,investment,card,,kotak,cue_row
355 rupees stationery gpay,355,education,upi,gpay,,voice_transcript
aaj bike loan EMI se EMI kat gayi 2986 rs. ka card se,2986,emi,card,,slice,hinglish_natural
4468 rupay IRCTC cash me,4468,travel,cash,,,hinglish_natural
BSNL 1536 BHIM Successful icici 2753,1536,utilities,upi,bhim,icici,ocr_upi
ATM/CASH/BANK/327.35,327.35,healthcare,cash,,,english_natural
Bought ACT Fibernet for ₹23910 with debit card,23910,utilities,card,,,english_natural
bhai stocks 1573 rupaiye UPI se pay kr diya,48667,investment,upi,phonepe,,source_hinglish
"ZEE5
Item 1 INR 217
Item 2 Rs.304
Total t2526.06
Google Pay",2526.06,entertainment,upi,gpay,,ocr_receipt
Paytm payment 195.95 Lenskart State Bank 8752 successful,195.95,shopping,upi,paytm,sbi,ocr_upi
315 rs Amazon Prime GPay se pay kar diya,315,entertainment,upi,gpay,slice,hinglish_natural
GPay payment 104 school fees HDFC Bank 7251 done,104,education,upi,gpay,hdfc,ocr_upi
Reliance Fresh pe 94 ka khana order kya Cred pe,94,food,upi,cred,,hinglish_natural
45680 ka Uber bill pay kiya phonepe se,45680,travel,upi,phonepe,,voice_transcript
yaar credit card EMI 32172 rupaye phonepe se,32172,emi,upi,phonepe,indusind,hinglish_natural
spent 485 rupees on society maintenance via BHIM,485,utilities,upi,bhim,,voice_transcript
40 Ananya credit card se achha deal mila,40,friends,card,,niyo,hinglish_natural
"DishTV 2813.24 Completed 19Feb 2026,1:49 pm hdfc 5448 UPI transaction ID 4382678282759",2813.24,utilities,upi,paytm,hdfc,ocr_upi
439 rupees education loan EMI UPI se diye bohot mehenga,439,emi,upi,slice,,hinglish_natural
"TAX INVOICE
gaming
Grand Total: 36058
Payment: CARD",36058,entertainment,card,,icici,ocr_receipt
Priya ka 40657 rupees ka bill Phonepe se pay kiya,40657,friends,upi,phonepe,,voice_transcript
Vikram me 1442 rupay ka dost ko de diya UPI se pay kiyaa,1442,friends,upi,paytm,,hinglish_natural
"Airtel recharge
Net Amount 4316
Paid via PayTM",4316,utilities,upi,paytm,,ocr_receipt
bro ko 333 transfer kiya paytm se,333,friends,upi,paytm,,friends_synthetic
college fees Rs.406 debited from kotak,406,education,upi,phonepe,kotak,english_natural
home loan car loan credit card EMI monthly Rs 1502 autopay card,1502,emi,card,,,cue_row
gaming Rs 300 Jupiter,300,entertainment,upi,jupiter,sbi,ocr_upi
4901 rupay khareed lia mall pe via Gpay,4901,shopping,upi,gpay,,hinglish_natural
office se aate hue 2547 rupaiye course lya Unacademy ko cred se Niyo se kata,2547,education,upi,cred,niyo,hinglish_natural
gaming concert event ticket 3693 Gpay,3693,entertainment,upi,gpay,,cue_row
school college tuition course books fees Rs19558 card,19558,education,card,,,cue_row
abhi education loan EMI se EMI kat gayi 318 rupaiye ka SLICE se pay kar diya,318,emi,upi,slice,,hinglish_natural
aaj 426 rupees paisa daala Kuvera ko debit card se,426,investment,card,,hdfc,hinglish_natural
sent ?675 to Amit on cash,675,friends,cash,,,friends_synthetic
Zomato dinner INR 15780,15780,food,upi,jupiter,,source_english
dost Karan ko 175 rupaye Slice se bheje,175,friends,upi,slice,hdfc,friends_synthetic
Exam fee INR 6918,6918,education,card,,,source_english
Paid Blinkit Rs 235 using Cred from HDFC Bank,235,food,upi,cred,hdfc,english_natural
exam fee ka course liyaa 279 rs. UPI se diyee,279,education,upi,fi,bob,hinglish_natural
"Zee5 BILL
St: Rs.2813.26
Phone Pe APPROVED",2813.26,entertainment,upi,phonepe,,ocr_receipt
paytm payment Rs227.67 dentist BOB 4510 done,227.67,healthcare,upi,paytm,bob,ocr_upi
CRED payment ₹9647 mutual fund YES BANK 6477 successful,9647,investment,upi,cred,yes bank,ocr_upi
Rs 3595.35 charged for yaar on Cred,3595.35,friends,upi,cred,,english_natural
HP Petrol 4877 rs. UPI se diy,34453,travel,upi,slice,sbi,source_hinglish
split bill 138 card se Priya ko diya,138,friends,card,,,friends_synthetic
Cafe coffee INR 19481,19481,food,card,,sbi,source_english
"Apollo Pharmacy BILL
St: Rs302
CARD APPROVED",302,healthcare,card,,hdfc,ocr_receipt
2283 ₹ kha liya Pizza Hut pe card se,14382,food,card,,,source_hinglish
concert ka show dekha 2452 rupay Cred se,2452,entertainment,upi,cred,,hinglish_natural
subah college fees pe 20047 rupaye ka course lia PayTM pe,20047,education,upi,paytm,,hinglish_natural
Flipkart 1867 rupaiye naqad zyada ho gaya,1867,shopping,cash,,,hinglish_natural
home loan EMI me 456 rupaiye ka loan payment kia UPI se pay kia,456,emi,upi,gpay,,hinglish_natural
abhi 67 cab lya Indian Oil ko credit card se,67,travel,card,,,hinglish_natural
Pharmacy medicine purchase INR 12468,12468,healthcare,card,,sbi,source_english
dost Arjun ko 7760 rupaye card se bheje,7760,friends,card,,,friends_synthetic
amazon flipkart myntra online shopping order 4215 cred,4215,shopping,upi,cred,,cue_row
Credit card EMI INR 31518,31518,emi,upi,paytm,,source_english
Haldirams ka 43460 rupees ka bill PhonePe se pay kiya,43460,food,upi,phonepe,,voice_transcript
Vedantu payment Rs.4453 done via Visa,4453,education,card,,hdfc,english_natural
₹18723 paid to BigBasket via Phone Pe UPI from sbi Bank ending 8425,18723,food,upi,phonepe,sbi,ocr_upi
sent money to flatmate 3190 on phonepe,3190,friends,upi,phonepe,,friends_synthetic
sent Rs.1946 to bhai on niyo,1946,friends,upi,niyo,,friends_synthetic
Jio recharge 9270 rupay UPI se,9270,utilities,upi,paytm,,hinglish_natural
split bill 21971 PayTM se Divya ko diya,21971,friends,upi,paytm,,friends_synthetic
Rs.17063.46 to BigBasket via Gpay,17063.46,food,upi,gpay,,english_natural
POS/EASEMYTRIP/VISA/6681,6255,travel,card,,hdfc,english_natural
"Receipt #4105
KFC
Amount Paid: ₹708
Mode: phonepe",708,food,upi,phonepe,rbl,ocr_receipt
subah crypto ka mutual fund kar diya 2951 rupaiye via PhonePe,2951,investment,upi,phonepe,fi,hinglish_natural
petrol diesel fuel ₹4879 at pump Bhim,4879,travel,upi,bhim,,cue_row
sent money to flatmate Rs 24073 on PayTM,24073,friends,upi,paytm,,friends_synthetic
29140 rupees installment diye credit card EMI pe debit card se,29140,emi,card,,,hinglish_natural
Paid 23540.24 for ET Money from my Punjab National Bank account via slice,23540.24,investment,upi,slice,pnb,english_natural
insurance premium se payment kia 141 rupay ka UPI se pay kiyaa achha deal mila,141,utilities,upi,bhim,,hinglish_natural
1753 electricity bill,1753,utilities,upi,phonepe,,english_natural
i did 339 expense on stationery using gpay,339,education,upi,gpay,hdfc,voice_transcript
33164 rs. mutual fund kya FD ko card se pay kya PNB account se,33164,investment,card,,pnb,hinglish_natural
Payment of 22393 to Udemy was successful via GPay UPI Ref No 667136463514522 State Bank Account 6613,22393,education,upi,gpay,sbi,ocr_upi
Clothing store bill INR 25461,25461,shopping,card,,,source_english
Restaurant bill INR 6997,6997,food,cash,,kotak,source_english
Flipkart order INR 44176,44176,shopping,card,,,source_english
doctor pe 2407 rupay ka medicine lia jupiter pe,2407,healthcare,upi,jupiter,sbi,hinglish_natural
today i spent 15147 on water bill via Niyo from my SLICE bank,15147,utilities,upi,niyo,slice,voice_transcript
subah IndiGo me 347 ka kiraya diy credit card se,347,travel,card,,,hinglish_natural
subah Lenskart se checkup karaya 3154 ka UPI se pay kr diya,3154,healthcare,upi,niyo,,hinglish_natural
spent 28945 rupees on HP Petrol via GPay,28945,travel,upi,gpay,hdfc,voice_transcript
Zerodha ka 175 rupees ka bill card se pay kiya,175,investment,card,,yes bank,voice_transcript
concert 392 SBI,392,entertainment,upi,gpay,sbi,english_natural
bhai Bajaj Finance EMI ka EMI kat gayi 37862 rupay UPI se,37862,emi,upi,gpay,,hinglish_natural
paid colleague Rs.1284 via card,1284,friends,card,,axis,friends_synthetic
371 rupay kiraya diye EaseMyTrip pe credit card se,371,travel,card,,,hinglish_natural
Netmeds 123 Bhim Payment done Axis 7496,123,healthcare,upi,bhim,axis,ocr_upi
sent money to flatmate Rs.229 on phonepe,229,friends,upi,phonepe,,friends_synthetic
Paid stationery Rs.209 using debit card,209,education,card,,,english_natural
HDFC loan Rs.491 G Pay,491,emi,upi,gpay,,english_natural
paid Rahul 182 via paytm,182,friends,upi,paytm,,friends_synthetic
dopahar ko 39586 rs education loan EMI debit card se,39586,emi,card,,,hinglish_natural
Paid food court Rs.4613 using cash,4613,food,cash,,,english_natural
i paid 4735 rupees for Flipkart using card,4735,shopping,card,,icici,voice_transcript
Haldirams se mangwaya 1489 rupay ka Paytm se sbi wale account se,5692,food,upi,paytm,sbi,source_hinglish
UPI/03643347/RAHUL/BANK,4145,friends,upi,slice,,english_natural
home loan car loan credit card EMI monthly 28449 autopay card,28449,emi,card,,,cue_row
TO:AIRTELRECHARGE airtelrecharge.52210@axisbank From:UTSAVJANA (Axis bhim : sender6094@okaxisbank,376.43,utilities,upi,bhim,axis,ocr_upi
"Lenskart
Net Amount 227.16
Paid via CARD",227.16,healthcare,card,,,ocr_receipt
ET Money 32841 rupay card se HDFC Bank card se,32841,investment,card,,hdfc,hinglish_natural
Payment of 4793 to hospital was successful via SLICE UPI Ref No 7744108439711 HDFC Account 4819,4793,healthcare,upi,slice,hdfc,ocr_upi
"GAANA
Item 1 196
Item 2 Rs227
Total Rs 48650
CARD",48650,entertainment,card,,union bank,ocr_receipt
ATM/CASH/HDFC BANK/136,136,travel,card,,hdfc,english_natural
Bought Coursera for Rs.389.32 with Mastercard,389.32,education,card,,axis,english_natural
Just paid 26307.77 to friend through G Pay,26307.77,friends,upi,gpay,hdfc,english_natural
HP Petrol mein 34 lag gaye paytm se bhara,34,travel,upi,paytm,,voice_transcript
Kuvera ka paisa daala 2742 rs. paytm se pay kya,2742,investment,upi,paytm,slice,hinglish_natural
₹2871 to Shreya card UPI,2871,friends,card,,,friends_synthetic
204 rs loan payment kya Bajaj Finance EMI ko UPI se pay kia,14153,emi,upi,phonepe,,source_hinglish
FD ka stock le liya 19091 rs. debit card se,19091,investment,card,,,hinglish_natural
insurance premium pe 1587 rs ka payment kiyaa jupiter pe matlab,1587,utilities,upi,jupiter,,hinglish_natural
Paid Rs2633 for school fees via credit card,2633,education,card,,sbi,english_natural
paytm payment Rs.41815 Rahul HDFC 8422 completed,41815,friends,upi,paytm,hdfc,ocr_upi
paid 44583 to Spotify through PayTM,44583,entertainment,upi,paytm,,voice_transcript
2553 rupaye ticket book kar diya IRCTC pe Phonepe se pay kar diya,2553,travel,upi,phonepe,,hinglish_natural
Zepto se kha liya 3746 rupaiye ka paytm se pay kar diya matlab,3746,food,upi,paytm,,hinglish_natural
166 debited from your State Bank account for PPF (jupiter UPI),166,investment,upi,jupiter,sbi,ocr_upi
3174 SonyLIV,3174,entertainment,cash,,,english_natural
301 rupaiye fees bharaa Unacademy ko card se pay kya,301,education,card,,,hinglish_natural
Netflix payment Rs.1604.67 done via Google Pay,1604.67,entertainment,upi,gpay,,english_natural
Bought MedPlus for INR 2634 with Gpay,2634,healthcare,upi,gpay,,english_natural
Spotify ka subscription renew kiyaa 564 rupay G Pay pe,564,entertainment,upi,gpay,,hinglish_natural
Shreya ko 1554 transfer kiya cash se,1554,friends,cash,,,friends_synthetic
car loan EMI Rs.2395.30 Phone Pe,2395.30,emi,upi,phonepe,sbi,ocr_upi
Vedantu payment 1796.74 done via phonepe,1796.74,education,upi,phonepe,,english_natural
bhai 15499 ₹ Shreya haath se diy,15499,friends,cash,,,hinglish_natural
Priya 46469.52,46469.52,friends,upi,bhim,,english_natural
aaj 2919 rupay ET Money UPI se diye,41050,investment,upi,gpay,axis,source_hinglish
PPF se SIP bhar diya 3003 rupaye ka UPI se die,3003,investment,upi,cred,,hinglish_natural
petrol diesel fuel Rs.3165 at pump cash,3165,travel,cash,,,cue_row
81 rupaye EaseMyTrip SLICE se pay kiyaa,81,travel,upi,slice,,hinglish_natural
Used kotak credit card to pay t4037 for home loan EMI,4037,emi,card,,kotak,english_natural
INOX ka ticket lya 4964 rupaye card se,4964,entertainment,card,,,hinglish_natural
ATM/CASH/BANK/420,420,entertainment,upi,jupiter,,english_natural
ghar jaate waqt ET Money se mutual fund kr diya 14864 rupay ka credit card se,14864,investment,card,,slice,hinglish_natural
₹67 paid to car loan EMI via SLICE from hdfc,67,emi,upi,slice,hdfc,english_natural
jupiter payment ?327.04 DishTV Canara Bank 1184 successful,327.04,utilities,upi,jupiter,canara,ocr_upi
129 dost ko diy Priya pe UPI se pay kiya,129,friends,upi,phonepe,,hinglish_natural
gaming concert event ticket 85 card,85,entertainment,card,,,cue_row
rent Rs.27233 Jupiter,27233,utilities,upi,jupiter,kotak,ocr_upi
sent Rs 4848 to colleague on cash,4848,friends,cash,,,friends_synthetic
Coursera ka admission kia 474 rupaye UPI se,474,education,upi,jupiter,,hinglish_natural
3219 card stocks,3219,investment,card,,,english_natural
sent ₹4038 to friend on Gpay split bill UPI,4038,friends,upi,gpay,,cue_row
INSURANCE PREMIUM INR 248.68,248.68,utilities,upi,paytm,,english_natural
₹42852 debited from your PNB account for diagnostic (SLICE UPI),42852,healthcare,upi,slice,pnb,ocr_upi
SBI loan ?470 jupiter,470,emi,upi,jupiter,sbi,ocr_upi
concert me 2253 ₹ ka game le liya cash me,2253,entertainment,cash,,,hinglish_natural
"Receipt #5048
FreshMenu
Amount Paid: ₹2737
Mode: CRED",2737,food,upi,cred,,ocr_receipt
ATM/CASH/BANK/30339.66,30339.66,emi,card,,,english_natural
"D JIOMART 949 Completed 17Feb 2026,10:59 pm SBI Bank 4702 UPI transaction ID 65716213044 TO:JIOMART jiomart.17449@sbibank Googletransaction lD XYZabc696105 OPI Fi",949,food,upi,fi,sbi,ocr_upi
Yatra payment ₹2473 done via Phone Pe,2473,travel,upi,phonepe,,english_natural
hospital doctor pharmacy medicine diagnostic ₹2047 niyo,2047,healthcare,upi,niyo,axis,cue_row
Rs 3496 charged for Spotify on Mastercard,3496,entertainment,card,,,english_natural
yaar electronics store ka buy kiya 1384 rs Fi Money se,1384,shopping,upi,fi,pnb,hinglish_natural
aaj ACT Fibernet pe 157 rupaye kharcha hua cash se,157,utilities,cash,,sbi,voice_transcript
"Tata Play BILL
St: R 3830
CASH approved",3830,utilities,cash,,,ocr_receipt
244 ka Rohan bill pay kiya cash se,244,friends,cash,,,voice_transcript
Bought diagnostic for 1216 with cash,1216,healthcare,cash,,,english_natural
3330 rupees installment diye home loan EMI pe card se pay kiyaa,3330,emi,card,,,hinglish_natural
aaj Zee5 pe 22 rupaye kharcha hua paytm se,22,entertainment,upi,paytm,,voice_transcript
Pizza delivery INR 32250,32250,food,card,,axis,source_english
Dominos me 47649 rupees ka khana khayaa GPay pe,47649,food,upi,gpay,sbi,hinglish_natural
Bought Snapdeal for Rs411 with debit card,411,shopping,card,,,english_natural
sent ?2435 to colleague on Paytm,2435,friends,upi,paytm,,friends_synthetic
sent 4639 to Rahul on paytm,4639,friends,upi,paytm,,friends_synthetic
maine 4219 rupaye college fees ko diye card se,4219,education,card,,,voice_transcript
18155 charged for Arjun on cash,18155,friends,cash,,,english_natural
"BILL
market
₹435
SLICE
Thank You Visit Again",435,shopping,upi,slice,axis,ocr_receipt
Payment of ₹47851.56 to Coursera was successful via bhim UPI Ref No 0945319422 Bank of Baroda Account 7991,47851.56,education,upi,bhim,bob,ocr_upi
ghar jaate waqt Reliance Digital me 17517 rupaiye ka shopping kiya card se pay kiya NIYO account se,17517,shopping,card,,niyo,hinglish_natural
495 rupaiye Zee5 card se pay kia,48592,entertainment,card,,icici,source_hinglish
2859 ka clinic bill pay kiya cash se HDFC se kata,2859,healthcare,cash,,hdfc,voice_transcript
"AIRTEL RECHARGE
Item 1 347
Item 2 ?422
Total 773
bhim",773,utilities,upi,bhim,,ocr_receipt
gaming concert event ticket 13220 Phonepe,13220,entertainment,upi,phonepe,,cue_row
TO:UNACADEMY unacademy.93223@hdfcbankbank From:AMITSINGH (HDFC Bank Gpay : user4316@okhdfcbankbank,468,education,upi,gpay,hdfc,ocr_upi
library 445 ₹ SLICE se pay kiyaa bc,25353,education,upi,slice,,source_hinglish
ghar jaate waqt Ajio se saman lya 1061 rs ka card se,1061,shopping,card,,,hinglish_natural
"BILL
CCD
354
Cred
Thank You Visit Again",354,food,upi,cred,,ocr_receipt
yaar 13244 rupay ticket liyaa gaming ko via jupiter,13244,entertainment,upi,jupiter,,hinglish_natural
Payment of INR 19314.08 to Rohan was successful via cred UPI Ref No 80187052845 Axis Bank Account 3224,19314.08,friends,upi,cred,axis,ocr_upi
Hotstar 75 rupaiye CRED se hdfc card se,75,entertainment,upi,cred,hdfc,hinglish_natural
bhai bhai ko udhar return kiya 15515 rs Paytm se,15515,friends,upi,paytm,,friends_synthetic
"D EDUCATIONLOANEMI 2086.83 Completed 26Feb 2026,5:13 pm idfc Bank 2026 UPI transaction ID 7580066227712 TO:EDUCATIONLOANEMI education loan emi.23984@idfcbank Soogletransaction lD CICAgJjg743210 OPI bhim",2086.83,emi,upi,bhim,idfc,ocr_upi
Zerodha se stock le liya 393 rupees ka debit card se,40882,investment,card,,,source_hinglish
bhai Snapdeal ka 427 rupaye Phonepe se de diya,427,shopping,upi,phonepe,slice,voice_transcript
"BOOKMYSHOW RESTAURANT
Total 408
Cash Received
Change 0.00",408,entertainment,upi,paytm,,ocr_receipt
"BILL
Lenskart
?68
CASH
Thank You Visit Again",68,healthcare,cash,,,ocr_receipt
personal loan EMI me 256 rs. ka loan payment kya card se pay kiya,48569,emi,card,,,source_hinglish
books se admission kya 316 ₹ ka cash me,316,education,cash,,,hinglish_natural
"Receipt #2780
society maintenance
Amount Paid: INR 488
Mode: slice",488,utilities,upi,slice,,ocr_receipt
t388 to Apollo Pharmacy via CRED,388,healthcare,upi,cred,,english_natural
paid 1551 to crypto through gpay from ICICI Bank,1551,investment,upi,gpay,icici,voice_transcript
"Tata CLiQ
Net Amount 1996.31
Paid via CASH",1996.31,shopping,cash,,,ocr_receipt
7508 ka bike loan EMI bill pay kiya card se ICICI Bank se kata,7508,emi,card,,icici,voice_transcript
"Receipt #6784
Lenskart
Amount Paid: Rs 3732
Mode: CARD",3732,healthcare,card,,,ocr_receipt
"MALL RESTAURANT
Total 4698.58
Cash Received
Change 0.00",4698.58,shopping,upi,gpay,,ocr_receipt
stocks mein 46127 lag gaye card se bhara,46127,investment,card,,,voice_transcript
paid back friend lent money INR 432 cash,432,friends,cash,,,cue_row
Bus ticket INR 36387,36387,travel,upi,paytm,,source_english
aaj Bharat Petroleum pe 3259 rupaye kharcha hua PayTM se,3259,travel,upi,paytm,,voice_transcript
Payment of Rs.18647 to school fees was successful via bhim UPI Ref No 328239132183669 sbi Account 8960,18647,education,upi,bhim,sbi,ocr_upi
"TAX INVOICE
Apollo Pharmacy
Grand Total: 46670
Payment: CARD",46670,healthcare,card,,,ocr_receipt
ghar jaate waqt electricity bill ka bill bhar diya 3491 rs debit card se,3491,utilities,card,,,hinglish_natural
mutual fund SIP stocks PPF FD investment 2750 card,2750,investment,card,,hdfc,cue_row
phonepe payment ₹2712 Zee5 hdfc 6008 successful,2712,entertainment,upi,phonepe,hdfc,ocr_upi
bhai yaar ko udhar return kiya 331 rs cash se,331,friends,cash,,sbi,friends_synthetic
Bought Snapdeal for ₹40064.83 with jupiter,40064.83,shopping,upi,jupiter,,english_natural
"car loan EMI 2342 Completed 6Feb 2026,5:49 pm SBI 3803 UPI transaction ID 38993475843",2342,emi,upi,slice,sbi,ocr_upi
Used axis PhonePe to pay Rs 391.30 for Burger King,391.30,food,upi,phonepe,axis,english_natural
yaar 216.70,216.70,friends,upi,phonepe,,english_natural
Dunkin INR 404 paytm,404,food,upi,paytm,sbi,ocr_upi
dost Rahul ko 19049 rupaye cred se bheje,19049,friends,upi,cred,,friends_synthetic
462 ₹ khareed lia Tata CLiQ ko credit card se bhai,462,shopping,card,,,hinglish_natural
i paid 4842 rupees for Lenskart using card,4842,shopping,card,,,voice_transcript
Paid Rs.13487 for Zara via debit card,13487,shopping,card,,,english_natural
dentist ka test karaya 20854 card se,20854,healthcare,card,,,hinglish_natural
sent money to dost t3269 on Cred,3269,friends,upi,cred,,friends_synthetic
PPF 715 rupaiye UPI se de diya bc,715,investment,upi,slice,,hinglish_natural
Uber ka ride le liya 20 rupaiye via CRED SBI wale account se,20,travel,upi,cred,sbi,hinglish_natural
Air India pe 1646 rs ka ride liya UPI se,1646,travel,upi,phonepe,indusind,hinglish_natural
sent money to friend Rs282 on Gpay,282,friends,upi,gpay,,friends_synthetic
aaj Starbucks pe 45727 rupaye kharcha hua GPay se,45727,food,upi,gpay,sbi,voice_transcript
flight booking travel ticket ?4703 card,4703,travel,card,,,cue_row
maine 3995 rupaye car loan EMI ko diye card se,3995,emi,card,,sbi,voice_transcript
rent mein 2477 lag gaye Paytm se bhara,2477,utilities,upi,paytm,,voice_transcript
dentist Rs.1964.98 GPay,1964.98,healthcare,upi,gpay,,english_natural
hospital doctor pharmacy medicine diagnostic 27506 cash,27506,healthcare,cash,,,cue_row
Priya 49 rupaiye UPI se Fi wale account se,49,friends,upi,gpay,fi,hinglish_natural
158.91 to Flipkart via debit card SBI account,158.91,shopping,card,,sbi,english_natural
i did 27654 expense on friend using phonepe,27654,friends,upi,phonepe,sbi,voice_transcript
aaj 119 rs. exam fee card se,119,education,card,,,hinglish_natural
spent 32553 rupees on Dominos via phonepe,32553,food,upi,phonepe,,voice_transcript
Electricity bill payment INR 22344,22344,utilities,card,,,source_english
dinner split 1777 rupaye Shreya Google Pay,1777,friends,upi,gpay,sbi,friends_synthetic
maine 259 rupaye Apollo Pharmacy ko diye Phone Pe se,259,healthcare,upi,phonepe,icici,voice_transcript
Paid 486.19 for market from my Yes Bank account via SLICE,486.19,shopping,upi,slice,yes bank,english_natural
water bill Rs.327.06 Google Pay,327.06,utilities,upi,gpay,sbi,ocr_upi
Phonepe payment Rs 1727.54 Lenskart HDFC Bank 7020 completed,1727.54,healthcare,upi,phonepe,hdfc,ocr_upi
stationery pe 338 ka course liya via phonepe,338,education,upi,phonepe,,hinglish_natural
paid Priya Rs3922 via Slice,3922,friends,upi,slice,icici,friends_synthetic
paid colleague Rs 17379 via Phone Pe,17379,friends,upi,phonepe,,friends_synthetic
sent INR 3505 to Rahul on G Pay,3505,friends,upi,gpay,,friends_synthetic
1732.70 paid to Uber via bhim UPI from ICICI Bank Bank ending 1567,1732.70,travel,upi,bhim,icici,ocr_upi
hospital pe 34806 rupaiye ka dawai lia haath se diye,34806,healthcare,cash,,hdfc,hinglish_natural
4168 rupaye mutual fund kiyaa FD pe credit card se,4168,investment,card,,,hinglish_natural
16663 rs. bill pay kar diya insurance premium pe UPI se pay kya HDFC se,16663,utilities,upi,phonepe,hdfc,hinglish_natural
ET Money ₹1896.51 Visa,1896.51,investment,card,,,english_natural
Cafe coffee INR 28642,28642,food,cash,,pnb,source_english
aaj market pe 2417 rupaye kharcha hua Phone Pe se,2417,shopping,upi,phonepe,,voice_transcript
abhi 4809 rupaiye paise bheje Karan pe UPI se die achha deal mila,4809,friends,upi,gpay,,hinglish_natural
mall se buy kia 495 ka credit card se,495,shopping,card,,idfc,hinglish_natural
3527 rs shopping kya Meesho pe card se,3527,shopping,card,,,hinglish_natural
Paid 3453 for roommate from my jupiter account via Cred,3453,friends,upi,cred,jupiter,english_natural
paid 4403 to Spotify through jupiter from slice,4403,entertainment,upi,jupiter,slice,voice_transcript
Rs412.81 charged for IRCTC on card,412.81,travel,card,,,english_natural
i paid 28741 rupees for personal loan EMI using Gpay,28741,emi,upi,gpay,fi,voice_transcript
Kuvera ka invest kr diya 482 rupay card se SBI account se,482,investment,card,,sbi,hinglish_natural
R 45219.87 charged for exam fee on Niyo,45219.87,education,upi,niyo,sbi,english_natural
"Vi recharge 1857 Completed 24Sep 2026,12:44 pm sbi 9530 UPI transaction ID 5216348786480",1857,utilities,upi,paytm,sbi,ocr_upi
"D MAKEMYTRIP 241.20 Completed 24Jan 2026,4:32 pm Canara Bank 4224 UPI transaction ID 223590627094 TO:MAKEMYTRIP makemytrip.15553@canarabank Goog1etransaction lD CICAgJjg412452 OPI Google Pay",241.20,travel,upi,gpay,canara,ocr_upi
"Receipt #6678
Amazon Prime
Amount Paid: ₹4269.57
Mode: CARD",4269.57,entertainment,card,,,ocr_receipt
kal HDFC loan se installment diy 41413 ka UPI se pay kia Axis card se sasta tha,41413,emi,upi,paytm,axis,hinglish_natural
578 rs. bill pay kya Jio recharge ko Jupiter pe sasta tha,18016,utilities,upi,jupiter,,source_hinglish
Blinkit ka food order kiya 109 ₹ UPI se diyee,109,food,upi,cred,hdfc,hinglish_natural
yaar Tata Play me 3457 rupaiye ka recharge kia UPI se diy,3457,utilities,upi,phonepe,yes bank,hinglish_natural
Lenskart ₹451.42 debited from idfc,451.42,shopping,upi,bhim,idfc,english_natural
electricity water broadband mobile recharge bill Rs 1145 paytm,1145,utilities,upi,paytm,,cue_row
lab test 1534 rs. UPI se pay kiya,1534,healthcare,upi,phonepe,,hinglish_natural
4921 rupay BYJU'S Gpay pe,4921,education,upi,gpay,icici,hinglish_natural
Zee5 ka movie dekhi 15313 ₹ UPI se pay kya,5,entertainment,upi,slice,,hinglish_natural
water bill 2857 ₹ UPI se pay kr diya,2857,utilities,upi,gpay,slice,hinglish_natural
"Ajio BILL
St: 377
Gpay APPROVED",377,shopping,upi,gpay,icici,ocr_receipt
school college tuition course books fees 994 card,994,education,card,,,cue_row
47 rs game lya Netflix ko UPI se die SBI wale account se bc,2428,entertainment,upi,cred,sbi,source_hinglish
library 10625.00 Mastercard,10625.00,education,card,,,english_natural
351 ka Pooja bill pay kiya PayTM se kotak se kata,351,friends,upi,paytm,kotak,voice_transcript
split bill 4868 card se Neha ko diya,4868,friends,card,,,friends_synthetic
eye checkup 44029.78,44029.78,healthcare,upi,gpay,,english_natural
lunch dinner food order swiggy zomato restaurant meal R 3480 card,3480,food,card,,,cue_row
kal education loan EMI pe 1479 rupaiye ka EMI bharra card se,1479,emi,card,,hdfc,hinglish_natural
8915 ₹ bill pay kia rent ko credit card se,8915,utilities,card,,,hinglish_natural
canteen mein 3882 lag gaye Phonepe se bhara,3882,food,upi,phonepe,,voice_transcript
office se aate hue Kuvera ka invest kiya 46732 ₹ cred se pay kar diya HDFC wale account se,46732,investment,upi,cred,hdfc,hinglish_natural
IRCTC 959 cash,959,travel,cash,,,english_natural
spent 13551 rupees on INOX via card,13551,entertainment,card,,,voice_transcript
"Tata Play BILL
St: INR 369
CASH Approved",369,utilities,cash,,hdfc,ocr_receipt
4954 rupaye paisa daala NPS ko credit card se,37299,investment,card,,,source_hinglish
4151 paid to PVR via Paytm UPI from Union Bank Bank ending 3981,4151,entertainment,upi,paytm,union bank,ocr_upi
Paid INR 41675 for Tata Play from my SBI account via Mastercard,41675,utilities,card,,sbi,english_natural
bhai yaar ko udhar return kiya 4845 rs Phonepe se,4845,friends,upi,phonepe,,friends_synthetic
eye checkup 1732 rupaye card se,1732,healthcare,card,,,hinglish_natural
petrol diesel fuel ₹10367 at pump card,10367,travel,card,,,cue_row
Bought upGrad for Rs.3959.49 with Bhim,3959.49,education,upi,bhim,indusind,english_natural
raat ko Rohan se dost ko de diya 1920 ₹ ka PhonePe pe,1920,friends,upi,phonepe,,hinglish_natural
46 rupaiye admission kiya library ko Google Pay se,46,education,upi,gpay,,hinglish_natural
dost Neha ko 1436 rupaye Phonepe se bheje,1436,friends,upi,phonepe,,friends_synthetic
Paid 4987 for colleague via cash,4987,friends,cash,,fi,english_natural
Yatra me 98 ka cab lia debit card se,98,travel,card,,sbi,hinglish_natural
petrol diesel fuel Rs.191 at pump cash,191,travel,cash,,icici,cue_row
Paytm Money se stock liya 32496 rupaye ka GPay se pay kya,49755,investment,upi,gpay,,source_hinglish
195 rupees Chai Point cash me,195,food,cash,,,hinglish_natural
dhaba se khana order kr diya 280 rs. ka PayTM se,280,food,upi,paytm,,hinglish_natural
t246.42 paid to RedBus via Cred UPI from Kotak Mahindra Bank ending 6825,246.42,travel,upi,cred,kotak,ocr_upi
2162 rupees bill bharra insurance premium pe UPI se pay kia,10058,utilities,upi,slice,,source_hinglish
37829.45 exam fee,37829.45,education,cash,,icici,english_natural
gas bill me 26378 rs ka bill pay kar diya cash me,26378,utilities,cash,,,hinglish_natural
books ka admission kya 3123 ₹ UPI se de diye bc,3123,education,upi,fi,niyo,hinglish_natural
dinner split 16749 rupaye colleague cred,16749,friends,upi,cred,,friends_synthetic
Paid ₹10706 for market from my Slice account via Slice,10706,shopping,upi,slice,slice,english_natural
420 rs. test karaya Netmeds pe via Gpay Axis Bank card se,420,healthcare,upi,gpay,axis,hinglish_natural
yaar IndiGo 910 rupaiye UPI se,910,travel,upi,slice,,hinglish_natural
maine 28359 rupaye Meesho ko diye card se,28359,shopping,card,,,voice_transcript
gaming ka show dekha 45357 rupaiye Fi Money pe,14459,entertainment,upi,fi,,source_hinglish
i did 166 expense on electronics store using cash,166,shopping,cash,,bob,voice_transcript
Jupiter payment R 20 Practo Union Bank 6991 done,20,healthcare,upi,jupiter,union bank,ocr_upi
flatmate 4364 Cred,4364,friends,upi,cred,,english_natural
3848.49 cash library,3848.49,education,cash,,,english_natural
netflix spotify hotstar subscription movie show ₹2008 Bhim,2008,entertainment,upi,bhim,,cue_row
car loan EMI ₹2187 CRED,2187,emi,upi,cred,kotak,english_natural
Bewakoof se saman le liya 1650 rupaye ka card se,1650,shopping,card,,,hinglish_natural
"Zomato BILL
St: ₹4238
CARD approved",4238,food,card,,,ocr_receipt
hospital doctor pharmacy medicine diagnostic ?344 card,344,healthcare,card,,,cue_row
Spent Rs.3275 on mobile recharge using jupiter,3275,utilities,upi,jupiter,,english_natural
coaching me 2118 ₹ ka admission kiyaa cash diy,2118,education,cash,,,hinglish_natural
SBI LOAN INR 2934 ICICI BANK,2934,emi,card,,icici,english_natural
POS/PERSONAL LOAN EMI/PHONE PE/6408,253.52,emi,upi,phonepe,hdfc,english_natural
i did 1715 expense on bike loan EMI using card,1715,emi,card,,,voice_transcript
raat ko Lenskart ka shopping kiyaa 185 rupees card se pay kya kotak se kata,185,shopping,card,,kotak,hinglish_natural
Bought Zee5 for ₹2736.12 with Gpay,2736.12,entertainment,upi,gpay,,english_natural
"Receipt #9471
FirstCry
Amount Paid: INR 29134
Mode: CARD",29134,shopping,card,,,ocr_receipt
Used Axis Bank Paytm to pay Rs 324 for restaurant,324,food,upi,paytm,axis,english_natural
home loan car loan credit card EMI monthly Rs 2701 autopay card,2701,emi,card,,,cue_row
Reliance Digital pe 84 rupees ka shopping kia via Google Pay,84,shopping,upi,gpay,,hinglish_natural
i paid 2852 rupees for JioCinema using card,2852,entertainment,card,,bob,voice_transcript
personal loan EMI 8863,8863,emi,upi,niyo,yes bank,english_natural
"BILL
Amazon Prime
Rs504
CARD
Thank You Visit Again",504,entertainment,card,,,ocr_receipt
Credit card EMI INR 46342,46342,emi,card,,,source_english
ghar jaate waqt 3885 rs. bill bharaa water bill ko Google Pay pe BOB se kata matlab,3885,utilities,upi,gpay,bob,hinglish_natural
"JIOMART
Item 1 ₹91
Item 2 Rs 236
Total 44290.20
CARD",44290.20,food,card,,,ocr_receipt
sent Rs 414 to flatmate on phonepe,414,friends,upi,phonepe,,friends_synthetic
TO:ACTFIBERNET actfibernet.43749@axisbank From:PRIYASHARMA (Axis Phonepe : sender1713@okaxisbank,1826,utilities,upi,phonepe,axis,ocr_upi
20078 rupay EMI bharra HDFC loan pe debit card se ICICI se kata,20078,emi,card,,icici,hinglish_natural
sent 2754 to friend on jupiter split bill UPI,2754,friends,upi,jupiter,,cue_row
Nature's Basket ka food order kiya 379 rupaye naqad,379,food,cash,,idfc,hinglish_natural
NEFT/TRANSFER/MYNTRA/ICICI,6911.40,shopping,upi,jupiter,icici,english_natural
276 rupees Tata CLiQ credit card se,37279,shopping,card,,,source_hinglish
flatmate rent share 23069 Slice Priya,23069,friends,upi,slice,,friends_synthetic
yaar ka udhar return kar diya 494 rupees credit card se,494,friends,card,,,hinglish_natural
subah doctor se medicine lia 692 ₹ ka via Google Pay,692,healthcare,upi,gpay,,hinglish_natural
electronics clothes shoes accessories purchase 1247 via paytm,1247,shopping,upi,paytm,,cue_row
Paid t400 for Snapdeal via NIYO,400,shopping,upi,niyo,,english_natural
dopahar ko SonyLIV ka movie dekhi 35857 ₹ card se hdfc card se,35857,entertainment,card,,hdfc,hinglish_natural
TO:GROWW groww.73944@sbibank From:AMITSINGH (sbi gpay : user2768@oksbibank,22,investment,upi,gpay,sbi,ocr_upi
Pizza delivery INR 33055,33055,food,card,,,source_english
electricity water broadband mobile recharge bill 2127 Cred,2127,utilities,upi,cred,,cue_row
gpay payment ₹372 SBI loan sbi 9050 successful,372,emi,upi,gpay,sbi,ocr_upi
607 rupaye stock liyaa NPS ko UPI se pay kiya Kotak account se,607,investment,upi,bhim,kotak,hinglish_natural
EYE CHECKUP INR 268 SBI,268,healthcare,upi,cred,sbi,english_natural
"BILL
insurance premium
INR 3357.33
paytm
Thank You Visit Again",3357.33,utilities,upi,paytm,,ocr_receipt
today i spent 2554 on Swiggy via Fi Money from my Niyo bank,2554,food,upi,fi,niyo,voice_transcript
49134 rupees Zepto Google Pay,49134,food,upi,gpay,,voice_transcript
3968 rs. saman lia Snapdeal pe phonepe se pay kar diya,3968,shopping,upi,phonepe,,hinglish_natural
406 invest kia Angel One pe Cred se pay kiya,406,investment,upi,cred,,hinglish_natural
3757.33 gold,3757.33,investment,card,,,english_natural
ghar jaate waqt 33186 rupaye split kr diya Divya pe UPI se de diye,33186,friends,upi,slice,,hinglish_natural
electronics clothes shoes accessories purchase ₹4145 via cash,4145,shopping,cash,,,cue_row
"BSNL 2496.11 Completed 7Aug 2025,3:37 am IDFC 5261 UPI transaction ID 467156586534693",2496.11,utilities,upi,gpay,idfc,ocr_upi
Paid Dominos t323 using cred from HDFC,323,food,upi,cred,hdfc,english_natural
Paid Bewakoof ₹401 using jupiter,401,shopping,upi,jupiter,,english_natural
paid roommate 371 via Phone Pe,371,friends,upi,phonepe,axis,friends_synthetic
sent INR 37461 to friend on fi split bill UPI,37461,friends,upi,fi,,cue_row
Air India 2095 CRED Successful icici 9563,2095,travel,upi,cred,icici,ocr_upi
PVR ka 2046 rupees ka bill card se pay kiya,2046,entertainment,card,,,voice_transcript
INOX ka subscription renew kr diya 470 rs UPI se pay kiya,470,entertainment,upi,cred,jupiter,hinglish_natural
171 rupaye gas bill via Fi Money,171,utilities,upi,fi,axis,hinglish_natural
Personal loan installment INR 43212,43212,emi,upi,phonepe,,source_english
111 debited from your hdfc account for Hotstar (phonepe UPI),111,entertainment,upi,phonepe,hdfc,ocr_upi
"BLINKIT RESTAURANT
Total 374.36
Cash Received
Change 0.00",374.36,food,upi,cred,,ocr_receipt
paid back friend lent money 16778 CRED,16778,friends,upi,cred,,cue_row
Shreya me 3773 ₹ ka paise bheje haath se de diya,3773,friends,cash,,slice,hinglish_natural
32.51 FirstCry,32.51,shopping,upi,gpay,pnb,english_natural
rent maintenance gas connection R 11082 gpay,11082,utilities,upi,gpay,,cue_row
GPay payment ₹678 education loan EMI ICICI Bank 9396 successful,678,emi,upi,gpay,icici,ocr_upi
1mg 1655 card,1655,healthcare,card,,,english_natural
office se aate hue Starbucks 386 rupay card se pay kiyaa,386,food,card,,,hinglish_natural
BYJU'S me 4387 rupaiye ka admission kar diya haath se diye State Bank wale account se,4387,education,cash,,sbi,hinglish_natural
petrol diesel fuel t1778 at pump cash,1778,travel,cash,,hdfc,cue_row
Air India 4628 rs via Phonepe,4628,travel,upi,phonepe,sbi,hinglish_natural
NEFT/TRANSFER/DUNKIN/,1603.59,food,upi,phonepe,,english_natural
SBI loan se EMI kat gayi 26276 rupaye ka card se pay kiya yaar,26276,emi,card,,,hinglish_natural
Netflix subscription INR 16459,16459,entertainment,upi,gpay,icici,source_english
11124 ₹ movie dekhi JioCinema ko via GPay,11124,entertainment,upi,gpay,,hinglish_natural
Used jupiter PayTM to pay t1637 for broadband,1637,utilities,upi,paytm,jupiter,english_natural
₹4356.70 debited from your ICICI Bank account for Meesho (PhonePe UPI),4356.70,shopping,upi,phonepe,icici,ocr_upi
"TAX INVOICE
Netmeds
Grand Total: ₹395
Payment: GPay",395,healthcare,upi,gpay,indusind,ocr_receipt
water bill se payment kar diya 362 rupees ka UPI se die,32382,utilities,upi,cred,,source_hinglish
gaming concert event ticket Rs.72 cash,72,entertainment,cash,,,cue_row
UPI/06735879/FRESHMENU/SBI,4926.78,food,cash,,sbi,english_natural
ACT Fibernet me 64 ka recharge kar diya UPI se pay kiyaa,64,utilities,upi,niyo,,hinglish_natural
47866.63 debited from your Punjab National Bank account for INOX (GPay UPI),47866.63,entertainment,upi,gpay,pnb,ocr_upi
HDFC loan mein 2072 lag gaye card se bhara,2072,emi,card,,,voice_transcript
gaming concert event ticket INR 38912 card,38912,entertainment,card,,,cue_row
376 rupay cab lia HP Petrol pe haath se diyee,376,travel,cash,,,hinglish_natural
dost ko 3105 transfer kiya cash se,3105,friends,cash,,,friends_synthetic
aaj gaming pe 39 rupaye kharcha hua cred se,39,entertainment,upi,cred,,voice_transcript
Amit Rs368 paytm,368,friends,upi,paytm,federal bank,english_natural
Spent 4437.23 on Coursera using credit card,4437.23,education,card,,,english_natural
?3099.86 charged for upGrad on cash,3099.86,education,cash,,,english_natural
Ola 4388 Phonepe,4388,travel,upi,phonepe,sbi,ocr_upi
129 rs shopping kiyaa Flipkart pe card se pay kiya Fi Money account se,129,shopping,card,,fi,hinglish_natural
POS/LAB TEST/CRED/1697,309.11,healthcare,upi,cred,hdfc,english_natural
UPI/58073525/DISHTV/BANK,320,utilities,card,,,english_natural
3289.64 debited from your Bandhan account for gas bill (Niyo UPI),3289.64,utilities,upi,niyo,bandhan,ocr_upi
Cleartrip ka petrol bhar diya 20973 rs cash diye,38937,travel,cash,,,source_hinglish
aaj Spotify pe 8098 rupaye kharcha hua card se,8098,entertainment,card,,fi,voice_transcript
NEFT/TRANSFER/JIO RECHARGE/STATE BANK,3414,utilities,upi,slice,sbi,english_natural
PharmEasy 15956.54 Phonepe Completed IDFC 6077,15956.54,healthcare,upi,phonepe,idfc,ocr_upi
Used ICICI Bank Phonepe to pay 1347.52 for Vi recharge,1347.52,utilities,upi,phonepe,icici,english_natural
eye checkup se checkup karaya 29323 ka UPI se pay kiya,29323,healthcare,upi,slice,,hinglish_natural
"car loan EMI 1593 Completed 17Sep 2026,5:23 am Federal Bank 7670 UPI transaction ID 187863858477",1593,emi,upi,jupiter,federal bank,ocr_upi
260 rs. khana order kia Chai Point pe cash de diya,260,food,cash,,,hinglish_natural
sent money to Arjun ₹3729 on Phone Pe,3729,friends,upi,phonepe,,friends_synthetic
bhai 325 rupay school fees card se,325,education,card,,,hinglish_natural
Electronics shopping INR 10411,10411,shopping,card,,,source_english
"Receipt #6442
MedPlus
Amount Paid: t1165
Mode: CARD",1165,healthcare,card,,,ocr_receipt
Rs.7309 paid to IndiGo via Paytm UPI from icici Bank ending 8315,7309,travel,upi,paytm,icici,ocr_upi
ATM/CASH/BANK/293.20,293.20,healthcare,upi,gpay,,english_natural
3078 rs gaming UPI se die,3078,entertainment,upi,phonepe,,hinglish_natural
paid back friend lent money 21421 Fi,21421,friends,upi,fi,icici,cue_row
Paid INR 49.40 for SBI loan via debit card,49.40,emi,card,,,english_natural
Airtel recharge ka recharge kr diya 459 ₹ UPI se pay kar diya,459,utilities,upi,paytm,jupiter,hinglish_natural
bhai dost ka 37489 rupaye phonepe se de diya,37489,friends,upi,phonepe,,voice_transcript
Food court payment INR 14382,14382,food,card,,,source_english
"EYE CHECKUP RESTAURANT
Total 16545
Cash Received
Change 0.00",16545,healthcare,card,,icici,ocr_receipt
₹302 paid to Ajio via Niyo UPI from PNB Bank ending 6554,302,shopping,upi,niyo,pnb,ocr_upi
Bought personal loan EMI for Rs674 with card,674,emi,card,,,english_natural
electricity water broadband mobile recharge bill ?1173 Phone Pe,1173,utilities,upi,phonepe,,cue_row
aaj stationery pe 3754 rupaye kharcha hua slice se,3754,education,upi,slice,sbi,voice_transcript
paid back friend lent money Rs.3696 Paytm,3696,friends,upi,paytm,icici,cue_row
home loan car loan credit card EMI monthly ₹312 autopay card,312,emi,card,,,cue_row
yaar rent ka payment kr diya 31230 rupees G Pay se pay kia,31230,utilities,upi,gpay,,hinglish_natural
Used ICICI gpay to pay ₹35875.22 for personal loan EMI,35875.22,emi,upi,gpay,icici,english_natural
Ola cab INR 16749,16749,travel,cash,,hdfc,source_english
3130 rupees khana khya cafe ko via fi,3130,food,upi,fi,hdfc,hinglish_natural
4065 CRED KFC,4065,food,upi,cred,,english_natural
subah BSNL me 177 rs ka payment kiyaa UPI se,177,utilities,upi,cred,,hinglish_natural
paid 7801 to NPS through card,7801,investment,card,,,voice_transcript
Croma se buy kia 30749 ₹ ka UPI se diy,30749,shopping,upi,paytm,sbi,hinglish_natural
Spent 3835 on Cleartrip using Visa,3835,travel,card,,,english_natural
KFC 2431 rupay Cred se pay kya,2431,food,upi,cred,niyo,hinglish_natural
"Apollo Pharmacy BILL
St: 269
Paytm approved",269,healthcare,upi,paytm,,ocr_receipt
kal colleague 1714 rs. naqad Niyo card se,1714,friends,cash,,niyo,hinglish_natural
946 ka dost bill pay kiya cash se,946,friends,cash,,,voice_transcript
electronics store me 3389 ka order kr diya UPI se pay kar diya,3389,shopping,upi,paytm,,hinglish_natural
gaming concert event ticket INR 259 card,259,entertainment,card,,,cue_row
i did 16527 expense on INOX using Paytm,16527,entertainment,upi,paytm,axis,voice_transcript
2497 rupaiye test karaya dentist pe PhonePe pe Fi Money se kata,2497,healthcare,upi,phonepe,fi,hinglish_natural
"canteen 1695 Completed 17Jul 2025,8:15 am HDFC 9705 UPI transaction ID 0873774244",1695,food,upi,phonepe,hdfc,ocr_upi
MedPlus ka 778 rupees ka bill card se pay kiya,778,healthcare,card,,jupiter,voice_transcript
"BILL
Dominos
t49147.61
PhonePe
Thank You Visit Again",49147.61,food,upi,phonepe,sbi,ocr_receipt
77 rupees Pizza Hut cash slice account,77,food,cash,,slice,voice_transcript
226 rupees Lenskart credit card se,226,healthcare,card,,,hinglish_natural
maine 9890 rupaye Barbeque Nation ko diye paytm se,9890,food,upi,paytm,,voice_transcript
RedBus mein 946 lag gaye card se bhara,946,travel,card,,sbi,voice_transcript
"TAX INVOICE
PharmEasy
Grand Total: INR 35.18
Payment: slice",35.18,healthcare,upi,slice,,ocr_receipt
dopahar ko 477 ₹ books lya stationery pe UPI se pay kya,477,education,upi,phonepe,,hinglish_natural
dopahar ko Amazon 2967 rupees card se pay kiyaa,2967,shopping,card,,,hinglish_natural
bhai 471 IndusInd,471,friends,upi,cred,indusind,english_natural
Paid INR 3260 to market phonepe UPI SBI 5429 Successful,3260,shopping,upi,phonepe,sbi,ocr_upi
"FreshMenu
Net Amount 171
Paid via phonepe",171,food,upi,phonepe,,ocr_receipt
today i spent 453 on MakeMyTrip via Phonepe from my PNB bank,453,travel,upi,phonepe,pnb,voice_transcript
"Croma
Net Amount 4316
Paid via CARD",4316,shopping,card,,,ocr_receipt
"Zara
Net Amount 8369
Paid via Paytm",8369,shopping,upi,paytm,hdfc,ocr_receipt
"Netmeds BILL
St: Rs2892.73
CARD Approved",2892.73,healthcare,card,,hdfc,ocr_receipt
154 rupaiye ACT Fibernet via Phonepe,154,utilities,upi,phonepe,hdfc,hinglish_natural
sent Rs 104 to dost on PhonePe,104,friends,upi,phonepe,,friends_synthetic
medical checkup lab test health insurance INR 38903 Fi Money,38903,healthcare,upi,fi,,cue_row
rent maintenance gas connection ₹315 cash,315,utilities,cash,,,cue_row
maine 415 rupaye SIP ko diye card se,415,investment,card,,axis,voice_transcript
62 Air India,62,travel,cash,,,english_natural
UPI/03871532/APOLLO PHARMACY/YES BANK,25993.43,healthcare,upi,gpay,yes bank,english_natural
sent money to Karan INR 245 on phonepe,245,friends,upi,phonepe,,friends_synthetic
dinner split 833 rupaye Neha G Pay,833,friends,upi,gpay,,friends_synthetic
Fi payment t385 PVR sbi 5180 completed,385,entertainment,upi,fi,sbi,ocr_upi
Zerodha ka paisa daala 40235 phonepe se pay kya,40235,investment,upi,phonepe,fi,hinglish_natural
aaj ACT Fibernet me 2610 rupees ka payment kia debit card se,2610,utilities,card,,fi,hinglish_natural
3297 rupaiye udhar return kya bro ko Gpay se pay kiya,3297,friends,upi,gpay,,hinglish_natural
bhai 3539 rs kiraya die MakeMyTrip pe via Cred,37530,travel,upi,cred,pnb,source_hinglish
mess 43943 rs. naqad,43943,food,cash,,indusind,hinglish_natural
society maintenance INR 36.86 debited from SLICE,36.86,utilities,upi,cred,slice,english_natural
Paytm payment 410 tuition axis 5044 completed,410,education,upi,paytm,axis,ocr_upi
2144 ₹ mutual fund kar diya mutual fund pe UPI se Jupiter card se,2144,investment,upi,gpay,jupiter,hinglish_natural
flatmate ko 4461 transfer kiya cred se,4461,friends,upi,cred,sbi,friends_synthetic
water bill payment 3099.73 done via Slice,3099.73,utilities,upi,slice,,english_natural
Stock purchase INR 20642,20642,investment,card,,,source_english
Rs.4804 to Vikram Gpay UPI,4804,friends,upi,gpay,hdfc,friends_synthetic
Behrouz Rs281 Gpay,281,food,upi,gpay,pnb,english_natural
₹379.31 charged for SonyLIV on slice,379.31,entertainment,upi,slice,,english_natural
i paid 37282 rupees for mall using card,37282,shopping,card,,bob,voice_transcript
sent Rs.278 to Rahul on bhim,278,friends,upi,bhim,sbi,friends_synthetic
NPS INR 38663,38663,investment,upi,paytm,,english_natural
Paid Rs.837.21 to credit card EMI Niyo UPI Bank of Baroda 7352 Done,837.21,emi,upi,niyo,bob,ocr_upi
Payment of Rs 3421 to Bajaj Finance EMI was successful via jupiter UPI Ref No 861711069679 State Bank Account 4483,3421,emi,upi,jupiter,sbi,ocr_upi
bhai Amit ko udhar return kiya 1287 rs niyo se,1287,friends,upi,niyo,,friends_synthetic
Paid Rs.6380 to Bajaj Finance EMI GPay UPI State Bank 1341 Done,6380,emi,upi,gpay,sbi,ocr_upi
bhai 25961 rs stock lia Angel One pe card se pay kya,25961,investment,card,,,hinglish_natural
sent money to friend Rs.346 on cash,346,friends,cash,,icici,friends_synthetic
1949 rs. Swiggy PayTM se pay kia sasta tha,1949,food,upi,paytm,,hinglish_natural
884 rupay khana khaaya canteen pe haath se de diye ICICI Bank wale account se zyada ho gaya,884,food,cash,,icici,hinglish_natural
41207 rupaiye eye checkup UPI se,41207,healthcare,upi,gpay,indusind,hinglish_natural
Used ICICI Bank Jupiter to pay R 144.18 for DishTV,144.18,utilities,upi,jupiter,icici,english_natural
SonyLIV 1406 BHIM,1406,entertainment,upi,bhim,bob,english_natural
Groww ka mutual fund kiya 19501 rs. card se pay kiya,19501,investment,card,,,hinglish_natural
Payment of INR 1765 to Lenskart was successful via GPay UPI Ref No 75778977612765 ICICI Bank Account 4551,1765,shopping,upi,gpay,icici,ocr_upi
bhai Karan ko udhar return kiya 1865 rs gpay se,1865,friends,upi,gpay,,friends_synthetic
mutual fund SIP stocks PPF FD investment ₹2398 PayTM,2398,investment,upi,paytm,,cue_row
rent maintenance gas connection Rs4887 Google Pay,4887,utilities,upi,gpay,,cue_row
dopahar ko Chai Point se khana order kr diya 17176 rupay ka cash de diya,17176,food,cash,,kotak,hinglish_natural
Electronics shopping INR 45288,45288,shopping,upi,phonepe,axis,source_english
dentist me 49260 ₹ ka doctor ko diy debit card se,49260,healthcare,card,,,hinglish_natural
HDFC loan ka installment diye 4534 rs bhim se,4534,emi,upi,bhim,,hinglish_natural
yaar Gaana me 3890 rupaye ka ticket liyaa via PhonePe ICICI Bank account se matlab,3890,entertainment,upi,phonepe,icici,hinglish_natural
Bought education loan EMI for Rs 276 with Mastercard,276,emi,card,,,english_natural
EatFit se khana khya 2912 rs. ka haath se de diya,16210,food,cash,,,source_hinglish
maine 41696 rupaye Meesho ko diye card se,41696,shopping,card,,slice,voice_transcript
doctor pe 400 rs ka checkup karaya naqad,400,healthcare,cash,,niyo,hinglish_natural
1243 rupees library card se pay kiyaa,1243,education,card,,,hinglish_natural
coaching ka course le liya 8331 rupaiye Jupiter se,8331,education,upi,jupiter,,hinglish_natural
dopahar ko flatmate 3011 rupees haath se diye yaar,3011,friends,cash,,,hinglish_natural
Meesho se buy kr diya 43042 rupaye ka debit card se State Bank se kata,43042,shopping,card,,sbi,hinglish_natural
bhai roommate ko udhar return kiya 274 rs phonepe se,274,friends,upi,phonepe,,friends_synthetic
dost Rahul ko 3170 rupaye G Pay se bheje,3170,friends,upi,gpay,sbi,friends_synthetic
37670 rupaiye Lenskart naqad,37670,healthcare,cash,,sbi,hinglish_natural
Phone Pe payment Rs 7990 hospital Kotak Mahindra 8398 successful,7990,healthcare,upi,phonepe,kotak,ocr_upi
Apollo Pharmacy ka 44833 rupees ka bill Gpay se pay kiya,44833,healthcare,upi,gpay,canara,voice_transcript
aaj YouTube Premium pe 14707 rupaye kharcha hua card se,14707,entertainment,card,,,voice_transcript
today i spent 29306 on car loan EMI via Bhim,29306,emi,upi,bhim,,voice_transcript
raat ko petrol pump 3206 rupees credit card se,3206,travel,card,,,hinglish_natural
sent ₹5705 to friend on cash split bill UPI,5705,friends,cash,,hdfc,cue_row
office se aate hue electronics store se buy kiya 3841 rupees ka card se bohot mehenga,3841,shopping,card,,,hinglish_natural
paid back friend lent money 3703 Gpay,3703,friends,upi,gpay,,cue_row
Coursera 32236 Phone Pe Completed Axis Bank 4364,32236,education,upi,phonepe,axis,ocr_upi
Just paid Rs 19049.20 to Tata CLiQ through Mastercard,19049.20,shopping,card,,,english_natural
bhai hospital me 8410 ka doctor ko de diye via paytm,8410,healthcare,upi,paytm,,hinglish_natural
Ola me 2571 ka kiraya de diye card se,2571,travel,card,,slice,hinglish_natural
Bought Zee5 for ₹39435 with Paytm,39435,entertainment,upi,paytm,,english_natural
roommate se paise bheje 36520 rs. ka UPI se diye,36520,friends,upi,gpay,,hinglish_natural
"BILL
Ajio
₹3803
CASH
Thank You Visit Again",3803,shopping,cash,,,ocr_receipt
1983 to mutual fund via credit card,1983,investment,card,,,english_natural
"D OLA 399.25 Completed 3Feb 2026,6:15 pm ICICI Bank 5286 UPI transaction ID 6429839303953 TO:OLA ola.88566@icicibank Googletransaction lD CICAgJjg608853 OPI PhonePe",399.25,travel,upi,phonepe,icici,ocr_upi
breakfast snacks chai coffee ₹17918 gpay,17918,food,upi,gpay,,cue_row
₹4616 paid to RedBus via Phone Pe UPI from HDFC Bank Bank ending 3064,4616,travel,upi,phonepe,hdfc,ocr_upi
₹687 to PPF via debit card,687,investment,card,,,english_natural
spent 2986 rupees on mutual fund via Paytm,2986,investment,upi,paytm,,voice_transcript
today i spent 29 on Amit via GPay,29,friends,upi,gpay,,voice_transcript
"TAX INVOICE
BookMyShow
Grand Total: 3842
Payment: Gpay",3842,entertainment,upi,gpay,,ocr_receipt
HDFC loan 15562 rupees UPI se pay kia sasta tha,15562,emi,upi,cred,icici,hinglish_natural
11281 charged for personal loan EMI on jupiter,11281,emi,upi,jupiter,,english_natural
Payment of 329 to colleague was successful via G Pay UPI Ref No 0017977660 SBI Account 9030,329,friends,upi,gpay,sbi,ocr_upi
22 bike loan EMI debit card se,22,emi,card,,indusind,hinglish_natural
abhi Paytm Money 96 Paytm se,96,investment,upi,paytm,slice,hinglish_natural
dopahar ko ET Money ka stock lia 308 rupees debit card se,308,investment,card,,,hinglish_natural
bhai petrol pump ka petrol bharaa 48169 cash diyee,48169,travel,cash,,,hinglish_natural
23441.12 cash school fees,23441.12,education,cash,,,english_natural
Paid eye checkup 38563.81 using Slice from SLICE,38563.81,healthcare,upi,slice,slice,english_natural
uber ola cab ride airport train ticket INR 109 cash,109,travel,cash,,,cue_row
aaj FD pe 3853 rupaye kharcha hua card se,3853,investment,card,,,voice_transcript
"Receipt #4677
Chai Point
Amount Paid: t60.25
Mode: Google Pay",60.25,food,upi,gpay,,ocr_receipt
"eye checkup BILL
St: Rs.32020.84
paytm approved",32020.84,healthcare,upi,paytm,,ocr_receipt
dentist ka checkup karaya 23 rupaiye debit card se zyada ho gaya,32797,healthcare,card,,,source_hinglish
?2884 paid to Divya via Google Pay UPI from hdfc Bank ending 4367,2884,friends,upi,gpay,hdfc,ocr_upi
paid friend t1028 via Google Pay,1028,friends,upi,gpay,,friends_synthetic
15810 rupaiye society maintenance card se pay kar diya,15810,utilities,card,,,hinglish_natural
ACT Fibernet ka recharge kar diya 190 rs. NIYO se pay kiyaa,190,utilities,upi,niyo,jupiter,hinglish_natural
"TAX INVOICE
Lenskart
Grand Total: 108.10
Payment: CASH",108.10,healthcare,cash,,,ocr_receipt
crypto gold bonds NPS portfolio Rs.3974 card,3974,investment,card,,,cue_row
society maintenance pe 45690 rupay ka bill pay kr diya PhonePe se matlab,45690,utilities,upi,phonepe,,hinglish_natural
colleague ka dost ko de diye 329 rupaye naqad,329,friends,cash,,jupiter,hinglish_natural
flatmate rent share 3848 card Rohan,3848,friends,card,,,friends_synthetic
flatmate rent share 218 CRED Arjun,218,friends,upi,cred,,friends_synthetic
ghar jaate waqt Arjun se udhar return kiyaa 5232 rupaye ka UPI se Axis Bank wale account se,5232,friends,upi,paytm,axis,hinglish_natural
Rs17556 paid to BYJU'S via cash from Fi Money,17556,education,cash,,fi,english_natural
PPF 180 ₹ debit card se,180,investment,card,,,hinglish_natural
yaar se transfer kia 274 rupay ka debit card se,274,friends,card,,,hinglish_natural
netflix spotify hotstar subscription movie show 457 card,457,entertainment,card,,,cue_row
4865 ka library bill pay kiya PayTM se,4865,education,upi,paytm,,voice_transcript
bhai Arjun ko udhar return kiya 1774 rs PhonePe se,1774,friends,upi,phonepe,,friends_synthetic
"NETMEDS
Item 1 ₹418
Item 2 R 456
Total INR 26
CASH",26,healthcare,cash,,,ocr_receipt
ghar jaate waqt 30 rs Netflix UPI se diy,30,entertainment,upi,phonepe,,hinglish_natural
"H&M
Net Amount 4160
Paid via CASH",4160,shopping,cash,,hdfc,ocr_receipt
hospital 3965,3965,healthcare,upi,bhim,,english_natural
split bill 4418 SLICE se Rahul ko diya,4418,friends,upi,slice,icici,friends_synthetic
subah rent pe 37487 rupaiye ka bill pay kiya credit card se bc,37487,utilities,card,,,hinglish_natural
Payment of ₹93 to bhai was successful via SLICE UPI Ref No 36248900019 hdfc Account 5118,93,friends,upi,slice,hdfc,ocr_upi
1372 rupees Apple Music card,1372,entertainment,card,,,voice_transcript
BookMyShow pe 34542 ka ticket lya phonepe pe,34542,entertainment,upi,phonepe,,hinglish_natural
ATM/CASH/INDUSIND BANK/170.50,170.50,investment,upi,paytm,indusind,english_natural
electricity water broadband mobile recharge bill ₹18774 paytm,18774,utilities,upi,paytm,hdfc,cue_row
HDFC loan me 50 rupay ka loan payment kiya credit card se,50,emi,card,,,hinglish_natural
bhai tuition ka tuition de diye 428 rs UPI se die ICICI se,428,education,upi,gpay,icici,hinglish_natural
Used HDFC Bank Visa to pay Rs.496 for exam fee,496,education,card,,hdfc,english_natural
bhai 352 rupees food order kiya FreshMenu pe cash me Axis Bank se kata,352,food,cash,,axis,hinglish_natural
auto pe 195 rs ka petrol bharaa UPI se diy,195,travel,upi,paytm,,hinglish_natural
Payment of ₹193.68 to FD was successful via GPay UPI Ref No 24907488241833 Bank of Baroda Account 9091,193.68,investment,upi,gpay,bob,ocr_upi
exam fee ka course le liya 37474 rupaye UPI se,37474,education,upi,paytm,,hinglish_natural
books ₹388 debited from Fi Money,388,education,card,,fi,english_natural
"CROMA RESTAURANT
Total 278
Cash Received
Change 0.00",278,shopping,card,,,ocr_receipt
"NETMEDS RESTAURANT
Total 4277
Cash Received
Change 0.00",4277,healthcare,cash,,,ocr_receipt
bhai concert ka 23 rupaye card se de diya,23,entertainment,card,,,voice_transcript
flight booking travel ticket ?3416 cash,3416,travel,cash,,,cue_row
Spent 3660 on college fees using card,3660,education,card,,,english_natural
Paid t439.34 for Swiggy via Phone Pe,439.34,food,upi,phonepe,,english_natural
"D EDUCATIONLOANEMI 298 Completed 15Apr 2026,7:49 pm SBI Bank 2766 UPI transaction ID 30230423338 TO:EDUCATIONLOANEMI education loan emi.78832@sbibank Goog1etransaction lD CICAgJjg960250 OPI niyo",298,emi,upi,niyo,sbi,ocr_upi
office se aate hue Apple Music pe 294 rupaiye ka ticket le liya card se pay kia,294,entertainment,card,,,hinglish_natural
335.45 to Ola via paytm,335.45,travel,upi,paytm,,english_natural
Gaana 2876 rupaye UPI se pay kiya Yes Bank account se,2876,entertainment,upi,paytm,yes bank,hinglish_natural
R 306 to Neha Google Pay UPI,306,friends,upi,gpay,,friends_synthetic
split bill 10615 phonepe se Neha ko diya,10615,friends,upi,phonepe,,friends_synthetic
Swiggy order INR 19845,19845,food,card,,,source_english
breakfast snacks chai coffee ₹102 Jupiter,102,food,upi,jupiter,,cue_row
spent 3839 rupees on SBI loan via card,3839,emi,card,,pnb,voice_transcript
220 kha liya restaurant ko cash diyee Canara wale account se,47710,food,cash,,canara,source_hinglish
crypto gold bonds NPS portfolio 7208 card,7208,investment,card,,,cue_row
TO:YOUTUBEPREMIUM youtubepremium.36789@icicibank From:AMITSINGH (icici BHIM : sender2266@okicicibank,202.36,entertainment,upi,bhim,icici,ocr_upi
market Rs.250 Niyo,250,shopping,upi,niyo,hdfc,english_natural
library mein 28748 lag gaye cred se bhara,28748,education,upi,cred,,voice_transcript
Payment of ₹2559.79 to mobile recharge was successful via Cred UPI Ref No 206053954328451 icici Account 9358,2559.79,utilities,upi,cred,icici,ocr_upi
Amit 4231 Phone Pe Payment done ICICI Bank 1205,4231,friends,upi,phonepe,icici,ocr_upi
"SOCIETY MAINTENANCE
Item 1 Rs 144
Item 2 ₹78
Total ₹1778
Paytm",1778,utilities,upi,paytm,,ocr_receipt
crypto ₹425.42 debited from HDFC,425.42,investment,card,,hdfc,english_natural
Spent Rs 714.81 on Haldirams using debit card,714.81,food,card,,,english_natural
dopahar ko college fees me 2270 ka fees bharra UPI se de diye kotak se,2270,education,upi,cred,kotak,hinglish_natural
JioCinema me 4602 ka subscription renew kiyaa debit card se,4602,entertainment,card,,,hinglish_natural
Just paid INR 33.95 to Myntra through card,33.95,shopping,card,,,english_natural
442 rupees bike loan EMI card se,442,emi,card,,niyo,hinglish_natural
Priya ka 24559 rupees ka bill GPay se pay kiya,24559,friends,upi,gpay,,voice_transcript
today i spent 2524 on YouTube Premium via cash from my hdfc bank,2524,entertainment,cash,,hdfc,voice_transcript
bhai Bewakoof ka 20306 rupaye jupiter se de diya,20306,shopping,upi,jupiter,axis,voice_transcript
Apollo Pharmacy payment Rs.149 done via cash,149,healthcare,cash,,hdfc,english_natural
amazon flipkart myntra online shopping order t154 card,154,shopping,card,,,cue_row
293 rupay HP Petrol card se pay kia bc,293,travel,card,,,hinglish_natural
i paid 27574 rupees for NPS using PhonePe,27574,investment,upi,phonepe,,voice_transcript
Tata CLiQ ka khareed lia 465 rs. G Pay pe,465,shopping,upi,gpay,,hinglish_natural
Netflix 15346 ₹ card se SBI se kata,15346,entertainment,card,,sbi,hinglish_natural
Paid t353.52 for Barbeque Nation via cash,353.52,food,cash,,,english_natural
"Zara 45761 Completed 26Feb 2026,6:37 am sbi 7539 UPI transaction ID 0588743335655",45761,shopping,upi,paytm,sbi,ocr_upi
"Rapido 208.23 Completed 18Oct 2025,9:42 pm Punjab National Bank 1115 UPI transaction ID 598680666430",208.23,travel,upi,slice,pnb,ocr_upi
insurance premium payment INR 474 done via PayTM,474,utilities,upi,paytm,,english_natural
2101 rupees gas bill paytm Jupiter account,2101,utilities,upi,paytm,jupiter,voice_transcript
Paid Rs17744 for Nykaa via G Pay,17744,shopping,upi,gpay,,english_natural
29164 rupay college fees SLICE se pay kiyaa,29164,education,upi,slice,,hinglish_natural
electronics store 2943 rupaye cash de diye bhai,2943,shopping,cash,,sbi,hinglish_natural
ghar jaate waqt electricity bill se bill bhra 361 rupaye ka UPI se pay kya,25603,utilities,upi,phonepe,,source_hinglish
Spent Rs 2937 on library using bhim,2937,education,upi,bhim,,english_natural
home loan EMI se EMI kat gayi 302 rupaye ka card se pay kr diya,302,emi,card,,,hinglish_natural
Bought Reliance Digital for Rs.12685.37 with Gpay,12685.37,shopping,upi,gpay,,english_natural
SpiceJet 104 rupay cash me slice se kata,104,travel,cash,,slice,hinglish_natural
dost bro ko 22095 rupaye slice se bheje,22095,friends,upi,slice,,friends_synthetic
Paid credit card EMI Rs1651 using Mastercard,1651,emi,card,,,english_natural
raat ko home loan EMI 33522 rupaye UPI se,33522,emi,upi,paytm,idfc,hinglish_natural
Tata Play 43758 UPI se diye,43758,utilities,upi,cred,,hinglish_natural
Shreya Rs451 debited from icici,451,friends,upi,bhim,icici,english_natural
bike loan EMI INR 8581.69 PayTM,8581.69,emi,upi,paytm,hdfc,ocr_upi
Rs 26011.61 charged for gas bill on cash,26011.61,utilities,cash,,,english_natural
"RENT
Item 1 Rs 113
Item 2 Rs 364
Total R 18338
gpay",18338,utilities,upi,gpay,,ocr_receipt
5304.18 cash Netflix,5304.18,entertainment,cash,,,english_natural
Just paid 24044 to Arjun through cash,24044,friends,cash,,yes bank,english_natural
office se aate hue coaching 36456 rupaiye card se pay kia,36456,education,card,,,hinglish_natural
Just paid Rs748 to Paytm Money through credit card,748,investment,card,,kotak,english_natural
Concert ticket INR 7643,7643,entertainment,upi,cred,,source_english
dinner split 22655 rupaye Divya bhim,22655,friends,upi,bhim,,friends_synthetic
sent Rs 2880 to Shreya on cash,2880,friends,cash,,,friends_synthetic
4990 rs. Angel One UPI se,4990,investment,upi,paytm,sbi,hinglish_natural
35047 ka Zara bill pay kiya card se,35047,shopping,card,,,voice_transcript
home loan car loan credit card EMI monthly ₹20891 autopay card,20891,emi,card,,,cue_row
TO:CREDITCARDEMI creditcardemi.20395@sbibank From:PRIYASHARMA (SBI GPay : sender8915@oksbibank,1297.78,emi,upi,gpay,sbi,ocr_upi
Yatra 206 rupees debit card se,39238,travel,card,,yes bank,source_hinglish
Coursera 5221 rupaye card se pay kiya,5221,education,card,,,hinglish_natural
R 14190.96 to gaming via card,14190.96,entertainment,card,,,english_natural
today i spent 10761 on eye checkup via CRED,10761,healthcare,upi,cred,,voice_transcript
sent money to colleague 195 on phonepe,195,friends,upi,phonepe,,friends_synthetic
INOX 25 rupaiye paytm pe,25,entertainment,upi,paytm,,hinglish_natural
Hotstar 481 UPI se pay kar diya,481,entertainment,upi,cred,,hinglish_natural
abhi Karan 461 rupees via gpay IDFC First se,461,friends,upi,gpay,idfc,hinglish_natural
216 bill pay kr diya Jio recharge pe PhonePe se Canara Bank wale account se,216,utilities,upi,phonepe,canara,hinglish_natural
Used State Bank G Pay to pay INR 1238.49 for Coin,1238.49,investment,upi,gpay,sbi,english_natural
i paid 36 rupees for Amit using phonepe,36,friends,upi,phonepe,hdfc,voice_transcript
hospital doctor pharmacy medicine diagnostic ₹11509 cash,11509,healthcare,cash,,,cue_row
friend ka transfer kiyaa 3298 rupaiye via paytm,3298,friends,upi,paytm,,hinglish_natural
mobile recharge Rs.272 cash,272,utilities,cash,,,english_natural
NPS 2675 rupaye via Jupiter,2675,investment,upi,jupiter,,hinglish_natural
Game purchase INR 2809,2809,entertainment,upi,gpay,sbi,source_english
Udemy 28242,28242,education,card,,sbi,english_natural
31553 rupees MedPlus card,31553,healthcare,card,,,voice_transcript
₹38147 to tuition via fi,38147,education,upi,fi,,english_natural
"TAX INVOICE
market
Grand Total: Rs463
Payment: CARD",463,shopping,card,,,ocr_receipt
electronics clothes shoes accessories purchase Rs.2101 via card,2101,shopping,card,,,cue_row
lunch dinner food order swiggy zomato restaurant meal ?48439 Jupiter,48439,food,upi,jupiter,,cue_row
315 ₹ clinic credit card se,315,healthcare,card,,sbi,hinglish_natural
Unacademy Rs.332 Jupiter,332,education,upi,jupiter,,english_natural
stocks me 43400 ₹ ka invest kar diya card se pay kya,43400,investment,card,,,hinglish_natural
49 rupees Myntra UPI se matlab,49,shopping,upi,paytm,,hinglish_natural
UPI/88993227/WATER BILL/NIYO,2454,utilities,upi,gpay,niyo,english_natural
Paid ₹343 for Groww via NIYO,343,investment,upi,niyo,,english_natural
office se aate hue Snapdeal ka order kr diya 4156 rupaiye naqad,4156,shopping,cash,,,hinglish_natural
Payment of ₹4845.49 to Hotstar was successful via CRED UPI Ref No 4082310171 Kotak Mahindra Account 4714,4845.49,entertainment,upi,cred,kotak,ocr_upi
POS/YATRA/CASH/3801,36823.13,travel,cash,,,english_natural
petrol diesel fuel R 286 at pump cash,286,travel,cash,,axis,cue_row
Spent 40046.70 on credit card EMI using phonepe,40046.70,emi,upi,phonepe,,english_natural
Just paid Rs.2182.91 to BSNL through phonepe,2182.91,utilities,upi,phonepe,,english_natural
bhai ET Money se stock le liya 41430 rupaye ka debit card se ICICI Bank se kata,41430,investment,card,,icici,hinglish_natural
Dunkin 3692 debited from axis,3692,food,cash,,axis,english_natural
rent se bill bharaa 369 rupaye ka credit card se,369,utilities,card,,hdfc,hinglish_natural
UPI/03811481/PAYTM MONEY/SBI,2725,investment,upi,gpay,sbi,english_natural
kal Spotify 1738 rupees card se pay kr diya,1738,entertainment,card,,,hinglish_natural
"Zerodha 25727.68 Completed 7Dec 2025,3:01 am Axis Bank 9413 UPI transaction ID 27968559652",25727.68,investment,upi,phonepe,axis,ocr_upi
Flight ticket booking INR 16186,16186,travel,card,,,source_english
336.75 cash gaming,336.75,entertainment,cash,,,english_natural
i paid 1658 rupees for Ola using Google Pay,1658,travel,upi,gpay,,voice_transcript
Water bill INR 19958,19958,utilities,upi,phonepe,,source_english
SIP se SIP bharra 48 rupees ka UPI se pay kr diya Bandhan card se,48,investment,upi,bhim,bandhan,hinglish_natural
164 ₹ split kiya Rohan pe via Gpay,164,friends,upi,gpay,,hinglish_natural
ghar jaate waqt 41786 test karaya 1mg ko paytm se pay kia,41786,healthcare,upi,paytm,hdfc,hinglish_natural
1653 Phonepe coaching,1653,education,upi,phonepe,,english_natural
netflix spotify hotstar subscription movie show ₹2029 gpay,2029,entertainment,upi,gpay,,cue_row
subah gold ka paisa daala 40154 rupees card se,40154,investment,card,,,hinglish_natural
personal loan EMI 2308 debit card,2308,emi,card,,federal bank,english_natural
crypto se paisa daala 1513 rs ka PhonePe se pay kiya bhai,1513,investment,upi,phonepe,slice,hinglish_natural
home loan EMI ka loan payment kiya 46008 rupaiye card se,46008,emi,card,,fi,hinglish_natural
"ACT Fibernet
Net Amount 265
Paid via CARD",265,utilities,card,,,ocr_receipt
?25658 paid to SBI loan via PhonePe UPI from hdfc Bank ending 3845,25658,emi,upi,phonepe,hdfc,ocr_upi
"car loan EMI 37022 Completed 16May 2025,12:18 pm Punjab National Bank 3415 UPI transaction ID 818684256379",37022,emi,upi,cred,pnb,ocr_upi
Spent INR 15696 on FD using Jupiter,15696,investment,upi,jupiter,slice,english_natural
NEFT/TRANSFER/APOLLO PHARMACY/SBI,11448,healthcare,card,,sbi,english_natural
HDFC loan 334 ₹ card se,334,emi,card,,jupiter,hinglish_natural
t4397.54 paid to books via credit card from HDFC,4397.54,education,card,,hdfc,english_natural
2021 rupay payment kiyaa electricity bill ko Phonepe se pay kar diya,2021,utilities,upi,phonepe,,hinglish_natural
3571 ka ET Money bill pay kiya niyo se,3571,investment,upi,niyo,,voice_transcript
1088 rupaiye stock lia crypto pe card se pay kya,1088,investment,card,,slice,hinglish_natural
spent 3978 rupees on BookMyShow via card,3978,entertainment,card,,,voice_transcript
flatmate rent share 15883 card bro,15883,friends,card,,,friends_synthetic
ACT Fibernet me 254 rs ka bill bhar diya via paytm,254,utilities,upi,paytm,,hinglish_natural
today i spent 4816 on Netmeds via cash from my PNB bank,4816,healthcare,cash,,pnb,voice_transcript
Paid market Rs.208 using Visa,208,shopping,card,,,english_natural
"PharmEasy BILL
St: ₹40758
Google Pay Approved",40758,healthcare,upi,gpay,axis,ocr_receipt
books 314 rupay debit card se,314,education,card,,,hinglish_natural
Vi recharge pe 34832 rupees ka bill pay kia UPI se pay kr diya,42483,utilities,upi,cred,sbi,source_hinglish
subah Tata CLiQ me 1310 rupaye ka saman liya Jupiter se,1310,shopping,upi,jupiter,,hinglish_natural
bhai Meesho ka 370 rupaye card se de diya,370,shopping,card,,,voice_transcript
bhai Apple Music 23772 rs UPI se pay kia,23772,entertainment,upi,cred,,hinglish_natural
bhai friend ko udhar return kiya 365 rs GPay se,365,friends,upi,gpay,icici,friends_synthetic
708 MedPlus credit card se,708,healthcare,card,,sbi,hinglish_natural
14700 rupay Lenskart UPI se,14700,healthcare,upi,gpay,,hinglish_natural
Payment of ₹8978 to Lenskart was successful via Paytm UPI Ref No 38607927462 axis Account 2755,8978,shopping,upi,paytm,axis,ocr_upi
Ajio payment INR 43799 done via credit card,43799,shopping,card,,icici,english_natural
Just paid ₹39034.26 to INOX through PhonePe,39034.26,entertainment,upi,phonepe,,english_natural
mutual fund SIP stocks PPF FD investment ₹451 G Pay,451,investment,upi,gpay,,cue_row
Pharmacy medicine purchase INR 23938,23938,healthcare,cash,,,source_english
1mg ₹2024 Fi Money,2024,healthcare,upi,fi,jupiter,english_natural
bhai Rohan ko udhar return kiya 381 rs phonepe se,381,friends,upi,phonepe,yes bank,friends_synthetic
1576 rs. Bewakoof UPI se,1576,shopping,upi,paytm,sbi,hinglish_natural
POS/ROHAN/SLICE/3458,2811.36,friends,upi,slice,axis,english_natural
paid 360 to bike loan EMI through card from State Bank,360,emi,card,,sbi,voice_transcript
SNAPDEAL INR 21264 AXIS,21264,shopping,upi,cred,axis,english_natural
"BILL
clinic
₹882.03
CARD
Thank You Visit Again",882.03,healthcare,card,,,ocr_receipt
Dunkin 427 Kotak,427,food,upi,cred,kotak,english_natural
kal electronics store 103 rupaye cash de diya,103,shopping,cash,,icici,hinglish_natural
Just paid ₹129 to Amazon Prime through debit card,129,entertainment,card,,,english_natural
ghar jaate waqt Reliance Digital ka saman liyaa 20284 rupaiye debit card se icici account se,20284,shopping,card,,icici,hinglish_natural
"college fees 91 Completed 16May 2025,8:42 pm sbi 4935 UPI transaction ID 8103247173565",91,education,upi,gpay,sbi,ocr_upi
medical checkup lab test health insurance R 430 card,430,healthcare,card,,,cue_row
Neha ₹346 debit card,346,friends,card,,,english_natural
Croma ka 361 rupees ka bill card se pay kiya,361,shopping,card,,,voice_transcript
1474 Ola Paytm se,1474,travel,upi,paytm,,hinglish_natural
electricity bill ka 20298 rupees ka bill Cred se pay kiya,20298,utilities,upi,cred,indusind,voice_transcript
t3297 to Zepto via PhonePe,3297,food,upi,phonepe,,english_natural
mess 3138 rs GPay pe bhai,3138,food,upi,gpay,slice,hinglish_natural
aaj 472 rupaye Unacademy Phonepe se pay kia,472,education,upi,phonepe,fi,hinglish_natural
Burger King pe 1989 rupaye ka khana khayaa debit card se,1989,food,card,,,hinglish_natural
books ka admission kr diya 444 rs. credit card se,444,education,card,,,hinglish_natural
paid back friend lent money ₹451 fi,451,friends,upi,fi,,cue_row
"Airtel recharge
Net Amount 2646.20
Paid via CARD",2646.20,utilities,card,,,ocr_receipt
234 cab lia SpiceJet ko credit card se,234,travel,card,,,hinglish_natural
"TAX INVOICE
insurance premium
Grand Total: 1611
Payment: CASH",1611,utilities,cash,,,ocr_receipt
dopahar ko 1444 rs kiraya die auto pe card se pay kya,1444,travel,card,,hdfc,hinglish_natural
Rs.5597 to Amit via debit card,5597,friends,card,,,english_natural
Spent ₹410 on RedBus using credit card,410,travel,card,,,english_natural
abhi crypto 3810 rs GPay se,3810,investment,upi,gpay,icici,hinglish_natural
abhi bro me 48848 rupees ka udhar return kar diya cred pe,48848,friends,upi,cred,,hinglish_natural
rent se recharge kiyaa 37 rupaiye ka card se pay kia HDFC se kata,37,utilities,card,,hdfc,hinglish_natural
electronics clothes shoes accessories purchase INR 1643 via card,1643,shopping,card,,,cue_row
crypto gold bonds NPS portfolio ₹3189 card,3189,investment,card,,,cue_row
27239 rupees Bewakoof cash diyee,27239,shopping,cash,,fi,hinglish_natural
Practo payment t33581.49 done via Visa,33581.49,healthcare,card,,,english_natural
Paid Nykaa ₹652 using Mastercard from Kotak Mahindra,652,shopping,card,,kotak,english_natural
kal IndiGo ka ride liyaa 1867 cash diy,1867,travel,cash,,idfc,hinglish_natural
FirstCry se order kr diya 144 ₹ ka slice se budget tod diya,144,shopping,upi,slice,,hinglish_natural
breakfast snacks chai coffee Rs 264 phonepe,264,food,upi,phonepe,,cue_row
825 rupaye bill bhara broadband ko debit card se Bank of Baroda wale account se,825,utilities,card,,bob,hinglish_natural
"D BURGERKING 2064 Completed 8Jan 2026,7:55 pm IDFC Bank 8369 UPI transaction ID 537661418013 TO:BURGERKING burger king.74154@idfcbank Googletransaction lD CICAgJjg871167 OPI Cred",2064,food,upi,cred,idfc,ocr_upi
subah 13824 rupay EMI bharaa personal loan EMI ko phonepe se HDFC account se,13824,emi,upi,phonepe,hdfc,hinglish_natural
"D ZEPTO 433 Completed 16Feb 2026,12:40 pm Axis Bank 8863 UPI transaction ID 219980684960 TO:ZEPTO zepto.97411@axisbank Soogletransaction lD CICAgJjg299508 OPI PayTM",433,food,upi,paytm,axis,ocr_upi
Paid ₹44128 for Coursera via Phone Pe,44128,education,upi,phonepe,,english_natural
doctor ka test karaya 2544 rupay phonepe se pay kia,2544,healthcare,upi,phonepe,sbi,hinglish_natural
dost Arjun ko 485 rupaye PayTM se bheje,485,friends,upi,paytm,,friends_synthetic
RedBus payment Rs 32822 done via credit card,32822,travel,card,,sbi,english_natural
Amazon me 4579 rs ka shopping kiyaa card se pay kr diya,4579,shopping,card,,,hinglish_natural
Coin ka 41069 rupees ka bill card se pay kiya,41069,investment,card,,,voice_transcript
154.20 to PVR via Visa,154.20,entertainment,card,,,english_natural
?57.05 paid to water bill via Phone Pe UPI from icici Bank ending 5973,57.05,utilities,upi,phonepe,icici,ocr_upi
₹149 charged for BSNL on card,149,utilities,card,,jupiter,english_natural
EaseMyTrip ka ride lia 16810 rupaye cred se,16810,travel,upi,cred,icici,hinglish_natural
Paid water bill 1100.01 using jupiter from Kotak,1100.01,utilities,upi,jupiter,kotak,english_natural
bhai 103 rupay paise bheje Rahul ko UPI se pay kr diya,103,friends,upi,phonepe,,hinglish_natural
Rs 4220 to dost GPay UPI,4220,friends,upi,gpay,sbi,friends_synthetic
20540 ₹ Spotify credit card se,20540,entertainment,card,,,hinglish_natural
Paid ₹1552 for Uber via Phone Pe,1552,travel,upi,phonepe,niyo,english_natural
paid back friend lent money ?3549 Niyo,3549,friends,upi,niyo,,cue_row
Shreya ka dost ko de diya 1352 rupay jupiter se,1352,friends,upi,jupiter,,hinglish_natural
3840 rs mangwaya Swiggy pe UPI se die,49572,food,upi,phonepe,,source_hinglish
Rs4727.42 debited from your HDFC Bank account for PPF (G Pay UPI),4727.42,investment,upi,gpay,hdfc,ocr_upi
R 266 paid to Indian Oil via Google Pay UPI from SBI Bank ending 3665,266,travel,upi,gpay,sbi,ocr_upi
"BILL
PharmEasy
₹442
CARD
Thank You Visit Again",442,healthcare,card,,axis,ocr_receipt
school college tuition course books fees ₹458 cash,458,education,cash,,,cue_row
Arjun ko 19083 transfer kiya GPay se,19083,friends,upi,gpay,sbi,friends_synthetic
grocery vegetables milk bread fruits INR 137 paid gpay,137,food,upi,gpay,,cue_row
SonyLIV 153 icici,153,entertainment,card,,icici,english_natural
Flipkart Rs3622.24 Jupiter,3622.24,shopping,upi,jupiter,,english_natural
"D UNACADEMY 2463 Completed 1Mar 2026,2:05 pm State Bank Bank 5677 UPI transaction ID 575339515746 TO:UNACADEMY unacademy.12173@state bankbank Googletransaction lD XYZabc083124 OPI Bhim",2463,education,upi,bhim,sbi,ocr_upi
TO:HDFCLOAN hdfcloan.24381@hdfcbank From:UTSAVJANA (HDFC Jupiter : user8547@okhdfcbank,2973,emi,upi,jupiter,hdfc,ocr_upi
Payment of Rs 2857 to Lenskart was successful via Cred UPI Ref No 77312058869 kotak Account 1738,2857,healthcare,upi,cred,kotak,ocr_upi
Netmeds Rs.267 cash,267,healthcare,cash,,,english_natural
Spent Rs.2343 on KFC using PayTM,2343,food,upi,paytm,,english_natural
tuition Rs 483 debited from Axis,483,education,card,,axis,english_natural
breakfast snacks chai coffee INR 3044 cash,3044,food,cash,,,cue_row
INR 341 paid to PPF via Gpay from Niyo,341,investment,upi,gpay,niyo,english_natural
dinner split 16798 rupaye friend gpay,16798,friends,upi,gpay,,friends_synthetic
INR 5751 debited from your Axis account for Udemy (Jupiter UPI),5751,education,upi,jupiter,axis,ocr_upi
dinner split 151 rupaye flatmate cash,151,friends,cash,,,friends_synthetic
water bill 2712 hdfc,2712,utilities,card,,hdfc,english_natural
Pharmacy medicine purchase INR 43344,43344,healthcare,card,,,source_english
Rs28992 charged for Jio recharge on paytm,28992,utilities,upi,paytm,,english_natural
"JIOCINEMA RESTAURANT
Total 35428
Cash Received
Change 0.00",35428,entertainment,card,,,ocr_receipt
"SNAPDEAL
Item 1 ₹247
Item 2 Rs484
Total INR 459
jupiter",459,shopping,upi,jupiter,,ocr_receipt
"Gaana 46 Completed 20Jul 2026,11:33 pm Bandhan Bank 9812 UPI transaction ID 3932234972",46,entertainment,upi,bhim,bandhan,ocr_upi
"BigBasket BILL
St: Rs.241
Slice approved",241,food,upi,slice,,ocr_receipt
Zara se buy kr diya 4824 rupaiye ka card se pay kia,4824,shopping,card,,sbi,hinglish_natural
aaj JioCinema se movie dekhi 1645 rs ka UPI se,1645,entertainment,upi,phonepe,,hinglish_natural
Vedantu se fees bhra 47919 rupay ka fi pe HDFC se kata,47919,education,upi,fi,hdfc,hinglish_natural
Rs 18371 debited from your Kotak account for Ajio (PhonePe UPI),18371,shopping,upi,phonepe,kotak,ocr_upi
mutual fund SIP stocks PPF FD investment 2205 Jupiter,2205,investment,upi,jupiter,icici,cue_row
Just paid t446 to Netmeds through Phonepe,446,healthcare,upi,phonepe,sbi,english_natural
UPI/00773220/PIZZA HUT/NIYO,391.79,food,upi,paytm,niyo,english_natural
Bought clinic for INR 213.13 with bhim,213.13,healthcare,upi,bhim,,english_natural
flatmate rent share 4214 Jupiter Pooja,4214,friends,upi,jupiter,,friends_synthetic
crypto se paisa daala 3027 rupaye ka card se,3027,investment,card,,,hinglish_natural
raat ko Shreya se udhar return kya 27 rs ka cash diy,27,friends,cash,,,hinglish_natural
TO:GAMING gaming.14595@kotakbank From:UTSAVJANA (kotak phonepe : sender3224@okkotakbank,265,entertainment,upi,phonepe,kotak,ocr_upi
158 rs 1mg card se,158,healthcare,card,,jupiter,hinglish_natural
Tata Play ka 11307 rupees ka bill card se pay kiya,11307,utilities,card,,,voice_transcript
Payment of 188 to bike loan EMI was successful via niyo UPI Ref No 9287291310 State Bank Account 4707,188,emi,upi,niyo,sbi,ocr_upi
netflix spotify hotstar subscription movie show ₹48365 cash,48365,entertainment,cash,,,cue_row
mutual fund SIP stocks PPF FD investment 6014 gpay,6014,investment,upi,gpay,,cue_row
Payment of Rs.401 to Apollo Pharmacy was successful via phonepe UPI Ref No 722405530611390 HDFC Account 3321,401,healthcare,upi,phonepe,hdfc,ocr_upi
i did 8456 expense on Zara using card,8456,shopping,card,,fi,voice_transcript
276 rs. water bill PayTM se pay kiyaa,276,utilities,upi,paytm,indusind,hinglish_natural
POS/INOX/NIYO/2807,2314,entertainment,upi,niyo,,english_natural
594 ka dhaba bill pay kiya card se,594,food,card,,,voice_transcript
auto 3290 ₹ naqad,3290,travel,cash,,hdfc,hinglish_natural
Spent ₹984.34 on stationery using Mastercard,984.34,education,card,,,english_natural
dost Rahul ko 391 rupaye BHIM se bheje,391,friends,upi,bhim,,friends_synthetic
Google Pay payment ₹234 FreshMenu hdfc 9909 completed,234,food,upi,gpay,hdfc,ocr_upi
Used Kotak paytm to pay ?186 for Priya,186,friends,upi,paytm,kotak,english_natural
bhai Arjun ko udhar return kiya 447 rs card se,447,friends,card,,sbi,friends_synthetic
coaching exam preparation study material R 381 Gpay,381,education,upi,gpay,,cue_row
ATM/CASH/BANK/4762,4762,emi,card,,,english_natural
18594 rupaiye Rohan via Gpay,18594,friends,upi,gpay,sbi,hinglish_natural
dost Arjun ko 586 rupaye gpay se bheje,586,friends,upi,gpay,idfc,friends_synthetic
crypto gold bonds NPS portfolio INR 2119 card,2119,investment,card,,,cue_row
2540 Vi recharge UPI se,2540,utilities,upi,phonepe,,hinglish_natural
"Zee5
Net Amount 22372
Paid via CARD",22372,entertainment,card,,,ocr_receipt
250 rs saman liyaa Reliance Digital pe gpay se,250,shopping,upi,gpay,,hinglish_natural
APOLLO PHARMACY INR 4754,4754,healthcare,card,,,english_natural
Spotify 920.74 Paytm,920.74,entertainment,upi,paytm,hdfc,ocr_upi
sent money to dost Rs.17794 on Gpay,17794,friends,upi,gpay,,friends_synthetic
"BILL
BigBasket
Rs.2193
PayTM
Thank You Visit Again",2193,food,upi,paytm,icici,ocr_receipt
Neha ko 163 transfer kiya Phonepe se,163,friends,upi,phonepe,,friends_synthetic
breakfast snacks chai coffee R 4593 PhonePe,4593,food,upi,phonepe,,cue_row
Spent Rs 491.80 on Biryani Blues using cash,491.80,food,cash,,,english_natural
kal society maintenance ka bill bharaa 287 ₹ UPI se die bhai,23519,utilities,upi,paytm,,source_hinglish
dost flatmate ko 15248 rupaye Cred se bheje,15248,friends,upi,cred,icici,friends_synthetic
ATM/CASH/JUPITER/2319,2319,shopping,cash,,jupiter,english_natural
kal Amit pe 43527 rs ka paise bheje UPI se,43527,friends,upi,phonepe,hdfc,hinglish_natural
Paid INR 3923 to HDFC loan Niyo UPI IndusInd 9986 Completed,3923,emi,upi,niyo,indusind,ocr_upi
bhai ka dost ko die 72 rupaiye Bhim se,72,friends,upi,bhim,icici,hinglish_natural
home loan EMI 206 cred se pay kiya,206,emi,upi,cred,,hinglish_natural
Spent Rs1680 on BookMyShow using cash,1680,entertainment,cash,,,english_natural
aaj insurance premium me 5729 rupees ka payment kiyaa via Google Pay yaar,22211,utilities,upi,gpay,icici,source_hinglish
flatmate rent share 3992 Phone Pe roommate,3992,friends,upi,phonepe,hdfc,friends_synthetic
Practo pe 47755 rupay ka test karaya Phone Pe se pay kya State Bank card se,47755,healthcare,upi,phonepe,sbi,hinglish_natural
aaj rent 1959 ₹ card se,1959,utilities,card,,,hinglish_natural
"ZEE5 RESTAURANT
Total 3518.41
Cash Received
Change 0.00",3518.41,entertainment,card,,sbi,ocr_receipt
Unacademy 20228,20228,education,card,,,english_natural
medical checkup lab test health insurance Rs144 card,144,healthcare,card,,,cue_row
ATM/CASH/SLICE/2625.58,2625.58,shopping,card,,slice,english_natural
JioCinema ka movie dekhi 328 rs. debit card se,328,entertainment,card,,,hinglish_natural
12139 rs Neha UPI se,12139,friends,upi,fi,idfc,hinglish_natural
Angel One 33072 card,33072,investment,card,,,english_natural
Rs.29388.80 debited from your Indusind Bank account for metro (Cred UPI),29388.80,travel,upi,cred,indusind,ocr_upi
"D COLLEAGUE 4890 Completed 6Apr 2026,9:54 pm ICICI Bank Bank 7153 UPI transaction ID 4155014570 TO:COLLEAGUE colleague.11577@icici bankbank Googletransaction lD CICAgJjg733759 OPI PhonePe",4890,friends,upi,phonepe,icici,ocr_upi
doctor ka test karaya 4224 rupaye card se pay kya,4224,healthcare,card,,icici,hinglish_natural
office se aate hue 3972 rupay khana order kya Dunkin pe haath se die bc,3972,food,cash,,,hinglish_natural
maine 19574 rupaye mobile recharge ko diye Bhim se,19574,utilities,upi,bhim,,voice_transcript
credit card EMI ka 398 rupees ka bill card se pay kiya,398,emi,card,,,voice_transcript
PharmEasy 1137 ₹ credit card se,1137,healthcare,card,,,hinglish_natural
NEFT/TRANSFER/ELECTRONICS STORE/KOTAK,3879.78,shopping,card,,kotak,english_natural
Rs.270.23 paid to upGrad via slice from NIYO,270.23,education,upi,slice,niyo,english_natural
Bought college fees for ₹159 with cash,159,education,cash,,,english_natural
TO:DISHTV dishtv.11105@hdfcbank From:UTSAVJANA (HDFC Paytm : user9121@okhdfcbank,390.95,utilities,upi,paytm,hdfc,ocr_upi
"BILL
doctor
₹228.03
CASH
Thank You Visit Again",228.03,healthcare,cash,,pnb,ocr_receipt
bike loan EMI se EMI bhara 1030 rs ka UPI se Niyo card se,1030,emi,upi,jupiter,niyo,hinglish_natural
332 rupay subscription renew kiyaa YouTube Premium ko card se pay kia matlab,332,entertainment,card,,,hinglish_natural
grocery vegetables milk bread fruits INR 3045 paid Phonepe,3045,food,upi,phonepe,,cue_row
insurance premium Rs485.44 Phone Pe,485.44,utilities,upi,phonepe,bandhan,ocr_upi
Priya se split kiyaa 44022 rupay ka phonepe se,44022,friends,upi,phonepe,,hinglish_natural
car loan EMI pe 2395 ka EMI bhar diya gpay se pay kr diya,2395,emi,upi,gpay,,hinglish_natural
"DISHTV RESTAURANT
Total 105
Cash Received
Change 0.00",105,utilities,card,,,ocr_receipt
Meesho 35 YES BANK,35,shopping,upi,paytm,yes bank,english_natural
Paid 1152 for INOX via cash,1152,entertainment,cash,,slice,english_natural
grocery vegetables milk bread fruits Rs 2139 paid cash,2139,food,cash,,sbi,cue_row
Just paid ₹477.97 to restaurant through phonepe,477.97,food,upi,phonepe,fi,english_natural
28617 rs SBI loan credit card se sasta tha,28617,emi,card,,sbi,hinglish_natural
Netflix payment Rs3934.57 done via credit card,3934.57,entertainment,card,,,english_natural
HDFC loan ka loan payment kiya 1405 card se,1405,emi,card,,,hinglish_natural
211 rupay mutual fund kiyaa FD ko UPI se de diye,211,investment,upi,gpay,,hinglish_natural
Pooja ₹42329 jupiter,42329,friends,upi,jupiter,hdfc,ocr_upi
spent 9684 rupees on Tata Play via cash,9684,utilities,cash,,fi,voice_transcript
aaj mess 2113 rupaiye cash diye,2113,food,cash,,,hinglish_natural
Spent 201.55 on Paytm Money using Cred,201.55,investment,upi,cred,,english_natural
Air India 271,271,travel,cash,,,english_natural
mobile recharge me 2373 ka bill pay kiya naqad HDFC Bank se,2373,utilities,cash,,hdfc,hinglish_natural
"diagnostic
Net Amount 165.02
Paid via CASH",165.02,healthcare,cash,,sbi,ocr_receipt
dinner split 88 rupaye Ananya CRED,88,friends,upi,cred,,friends_synthetic
447 rupay dost ko de diya Arjun ko UPI se,447,friends,upi,gpay,,hinglish_natural
26.51 debit card JioCinema,26.51,entertainment,card,,sbi,english_natural
Phonepe payment Rs 41.92 water bill sbi 5297 successful,41.92,utilities,upi,phonepe,sbi,ocr_upi
Rs266 charged for Vi recharge on PhonePe,266,utilities,upi,phonepe,,english_natural
Crypto investment INR 43862,43862,investment,upi,paytm,,source_english
Bought insurance premium for Rs 15756 with jupiter,15756,utilities,upi,jupiter,,english_natural
sent money to Amit Rs 7559 on phonepe,7559,friends,upi,phonepe,,friends_synthetic
4930 GPay water bill,4930,utilities,upi,gpay,,english_natural
stationery pe 361 rs. ka admission kya UPI se,361,education,upi,cred,,hinglish_natural
subah 342 rupaye tuition via Fi Money,342,education,upi,fi,sbi,hinglish_natural
"TAX INVOICE
Zomato
Grand Total: Rs.32246
Payment: paytm",32246,food,upi,paytm,yes bank,ocr_receipt
Paid Yatra 1521 using Mastercard,1521,travel,card,,,english_natural
raat ko 215 rs. SpiceJet card se pay kr diya,215,travel,card,,fi,hinglish_natural
Rs.4725.96 charged for 1mg on NIYO,4725.96,healthcare,upi,niyo,,english_natural
dinner split 23751 rupaye Vikram fi,23751,friends,upi,fi,,friends_synthetic
Paid ACT Fibernet INR 44554.44 using jupiter,44554.44,utilities,upi,jupiter,,english_natural
i did 155 expense on Reliance Digital using Gpay,155,shopping,upi,gpay,slice,voice_transcript
dhaba ₹3294.90 PayTM,3294.90,food,upi,paytm,hdfc,ocr_upi
₹474.06 charged for Spotify on Mastercard,474.06,entertainment,card,,pnb,english_natural
₹1025.24 paid to concert via Cred UPI from SBI Bank ending 6751,1025.24,entertainment,upi,cred,sbi,ocr_upi
13299 rupees paise bheje dost pe UPI se pay kr diya,13299,friends,upi,cred,,hinglish_natural
"BILL
DishTV
₹1851
Phonepe
Thank You Visit Again",1851,utilities,upi,phonepe,hdfc,ocr_receipt
petrol diesel fuel Rs251 at pump card,251,travel,card,,,cue_row
sent money to flatmate INR 197 on niyo,197,friends,upi,niyo,hdfc,friends_synthetic
"D MOBILERECHARGE 37396 Completed 11Jan 2026,6:15 pm Kotak Bank 9482 UPI transaction ID 452553622809 TO:MOBILERECHARGE mobile recharge.37774@kotakbank Googletransaction lD XYZabc410587 OPI bhim",37396,utilities,upi,bhim,kotak,ocr_upi
MakeMyTrip Rs1055 debited from Jupiter,1055,travel,card,,jupiter,english_natural
314 rupees kha liya Nature's Basket pe naqad,314,food,cash,,,hinglish_natural
Just paid ₹35572 to market through debit card,35572,shopping,card,,,english_natural
BookMyShow 399 rupaiye credit card se,399,entertainment,card,,,hinglish_natural
subah Vikram pe 2021 rupees ka dost ko diyee haath se diye,2021,friends,cash,,icici,hinglish_natural
Divya pe 138 rs ka paise bheje haath se de diye Fi Money se kata,138,friends,cash,,fi,hinglish_natural
"Receipt #5304
BookMyShow
Amount Paid: Rs.1304.81
Mode: PayTM",1304.81,entertainment,upi,paytm,,ocr_receipt
ATM/CASH/FI MONEY/4821,4821,food,upi,phonepe,fi,english_natural
291.27 slice Indian Oil,291.27,travel,upi,slice,,english_natural
"AIRTEL RECHARGE RESTAURANT
Total 4800.58
Cash Received
Change 0.00",4800.58,utilities,card,,hdfc,ocr_receipt
ATM/CASH/BANK/1323,1323,shopping,card,,,english_natural
38925 ₹ Dominos debit card se,38925,food,card,,idfc,hinglish_natural
473.94 cash Practo,473.94,healthcare,cash,,kotak,english_natural
personal loan installment EMI deduction 288 card,288,emi,card,,,cue_row
Swiggy order INR 46783,46783,food,upi,bhim,,source_english
"ACT Fibernet BILL
St: 105
G Pay APPROVED",105,utilities,upi,gpay,,ocr_receipt
"D ZEE5 4035 Completed 7Feb 2026,6:04 pm axis Bank 6672 UPI transaction ID 90102633492277 TO:ZEE5 zee5.72059@axisbank Soogletransaction lD XYZabc426823 OPI BHIM",4035,entertainment,upi,bhim,axis,ocr_upi
"DishTV 2870 Completed 11May 2026,8:12 am ICICI Bank 8836 UPI transaction ID 6490954688",2870,utilities,upi,phonepe,icici,ocr_upi
home loan car loan credit card EMI monthly t1038 autopay card,1038,emi,card,,,cue_row
4288 ka HP Petrol bill pay kiya cash se Fi se kata,4288,travel,cash,,fi,voice_transcript
Google Pay payment Rs 208 mutual fund Punjab National Bank 4702 done,208,investment,upi,gpay,pnb,ocr_upi
college fees ₹27438 Google Pay,27438,education,upi,gpay,pnb,ocr_upi
48376 charged for Gaana on cred,48376,entertainment,upi,cred,,english_natural
Rohan payment Rs52 done via gpay,52,friends,upi,gpay,,english_natural
2672 Visa gold,2672,investment,card,,kotak,english_natural
"TAX INVOICE
Nature's Basket
Grand Total: Rs.4294
Payment: PayTM",4294,food,upi,paytm,,ocr_receipt
1446 rs. diagnostic naqad,1446,healthcare,cash,,,hinglish_natural
"BILL
mobile recharge
₹213.32
Phonepe
Thank You Visit Again",213.32,utilities,upi,phonepe,,ocr_receipt
UPI/01429580/CREDIT CARD EMI/ICICI BANK,272,emi,card,,icici,english_natural
Tata CLiQ 324 rupaye naqad,324,shopping,cash,,,hinglish_natural
i did 456 expense on Yatra using cash,456,travel,cash,,,voice_transcript
"DOCTOR
Item 1 INR 72
Item 2 376
Total 1992.07
CARD",1992.07,healthcare,card,,,ocr_receipt
bhai Priya ko udhar return kiya 10429 rs cash se,10429,friends,cash,,,friends_synthetic
Payment of 3535 to exam fee was successful via Bhim UPI Ref No 20633995341 Axis Bank Account 8610,3535,education,upi,bhim,axis,ocr_upi
maine 41667 rupaye Zomato ko diye cred se,41667,food,upi,cred,,voice_transcript
BROADBAND INR 6948,6948,utilities,upi,slice,,english_natural
Rs.7384.46 to JioCinema via cash,7384.46,entertainment,cash,,,english_natural
market me 3210 rupaiye ka saman liyaa debit card se,3210,shopping,card,,,hinglish_natural
3996.06 charged for Swiggy on Paytm,3996.06,food,upi,paytm,,english_natural
car loan EMI ?44109 Gpay,44109,emi,upi,gpay,yes bank,ocr_upi
aaj rent se bill pay kia 1516 rupees ka UPI se,1516,utilities,upi,fi,icici,hinglish_natural
Paid 53.43 for YouTube Premium via card,53.43,entertainment,card,,,english_natural
split bill 4633 PhonePe se dost ko diya,4633,friends,upi,phonepe,,friends_synthetic
today i spent 3542 on dost via G Pay,3542,friends,upi,gpay,,voice_transcript
8153 ₹ Bewakoof card se,8153,shopping,card,,,hinglish_natural
Netflix subscription INR 1557,1557,entertainment,card,,hdfc,source_english
spent 40391 rupees on bike loan EMI via card,40391,emi,card,,,voice_transcript
"colleague 245 Completed 22Oct 2026,10:21 am hdfc 7157 UPI transaction ID 552142785125900",245,friends,upi,phonepe,hdfc,ocr_upi
paid 182 to Apple Music through Niyo,182,entertainment,upi,niyo,,voice_transcript
Rs 258.28 charged for BSNL on gpay,258.28,utilities,upi,gpay,,english_natural
Arjun pe 331 rupaye ka split kia via CRED,331,friends,upi,cred,axis,hinglish_natural
market 47.01,47.01,shopping,upi,cred,jupiter,english_natural
Spent ₹2139.01 on Spotify using cash,2139.01,entertainment,cash,,slice,english_natural
i paid 1589 rupees for RedBus using Bhim,1589,travel,upi,bhim,fi,voice_transcript
yaar me 30835 rs ka udhar return kia haath se diye,30835,friends,cash,,slice,hinglish_natural
"Apollo Pharmacy
Net Amount 3508
Paid via CRED",3508,healthcare,upi,cred,,ocr_receipt
Medical test charges INR 14407,14407,healthcare,cash,,,source_english
home loan EMI me 4318 rupees ka EMI bhar diya NIYO se pay kar diya icici card se,4318,emi,upi,niyo,icici,hinglish_natural
1917 rs. doctor fi se zyada ho gaya,1917,healthcare,upi,fi,,hinglish_natural
4295 ₹ Lenskart via Cred,4295,shopping,upi,cred,,hinglish_natural
Bajaj Finance EMI 18498 rupay credit card se,18498,emi,card,,hdfc,hinglish_natural
SpiceJet 20 rupees card se ICICI se kata,20,travel,card,,icici,hinglish_natural
Amit 45452 NIYO Successful IndusInd 5482,45452,friends,upi,niyo,indusind,ocr_upi
today i spent 480 on Amazon via paytm,480,shopping,upi,paytm,,voice_transcript
aaj Vedantu pe 239 rupaye kharcha hua Phone Pe se,239,education,upi,phonepe,,voice_transcript
3743 rupaye game liya PVR ko PhonePe se pay kya,3743,entertainment,upi,phonepe,hdfc,hinglish_natural
98 ka Ajio bill pay kiya CRED se,98,shopping,upi,cred,,voice_transcript
26734 rupaiye kha liya food court ko paytm se pay kar diya,26734,food,upi,paytm,,hinglish_natural
UPI/47030648/BIKE LOAN EMI/BANK,27756,emi,card,,,english_natural
453 yaar,453,friends,upi,phonepe,fi,english_natural
library se fees bhar diya 140 ka credit card se HDFC Bank account se,140,education,card,,hdfc,hinglish_natural
rent maintenance gas connection R 215 PhonePe,215,utilities,upi,phonepe,hdfc,cue_row
society maintenance se bill bhra 4257 rs. ka PayTM se,35065,utilities,upi,paytm,,source_hinglish
₹17560 paid to credit card EMI via Google Pay from NIYO,17560,emi,upi,gpay,niyo,english_natural
Used Jupiter cred to pay Rs14685 for FreshMenu,14685,food,upi,cred,jupiter,english_natural
college fees ka course liya 2330 rs card se pay kia,2330,education,card,,,hinglish_natural
4142 rupees Ananya card,4142,friends,card,,,voice_transcript
UPI/90936238/SBI LOAN/BANK,196,emi,card,,,english_natural
Spent Rs 15049.72 on JioCinema using Visa,15049.72,entertainment,card,,,english_natural
Paid Rs4165.72 for Spotify from my HDFC account via jupiter,4165.72,entertainment,upi,jupiter,hdfc,english_natural
Used hdfc credit card to pay Rs.1656 for Kuvera,1656,investment,card,,hdfc,english_natural
aaj 13460 rupaye doctor card se pay kr diya,13460,healthcare,card,,,hinglish_natural
i did 234 expense on Ajio using card,234,shopping,card,,,voice_transcript
Just paid ₹423 to hospital through GPay,423,healthcare,upi,gpay,canara,english_natural
12645 rupaiye tuition diye school fees pe card se,12645,education,card,,,hinglish_natural
abhi CCD me 15911 ₹ ka kha liya haath se de diye matlab,10758,food,cash,,,source_hinglish
bhai 2478 rupees concert PayTM se pay kiya,2478,entertainment,upi,paytm,,hinglish_natural
amazon flipkart myntra online shopping order INR 6500 CRED,6500,shopping,upi,cred,,cue_row
rent se recharge kya 1729 ₹ ka card se pay kar diya IndusInd card se,1729,utilities,card,,indusind,hinglish_natural
Spent Rs 47465.39 on mall using Mastercard,47465.39,shopping,card,,jupiter,english_natural
Paid Tata CLiQ Rs.3845.74 using Mastercard,3845.74,shopping,card,,,english_natural
netflix spotify hotstar subscription movie show 3498 card,3498,entertainment,card,,,cue_row
HDFC loan 7300 paytm Completed hdfc 7436,7300,emi,upi,paytm,hdfc,ocr_upi
MakeMyTrip INR 41063.47 Gpay,41063.47,travel,upi,gpay,pnb,ocr_upi
lab test me 4638 ₹ ka doctor ko de diya via slice hdfc card se,4638,healthcare,upi,slice,hdfc,hinglish_natural
Bought clinic for 370.40 with PayTM,370.40,healthcare,upi,paytm,hdfc,english_natural
"CLINIC RESTAURANT
Total 3177
Cash Received
Change 0.00",3177,healthcare,cash,,,ocr_receipt
dentist ₹303.20 GPay,303.20,healthcare,upi,gpay,hdfc,ocr_upi
GPay payment R 2636 Amazon Prime IDFC First 2972 done,2636,entertainment,upi,gpay,idfc,ocr_upi
subah mess me 38762 rupay ka khana khya UPI se,38762,food,upi,gpay,jupiter,hinglish_natural
crypto gold bonds NPS portfolio 3842 G Pay,3842,investment,upi,gpay,bob,cue_row
i did 237 expense on gold using Phone Pe,237,investment,upi,phonepe,,voice_transcript
Rapido ka kiraya diy 43732 UPI se,43732,travel,upi,paytm,hdfc,hinglish_natural
"JIOCINEMA RESTAURANT
Total 40461
Cash Received
Change 0.00",40461,entertainment,upi,phonepe,,ocr_receipt
i paid 1989 rupees for Flipkart using Niyo,1989,shopping,upi,niyo,,voice_transcript
419 EMI kat gayi education loan EMI pe card se pay kya budget tod diya,419,emi,card,,,hinglish_natural
electronics store se khareed lya 18258 ka PhonePe se pay kar diya,18258,shopping,upi,phonepe,,hinglish_natural
PVR 428.68,428.68,entertainment,cash,,,english_natural
abhi 1101 ₹ H&M naqad,1101,shopping,cash,,,hinglish_natural
paid back friend lent money ₹1332 Gpay,1332,friends,upi,gpay,sbi,cue_row
"Netmeds BILL
St: Rs.94
CARD APPROVED",94,healthcare,card,,,ocr_receipt
"Ajio
Net Amount 2105
Paid via gpay",2105,shopping,upi,gpay,bob,ocr_receipt
₹1290 paid to SonyLIV via PayTM UPI from idfc Bank ending 5830,1290,entertainment,upi,paytm,idfc,ocr_upi
"Groww 4748 Completed 19Mar 2026,10:17 pm ICICI Bank 2902 UPI transaction ID 287914881341",4748,investment,upi,phonepe,icici,ocr_upi
bhai DishTV ka 274 rupaye slice se de diya,274,utilities,upi,slice,hdfc,voice_transcript
"TAX INVOICE
Airtel recharge
Grand Total: Rs.241
Payment: niyo",241,utilities,upi,niyo,,ocr_receipt
"Receipt #5045
Airtel recharge
Amount Paid: Rs.47479
Mode: CARD",47479,utilities,card,,,ocr_receipt
paid 139 to Nature's Basket through PayTM from IDFC First,139,food,upi,paytm,idfc,voice_transcript
crypto gold bonds NPS portfolio ₹45153 phonepe,45153,investment,upi,phonepe,,cue_row
16695 rupay payment kia Jio recharge ko niyo se pay kiya Jupiter se,16695,utilities,upi,niyo,jupiter,hinglish_natural
abhi Lenskart se khareed lya 40043 rupaye ka UPI se pay kia HDFC Bank wale account se,40043,shopping,upi,jupiter,hdfc,hinglish_natural
Rapido 437 Gpay pe,437,travel,upi,gpay,hdfc,hinglish_natural
office se aate hue crypto ka SIP bharaa 165 debit card se bhai,165,investment,card,,,hinglish_natural
42184 ₹ Nykaa card se,42184,shopping,card,,hdfc,hinglish_natural
bike loan EMI 32234.87,32234.87,emi,upi,slice,niyo,english_natural
Paid R 83.91 for HDFC loan via debit card,83.91,emi,card,,,english_natural
Myntra 40250.16,40250.16,shopping,upi,phonepe,hdfc,english_natural
college fees Rs1589 BHIM,1589,education,upi,bhim,yes bank,ocr_upi
i paid 2136 rupees for NPS using NIYO,2136,investment,upi,niyo,,voice_transcript
paid yaar 2834 via jupiter,2834,friends,upi,jupiter,,friends_synthetic
144 paid to Neha via Google Pay UPI from ICICI Bank ending 7521,144,friends,upi,gpay,icici,ocr_upi
kal eye checkup se doctor ko diye 526 rupay ka cash me,526,healthcare,cash,,,hinglish_natural
Myntra me 836 ka khareed liyaa card se,836,shopping,card,,,hinglish_natural
spent 368 rupees on JioCinema via Phonepe,368,entertainment,upi,phonepe,hdfc,voice_transcript
bhai Unacademy ka books lia 4231 ₹ naqad,34386,education,cash,,,source_hinglish
Kuvera pe 40504 ₹ ka invest kr diya credit card se,40504,investment,card,,,hinglish_natural
paid 12917 to Vedantu through jupiter from Canara,12917,education,upi,jupiter,canara,voice_transcript
Udemy se course liyaa 1615 rupay ka debit card se,1615,education,card,,sbi,hinglish_natural
paid 34944 to Tata CLiQ through GPay from SLICE,34944,shopping,upi,gpay,slice,voice_transcript
Amit me 518 rs. ka split kar diya G Pay pe sasta tha,518,friends,upi,gpay,bandhan,hinglish_natural
McDonald's me 462 ₹ ka khana order kiya card se,462,food,card,,sbi,hinglish_natural
society maintenance 492 slice,492,utilities,upi,slice,hdfc,english_natural
Air India ka cab le liya 45497 rupay card se pay kiyaa,45497,travel,card,,,hinglish_natural
20030 ka electronics store bill pay kiya card se,20030,shopping,card,,,voice_transcript
gaming 4789 debit card se,4789,entertainment,card,,,hinglish_natural
kal INOX 29629 rupees credit card se,29629,entertainment,card,,,hinglish_natural
broadband 434 debited from Axis Bank,434,utilities,cash,,axis,english_natural
Paid books ₹44355 using cash from Yes Bank,44355,education,cash,,yes bank,english_natural
201 ka doctor bill pay kiya card se Fi Money se kata,201,healthcare,card,,fi,voice_transcript
uber ola cab ride airport train ticket 4136 cash,4136,travel,cash,,,cue_row
ACT Fibernet INR 2795 card,2795,utilities,card,,,english_natural
"gaming
Net Amount 2006
Paid via gpay",2006,entertainment,upi,gpay,,ocr_receipt
"D BAJAJFINANCEEMI 54 Completed 19Feb 2026,11:28 pm hdfc Bank 4648 UPI transaction ID 34095863546 TO:BAJAJFINANCEEMI bajaj finance emi.86736@hdfcbank Soogletransaction lD CICAgJjg662429 OPI Bhim",54,emi,upi,bhim,hdfc,ocr_upi
Just paid 490.93 to Pizza Hut through NIYO,490.93,food,upi,niyo,,english_natural
Pooja se transfer kya 65 rupees ka haath se diyee,65,friends,cash,,axis,hinglish_natural
bhai tuition ka 407 rupaye NIYO se de diya,407,education,upi,niyo,,voice_transcript
raat ko Bewakoof se khareed le liya 4288 rs. ka card se pay kiyaa,4288,shopping,card,,,hinglish_natural
1586 ka mall bill pay kiya cash se Niyo se kata,1586,shopping,cash,,niyo,voice_transcript
concert 1061 phonepe Completed hdfc 1073,1061,entertainment,upi,phonepe,hdfc,ocr_upi
Spent ₹1607 on Spotify using Phonepe,1607,entertainment,upi,phonepe,,english_natural
home loan EMI me 464 rupay ka installment de diya via Paytm Kotak Mahindra se kata,464,emi,upi,paytm,kotak,hinglish_natural
Bought auto for INR 4827 with credit card,4827,travel,card,,sbi,english_natural
Ola Rs.3121.77 cash,3121.77,travel,cash,,,english_natural
aaj bike loan EMI ka installment diye 192 rupaiye UPI se die,192,emi,upi,gpay,,hinglish_natural
aaj car loan EMI me 26280 ₹ ka loan payment kiya credit card se,26280,emi,card,,,hinglish_natural
Groww ka invest kar diya 155 rupaiye UPI se,155,investment,upi,cred,niyo,hinglish_natural
Paid ₹424 for crypto via slice,424,investment,upi,slice,,english_natural
Neha se paise bheje 49007 rupaiye ka card se pay kiya,49007,friends,card,,,hinglish_natural
3760 to flatmate Phonepe UPI,3760,friends,upi,phonepe,,friends_synthetic
i paid 2676 rupees for Angel One using paytm,2676,investment,upi,paytm,,voice_transcript
spent 3016 rupees on Zepto via cash,3016,food,cash,,niyo,voice_transcript
Vedantu 217 HDFC Bank,217,education,card,,hdfc,english_natural
226 rupaye Netflix debit card se,226,entertainment,card,,,hinglish_natural
₹7493 debited from your ICICI account for diagnostic (jupiter UPI),7493,healthcare,upi,jupiter,icici,ocr_upi
water bill ka bill pay kia 1269 UPI se diye,38381,utilities,upi,paytm,,source_hinglish
"TAX INVOICE
lab test
Grand Total: 3521
Payment: Cred",3521,healthcare,upi,cred,sbi,ocr_receipt
Payment of 275 to Meesho was successful via Phone Pe UPI Ref No 01925186470 HDFC Account 6384,275,shopping,upi,phonepe,hdfc,ocr_upi
"Receipt #5687
eye checkup
Amount Paid: 4743
Mode: CASH",4743,healthcare,cash,,,ocr_receipt
BYJU'S ₹2671 debited from hdfc,2671,education,card,,hdfc,english_natural
dinner split 460 rupaye bro PayTM,460,friends,upi,paytm,sbi,friends_synthetic
dopahar ko Unacademy ka admission kiya 35778 debit card se,35778,education,card,,,hinglish_natural
maine 4799 rupaye education loan EMI ko diye card se,4799,emi,card,,,voice_transcript
Netflix 38689 rupay Gpay pe,38689,entertainment,upi,gpay,,hinglish_natural
rent maintenance gas connection Rs3612 card,3612,utilities,card,,icici,cue_row
rent maintenance gas connection 33451 gpay,33451,utilities,upi,gpay,kotak,cue_row
education loan EMI 14202 rupees UPI se diy,14202,emi,upi,phonepe,,hinglish_natural
45477 rupees library card se,45477,education,card,,hdfc,hinglish_natural
Paid Rs.161 for Lenskart from my Fi account via GPay,161,shopping,upi,gpay,fi,english_natural
121 ₹ SIP card se pay kiyaa,121,investment,card,,,hinglish_natural
breakfast snacks chai coffee 448 card,448,food,card,,,cue_row
food court se food order kya 2509 ka Phonepe se pay kiyaa,2509,food,upi,phonepe,yes bank,hinglish_natural
abhi credit card EMI ka installment die 2488 rs credit card se,2488,emi,card,,,hinglish_natural
concert mein 403 lag gaye card se bhara,403,entertainment,card,,icici,voice_transcript
"Receipt #1687
clinic
Amount Paid: ₹4251.80
Mode: PhonePe",4251.80,healthcare,upi,phonepe,union bank,ocr_receipt
dopahar ko 130 rs. movie dekhi PVR pe UPI se die,130,entertainment,upi,paytm,sbi,hinglish_natural
KFC ?16523.93 Phone Pe,16523.93,food,upi,phonepe,icici,ocr_upi
"restaurant BILL
St: ?277
CASH Approved",277,food,cash,,,ocr_receipt
444 ka Vi recharge bill pay kiya card se Fi se kata,444,utilities,card,,fi,voice_transcript
"D GROWW 114 Completed 27Apr 2026,10:09 pm hdfc Bank 6243 UPI transaction ID 2959160399 TO:GROWW groww.81888@hdfcbank Goog1etransaction lD CICAgJjg215257 OPI jupiter",114,investment,upi,jupiter,hdfc,ocr_upi
Bharat Petroleum me 205 rupay ka ticket book kiya cash me,205,travel,cash,,,hinglish_natural
6592 ka yaar bill pay kiya Gpay se hdfc se kata,6592,friends,upi,gpay,hdfc,voice_transcript
clinic payment Rs.3966 done via cash,3966,healthcare,cash,,icici,english_natural
2371 Priya,2371,friends,upi,jupiter,axis,english_natural
PPF contribution INR 18507,18507,investment,card,,,source_english
dinner split 5494 rupaye Divya paytm,5494,friends,upi,paytm,,friends_synthetic
DMart 466 rupees card se pay kr diya HDFC wale account se,466,food,card,,hdfc,hinglish_natural
raat ko 32616 credit card EMI credit card se,32616,emi,card,,sbi,hinglish_natural
Amazon Prime ka 2722 rupees ka bill card se pay kiya,2722,entertainment,card,,fi,voice_transcript
Rs.431.64 paid to Bajaj Finance EMI via jupiter UPI from Punjab National Bank Bank ending 2920,431.64,emi,upi,jupiter,pnb,ocr_upi
aaj Flipkart ka saman liyaa 18450 ₹ PhonePe se,13532,shopping,upi,phonepe,,source_hinglish
Used Jupiter niyo to pay Rs326 for Zerodha,326,investment,upi,niyo,jupiter,english_natural
Indian Oil se ride lia 4279 rs. ka Paytm pe budget tod diya,4279,travel,upi,paytm,,hinglish_natural
medical checkup lab test health insurance ?10407 cash,10407,healthcare,cash,,,cue_row
Paid canteen Rs.685 using cash,685,food,cash,,,english_natural
sent Rs23523 to Priya on CRED,23523,friends,upi,cred,,friends_synthetic
"DIAGNOSTIC RESTAURANT
Total 55
Cash Received
Change 0.00",55,healthcare,card,,,ocr_receipt
school college tuition course books fees 478 PhonePe,478,education,upi,phonepe,,cue_row
"Unacademy 222.03 Completed 13Jul 2025,6:18 am RBL 8382 UPI transaction ID 021140915581673",222.03,education,upi,fi,rbl,ocr_upi
379 ka Zerodha bill pay kiya PhonePe se,379,investment,upi,phonepe,,voice_transcript
bhai mein 837 lag gaye cash se bhara,837,friends,cash,,,voice_transcript
"rickshaw 165 Completed 14Oct 2026,7:39 am Axis 1548 UPI transaction ID 83331679266403",165,travel,upi,gpay,axis,ocr_upi
Just paid ₹156 to Biryani Blues through Visa,156,food,card,,hdfc,english_natural
bhai MedPlus ka 388 rupaye card se de diya,388,healthcare,card,,,voice_transcript
12600 rupaiye course lya upGrad pe UPI se,12600,education,upi,gpay,,hinglish_natural
369 rupaiye books lia books ko card se,369,education,card,,,hinglish_natural
paid 1347 to upGrad through card from HDFC Bank,1347,education,card,,hdfc,voice_transcript
home loan EMI 33959 HDFC Bank,33959,emi,card,,hdfc,english_natural
today i spent 6930 on Practo via card,6930,healthcare,card,,,voice_transcript
3661 rs. kiraya de diye metro pe naqad,3661,travel,cash,,,hinglish_natural
exam fee t404 debited from PNB,404,education,card,,pnb,english_natural
hospital doctor pharmacy medicine diagnostic Rs.1187 card,1187,healthcare,card,,,cue_row
doctor me 815 rupay ka medicine lya haath se de diya,815,healthcare,cash,,,hinglish_natural
Behrouz 4750 HDFC Bank,4750,food,card,,hdfc,english_natural
raat ko 15248 1mg UPI se,15248,healthcare,upi,slice,hdfc,hinglish_natural
electronics clothes shoes accessories purchase INR 487 via card,487,shopping,card,,,cue_row
SpiceJet Rs.135.51 cred,135.51,travel,upi,cred,icici,ocr_upi
Rs 392 to Neha cash UPI,392,friends,cash,,,friends_synthetic
diagnostic pe 406 rupay ka doctor ko de diya credit card se,406,healthcare,card,,,hinglish_natural
Just paid ?369 to Subway through debit card,369,food,card,,,english_natural
aaj 38949 rs cab lya MakeMyTrip ko debit card se,38949,travel,card,,,hinglish_natural
i paid 253 rupees for stocks using slice,253,investment,upi,slice,,voice_transcript
440 rs. dawai le liya Lenskart pe haath se de diya,440,healthcare,cash,,,hinglish_natural
Payment of INR 81 to MedPlus was successful via PayTM UPI Ref No 792787678236084 icici Account 8693,81,healthcare,upi,paytm,icici,ocr_upi
"SONYLIV RESTAURANT
Total 9848
Cash Received
Change 0.00",9848,entertainment,upi,paytm,icici,ocr_receipt
NEFT/TRANSFER/YATRA/,427.16,travel,card,,,english_natural
bike loan EMI mein 3794 lag gaye card se bhara,3794,emi,card,,,voice_transcript
Bought Netmeds for Rs228 with Visa,228,healthcare,card,,fi,english_natural
i did 118 expense on Bajaj Finance EMI using card,118,emi,card,,,voice_transcript
Payment of t473.67 to Tata Play was successful via gpay UPI Ref No 1275199936958 HDFC Bank Account 3591,473.67,utilities,upi,gpay,hdfc,ocr_upi
SLICE payment 3040 market sbi 3145 completed,3040,shopping,upi,slice,sbi,ocr_upi
SIP me 3946 rupay ka stock lia SLICE pe,3946,investment,upi,slice,,hinglish_natural
₹446 to FreshMenu via cash,446,food,cash,,,english_natural
aaj SonyLIV pe 49537 rupaye kharcha hua paytm se,49537,entertainment,upi,paytm,,voice_transcript
Spent ?43321 on market using credit card,43321,shopping,card,,sbi,english_natural
ACT Fibernet me 234 rupaye ka payment kr diya UPI se diyee,234,utilities,upi,bhim,,hinglish_natural
home loan car loan credit card EMI monthly t1951 autopay card,1951,emi,card,,,cue_row
4908 ₹ Neha PayTM pe,4908,friends,upi,paytm,,hinglish_natural
SBI loan 265 rs. debit card se,265,emi,card,,,hinglish_natural
Kuvera 198 rs. Bhim se,198,investment,upi,bhim,,hinglish_natural
TO:UPGRAD upgrad.94009@sbibank From:AMITSINGH (sbi cred : user6803@oksbibank,17117.73,education,upi,cred,sbi,ocr_upi
Bewakoof me 140 rupaiye ka buy kr diya credit card se,140,shopping,card,,,hinglish_natural
37966 rupay EMI bharaa education loan EMI pe UPI se Jupiter card se bohot mehenga,37966,emi,upi,slice,jupiter,hinglish_natural
home loan EMI se loan payment kr diya 4180 rupaiye ka debit card se,4180,emi,card,,sbi,hinglish_natural
"TAX INVOICE
clinic
Grand Total: 31426
Payment: CARD",31426,healthcare,card,,,ocr_receipt
Lenskart ka dawai le liya 4367 rupaiye card se,4367,healthcare,card,,,hinglish_natural
2114.76 charged for EaseMyTrip on cash,2114.76,travel,cash,,,english_natural
Cafe coffee INR 28393,28393,food,cash,,,source_english
FirstCry 2074 card se,2074,shopping,card,,jupiter,hinglish_natural
PVR ₹453 cash,453,entertainment,cash,,,english_natural
dopahar ko 9687 car loan EMI Cred se,9687,emi,upi,cred,,hinglish_natural
bhai Box8 ka 370 rupaye Jupiter se de diya,370,food,upi,jupiter,,voice_transcript
3879 rupees bill bhara broadband ko Phonepe pe achha deal mila,3879,utilities,upi,phonepe,,hinglish_natural
Coin se invest kia 33188 rs. ka Cred se,33188,investment,upi,cred,,hinglish_natural
split bill 2571 cash se dost ko diya,2571,friends,cash,,,friends_synthetic
i paid 3932 rupees for personal loan EMI using card,3932,emi,card,,hdfc,voice_transcript
yaar ko 3876 transfer kiya cash se,3876,friends,cash,,,friends_synthetic
Goibibo ka cab lia 648 ₹ cash diye,648,travel,cash,,,hinglish_natural
SonyLIV mein 485 lag gaye card se bhara,485,entertainment,card,,fi,voice_transcript
147 rs invest kar diya Paytm Money ko UPI se,147,investment,upi,paytm,,hinglish_natural
Paid ₹95 for Amazon from my HDFC Bank account via PhonePe,95,shopping,upi,phonepe,hdfc,english_natural
Paytm payment 23875.66 stocks ICICI Bank 8151 completed,23875.66,investment,upi,paytm,icici,ocr_upi
Pharmacy medicine purchase INR 39473,39473,healthcare,upi,gpay,,source_english
Pooja mein 276 lag gaye card se bhara,276,friends,card,,,voice_transcript
grocery vegetables milk bread fruits t309 paid BHIM,309,food,upi,bhim,,cue_row
dost friend ko 437 rupaye gpay se bheje,437,friends,upi,gpay,,friends_synthetic
electricity water broadband mobile recharge bill Rs.81 GPay,81,utilities,upi,gpay,,cue_row
paid 12943 to Amit through CRED,12943,friends,upi,cred,,voice_transcript
yaar 2463 ₹ fees bhra Unacademy ko credit card se,2463,education,card,,hdfc,hinglish_natural
Vi recharge se recharge kiya 2209 rs ka via Cred,2209,utilities,upi,cred,,hinglish_natural
diagnostic se checkup karaya 1014 ka gpay se pay kar diya yaar,1014,healthcare,upi,gpay,,hinglish_natural
3509 rupaye IndiGo card se pay kya bhai,3509,travel,card,,,hinglish_natural
sent Rs.770 to friend on Niyo split bill UPI,770,friends,upi,niyo,,cue_row
yaar CCD se mangwaya 2466 ka Cred pe,2466,food,upi,cred,axis,hinglish_natural
kal Barbeque Nation me 4264 rupaye ka kha liya UPI se pay kiya,4264,food,upi,slice,icici,hinglish_natural
PVR ka subscription renew kiyaa 4143 rupay UPI se,4143,entertainment,upi,paytm,,hinglish_natural
"Receipt #3221
BookMyShow
Amount Paid: ₹1517.77
Mode: fi",1517.77,entertainment,upi,fi,,ocr_receipt
"eye checkup
Net Amount 1362
Paid via CARD",1362,healthcare,card,,,ocr_receipt
2951 test karaya Practo pe card se,2951,healthcare,card,,,hinglish_natural
"Receipt #3719
PVR
Amount Paid: Rs38867.94
Mode: Gpay",38867.94,entertainment,upi,gpay,axis,ocr_receipt
303.38 paid to MedPlus via phonepe UPI from HDFC Bank ending 5049,303.38,healthcare,upi,phonepe,hdfc,ocr_upi
Flipkart ka order kar diya 3342 ₹ UPI se,3342,shopping,upi,paytm,,hinglish_natural
aaj Bewakoof pe 3166 rupaye kharcha hua card se,3166,shopping,card,,,voice_transcript
4114 ₹ buy kr diya Ajio pe card se pay kia,4114,shopping,card,,,hinglish_natural
Payment of Rs4855 to Rahul was successful via slice UPI Ref No 9502641872 IDFC First Account 2045,4855,friends,upi,slice,idfc,ocr_upi
HDFC loan payment INR 170.13 done via phonepe,170.13,emi,upi,phonepe,,english_natural
36765 ₹ rent UPI se pay kr diya,36765,utilities,upi,cred,,hinglish_natural
personal loan installment EMI deduction Rs.2025 card,2025,emi,card,,,cue_row
Rs15207 debited from your HDFC account for Amazon (phonepe UPI),15207,shopping,upi,phonepe,hdfc,ocr_upi
aaj 422 rs Angel One card se pay kar diya,422,investment,card,,sbi,hinglish_natural
R 13889.03 to Flipkart via GPay SLICE account,13889.03,shopping,upi,gpay,slice,english_natural
Payment of Rs.49069 to Lenskart was successful via PhonePe UPI Ref No 83962577416 State Bank Account 8258,49069,shopping,upi,phonepe,sbi,ocr_upi
Bought MedPlus for t4758 with paytm,4758,healthcare,upi,paytm,union bank,english_natural
404 rs. PPF credit card se,404,investment,card,,icici,hinglish_natural
"D ROHAN 18022 Completed 15Feb 2026,6:18 pm HDFC Bank 5941 UPI transaction ID 625974015171 TO:ROHAN rohan.48818@hdfcbank Goog1etransaction lD CICAgJjg628251 OPI Bhim",18022,friends,upi,bhim,hdfc,ocr_upi
crypto gold bonds NPS portfolio Rs24069 bhim,24069,investment,upi,bhim,,cue_row
Paid t3324 to car loan EMI cred UPI SBI 3792 Successful,3324,emi,upi,cred,sbi,ocr_upi
Online shopping payment INR 21769,21769,shopping,card,,icici,source_english
Paid JioCinema 9577 using slice,9577,entertainment,upi,slice,,english_natural
ET Money 27459.27 jupiter Payment done PNB 3274,27459.27,investment,upi,jupiter,pnb,ocr_upi
paid 904 to SBI loan through PhonePe,904,emi,upi,phonepe,,voice_transcript
bhai Zee5 ka 35979 rupaye fi se de diya,35979,entertainment,upi,fi,,voice_transcript
4082 ka Cleartrip bill pay kiya cash se,4082,travel,cash,,,voice_transcript
netflix spotify hotstar subscription movie show Rs310 G Pay,310,entertainment,upi,gpay,,cue_row
Paid ₹64.43 to broadband Phone Pe UPI State Bank 5485 Done,64.43,utilities,upi,phonepe,sbi,ocr_upi
Paid BYJU'S ₹2380 using BHIM,2380,education,upi,bhim,,english_natural
flatmate rent share 11322 cred Ananya,11322,friends,upi,cred,,friends_synthetic
crypto gold bonds NPS portfolio 18064 phonepe,18064,investment,upi,phonepe,,cue_row
₹3743 paid to Zara via SLICE UPI from hdfc Bank ending 4299,3743,shopping,upi,slice,hdfc,ocr_upi
987 rupaiye metro card se,16771,travel,card,,axis,source_hinglish
paid bro INR 4777 via paytm,4777,friends,upi,paytm,axis,friends_synthetic
i paid 4616 rupees for EatFit using Jupiter,4616,food,upi,jupiter,,voice_transcript
dopahar ko 48099 SpiceJet haath se diy,48099,travel,cash,,,hinglish_natural
15609 rupees JioCinema card Fi account,15609,entertainment,card,,fi,voice_transcript
Rs6956.04 debited from your idfc account for Myntra (Fi Money UPI),6956.04,shopping,upi,fi,idfc,ocr_upi
flatmate rent share 687 Google Pay colleague,687,friends,upi,gpay,hdfc,friends_synthetic
dopahar ko Dominos me 3176 rupees ka khana order kar diya via cred budget tod diya,3176,food,upi,cred,,hinglish_natural
Bought HP Petrol for 260 with cash,260,travel,cash,,,english_natural
"SUBWAY
Item 1 Rs.94
Item 2 ₹489
Total ₹34327.83
CASH",34327.83,food,cash,,,ocr_receipt
Bought Practo for Rs11237.93 with card,11237.93,healthcare,card,,,english_natural
25814 ka Vedantu bill pay kiya card se Fi Money se kata,25814,education,card,,fi,voice_transcript
roommate Rs234 cred,234,friends,upi,cred,icici,ocr_upi
EaseMyTrip Rs 3292.09 G Pay,3292.09,travel,upi,gpay,icici,ocr_upi
Paid Dunkin Rs.247.92 using cash,247.92,food,cash,,,english_natural
dentist 44829.24 SLICE Successful PNB 7020,44829.24,healthcare,upi,slice,pnb,ocr_upi
Gpay payment t22176 Dunkin Bank of Baroda 4166 completed,22176,food,upi,gpay,bob,ocr_upi
"Ajio BILL
St: 1498.91
CARD Approved",1498.91,shopping,card,,,ocr_receipt
TO:PRACTO practo.39324@hdfcbank From:RAHULKUMAR (hdfc CRED : user1003@okhdfcbank,1123,healthcare,upi,cred,hdfc,ocr_upi
bhai RedBus me 13255 rupaye ka ticket book kia haath se diye HDFC se kata,13255,travel,cash,,hdfc,hinglish_natural
194 education loan EMI,194,emi,upi,gpay,hdfc,english_natural
dost 335 rupay via paytm,335,friends,upi,paytm,,hinglish_natural
split bill 411 SLICE se Vikram ko diya,411,friends,upi,slice,bob,friends_synthetic
bhai bhai ko udhar return kiya 69 rs PhonePe se,69,friends,upi,phonepe,axis,friends_synthetic
exam fee pe 41053 rupay ka admission kar diya paytm se pay kar diya,41053,education,upi,paytm,,hinglish_natural
dost yaar ko 262 rupaye cash se bheje,262,friends,cash,,,friends_synthetic
Coursera ka course le liya 45764 rupaye G Pay pe,45764,education,upi,gpay,,hinglish_natural
"INOX RESTAURANT
Total 1070
Cash Received
Change 0.00",1070,entertainment,upi,gpay,,ocr_receipt
spent 3824 rupees on Arjun via card,3824,friends,card,,,voice_transcript
i paid 295 rupees for FD using Jupiter,295,investment,upi,jupiter,fi,voice_transcript
BookMyShow Rs1169.22 Cred,1169.22,entertainment,upi,cred,hdfc,ocr_upi
Amazon se khareed lia 418 rupay ka UPI se,418,shopping,upi,gpay,,hinglish_natural
83 rupaiye restaurant via Cred,83,food,upi,cred,,hinglish_natural
533 rupees Starbucks Google Pay,533,food,upi,gpay,,voice_transcript
bhai Divya ko udhar return kiya 324 rs bhim se,324,friends,upi,bhim,,friends_synthetic
Rs 940.23 debited from your HDFC Bank account for HP Petrol (G Pay UPI),940.23,travel,upi,gpay,hdfc,ocr_upi
bhai 2161 Bhim Payment done idfc 8330,2161,friends,upi,bhim,idfc,ocr_upi
Pooja ko 22618 transfer kiya GPay se,22618,friends,upi,gpay,,friends_synthetic
40290 rupay diagnostic UPI se,40290,healthcare,upi,jupiter,,hinglish_natural
i paid 1340 rupees for doctor using card,1340,healthcare,card,,fi,voice_transcript
Practo 3551 ₹ UPI se pay kar diya,3551,healthcare,upi,cred,,hinglish_natural
dost colleague ko 1302 rupaye Jupiter se bheje,1302,friends,upi,jupiter,,friends_synthetic
Used Union Bank Google Pay to pay Rs.4025.40 for dost,4025.40,friends,upi,gpay,union bank,english_natural
Gas bill payment INR 5366,5366,utilities,upi,gpay,,source_english
SBI loan se EMI bhra 32448 ₹ ka UPI se,32448,emi,upi,gpay,sbi,hinglish_natural
aaj BSNL pe 38188 rupaye kharcha hua Phonepe se,38188,utilities,upi,phonepe,,voice_transcript
diagnostic 84 rs via Paytm Axis wale account se,13118,healthcare,upi,paytm,axis,source_hinglish
"BILL
rent
Rs.25247
CARD
Thank You Visit Again",25247,utilities,card,,,ocr_receipt
diagnostic 33709 rupay card se pay kia,33709,healthcare,card,,sbi,hinglish_natural
paid bhai ₹4813 via cred,4813,friends,upi,cred,sbi,friends_synthetic
"PharmEasy
Net Amount 193
Paid via Gpay",193,healthcare,upi,gpay,,ocr_receipt
Groww ka mutual fund kiyaa 4429 card se,4429,investment,card,,,hinglish_natural
Bought Pooja for ₹340 with PayTM,340,friends,upi,paytm,,english_natural
NEFT/TRANSFER/HOTSTAR/,125,entertainment,card,,,english_natural
yaar home loan EMI 579 rupaye credit card se,579,emi,card,,slice,hinglish_natural
medical checkup lab test health insurance ₹321 card,321,healthcare,card,,,cue_row
dopahar ko 3333 ₹ dost Cred se,3333,friends,upi,cred,niyo,hinglish_natural
Ananya ₹731.38 SLICE,731.38,friends,upi,slice,hdfc,ocr_upi
car loan EMI 39700 rs UPI se de diye,39700,emi,upi,phonepe,,hinglish_natural
Paid 10591 to BookMyShow fi UPI SBI 9844 Successful,10591,entertainment,upi,fi,sbi,ocr_upi
flatmate rent share 4787 Phone Pe Amit,4787,friends,upi,phonepe,,friends_synthetic
yaar 4431 canteen cash diye,4431,food,cash,,,hinglish_natural
i paid 151 rupees for Bewakoof using card,151,shopping,card,,axis,voice_transcript
tuition pe 133 ka admission kr diya naqad,133,education,cash,,,hinglish_natural
HDFC loan me 13590 rupaye ka loan payment kar diya card se pay kiyaa,13590,emi,card,,hdfc,hinglish_natural
education loan EMI me 2336 ₹ ka EMI bharaa debit card se,2336,emi,card,,,hinglish_natural
dinner split 3130 rupaye roommate GPay,3130,friends,upi,gpay,,friends_synthetic
TO:AMAZON amazon.38202@statebankbank From:AMITSINGH (State Bank bhim : user4992@okstatebankbank,99,shopping,upi,bhim,sbi,ocr_upi
"BILL
PVR
4032
CASH
Thank You Visit Again",4032,entertainment,cash,,hdfc,ocr_receipt
Hotstar 19699.48 cash,19699.48,entertainment,cash,,axis,english_natural
i did 429 expense on yaar using Paytm,429,friends,upi,paytm,,voice_transcript
dost Neha ko 19422 rupaye Google Pay se bheje,19422,friends,upi,gpay,,friends_synthetic
dost ?441 debited from BOB,441,friends,upi,gpay,bob,english_natural
raat ko 22072 ₹ Vi recharge gpay se,22072,utilities,upi,gpay,,hinglish_natural
Hospital bill INR 39512,39512,healthcare,upi,paytm,,source_english
kal 1975 rupaiye concert UPI se,1975,entertainment,upi,paytm,,hinglish_natural
Blinkit 4798 rs cash de diya,4798,food,cash,,,hinglish_natural
subah 2992 rupees bill pay kr diya Airtel recharge pe naqad,2992,utilities,cash,,,hinglish_natural
yaar 23406 rupees mangwaya restaurant ko card se,23406,food,card,,hdfc,hinglish_natural
Angel One 4418 rupay UPI se diyee,36205,investment,upi,fi,,source_hinglish
₹491 debited from your ICICI account for Netmeds (Gpay UPI),491,healthcare,upi,gpay,icici,ocr_upi
paid back friend lent money ₹47486 card,47486,friends,card,,,cue_row
mutual fund SIP stocks PPF FD investment Rs.42878 card,42878,investment,card,,,cue_row
i did 37224 expense on books using card,37224,education,card,,,voice_transcript
9368 ka Vikram bill pay kiya Paytm se,9368,friends,upi,paytm,,voice_transcript
Bharat Petroleum ka 370 rupees ka bill card se pay kiya,370,travel,card,,jupiter,voice_transcript
"Receipt #3459
Box8
Amount Paid: ₹6134
Mode: CASH",6134,food,cash,,,ocr_receipt
1707 to Dominos via gpay,1707,food,upi,gpay,,english_natural
eye checkup se test karaya 97 rupay ka UPI se zyada ho gaya,97,healthcare,upi,slice,jupiter,hinglish_natural
Just paid t1561 to Nature's Basket through card,1561,food,card,,pnb,english_natural
Google Pay payment 837 McDonald's RBL Bank 3197 completed,837,food,upi,gpay,rbl,ocr_upi
Unacademy 98.42 cred,98.42,education,upi,cred,,english_natural
split bill 3442 cash se bro ko diya,3442,friends,cash,,sbi,friends_synthetic
BYJU'S 3282 rupees Phone Pe se,42660,education,upi,phonepe,axis,source_hinglish
Payment of Rs 3084 to doctor was successful via Niyo UPI Ref No 30169452967243 sbi Account 2769,3084,healthcare,upi,niyo,sbi,ocr_upi
personal loan installment EMI deduction Rs.3568 card,3568,emi,card,,,cue_row
"gaming BILL
St: Rs.4004
cred approved",4004,entertainment,upi,cred,sbi,ocr_receipt
raat ko 450 rs mangwaya Chai Point pe G Pay pe,450,food,upi,gpay,,hinglish_natural
"JioCinema BILL
St: 48817.64
Paytm Approved",48817.64,entertainment,upi,paytm,,ocr_receipt
breakfast snacks chai coffee 354 card,354,food,card,,sbi,cue_row
"TAX INVOICE
Amazon
Grand Total: Rs.300
Payment: CARD",300,shopping,card,,,ocr_receipt
TO:UDEMY udemy.17885@axisbank From:PRIYASHARMA (Axis gpay : sender9569@okaxisbank,35799,education,upi,gpay,axis,ocr_upi
Rs 716 to Ananya phonepe UPI,716,friends,upi,phonepe,,friends_synthetic
Nature's Basket 43767 rupaiye Google Pay se,43767,food,upi,gpay,,hinglish_natural
Bought Groww for Rs4722 with Bhim,4722,investment,upi,bhim,,english_natural
Paid Divya ?35762 using jupiter,35762,friends,upi,jupiter,,english_natural
abhi 10238 rupees INOX cash me,10238,entertainment,cash,,canara,hinglish_natural
PhonePe payment ₹405 BSNL Kotak Mahindra 2649 done,405,utilities,upi,phonepe,kotak,ocr_upi
1250 rs. mall PhonePe se matlab,1250,shopping,upi,phonepe,pnb,hinglish_natural
maine 355 rupaye FirstCry ko diye card se,355,shopping,card,,,voice_transcript
abhi gold ka SIP bharra 2193 rupees UPI se Axis se kata budget tod diya,2193,investment,upi,paytm,axis,hinglish_natural
"AIRTEL RECHARGE RESTAURANT
Total 14136.76
Cash Received
Change 0.00",14136.76,utilities,upi,paytm,,ocr_receipt
school college tuition course books fees Rs 2115 G Pay,2115,education,upi,gpay,,cue_row
Paid 21155 for market from my SLICE account via debit card,21155,shopping,card,,slice,english_natural
Stock purchase INR 30164,30164,investment,upi,gpay,,source_english
Paid Rs.1206 for Apollo Pharmacy from my icici account via PhonePe,1206,healthcare,upi,phonepe,icici,english_natural
409.94 paid to home loan EMI via G Pay from HDFC Bank,409.94,emi,upi,gpay,hdfc,english_natural
grocery vegetables milk bread fruits 4108 paid Paytm,4108,food,upi,paytm,sbi,cue_row
insurance premium se bill bharra 302 rupees ka Slice se pay kiyaa ICICI Bank se kata,302,utilities,upi,slice,icici,hinglish_natural
Amazon 3865.14 gpay Payment done Bank of Baroda 4482,3865.14,shopping,upi,gpay,bob,ocr_upi
Paid ?47065 for Practo from my jupiter account via Mastercard,47065,healthcare,card,,jupiter,english_natural
"Receipt #6828
cafe
Amount Paid: 4054
Mode: Cred",4054,food,upi,cred,,ocr_receipt
35117 rupaiye upGrad card se pay kiya,35117,education,card,,,hinglish_natural
Mutual fund SIP INR 21494,21494,investment,upi,cred,,source_english
Spent INR 2636.04 on H&M using paytm,2636.04,shopping,upi,paytm,,english_natural
"gaming BILL
St: ₹229
phonepe APPROVED",229,entertainment,upi,phonepe,,ocr_receipt
crypto gold bonds NPS portfolio Rs14717 Fi,14717,investment,upi,fi,,cue_row
2140 rs. Tata CLiQ cash die,2140,shopping,cash,,,hinglish_natural
water bill ka recharge kiya 5696 rupees card se pay kiya State Bank se,5696,utilities,card,,sbi,hinglish_natural
Payment of INR 4230 to credit card EMI was successful via phonepe UPI Ref No 70580791065106 Canara Account 4393,4230,emi,upi,phonepe,canara,ocr_upi
ghar jaate waqt books se books lia 11834 rs ka Niyo pe hdfc wale account se,11834,education,upi,niyo,hdfc,hinglish_natural
1604 rs. Dunkin credit card se,1604,food,card,,sbi,hinglish_natural
"TAX INVOICE
Nykaa
Grand Total: R 8391
Payment: phonepe",8391,shopping,upi,phonepe,hdfc,ocr_receipt
Bought PVR for Rs 4244.64 with Slice,4244.64,entertainment,upi,slice,,english_natural
dinner split 22083 rupaye friend phonepe,22083,friends,upi,phonepe,,friends_synthetic
netflix spotify hotstar subscription movie show Rs.22169 Phone Pe,22169,entertainment,upi,phonepe,,cue_row
canteen mein 61 lag gaye cash se bhara,61,food,cash,,,voice_transcript
Air India se petrol bhara 3401 rupees ka UPI se pay kr diya,3401,travel,upi,phonepe,fi,hinglish_natural
subah bike loan EMI 262 rs. phonepe se,262,emi,upi,phonepe,,hinglish_natural
Paid Bajaj Finance EMI INR 405.25 using credit card,405.25,emi,card,,,english_natural
UPI/83025913/SBI LOAN/BANK,27959,emi,upi,jupiter,,english_natural
4678 rs Amazon debit card se,35591,shopping,card,,,source_hinglish
Paid Rs.3963 to dhaba CRED UPI PNB 1133 Completed,3963,food,upi,cred,pnb,ocr_upi
t716 paid to hospital via Paytm UPI from State Bank Bank ending 4657,716,healthcare,upi,paytm,sbi,ocr_upi
school fees se books liyaa 834 rs ka UPI se,834,education,upi,bhim,,hinglish_natural
4731 rs course lia school fees pe card se pay kar diya SBI account se matlab,4731,education,card,,sbi,hinglish_natural
45376 CCD,45376,food,upi,phonepe,axis,english_natural
aaj 3605 rs. EatFit debit card se,3605,food,card,,slice,hinglish_natural
57 rupay Apollo Pharmacy UPI se diyee sasta tha,29515,healthcare,upi,phonepe,,source_hinglish
maine 21 rupaye Ajio ko diye card se,21,shopping,card,,jupiter,voice_transcript
"BSNL
Item 1 Rs 366
Item 2 Rs.377
Total Rs 3332.62
Gpay",3332.62,utilities,upi,gpay,,ocr_receipt
subah dost ka paise bheje 249 rupaye paytm pe,249,friends,upi,paytm,slice,hinglish_natural
sent ₹3082 to Shreya on card,3082,friends,card,,,friends_synthetic
Angel One payment Rs348.28 done via Google Pay,348.28,investment,upi,gpay,,english_natural
aaj 1200 movie dekhi Netflix ko cash me bhai,41242,entertainment,cash,,,source_hinglish
Just paid 3816 to Shreya through SLICE,3816,friends,upi,slice,,english_natural
"water bill BILL
St: ₹377
BHIM Approved",377,utilities,upi,bhim,,ocr_receipt
dopahar ko Shreya 1330 rupaye UPI se,1330,friends,upi,phonepe,,hinglish_natural
paid 96 to Coursera through cred,96,education,upi,cred,,voice_transcript
Paid Netmeds INR 1109 using paytm from Fi,1109,healthcare,upi,paytm,fi,english_natural
coaching exam preparation study material Rs 4036 Cred,4036,education,upi,cred,,cue_row
R 30859.97 paid to Angel One via Cred UPI from sbi Bank ending 4805,30859.97,investment,upi,cred,sbi,ocr_upi
Payment of Rs 92 to Jio recharge was successful via Cred UPI Ref No 826829508149 State Bank Account 6154,92,utilities,upi,cred,sbi,ocr_upi
INR 1420 debited from your State Bank account for Udemy (G Pay UPI),1420,education,upi,gpay,sbi,ocr_upi
1650.83 to upGrad via cash,1650.83,education,cash,,,english_natural
1mg pe 241 rupees ka medicine liya UPI se diye,1,healthcare,upi,gpay,,hinglish_natural
33875 doctor ko diye eye checkup pe debit card se YES BANK se,33875,healthcare,card,,yes bank,hinglish_natural
personal loan installment EMI deduction INR 565 card,565,emi,card,,,cue_row
bhai SIP ka 44264 rupaye Gpay se de diya,44264,investment,upi,gpay,,voice_transcript
raat ko 362 Netflix UPI se diyee,362,entertainment,upi,gpay,,hinglish_natural
doctor ka checkup karaya 3811 rupaye credit card se,3811,healthcare,card,,,hinglish_natural
66 rs EMI bharra home loan EMI pe card se pay kia,66,emi,card,,,hinglish_natural
Groww 952 rupees via Gpay,952,investment,upi,gpay,,hinglish_natural
credit card EMI me 88 ₹ ka EMI kat gayi card se pay kr diya,88,emi,card,,,hinglish_natural
"BILL
Hotstar
306.81
CARD
Thank You Visit Again",306.81,entertainment,card,,pnb,ocr_receipt
Hotel booking INR 10757,10757,travel,card,,,source_english
sent ₹310 to friend on Google Pay split bill UPI,310,friends,upi,gpay,axis,cue_row
dinner split 163 rupaye friend Phonepe,163,friends,upi,phonepe,sbi,friends_synthetic
UPI/89132906/ROOMMATE/BANK,2739,friends,upi,bhim,,english_natural
bhai 15625 ₹ Yatra via Phonepe,15625,travel,upi,phonepe,hdfc,hinglish_natural
Zee5 payment Rs.1414 done via PhonePe,1414,entertainment,upi,phonepe,slice,english_natural
Coursera 14436.14 debited from NIYO,14436.14,education,card,,niyo,english_natural
gold 241 Bhim,241,investment,upi,bhim,union bank,ocr_upi
Used sbi Google Pay to pay 33060 for diagnostic,33060,healthcare,upi,gpay,sbi,english_natural
UPI/73363610/APOLLO PHARMACY/BANK,370,healthcare,cash,,,english_natural
mobile recharge ₹2031 Jupiter,2031,utilities,upi,jupiter,kotak,ocr_upi
ghar jaate waqt mobile recharge 46780 rs. UPI se hdfc account se,46780,utilities,upi,slice,hdfc,hinglish_natural
DOST INR 36793,36793,friends,cash,,,english_natural
Snapdeal ka buy kar diya 53 rs debit card se,53,shopping,card,,,hinglish_natural
3689 rupees MakeMyTrip card,3689,travel,card,,,voice_transcript
Rs492 to restaurant via Google Pay,492,food,upi,gpay,,english_natural
aaj electricity bill pe 4659 rupaye kharcha hua phonepe se,4659,utilities,upi,phonepe,,voice_transcript
Groww 945 debited from HDFC,945,investment,card,,hdfc,english_natural
Lenskart mein 1359 lag gaye niyo se bhara,1359,healthcare,upi,niyo,,voice_transcript
paid back friend lent money ₹427 paytm,427,friends,upi,paytm,,cue_row
NPS me 342 rupees ka SIP bhar diya GPay se pay kiya SBI card se,342,investment,upi,gpay,sbi,hinglish_natural
paid 4499 to MedPlus through gpay from Kotak,4499,healthcare,upi,gpay,kotak,voice_transcript
"bro 35.47 Completed 8Jan 2025,3:43 am IndusInd 5161 UPI transaction ID 364456630906",35.47,friends,upi,paytm,indusind,ocr_upi
Netflix ka movie dekhi 199 rupaye credit card se Jupiter card se,199,entertainment,card,,jupiter,hinglish_natural
friend 181.60 GPay Completed icici 6535,181.60,friends,upi,gpay,icici,ocr_upi
387 rupees Ola PayTM,387,travel,upi,paytm,,voice_transcript
dopahar ko BYJU'S ka tuition die 36 rupaiye card se pay kar diya yaar,36,education,card,,,hinglish_natural
yaar Lenskart se dawai lia 48356 rupaiye ka cash diyee,48356,healthcare,cash,,,hinglish_natural
broadband 483 rs. UPI se pay kr diya,26745,utilities,upi,gpay,,source_hinglish
coaching 19959 rupay card se,43497,education,card,,,source_hinglish
Rs.3298.63 paid to market via G Pay from Slice,3298.63,shopping,upi,gpay,slice,english_natural
Paid ₹4763 for rickshaw from my SLICE account via Mastercard,4763,travel,card,,slice,english_natural
personal loan EMI Rs 19121.08 phonepe,19121.08,emi,upi,phonepe,hdfc,ocr_upi
i did 30298 expense on ET Money using Phonepe,30298,investment,upi,phonepe,,voice_transcript
bhai Apple Music ka 37338 rupaye card se de diya,37338,entertainment,card,,,voice_transcript
Online shopping payment INR 46189,46189,shopping,upi,paytm,icici,source_english
Paid auto R 62 using PhonePe,62,travel,upi,phonepe,,english_natural
flatmate rent share 1513 phonepe dost,1513,friends,upi,phonepe,,friends_synthetic
BYJU'S ka tuition de diya 2242 card se pay kia zyada ho gaya,2242,education,card,,,hinglish_natural
Doctor consultation INR 14903,14903,healthcare,cash,,bandhan,source_english
POS/GAANA/GOOGLE PAY/5532,2648.70,entertainment,upi,gpay,idfc,english_natural
1037 rupees cab lia Uber ko Paytm pe Slice wale account se,1037,travel,upi,paytm,slice,hinglish_natural
"DENTIST RESTAURANT
Total 5591
Cash Received
Change 0.00",5591,healthcare,card,,,ocr_receipt
aaj Amit 3912 rupay UPI se,3912,friends,upi,slice,,hinglish_natural
cred payment ₹34185 Lenskart sbi 7332 done,34185,shopping,upi,cred,sbi,ocr_upi
dinner split 2803 rupaye friend paytm,2803,friends,upi,paytm,,friends_synthetic
SIP pe 800 ka SIP bharaa Bhim pe,800,investment,upi,bhim,sbi,hinglish_natural
canteen ₹743.38 cash,743.38,food,cash,,,english_natural
dinner split 829 rupaye Arjun gpay,829,friends,upi,gpay,,friends_synthetic
Payment of INR 487 to upGrad was successful via Gpay UPI Ref No 7812883793985 HDFC Bank Account 1496,487,education,upi,gpay,hdfc,ocr_upi
SpiceJet 5163 rupees cash diye NIYO se kata,5163,travel,cash,,niyo,hinglish_natural
FD ka SIP bharra 3929 rupaiye Gpay se HDFC Bank se,3929,investment,upi,gpay,hdfc,hinglish_natural
flatmate rent share 3294 cash friend,3294,friends,cash,,,friends_synthetic
"D POOJA 318 Completed 2Mar 2026,11:00 pm ICICI Bank Bank 5844 UPI transaction ID 9851685052 TO:POOJA pooja.84974@icici bankbank Soogletransaction lD XYZabc107372 OPI PhonePe",318,friends,upi,phonepe,icici,ocr_upi
Ola cab INR 24520,24520,travel,cash,,,source_english
i did 53 expense on diagnostic using cash,53,healthcare,cash,,sbi,voice_transcript
"education loan EMI 3198.30 Completed 23Feb 2025,4:41 am Axis Bank 3273 UPI transaction ID 42289951824",3198.30,emi,upi,niyo,axis,ocr_upi
dinner split 10573 rupaye Karan slice,10573,friends,upi,slice,,friends_synthetic
2674 course liya upGrad pe card se pay kia,39805,education,card,,,source_hinglish
aaj dentist pe 262 rupaye kharcha hua card se,262,healthcare,card,,,voice_transcript
"TAX INVOICE
Tata Play
Grand Total: 2469
Payment: phonepe",2469,utilities,upi,phonepe,,ocr_receipt
Lunch at hotel INR 36960,36960,food,card,,union bank,source_english
Biryani Blues payment R 1262 done via cash,1262,food,cash,,,english_natural
459 rs. installment de diye HDFC loan pe credit card se,459,emi,card,,,hinglish_natural
aaj 9170 rupaiye SonyLIV card se,9170,entertainment,card,,hdfc,hinglish_natural
coaching exam preparation study material Rs.3351 card,3351,education,card,,hdfc,cue_row
sent Rs.4402 to friend on Google Pay split bill UPI,4402,friends,upi,gpay,,cue_row
medical checkup lab test health insurance 453 card,453,healthcare,card,,,cue_row
paid 4731 to Angel One through card from State Bank,4731,investment,card,,sbi,voice_transcript
exam fee ka books lya 1421 rupees via phonepe Niyo account se,1421,education,upi,phonepe,niyo,hinglish_natural
Ajio t3863.30 gpay,3863.30,shopping,upi,gpay,,english_natural
aaj diagnostic pe 1985 rupaiye ka dawai le liya debit card se Kotak Mahindra se,1985,healthcare,card,,kotak,hinglish_natural
sent Rs.4006 to friend on PhonePe,4006,friends,upi,phonepe,,friends_synthetic
488.90 books,488.90,education,upi,jupiter,,english_natural
kal 1mg 31864 cash die bc,1,healthcare,cash,,,hinglish_natural
kal 47678 rs installment diyee car loan EMI pe UPI se,47678,emi,upi,bhim,,hinglish_natural
JioCinema ka ticket le liya 253 ₹ card se pay kiyaa,253,entertainment,card,,,hinglish_natural
TO:UDEMY udemy.62794@sbibank From:AMITSINGH (sbi paytm : user9192@oksbibank,18870,education,upi,paytm,sbi,ocr_upi
Coin ka mutual fund kr diya 146 rs PhonePe pe,146,investment,upi,phonepe,,hinglish_natural
215 rs Nature's Basket naqad,215,food,cash,,,hinglish_natural
bhai Amit pe 96 ₹ ka paise bheje Google Pay pe bhai,96,friends,upi,gpay,,hinglish_natural
ACT Fibernet pe 2528 ka payment kiya UPI se die,2528,utilities,upi,gpay,,hinglish_natural
college fees ka fees bharra 341 rs debit card se Punjab National Bank wale account se,341,education,card,,pnb,hinglish_natural
society maintenance 1739 credit card se achha deal mila,1739,utilities,card,,,hinglish_natural
bhai Goibibo ka 147 rupaye Slice se de diya,147,travel,upi,slice,sbi,voice_transcript
5845 ₹ Meesho credit card se,4771,shopping,card,,,source_hinglish
IRCTC 80.18 GPay Payment done kotak 5306,80.18,travel,upi,gpay,kotak,ocr_upi
i paid 319 rupees for Arjun using Google Pay,319,friends,upi,gpay,sbi,voice_transcript
Apple Music 2488.23 CRED Successful HDFC Bank 1950,2488.23,entertainment,upi,cred,hdfc,ocr_upi
"BookMyShow BILL
St: ₹4064.46
CARD Approved",4064.46,entertainment,card,,,ocr_receipt
Electronics shopping INR 6159,6159,shopping,card,,,source_english
dinner split 259 rupaye Karan card,259,friends,card,,,friends_synthetic
maine 241 rupaye FD ko diye paytm se,241,investment,upi,paytm,,voice_transcript
"Box8
Net Amount 1303
Paid via bhim",1303,food,upi,bhim,,ocr_receipt
SLICE payment 45407 dentist ICICI Bank 5043 done,45407,healthcare,upi,slice,icici,ocr_upi
TO:RICKSHAW rickshaw.26418@statebankbank From:AMITSINGH (State Bank paytm : sender5066@okstatebankbank,145,travel,upi,paytm,sbi,ocr_upi
sent money to Ananya INR 116 on jupiter,116,friends,upi,jupiter,,friends_synthetic
paid Priya Rs21525 via G Pay,21525,friends,upi,gpay,,friends_synthetic
yaar 1201 rupay Practo UPI se,1201,healthcare,upi,bhim,slice,hinglish_natural
paid Rahul 293 via cash,293,friends,cash,,,friends_synthetic
487 rupees mobile recharge debit card se,487,utilities,card,,,hinglish_natural
1915 Box8,1915,food,upi,gpay,,english_natural
maine 442 rupaye JioMart ko diye phonepe se,442,food,upi,phonepe,,voice_transcript
yaar 37419 rupaye khana order kar diya restaurant ko cash me,37419,food,cash,,,hinglish_natural
H&M me 3912 rupaye ka buy kiya credit card se,3912,shopping,card,,,hinglish_natural
Udemy ka course lya 4443 rs debit card se,22317,education,card,,,source_hinglish
personal loan installment EMI deduction ₹320 PhonePe,320,emi,upi,phonepe,,cue_row
Rs 271.89 to PharmEasy via Visa,271.89,healthcare,card,,,english_natural
Paid ACT Fibernet t35475 using phonepe,35475,utilities,upi,phonepe,,english_natural
₹98 to car loan EMI via Mastercard slice account,98,emi,card,,slice,english_natural
Practo me 75 rupay ka test karaya debit card se,75,healthcare,card,,,hinglish_natural
personal loan installment EMI deduction ₹3421 PhonePe,3421,emi,upi,phonepe,union bank,cue_row
ET Money ₹883 Gpay,883,investment,upi,gpay,kotak,ocr_upi
Coursera se books le liya 2889 rupees ka credit card se,46137,education,card,,hdfc,source_hinglish
Paid t639.25 for college fees via cash,639.25,education,cash,,jupiter,english_natural
paid 1627 to Meesho through card,1627,shopping,card,,,voice_transcript
phonepe payment INR 43878.68 Airtel recharge ICICI 6129 done,43878.68,utilities,upi,phonepe,icici,ocr_upi
Rs 2937 paid to Unacademy via GPay UPI from IDFC Bank ending 1814,2937,education,upi,gpay,idfc,ocr_upi
"D EDUCATIONLOANEMI 26.00 Completed 13Apr 2026,6:13 pm HDFC Bank 5118 UPI transaction ID 1557310520898 TO:EDUCATIONLOANEMI education loan emi.35499@hdfcbank Soogletransaction lD XYZabc095079 OPI Paytm",26.00,emi,upi,paytm,hdfc,ocr_upi
10638 rupaye rickshaw cash die,10638,travel,cash,,,hinglish_natural
1287 rupay mobile recharge via G Pay,1287,utilities,upi,gpay,fi,hinglish_natural
BYJU'S pe 11206 ₹ ka fees bhar diya UPI se pay kiyaa jupiter se,11206,education,upi,phonepe,jupiter,hinglish_natural
flatmate rent share 358 G Pay Amit,358,friends,upi,gpay,canara,friends_synthetic
"Ajio
Net Amount 4403
Paid via CARD",4403,shopping,card,,axis,ocr_receipt
611 rupees test karaya 1mg ko bhim pe Federal Bank wale account se,611,healthcare,upi,bhim,federal bank,hinglish_natural
"BILL
H&M
Rs.564.34
Cred
Thank You Visit Again",564.34,shopping,upi,cred,,ocr_receipt
"D TATAPLAY 727 Completed 5Mar 2026,7:38 pm State Bank Bank 4385 UPI transaction ID 2876197681 TO:TATAPLAY tata play.38998@state bankbank Goog1etransaction lD CICAgJjg208740 OPI cred",727,utilities,upi,cred,sbi,ocr_upi
POS/APOLLO PHARMACY/CASH/3630,3443.75,healthcare,cash,,hdfc,english_natural
Bought KFC for Rs.3280.90 with cash,3280.90,food,cash,,slice,english_natural
"AMAZON
Item 1 ?379
Item 2 433
Total R 7844
CARD",7844,shopping,card,,,ocr_receipt
hospital doctor pharmacy medicine diagnostic ₹2953 card,2953,healthcare,card,,,cue_row
ATM/CASH/BANK/49823.33,49823.33,emi,upi,gpay,,english_natural
Netmeds ka checkup karaya 14986 UPI se,14986,healthcare,upi,phonepe,sbi,hinglish_natural
NEFT/TRANSFER/HOTSTAR/SLICE,21109,entertainment,card,,slice,english_natural
93 rupaiye mangwaya Nature's Basket ko via G Pay,93,food,upi,gpay,,hinglish_natural
Spent Rs 4202 on Snapdeal using Visa,4202,shopping,card,,,english_natural
Rs.479.90 to Air India via Mastercard,479.90,travel,card,,,english_natural
spent 150 rupees on bike loan EMI via card,150,emi,card,,,voice_transcript
amazon flipkart myntra online shopping order ₹725 card,725,shopping,card,,,cue_row
"TAX INVOICE
INOX
Grand Total: 4175
Payment: CARD",4175,entertainment,card,,,ocr_receipt
amazon flipkart myntra online shopping order Rs4995 Phone Pe,4995,shopping,upi,phonepe,,cue_row
14991 rupees Practo Bhim,14991,healthcare,upi,bhim,,voice_transcript
Behrouz mein 2153 lag gaye cash se bhara,2153,food,cash,,,voice_transcript
paid 43235 to Airtel recharge through CRED from hdfc,43235,utilities,upi,cred,hdfc,voice_transcript
t33091.37 to BookMyShow via bhim axis account,33091.37,entertainment,upi,bhim,axis,english_natural
"BILL
hospital
3868.70
CASH
Thank You Visit Again",3868.70,healthcare,cash,,,ocr_receipt
aaj rickshaw ka kiraya diye 358 rupaye debit card se State Bank card se,358,travel,card,,sbi,hinglish_natural
today i spent 4534 on Gaana via cash,4534,entertainment,cash,,,voice_transcript
Jio recharge ₹244 jupiter,244,utilities,upi,jupiter,hdfc,ocr_upi
crypto gold bonds NPS portfolio INR 2576 SLICE,2576,investment,upi,slice,,cue_row
dinner split 1397 rupaye Arjun cash,1397,friends,cash,,,friends_synthetic
INOX 135 rupay debit card se,135,entertainment,card,,,hinglish_natural
Water bill INR 25603,25603,utilities,upi,phonepe,,source_english
today i spent 4347 on Kuvera via gpay,4347,investment,upi,gpay,,voice_transcript
Just paid ₹192 to education loan EMI through debit card,192,emi,card,,,english_natural
personal loan EMI 44614.15,44614.15,emi,upi,paytm,,english_natural
Bought Yatra for Rs.217 with cash,217,travel,cash,,,english_natural
415 rupaye roommate credit card se,415,friends,card,,kotak,hinglish_natural
₹41071.60 charged for HP Petrol on cash,41071.60,travel,cash,,,english_natural
dinner split 499 rupaye friend CRED,499,friends,upi,cred,icici,friends_synthetic
Zerodha se SIP bharaa 3744 rs. ka UPI se State Bank se,3744,investment,upi,bhim,sbi,hinglish_natural
split bill 4815 phonepe se Ananya ko diya,4815,friends,upi,phonepe,hdfc,friends_synthetic
coaching exam preparation study material ₹28305 card,28305,education,card,,,cue_row
"TAX INVOICE
Lenskart
Grand Total: Rs44147.79
Payment: CARD",44147.79,shopping,card,,pnb,ocr_receipt
61 rupaiye EMI bhar diya HDFC loan ko BHIM se sbi card se,61,emi,upi,bhim,sbi,hinglish_natural
Just paid 304 to Flipkart through gpay,304,shopping,upi,gpay,,english_natural
hospital doctor pharmacy medicine diagnostic ₹1049 card,1049,healthcare,card,,kotak,cue_row
Pooja ko 4176 transfer kiya Jupiter se,4176,friends,upi,jupiter,,friends_synthetic
Paid 42020 for Shreya via GPay,42020,friends,upi,gpay,sbi,english_natural
Medical test charges INR 38809,38809,healthcare,upi,paytm,,source_english
phonepe payment R 4307.29 ACT Fibernet axis 7298 done,4307.29,utilities,upi,phonepe,axis,ocr_upi
t323 to flatmate PayTM UPI,323,friends,upi,paytm,,friends_synthetic
Dunkin pe 31412 rupay ka mangwaya UPI se pay kya State Bank card se bc,31412,food,upi,gpay,sbi,hinglish_natural
Ajio 72 credit card,72,shopping,card,,,english_natural
Used ICICI Bank Phonepe to pay ₹231.40 for Cleartrip,231.40,travel,upi,phonepe,icici,english_natural
UPI/37091953/UBER/NIYO,18055,travel,card,,niyo,english_natural
abhi 211 ₹ invest kiyaa mutual fund ko UPI se pay kya,211,investment,upi,niyo,,hinglish_natural
"personal loan EMI 25439 Completed 26Jul 2026,7:20 am axis 3848 UPI transaction ID 797109002810",25439,emi,upi,paytm,axis,ocr_upi
lab test 463 Jupiter Completed HDFC 4702,463,healthcare,upi,jupiter,hdfc,ocr_upi
PhonePe payment Rs.31269.10 HDFC loan HDFC Bank 6262 successful,31269.10,emi,upi,phonepe,hdfc,ocr_upi
maine 4828 rupaye Coursera ko diye card se,4828,education,card,,,voice_transcript
aaj Practo pe 3112 rupaye kharcha hua cash se,3112,healthcare,cash,,,voice_transcript
914 to Amit gpay UPI,914,friends,upi,gpay,,friends_synthetic
Just paid Rs.99.20 to mobile recharge through G Pay,99.20,utilities,upi,gpay,,english_natural
Rs.7731 debited from your hdfc account for PharmEasy (paytm UPI),7731,healthcare,upi,paytm,hdfc,ocr_upi
"YOUTUBE PREMIUM RESTAURANT
Total 1685.89
Cash Received
Change 0.00",1685.89,entertainment,card,,icici,ocr_receipt
exam fee 40665 Google Pay,40665,education,upi,gpay,fi,english_natural
497 rupay car loan EMI credit card se,497,emi,card,,,hinglish_natural
bike loan EMI 283 rupaiye credit card se bohot mehenga,283,emi,card,,sbi,hinglish_natural
Hospital bill INR 14764,14764,healthcare,card,,axis,source_english
₹4915.56 charged for Kuvera on PayTM,4915.56,investment,upi,paytm,,english_natural
breakfast snacks chai coffee Rs314 PhonePe,314,food,upi,phonepe,,cue_row
Paid Jio recharge Rs.2449.49 using Mastercard,2449.49,utilities,card,,,english_natural
"EYE CHECKUP
Item 1 ₹348
Item 2 ₹274
Total Rs.2135
CARD",2135,healthcare,card,,,ocr_receipt
Just paid 15293.66 to PVR through Slice,15293.66,entertainment,upi,slice,idfc,english_natural
Just paid t319 to mess through PhonePe,319,food,upi,phonepe,,english_natural
abhi 1557 rupaiye bike loan EMI credit card se yaar,1557,emi,card,,,hinglish_natural
Amazon Prime se game liya 15353 rs. ka cash diye HDFC se,15353,entertainment,cash,,hdfc,hinglish_natural
rent maintenance gas connection Rs15966 Phonepe,15966,utilities,upi,phonepe,,cue_row
i did 4165 expense on Pooja using Slice,4165,friends,upi,slice,hdfc,voice_transcript
Spent ₹20556 on Uber using Cred,20556,travel,upi,cred,hdfc,english_natural
amazon flipkart myntra online shopping order Rs 491 card,491,shopping,card,,,cue_row
subah personal loan EMI se loan payment kar diya 42314 rupaye ka credit card se budget tod diya,42314,emi,card,,,hinglish_natural
15001 rs. khareed le liya mall ko naqad,15001,shopping,cash,,,hinglish_natural
"LENSKART
Item 1 R 120
Item 2 105
Total Rs.28994
CARD",28994,shopping,card,,bandhan,ocr_receipt
dinner split 15506 rupaye Ananya Gpay,15506,friends,upi,gpay,,friends_synthetic
maine 384 rupaye electronics store ko diye Gpay se,384,shopping,upi,gpay,,voice_transcript
415 rs diagnostic cash me,415,healthcare,cash,,hdfc,hinglish_natural
Bought car loan EMI for ₹23800 with Jupiter,23800,emi,upi,jupiter,union bank,english_natural
Payment of 4027 to car loan EMI was successful via gpay UPI Ref No 195960276934779 SBI Account 6174,4027,emi,upi,gpay,sbi,ocr_upi
flatmate se transfer kya 16359 rupaiye ka card se,16359,friends,card,,,hinglish_natural
Paid EatFit 27066.34 using Niyo from HDFC Bank,27066.34,food,upi,niyo,hdfc,english_natural
INR 41053.45 paid to FreshMenu via bhim UPI from HDFC Bank Bank ending 3823,41053.45,food,upi,bhim,hdfc,ocr_upi
Paid 47080 to insurance premium Phonepe UPI HDFC 2164 Completed,47080,utilities,upi,phonepe,hdfc,ocr_upi
food court 742 gpay,742,food,upi,gpay,axis,ocr_upi
society maintenance 4368 rupaye UPI se pay kia,4368,utilities,upi,gpay,,hinglish_natural
split bill 18425 Fi Money se Divya ko diya,18425,friends,upi,fi,,friends_synthetic
dopahar ko HDFC loan se installment die 4928 ₹ ka card se,22156,emi,card,,,source_hinglish
Gaana 3734 ₹ BHIM se bc,3734,entertainment,upi,bhim,,hinglish_natural
Bought diagnostic for ₹22599 with cash,22599,healthcare,cash,,,english_natural
today i spent 11890 on stocks via card,11890,investment,card,,,voice_transcript
Bought HDFC loan for INR 471 with phonepe,471,emi,upi,phonepe,hdfc,english_natural
electricity water broadband mobile recharge bill ?847 GPay,847,utilities,upi,gpay,icici,cue_row
bhai exam fee ka 46422 rupaye card se de diya,46422,education,card,,,voice_transcript
roommate 227 rupay credit card se,227,friends,card,,,hinglish_natural
broadband 3998 rs. Paytm pe HDFC Bank account se,3998,utilities,upi,paytm,hdfc,hinglish_natural
crypto gold bonds NPS portfolio INR 471 Slice,471,investment,upi,slice,,cue_row
yaar ko 5446 transfer kiya Phonepe se,5446,friends,upi,phonepe,,friends_synthetic
44888 ka insurance premium bill pay kiya Slice se,44888,utilities,upi,slice,,voice_transcript
restaurant mein 132 lag gaye G Pay se bhara,132,food,upi,gpay,,voice_transcript
Used Indusind Bank cred to pay Rs.11662 for Kuvera,11662,investment,upi,cred,indusind,english_natural
Google Pay payment 416 eye checkup State Bank 4964 successful,416,healthcare,upi,gpay,sbi,ocr_upi
295 ₹ bike loan EMI card se pay kr diya,295,emi,card,,,hinglish_natural
1304 rupaye transfer kya Vikram ko GPay se,1304,friends,upi,gpay,axis,hinglish_natural
mutual fund SIP stocks PPF FD investment Rs 25342 Niyo,25342,investment,upi,niyo,,cue_row
Tata CLiQ ka khareed lya 392 rupaye phonepe pe,392,shopping,upi,phonepe,axis,hinglish_natural
Coursera pe 293 rs. ka books liya Phonepe se,293,education,upi,phonepe,,hinglish_natural
26998 rupees library cred,26998,education,upi,cred,,voice_transcript
abhi 31430 rupaiye broadband debit card se,31430,utilities,card,,,hinglish_natural
₹4033 debited from your ICICI Bank account for Meesho (Paytm UPI),4033,shopping,upi,paytm,icici,ocr_upi
paid Priya ₹436 via cash,436,friends,cash,,,friends_synthetic
Credit card EMI INR 16906,16906,emi,card,,,source_english
flatmate rent share 150 cash Karan,150,friends,cash,,,friends_synthetic
151 ka Barbeque Nation bill pay kiya cash se sbi se kata,151,food,cash,,sbi,voice_transcript
44672 rupaye stock lya Groww pe debit card se Fi Money card se,44672,investment,card,,fi,hinglish_natural
Uber INR 2922.35 debited from RBL,2922.35,travel,upi,gpay,rbl,english_natural
spent 354 rupees on ACT Fibernet via bhim,354,utilities,upi,bhim,icici,voice_transcript
Just paid 4543 to Arjun through cash,4543,friends,cash,,,english_natural
Vedantu ka course liya 433 ₹ UPI se pay kiya,433,education,upi,phonepe,,hinglish_natural
credit card EMI se loan payment kiya 38773 ₹ ka debit card se,38773,emi,card,,,hinglish_natural
Airtel recharge 177,177,utilities,upi,paytm,kotak,english_natural
Airtel recharge ₹27093.60 GPay,27093.60,utilities,upi,gpay,axis,ocr_upi
sent ₹4599 to friend on slice split bill UPI,4599,friends,upi,slice,,cue_row
496 rupaiye checkup karaya eye checkup ko card se pay kar diya,496,healthcare,card,,,hinglish_natural
flight booking travel ticket 1882 card,1882,travel,card,,,cue_row
Bought 1mg for Rs.2165 with cash,2165,healthcare,cash,,,english_natural
Coursera 23010 rupay credit card se Union Bank account se,23010,education,card,,union bank,hinglish_natural
629 Rapido UPI se de diya,629,travel,upi,slice,hdfc,hinglish_natural
Tata CLiQ ka order kiyaa 769 rs. credit card se,769,shopping,card,,,hinglish_natural
sent Rs.2881 to colleague on cash,2881,friends,cash,,,friends_synthetic
Snapdeal ka khareed lia 38458 rs card se pay kiyaa,38458,shopping,card,,,hinglish_natural
mall me 4701 ₹ ka shopping kr diya credit card se Punjab National Bank se,4701,shopping,card,,pnb,hinglish_natural
i did 3056 expense on Flipkart using card,3056,shopping,card,,,voice_transcript
2124 rupaiye Nature's Basket NIYO se pay kya,2124,food,upi,niyo,,hinglish_natural
mutual fund 4503 CRED,4503,investment,upi,cred,icici,english_natural
bhai Priya 479 rupaiye paytm se pay kya,479,friends,upi,paytm,,hinglish_natural
raat ko 4423 rupay payment kya electricity bill pe card se pay kr diya,4423,utilities,card,,,hinglish_natural
flatmate rent share 975 Cred Rohan,975,friends,upi,cred,,friends_synthetic
Bharat Petroleum pe 492 rupaye ka petrol bharra haath se de diya,492,travel,cash,,sbi,hinglish_natural
aaj Hotstar pe 713 rupaye kharcha hua PhonePe se,713,entertainment,upi,phonepe,,voice_transcript
201 GPay Groww,201,investment,upi,gpay,niyo,english_natural
Movie ticket booking INR 16148,16148,entertainment,card,,,source_english
today i spent 129 on Netmeds via card from my sbi bank,129,healthcare,card,,sbi,voice_transcript
Rs21999 to Spotify via PayTM,21999,entertainment,upi,paytm,,english_natural
"JioMart BILL
St: Rs 4650
Phonepe Approved",4650,food,upi,phonepe,,ocr_receipt
i did 23646 expense on Bewakoof using card,23646,shopping,card,,,voice_transcript
JioMart ka kha liya 3446 ₹ UPI se diy axis card se,3446,food,upi,fi,axis,hinglish_natural
sent money to Rohan Rs161 on paytm,161,friends,upi,paytm,,friends_synthetic
paid roommate Rs 2983 via Cred,2983,friends,upi,cred,rbl,friends_synthetic
abhi 2862 rupees shopping kia Ajio ko via PhonePe Bandhan Bank card se,2862,shopping,upi,phonepe,bandhan,hinglish_natural
1116 card NPS,1116,investment,card,,,english_natural
"bro 425 Completed 2Apr 2025,6:24 am Canara Bank 6511 UPI transaction ID 347113513959",425,friends,upi,cred,canara,ocr_upi
R 3642 to Divya cash UPI,3642,friends,cash,,,friends_synthetic
dopahar ko Neha se split kiyaa 7357 ka via Phone Pe,7357,friends,upi,phonepe,,hinglish_natural
TO:LENSKART lenskart.64497@pnbbank From:AMITSINGH (PNB gpay : user2723@okpnbbank,912.88,shopping,upi,gpay,pnb,ocr_upi
paid dost INR 273 via cash,273,friends,cash,,,friends_synthetic
credit card EMI 214 PhonePe Completed HDFC Bank 2833,214,emi,upi,phonepe,hdfc,ocr_upi
t59 charged for market on debit card,59,shopping,card,,,english_natural
Hotstar Rs.3543.38 gpay,3543.38,entertainment,upi,gpay,pnb,ocr_upi
Water bill INR 43625,43625,utilities,cash,,,source_english
"diagnostic
Net Amount 436
Paid via Fi",436,healthcare,upi,fi,hdfc,ocr_receipt
1mg mein 2139 lag gaye card se bhara,2139,healthcare,card,,,voice_transcript
Phone Pe payment 19278 Paytm Money BOB 8553 done,19278,investment,upi,phonepe,bob,ocr_upi
Paid 140 to Zerodha phonepe UPI HDFC Bank 5274 Successful,140,investment,upi,phonepe,hdfc,ocr_upi
46385 ₹ Spotify card se pay kr diya,46385,entertainment,card,,hdfc,hinglish_natural
Paid Rs 12901 to bike loan EMI Phone Pe UPI icici 8404 Successful,12901,emi,upi,phonepe,icici,ocr_upi
Priya 853 UPI se,853,friends,upi,gpay,sbi,hinglish_natural
1488 rupay Amazon Prime card se,1488,entertainment,card,,,hinglish_natural
friend ko 111 transfer kiya Phonepe se,111,friends,upi,phonepe,,friends_synthetic
school college tuition course books fees 260 gpay,260,education,upi,gpay,,cue_row
33881 ka Meesho bill pay kiya PhonePe se,33881,shopping,upi,phonepe,,voice_transcript
rent se recharge kia 26067 ka PhonePe se pay kr diya,26067,utilities,upi,phonepe,,hinglish_natural
ATM/CASH/BANK/2056,2056,investment,card,,,english_natural
exam fee INR 285 debit card,285,education,card,,,english_natural
Unacademy me 16698 rupaye ka admission kiya UPI se de diye,16698,education,upi,gpay,,hinglish_natural
office se aate hue society maintenance ka bill pay kr diya 144 rupaye SLICE se,144,utilities,upi,slice,,hinglish_natural
office se aate hue 353 subscription renew kia Spotify ko naqad bhai,353,entertainment,cash,,,hinglish_natural
Library fee INR 29683,29683,education,cash,,,source_english
4071 rupaye Reliance Digital NIYO se pay kiya,4071,shopping,upi,niyo,sbi,hinglish_natural
home loan EMI 145 rs. card se zyada ho gaya,145,emi,card,,,hinglish_natural
grocery vegetables milk bread fruits Rs35998 paid card,35998,food,card,,,cue_row
47641 rupaiye Airtel recharge gpay pe,47641,utilities,upi,gpay,,hinglish_natural
Reliance Fresh pe 3856 rupees ka kha liya Jupiter pe,3856,food,upi,jupiter,,hinglish_natural
t1228 to exam fee via gpay ICICI account,1228,education,upi,gpay,icici,english_natural
yaar 3244 rupaiye admission kiya library pe paytm pe,3244,education,upi,paytm,,hinglish_natural
ATM/CASH/NIYO/1502,1502,utilities,upi,bhim,niyo,english_natural
"Chai Point 451 Completed 15Oct 2025,7:54 pm IDFC 3159 UPI transaction ID 3958008174411",451,food,upi,gpay,idfc,ocr_upi
crypto gold bonds NPS portfolio ₹2465 card,2465,investment,card,,,cue_row
yaar Gaana se game liya 4411 rupees ka card se yaar,4411,entertainment,card,,,hinglish_natural
POS/FD/CRED/3751,443,investment,upi,cred,,english_natural
aaj bike loan EMI pe 1203 rupaye kharcha hua card se,1203,emi,card,,,voice_transcript
credit card EMI 4732,4732,emi,upi,phonepe,icici,english_natural
Airtel recharge ₹910.16 Google Pay,910.16,utilities,upi,gpay,,english_natural
Spent Rs.65 on ACT Fibernet using paytm,65,utilities,upi,paytm,,english_natural
Bike loan EMI INR 9579,9579,emi,card,,icici,source_english
Spent Rs 28931 on Chai Point using Visa,28931,food,card,,slice,english_natural
bhai EaseMyTrip ka 15075 rupaye card se de diya,15075,travel,card,,,voice_transcript
15860 ₹ movie dekhi Zee5 pe UPI se,15860,entertainment,upi,phonepe,pnb,hinglish_natural
Goibibo 24347 cash,24347,travel,cash,,slice,english_natural
raat ko NPS se SIP bharra 18597 ₹ ka card se pay kar diya NIYO se kata,18597,investment,card,,niyo,hinglish_natural
Payment of 46278 to Neha was successful via PhonePe UPI Ref No 2463025786535 HDFC Bank Account 7739,46278,friends,upi,phonepe,hdfc,ocr_upi
282 rupaye ride lia Yatra pe card se zyada ho gaya,282,travel,card,,hdfc,hinglish_natural
Barbeque Nation se khana khayaa 4706 rupay ka G Pay se pay kia,4706,food,upi,gpay,,hinglish_natural
14459 rupaiye Indian Oil UPI se pay kar diya,14459,travel,upi,gpay,icici,hinglish_natural
Croma ka khareed lya 3321 rupees debit card se zyada ho gaya,3321,shopping,card,,indusind,hinglish_natural
Coin se mutual fund kia 3331 ₹ ka CRED se,3331,investment,upi,cred,,hinglish_natural
3180 ka Pooja bill pay kiya card se,3180,friends,card,,,voice_transcript
Just paid Rs4233.41 to metro through card,4233.41,travel,card,,,english_natural
society maintenance Rs.753 debited from ICICI Bank,753,utilities,card,,icici,english_natural
Ola Rs3541 debited from jupiter,3541,travel,cash,,jupiter,english_natural
Cleartrip mein 717 lag gaye Phone Pe se bhara,717,travel,upi,phonepe,,voice_transcript
abhi personal loan EMI ka loan payment kia 2250 rs card se,2250,emi,card,,,hinglish_natural
40104 ₹ personal loan EMI card se,40104,emi,card,,,hinglish_natural
electricity bill ₹1877 Mastercard,1877,utilities,card,,,english_natural
college fees 2175 phonepe Successful HDFC 4688,2175,education,upi,phonepe,hdfc,ocr_upi
home loan EMI t34672 debited from Niyo,34672,emi,card,,niyo,english_natural
6945 rupaiye shopping kiyaa electronics store pe via jupiter,6945,shopping,upi,jupiter,sbi,hinglish_natural
491 rupaye bill pay kia insurance premium pe UPI se,491,utilities,upi,paytm,,hinglish_natural
Bhim payment Rs 3141 Vedantu HDFC 8773 done,3141,education,upi,bhim,hdfc,ocr_upi
89 rs. bill bharaa rent pe Bhim pe,89,utilities,upi,bhim,,hinglish_natural
FD ka mutual fund kia 4162 rupay cred pe Canara Bank se zyada ho gaya,4162,investment,upi,cred,canara,hinglish_natural
coaching 498 Mastercard,498,education,card,,,english_natural
116 rs. EMI kat gayi education loan EMI pe card se pay kiyaa,116,emi,card,,,hinglish_natural
FD 45256 Paytm,45256,investment,upi,paytm,icici,english_natural
gaming concert event ticket ₹2372 G Pay,2372,entertainment,upi,gpay,pnb,cue_row
4992 paid to Nykaa via Gpay UPI from Canara Bank ending 7299,4992,shopping,upi,gpay,canara,ocr_upi
1541 ka tuition bill pay kiya cash se Fi se kata,1541,education,cash,,fi,voice_transcript
dinner split 1973 rupaye yaar cash,1973,friends,cash,,,friends_synthetic
Just paid INR 3866.72 to mutual fund through card,3866.72,investment,card,,icici,english_natural
crypto gold bonds NPS portfolio ?4856 Jupiter,4856,investment,upi,jupiter,,cue_row
408 rs. kha liya canteen pe via Phone Pe,408,food,upi,phonepe,bandhan,hinglish_natural
Myntra pe 314 ka buy kya card se budget tod diya,314,shopping,card,,,hinglish_natural
petrol diesel fuel t2602 at pump card,2602,travel,card,,,cue_row
Bajaj Finance EMI me 734 rs. ka installment de diya credit card se,734,emi,card,,,hinglish_natural
HDFC loan ₹282.93 SLICE,282.93,emi,upi,slice,icici,ocr_upi
"BILL
Snapdeal
4191.23
Cred
Thank You Visit Again",4191.23,shopping,upi,cred,idfc,ocr_receipt
Coursera mein 47164 lag gaye Jupiter se bhara,47164,education,upi,jupiter,sbi,voice_transcript
mutual fund 3175 phonepe Completed RBL 9673,3175,investment,upi,phonepe,rbl,ocr_upi
"LAB TEST
Item 1 Rs.478
Item 2 Rs.324
Total ?197.50
CARD",197.50,healthcare,card,,,ocr_receipt
"Tata Play BILL
St: ₹26755
GPay approved",26755,utilities,upi,gpay,,ocr_receipt
split bill 2176 cash se colleague ko diya,2176,friends,cash,,,friends_synthetic
raat ko Bajaj Finance EMI me 12299 rupaye ka EMI bhara UPI se bhai,12299,emi,upi,phonepe,,hinglish_natural
NPS pe 401 ka invest kar diya card se Axis Bank card se,401,investment,card,,axis,hinglish_natural
bhai Amazon pe 350 rupees ka shopping kiya Gpay se pay kia,350,shopping,upi,gpay,slice,hinglish_natural
JioCinema me 38 rupay ka movie dekhi debit card se,38,entertainment,card,,icici,hinglish_natural
Burger King pe 308 rupees ka khana khya paytm pe,308,food,upi,paytm,,hinglish_natural
dentist se dawai liyaa 244 rupaye ka card se pay kia,244,healthcare,card,,hdfc,hinglish_natural
4387 rupaye shopping kar diya Lenskart ko naqad,4387,shopping,cash,,sbi,hinglish_natural
water bill se recharge kr diya 27930 rs. ka card se,27930,utilities,card,,sbi,hinglish_natural
INR 1763 paid to Flipkart via phonepe UPI from HDFC Bank ending 5880,1763,shopping,upi,phonepe,hdfc,ocr_upi
i did 3095 expense on 1mg using card,3095,healthcare,card,,idfc,voice_transcript
canteen pe 1153 rupaiye ka khana khayaa via PayTM,1153,food,upi,paytm,,hinglish_natural
BookMyShow 26357 G Pay Completed axis 4009,26357,entertainment,upi,gpay,axis,ocr_upi
"INOX RESTAURANT
Total 9162
Cash Received
Change 0.00",9162,entertainment,card,,,ocr_receipt
231 rupees mutual fund kiyaa Groww ko Paytm pe Fi card se bc,231,investment,upi,paytm,fi,hinglish_natural
Used Fi Money Visa to pay ₹42495.71 for colleague,42495.71,friends,card,,fi,english_natural
Ola cab INR 6168,6168,travel,upi,paytm,axis,source_english
aaj gold pe 46018 rupaiye ka paisa daala via Phonepe,46018,investment,upi,phonepe,,hinglish_natural
28 Divya UPI se,28,friends,upi,niyo,,hinglish_natural
3924 rupay paise bheje Neha ko via cred yaar,3924,friends,upi,cred,,hinglish_natural
Ola cab INR 23688,23688,travel,upi,fi,hdfc,source_english
spent 802 rupees on concert via phonepe,802,entertainment,upi,phonepe,,voice_transcript
bike loan EMI 326 Visa,326,emi,card,,,english_natural
47842 ka Paytm Money bill pay kiya card se,47842,investment,card,,,voice_transcript
3235 ka ACT Fibernet bill pay kiya cash se,3235,utilities,cash,,,voice_transcript
Practo me 11358 rupaiye ka dawai lya Phonepe pe zyada ho gaya,11358,healthcare,upi,phonepe,,hinglish_natural
"SWIGGY RESTAURANT
Total 75.61
Cash Received
Change 0.00",75.61,food,upi,phonepe,,ocr_receipt
NEFT/TRANSFER/BEWAKOOF/SLICE,46110.67,shopping,card,,slice,english_natural
DishTV 248 CRED,248,utilities,upi,cred,hdfc,ocr_upi
Spent ₹38064.89 on clinic using G Pay,38064.89,healthcare,upi,gpay,,english_natural
₹38146.03 paid to Apollo Pharmacy via G Pay from Fi Money,38146.03,healthcare,upi,gpay,fi,english_natural
lab test 2790 rupaiye debit card se,2790,healthcare,card,,,hinglish_natural
Hospital bill INR 21053,21053,healthcare,cash,,,source_english
"Starbucks
Net Amount 331
Paid via GPay",331,food,upi,gpay,,ocr_receipt
spent 4734 rupees on Neha via cred,4734,friends,upi,cred,,voice_transcript
Bought electricity bill for ₹13418.12 with Jupiter,13418.12,utilities,upi,jupiter,,english_natural
"Receipt #7203
concert
Amount Paid: R 1414.14
Mode: CASH",1414.14,entertainment,cash,,axis,ocr_receipt
156 Paytm SIP,156,investment,upi,paytm,,english_natural
302 ₹ ACT Fibernet Cred se,302,utilities,upi,cred,union bank,hinglish_natural
spent 291 rupees on food court via cash,291,food,cash,,,voice_transcript
yaar MakeMyTrip ka ride liya 1815 ₹ naqad,1815,travel,cash,,,hinglish_natural
i did 425 expense on BigBasket using card,425,food,card,,niyo,voice_transcript
diagnostic 810 ₹ cash me,810,healthcare,cash,,,hinglish_natural
45113 ka Zerodha bill pay kiya Jupiter se,45113,investment,upi,jupiter,,voice_transcript
food court Rs2916 PhonePe,2916,food,upi,phonepe,icici,ocr_upi
car loan EMI 4946 card se pay kia,4946,emi,card,,hdfc,hinglish_natural
2751 rupay shopping kia market ko UPI se,2751,shopping,upi,paytm,,hinglish_natural
PPF 47977 rs credit card se HDFC wale account se bc,47977,investment,card,,hdfc,hinglish_natural
"D MEDPLUS 1553 Completed 14Mar 2026,1:50 pm hdfc Bank 8538 UPI transaction ID 94750557779 TO:MEDPLUS medplus.20338@hdfcbank Googletransaction lD XYZabc124345 OPI Google Pay",1553,healthcare,upi,gpay,hdfc,ocr_upi
"TAX INVOICE
insurance premium
Grand Total: 380
Payment: Cred",380,utilities,upi,cred,,ocr_receipt
Vi recharge 42541 rupaiye haath se diy,42541,utilities,cash,,,hinglish_natural
TO:POOJA pooja.35734@sbibank From:RAHULKUMAR (SBI Gpay : user5402@oksbibank,179,friends,upi,gpay,sbi,ocr_upi
₹28894 charged for McDonald's on Paytm,28894,food,upi,paytm,hdfc,english_natural
POS/COIN/CARD/3130,4271.84,investment,card,,,english_natural
Payment of Rs.815.03 to Burger King was successful via SLICE UPI Ref No 77982402116 Indusind Bank Account 9388,815.03,food,upi,slice,indusind,ocr_upi
1485 rs khana khaya restaurant pe via Phone Pe BOB se,1485,food,upi,phonepe,bob,hinglish_natural
SBI loan se EMI kat gayi 1945 rs. ka debit card se sasta tha,1945,emi,card,,,hinglish_natural
4502 rupaiye upGrad UPI se die,4502,education,upi,phonepe,hdfc,hinglish_natural
14899 ₹ Biryani Blues cash me,14899,food,cash,,icici,hinglish_natural
doctor 66 ₹ cred pe,66,healthcare,upi,cred,,hinglish_natural
"BSNL RESTAURANT
Total 379
Cash Received
Change 0.00",379,utilities,upi,phonepe,,ocr_receipt
29814 rupees colleague phonepe,29814,friends,upi,phonepe,,voice_transcript
yaar roommate 31 rs. haath se diyee bhai,31,friends,cash,,jupiter,hinglish_natural
doctor ka 4422 rupees ka bill PayTM se pay kiya,4422,healthcare,upi,paytm,sbi,voice_transcript
mutual fund SIP stocks PPF FD investment 8985 card,8985,investment,card,,,cue_row
"SNAPDEAL RESTAURANT
Total 147
Cash Received
Change 0.00",147,shopping,upi,phonepe,,ocr_receipt
Rapido se petrol bhra 3788 rupay ka debit card se,3788,travel,card,,,hinglish_natural
office se aate hue 3044 rs. colleague PayTM se,3044,friends,upi,paytm,hdfc,hinglish_natural
rent se bill bhara 4859 rupaiye ka cash me,4859,utilities,cash,,,hinglish_natural
Pizza delivery INR 24464,24464,food,cash,,,source_english
Reliance Fresh me 27918 rupaiye ka khana khayaa cash me,27918,food,cash,,,hinglish_natural
Chai Point 20072 rupaye credit card se,20072,food,card,,axis,hinglish_natural
stocks t41025.15 cred,41025.15,investment,upi,cred,hdfc,ocr_upi
office se aate hue Snapdeal ka shopping kiya 2859 ₹ card se,49483,shopping,card,,sbi,source_hinglish
Spotify me 312 ka movie dekhi Phonepe se pay kiya,312,entertainment,upi,phonepe,,hinglish_natural
Apollo Pharmacy 4600.50,4600.50,healthcare,upi,gpay,,english_natural
Bought car loan EMI for Rs.137 with gpay,137,emi,upi,gpay,,english_natural
Paid Rs15760 for PharmEasy via gpay,15760,healthcare,upi,gpay,,english_natural
ghar jaate waqt Pooja 32894 rupay cash me ICICI wale account se,32894,friends,cash,,icici,hinglish_natural
Rs.2997 paid to SIP via Paytm UPI from sbi Bank ending 4979,2997,investment,upi,paytm,sbi,ocr_upi
coaching exam preparation study material 384 GPay,384,education,upi,gpay,,cue_row
"D MYNTRA 95.98 Completed 6Mar 2026,12:54 pm SBI Bank 2770 UPI transaction ID 649566566020 TO:MYNTRA myntra.74757@sbibank Googletransaction lD CICAgJjg513096 OPI Paytm",95.98,shopping,upi,paytm,sbi,ocr_upi
Bought Netflix for Rs 2457 with paytm,2457,entertainment,upi,paytm,,english_natural
303 rupay buy kiya FirstCry pe debit card se hdfc wale account se,303,shopping,card,,hdfc,hinglish_natural
Bought Practo for 4724 with debit card,4724,healthcare,card,,,english_natural
126 movie dekhi Gaana ko UPI se diyee,126,entertainment,upi,niyo,fi,hinglish_natural
Bharat Petroleum mein 4165 lag gaye Phone Pe se bhara,4165,travel,upi,phonepe,slice,voice_transcript
ghar jaate waqt diagnostic se checkup karaya 3944 rupees ka UPI se pay kia,3944,healthcare,upi,cred,slice,hinglish_natural
HDFC loan payment ₹1908 done via debit card,1908,emi,card,,,english_natural
dinner split 17151 rupaye flatmate G Pay,17151,friends,upi,gpay,,friends_synthetic
sent money to flatmate Rs 1024 on cash,1024,friends,cash,,,friends_synthetic
24216 rupaiye Rapido card se,24216,travel,card,,sbi,hinglish_natural
VIKRAM INR 4814.73,4814.73,friends,upi,phonepe,,english_natural
medical checkup lab test health insurance Rs.1502 GPay,1502,healthcare,upi,gpay,hdfc,cue_row
"BILL
Box8
₹44877.92
CASH
Thank You Visit Again",44877.92,food,cash,,,ocr_receipt
i did 4198 expense on HDFC loan using card,4198,emi,card,,slice,voice_transcript
Reliance Fresh me 28767 rupaye ka kha liya Paytm se pay kar diya,28767,food,upi,paytm,jupiter,hinglish_natural
"D RICKSHAW 339 Completed 13Jan 2026,6:53 pm Axis Bank Bank 9759 UPI transaction ID 535135920766 TO:RICKSHAW rickshaw.73848@axis bankbank Goog1etransaction lD XYZabc427584 OPI Gpay",339,travel,upi,gpay,axis,ocr_upi
spent 2558 rupees on MedPlus via cash,2558,healthcare,cash,,federal bank,voice_transcript
18703 to Uber via card,18703,travel,card,,,english_natural
sent money to roommate ₹2859 on Jupiter,2859,friends,upi,jupiter,,friends_synthetic
mobile recharge se recharge kr diya 5162 rupaiye ka paytm se pay kar diya,5162,utilities,upi,paytm,,hinglish_natural
school fees 24670 Paytm Successful Yes Bank 3202,24670,education,upi,paytm,yes bank,ocr_upi
paid 125 to personal loan EMI through Phonepe,125,emi,upi,phonepe,,voice_transcript
46 rupaye SIP bhra mutual fund pe UPI se,46,investment,upi,fi,,hinglish_natural
SonyLIV 50.88 Cred,50.88,entertainment,upi,cred,,english_natural
bhai Myntra ka 397 rupaye cash se de diya,397,shopping,cash,,,voice_transcript
Paid Zerodha Rs.210 using Paytm,210,investment,upi,paytm,,english_natural
Zepto 157 BHIM Completed IndusInd 5048,157,food,upi,bhim,indusind,ocr_upi
10807 rupaye installment de diye car loan EMI pe credit card se sasta tha,10807,emi,card,,federal bank,hinglish_natural
Online shopping payment INR 43835,43835,shopping,card,,bob,source_english
ATM/CASH/BANK/222,222,food,upi,jupiter,,english_natural
McDonald's pe 35647 rupaiye ka mangwaya cash me,35647,food,cash,,,hinglish_natural
Apple Music payment Rs 37460 done via Visa,37460,entertainment,card,,,english_natural
bhai Udemy ka 34124 rupaye card se de diya,34124,education,card,,,voice_transcript
MakeMyTrip 46928 PayTM Successful State Bank 2586,46928,travel,upi,paytm,sbi,ocr_upi
Rs45064 paid to Vi recharge via SLICE UPI from ICICI Bank ending 6993,45064,utilities,upi,slice,icici,ocr_upi
Paid 16010.64 to Tata CLiQ cred UPI ICICI 7997 Successful,16010.64,shopping,upi,cred,icici,ocr_upi
Divya se paise bheje 2566 rupay ka UPI se diy,2566,friends,upi,phonepe,,hinglish_natural
hospital doctor pharmacy medicine diagnostic ₹1026 BHIM,1026,healthcare,upi,bhim,,cue_row
Paid Rs.90.14 to cafe Phone Pe UPI HDFC 4271 Successful,90.14,food,upi,phonepe,hdfc,ocr_upi
maine 4259 rupaye society maintenance ko diye Jupiter se,4259,utilities,upi,jupiter,,voice_transcript
POS/OLA/CARD/9952,348.66,travel,card,,,english_natural
Paid petrol pump 3470 using cash,3470,travel,cash,,,english_natural
t40 paid to Airtel recharge via phonepe UPI from icici Bank ending 2927,40,utilities,upi,phonepe,icici,ocr_upi
Just paid Rs.25944.77 to roommate through Gpay,25944.77,friends,upi,gpay,,english_natural
2321 ₹ Spotify card se,2321,entertainment,card,,hdfc,hinglish_natural
coaching exam preparation study material INR 17833 phonepe,17833,education,upi,phonepe,,cue_row
Biryani Blues ka 16159 rupees ka bill PayTM se pay kiya,16159,food,upi,paytm,,voice_transcript
2439 rupaye paisa daala Paytm Money pe UPI se,2439,investment,upi,paytm,,hinglish_natural
Shreya se paise bheje 4335 rupaye ka UPI se diy,4335,friends,upi,phonepe,,hinglish_natural
uber ola cab ride airport train ticket ₹4864 card,4864,travel,card,,,cue_row
kal 1782 rupaye mutual fund kar diya Coin ko Slice se bc,1782,investment,upi,slice,,hinglish_natural
74 paid to Bharat Petroleum via Mastercard from hdfc,74,travel,card,,hdfc,english_natural
Amazon Prime se ticket liya 49758 ₹ ka PayTM se pay kr diya,49758,entertainment,upi,paytm,,hinglish_natural
kal 4556 rs Coin Niyo pe matlab,4556,investment,upi,niyo,,hinglish_natural
"D PRIYA 479 Completed 17Apr 2026,12:46 pm Kotak Mahindra Bank 7951 UPI transaction ID 989087634272477 TO:PRIYA priya.23579@kotak mahindrabank Soogletransaction lD XYZabc873781 OPI Gpay",479,friends,upi,gpay,kotak,ocr_upi
Paytm payment Rs 4154 Ola State Bank 6024 completed,4154,travel,upi,paytm,sbi,ocr_upi
kal Biryani Blues se khana khya 40450 ₹ ka Gpay pe,40450,food,upi,gpay,,hinglish_natural
Paid 46911.74 for MedPlus from my State Bank account via cash,46911.74,healthcare,cash,,sbi,english_natural
hospital doctor pharmacy medicine diagnostic Rs 439 cash,439,healthcare,cash,,,cue_row
paid 24852 to Unacademy through phonepe,24852,education,upi,phonepe,,voice_transcript
"Receipt #7706
dentist
Amount Paid: 118.65
Mode: GPay",118.65,healthcare,upi,gpay,,ocr_receipt
Payment of 20434 to SpiceJet was successful via paytm UPI Ref No 031016636622845 PNB Account 5163,20434,travel,upi,paytm,pnb,ocr_upi
Rs4682.08 paid to JioCinema via Fi UPI from Axis Bank ending 7236,4682.08,entertainment,upi,fi,axis,ocr_upi
today i spent 16315 on NPS via card,16315,investment,card,,,voice_transcript
SIP 3558 rupay via PayTM,3558,investment,upi,paytm,,hinglish_natural
crypto gold bonds NPS portfolio ₹3566 card,3566,investment,card,,,cue_row
personal loan installment EMI deduction ₹3053 gpay,3053,emi,upi,gpay,,cue_row
Paytm Money 307 Mastercard,307,investment,card,,,english_natural
dopahar ko 36771 rupay game lya gaming pe gpay se Punjab National Bank card se,36771,entertainment,upi,gpay,pnb,hinglish_natural
t119 charged for SBI loan on credit card,119,emi,card,,,english_natural
Apple Music 34520 rupaiye UPI se,34520,entertainment,upi,gpay,niyo,hinglish_natural
28032 rupees Nature's Basket card,28032,food,card,,,voice_transcript
243 rupees Coin jupiter,243,investment,upi,jupiter,,voice_transcript
Bharat Petroleum 4508 rupaiye credit card se,4508,travel,card,,,hinglish_natural
Snapdeal se shopping kr diya 457 ₹ ka credit card se,457,shopping,card,,,hinglish_natural
McDonald's ka khana khaaya 2592 rupaiye UPI se pay kya bohot mehenga,2592,food,upi,gpay,,hinglish_natural
Spent 64.53 on Amit using paytm,64.53,friends,upi,paytm,,english_natural
education loan EMI 2340 debit card,2340,emi,card,,,english_natural
maine 168 rupaye credit card EMI ko diye card se,168,emi,card,,icici,voice_transcript
275 rupees library SLICE,275,education,upi,slice,,voice_transcript
electricity water broadband mobile recharge bill ₹2053 paytm,2053,utilities,upi,paytm,,cue_row
296 ka petrol pump bill pay kiya card se,296,travel,card,,,voice_transcript
home loan car loan credit card EMI monthly ₹1786 autopay card,1786,emi,card,,sbi,cue_row
dopahar ko college fees me 153 ka tuition diye GPay se HDFC account se,153,education,upi,gpay,hdfc,hinglish_natural
paid 211 to Rahul through cash,211,friends,cash,,,voice_transcript
paid 42891 to PharmEasy through gpay,42891,healthcare,upi,gpay,,voice_transcript
78 ₹ Karan via SLICE,78,friends,upi,slice,,hinglish_natural
Paid KFC Rs6345 using PayTM,6345,food,upi,paytm,,english_natural
"CROMA
Item 1 418
Item 2 ₹158
Total Rs.1262.78
CASH",1262.78,shopping,cash,,,ocr_receipt
Starbucks pe 4818 ₹ ka khana kha liya UPI se de diya PNB se,4818,food,upi,phonepe,pnb,hinglish_natural
flatmate rent share 75 GPay dost,75,friends,upi,gpay,,friends_synthetic
bhai ko 2304 transfer kiya cash se,2304,friends,cash,,,friends_synthetic
bhai Arjun ko udhar return kiya 422 rs gpay se,422,friends,upi,gpay,axis,friends_synthetic
Spent Rs.18165 on RedBus using Paytm,18165,travel,upi,paytm,,english_natural
TO:H&M h&m.86614@idfcfirstbank From:RAHULKUMAR (IDFC First cred : user5904@okidfcfirstbank,156,shopping,upi,cred,idfc,ocr_upi
Spent 14077 on electricity bill using debit card,14077,utilities,card,,hdfc,english_natural
H&M mein 1970 lag gaye card se bhara,1970,shopping,card,,,voice_transcript
TO:MUTUALFUND mutualfund.55610@hdfcbankbank From:AMITSINGH (HDFC Bank Jupiter : sender4842@okhdfcbankbank,4390,investment,upi,jupiter,hdfc,ocr_upi
bhai BYJU'S ka 36228 rupaye GPay se de diya,36228,education,upi,gpay,,voice_transcript
Coin se stock lya 1134 ka UPI se diyee achha deal mila,1134,investment,upi,gpay,,hinglish_natural
1083.91 to PPF via Visa,1083.91,investment,card,,,english_natural
Fi Money payment Rs2847 PPF ICICI Bank 6878 completed,2847,investment,upi,fi,icici,ocr_upi
35660 rupaiye JioCinema cash de diye,35660,entertainment,cash,,axis,hinglish_natural
colleague se dost ko diyee 41797 rupees ka PayTM pe,41797,friends,upi,paytm,icici,hinglish_natural
netflix spotify hotstar subscription movie show Rs.944 Cred,944,entertainment,upi,cred,,cue_row
kal 7479 rs. bill pay kr diya BSNL ko bhim se pay kar diya,7479,utilities,upi,bhim,,hinglish_natural
yaar college fees me 370 rupaiye ka admission kar diya debit card se,370,education,card,,,hinglish_natural
diagnostic se doctor ko die 39142 rs ka haath se diye sbi card se,39142,healthcare,cash,,sbi,hinglish_natural
47575 ka Vikram bill pay kiya cash se,47575,friends,cash,,,voice_transcript
Bought BookMyShow for ₹3167 with paytm,3167,entertainment,upi,paytm,slice,english_natural
hospital doctor pharmacy medicine diagnostic ₹4005 Google Pay,4005,healthcare,upi,gpay,,cue_row
bhai electronics store ka 2515 rupaye card se de diya,2515,shopping,card,,,voice_transcript
aaj mess pe 3384 rupaye kharcha hua card se,3384,food,card,,,voice_transcript
society maintenance ₹2943 Paytm,2943,utilities,upi,paytm,kotak,ocr_upi
Used icici cred to pay Rs 13127 for stocks,13127,investment,upi,cred,icici,english_natural
"Receipt #9998
Jio recharge
Amount Paid: 4196
Mode: Phonepe",4196,utilities,upi,phonepe,,ocr_receipt
Rs 34877 to Air India via Gpay,34877,travel,upi,gpay,,english_natural
Zerodha pe 1245 rupay ka SIP bhar diya card se pay kya,1245,investment,card,,,hinglish_natural
today i spent 34275 on library via card,34275,education,card,,,voice_transcript
yaar 340 rs. EMI kat gayi Bajaj Finance EMI ko debit card se,340,emi,card,,,hinglish_natural
bhai Rohan ko udhar return kiya 2646 rs GPay se,2646,friends,upi,gpay,,friends_synthetic
SonyLIV Rs 3264 debited from hdfc,3264,entertainment,card,,hdfc,english_natural
dinner split 1800 rupaye Shreya cash,1800,friends,cash,,,friends_synthetic
45166 rupees Jio recharge cash,45166,utilities,cash,,,voice_transcript
Zara ka buy kia 21338 Google Pay pe sbi se,21338,shopping,upi,gpay,sbi,hinglish_natural
Divya ka split kia 1852 Phone Pe pe,1852,friends,upi,phonepe,,hinglish_natural
today i spent 135 on Yatra via card,135,travel,card,,,voice_transcript
abhi Swiggy ka food order kya 25234 rupaiye haath se diye,25234,food,cash,,yes bank,hinglish_natural
personal loan installment EMI deduction Rs.445 card,445,emi,card,,kotak,cue_row
Medical test charges INR 37180,37180,healthcare,cash,,,source_english
hospital doctor pharmacy medicine diagnostic Rs.2178 card,2178,healthcare,card,,union bank,cue_row
kal CCD 3797 rupaiye UPI se diy bhai,3797,food,upi,gpay,,hinglish_natural
7301 rupees home loan EMI UPI se pay kr diya,7301,emi,upi,cred,jupiter,hinglish_natural
bhai mein 31122 lag gaye GPay se bhara,31122,friends,upi,gpay,sbi,voice_transcript
Rs 400.86 charged for Bajaj Finance EMI on Visa,400.86,emi,card,,,english_natural
2074 rupaiye show dekha JioCinema pe credit card se BOB account se,2074,entertainment,card,,bob,hinglish_natural
TO:UNACADEMY unacademy.47494@bankofbarodabank From:PRIYASHARMA (Bank of Baroda gpay : user5834@okbankofbarodabank,1543,education,upi,gpay,bob,ocr_upi
dost Karan ko 18979 rupaye phonepe se bheje,18979,friends,upi,phonepe,,friends_synthetic
"Lenskart 32117 Completed 2Jul 2025,10:04 pm hdfc 2545 UPI transaction ID 67083238782508",32117,healthcare,upi,cred,hdfc,ocr_upi
dopahar ko Biryani Blues ka mangwaya 4092 rupaye UPI se pay kar diya,4092,food,upi,slice,,hinglish_natural
9724 FD,9724,investment,upi,phonepe,,english_natural
Amit 447.45 Bhim,447.45,friends,upi,bhim,,english_natural
breakfast snacks chai coffee ₹265 phonepe,265,food,upi,phonepe,,cue_row
Flipkart order INR 1411,1411,shopping,upi,fi,,source_english
electronics clothes shoes accessories purchase 435 via card,435,shopping,card,,,cue_row
bhai 4552 metro via jupiter bohot mehenga,4552,travel,upi,jupiter,,hinglish_natural
Reliance Digital se saman lia 66 rs ka card se Canara Bank account se budget tod diya,66,shopping,card,,canara,hinglish_natural
"BILL
Practo
Rs 414
CASH
Thank You Visit Again",414,healthcare,cash,,,ocr_receipt
Rs347 charged for gaming on PayTM,347,entertainment,upi,paytm,,english_natural
Rs 372 paid to INOX via Phone Pe UPI from ICICI Bank Bank ending 5348,372,entertainment,upi,phonepe,icici,ocr_upi
mutual fund 354 rupaiye debit card se,354,investment,card,,axis,hinglish_natural
1230 rupees gas bill card SBI account,1230,utilities,card,,sbi,voice_transcript
sent Rs3614 to friend on niyo split bill UPI,3614,friends,upi,niyo,sbi,cue_row
Paid t3412 for FD via GPay,3412,investment,upi,gpay,hdfc,english_natural
today i spent 517 on diagnostic via paytm from my jupiter bank,517,healthcare,upi,paytm,jupiter,voice_transcript
FirstCry se order kr diya 367 rupees ka paytm pe,34314,shopping,upi,paytm,,source_hinglish
6054 rupay udhar return kiyaa Pooja ko credit card se,6054,friends,card,,,hinglish_natural
Payment of Rs.658 to PVR was successful via paytm UPI Ref No 809696309567 icici Account 4792,658,entertainment,upi,paytm,icici,ocr_upi
UPI/11985639/NETFLIX/BANK,126,entertainment,card,,,english_natural
RedBus 35147.43 NIYO Successful ICICI Bank 2569,35147.43,travel,upi,niyo,icici,ocr_upi
mall 2396 G Pay Completed RBL 5137,2396,shopping,upi,gpay,rbl,ocr_upi
gaming pe 348 ₹ ka movie dekhi card se,348,entertainment,card,,,hinglish_natural
dentist me 456 rupaiye ka checkup karaya card se Fi Money card se,456,healthcare,card,,fi,hinglish_natural
College fees payment INR 23150,23150,education,upi,cred,,source_english
9632 rupees petrol pump card,9632,travel,card,,,voice_transcript
medical checkup lab test health insurance INR 31267 card,31267,healthcare,card,,,cue_row
raat ko car loan EMI 1041 rupaiye card se pay kr diya,1041,emi,card,,,hinglish_natural
4958 rs PPF UPI se,4958,investment,upi,paytm,,hinglish_natural
BAJAJ FINANCE EMI INR 3589,3589,emi,card,,,english_natural
today i spent 3111 on Zee5 via card,3111,entertainment,card,,,voice_transcript
222 rupees khana khayaa Pizza Hut pe card se pay kiyaa ICICI se,222,food,card,,icici,hinglish_natural
uber ola cab ride airport train ticket ?984 card,984,travel,card,,,cue_row
Paid Rs 256 for BYJU'S via Mastercard,256,education,card,,,english_natural
"TAX INVOICE
society maintenance
Grand Total: Rs248
Payment: phonepe",248,utilities,upi,phonepe,icici,ocr_receipt
Just paid 19060 to credit card EMI through Mastercard,19060,emi,card,,hdfc,english_natural
ghar jaate waqt 20625 rupaye bill pay kiya Tata Play ko Google Pay se,20625,utilities,upi,gpay,,hinglish_natural
Bought Rapido for Rs.4982 with credit card,4982,travel,card,,,english_natural
flatmate ka split kiya 270 rs UPI se pay kiyaa,270,friends,upi,gpay,,hinglish_natural
gaming concert event ticket 1132 cred,1132,entertainment,upi,cred,,cue_row
broadband 1350 rupay G Pay se,20388,utilities,upi,gpay,,source_hinglish
dopahar ko SBI loan me 44909 rupaiye ka EMI bharaa card se,44909,emi,card,,pnb,hinglish_natural
303 kha liya Reliance Fresh pe haath se de diya,303,food,cash,,niyo,hinglish_natural
4224 charged for Amazon on Jupiter,4224,shopping,upi,jupiter,,english_natural
PharmEasy pe 460 ka medicine lia card se,460,healthcare,card,,axis,hinglish_natural
"D EYECHECKUP 196.22 Completed 25Apr 2026,8:43 pm IndusInd Bank 3056 UPI transaction ID 51506688155715 TO:EYECHECKUP eye checkup.57815@indusindbank Googletransaction lD XYZabc668940 OPI Cred",196.22,healthcare,upi,cred,indusind,ocr_upi
electricity bill payment ₹383 done via credit card,383,utilities,card,,,english_natural
aaj 402 ₹ subscription renew kiyaa Netflix ko debit card se,402,entertainment,card,,,hinglish_natural
sent money to friend 434 on cash,434,friends,cash,,axis,friends_synthetic
"MARKET
Item 1 Rs.208
Item 2 ?117
Total Rs.1176
CARD",1176,shopping,card,,bob,ocr_receipt
2593 rs. subscription renew kr diya Gaana ko PhonePe pe,2593,entertainment,upi,phonepe,,hinglish_natural
1386 Starbucks cash de diya,1386,food,cash,,slice,hinglish_natural
1982 rupay Netflix cash de diye,1982,entertainment,cash,,indusind,hinglish_natural
bhim payment Rs4591 Air India Kotak 9581 successful,4591,travel,upi,bhim,kotak,ocr_upi
aaj SpiceJet pe 1699 rupaye kharcha hua Gpay se,1699,travel,upi,gpay,,voice_transcript
4820.51 to Faasos via Paytm IDFC account,4820.51,food,upi,paytm,idfc,english_natural
318 ka HDFC loan bill pay kiya card se idfc se kata,318,emi,card,,idfc,voice_transcript
₹1340 to yaar card UPI,1340,friends,card,,,friends_synthetic
Coursera 1052,1052,education,upi,gpay,,english_natural
today i spent 4641 on Apple Music via cash from my ICICI Bank bank,4641,entertainment,cash,,icici,voice_transcript
4628 rs bill bharaa electricity bill ko UPI se pay kr diya,25658,utilities,upi,slice,,source_hinglish
Hotstar Rs.21913.70 phonepe,21913.70,entertainment,upi,phonepe,icici,ocr_upi
raat ko SIP ka invest kiyaa 2482 ₹ card se pay kiya Union Bank se,2482,investment,card,,union bank,hinglish_natural
spent 2616 rupees on Airtel recharge via PayTM,2616,utilities,upi,paytm,idfc,voice_transcript
Reliance Fresh ₹2050 phonepe,2050,food,upi,phonepe,,english_natural
PPF Rs.385 Mastercard,385,investment,card,,sbi,english_natural
upGrad mein 788 lag gaye card se bhara,788,education,card,,,voice_transcript
"TAX INVOICE
PharmEasy
Grand Total: Rs67
Payment: PayTM",67,healthcare,upi,paytm,,ocr_receipt
market Rs 1171 Google Pay,1171,shopping,upi,gpay,sbi,ocr_upi
dopahar ko EaseMyTrip ka kiraya diyee 32495 rs. via CRED,32495,travel,upi,cred,icici,hinglish_natural
paid 200 to H&M through gpay,200,shopping,upi,gpay,,voice_transcript
doctor 69 rs. UPI se diyee,69,healthcare,upi,paytm,pnb,hinglish_natural
dopahar ko library 217 rs. UPI se matlab,44130,education,upi,cred,,source_hinglish
"Practo BILL
St: 344
CASH approved",344,healthcare,cash,,,ocr_receipt
paid Shreya Rs.240 via Phonepe,240,friends,upi,phonepe,,friends_synthetic
Paid ₹3026.39 for rickshaw via Visa,3026.39,travel,card,,,english_natural
Paid Rs 4580 to Ola Phone Pe UPI ICICI 2948 Completed,4580,travel,upi,phonepe,icici,ocr_upi
electronics clothes shoes accessories purchase INR 3905 via card,3905,shopping,card,,hdfc,cue_row
UPI/15423374/LAB TEST/BANK,16364,healthcare,card,,,english_natural
maine 351 rupaye Tata CLiQ ko diye card se,351,shopping,card,,,voice_transcript
428 ka EaseMyTrip bill pay kiya Cred se,428,travel,upi,cred,,voice_transcript
abhi FD me 3746 rupay ka paisa daala via NIYO,3746,investment,upi,niyo,,hinglish_natural
dost Shreya ko 3431 rupaye Slice se bheje,3431,friends,upi,slice,,friends_synthetic
TO:CREDITCARDEMI creditcardemi.80904@axisbank From:AMITSINGH (axis NIYO : sender9593@okaxisbank,144,emi,upi,niyo,axis,ocr_upi
gaming INR 12933 Phonepe,12933,entertainment,upi,phonepe,idfc,ocr_upi
"dentist BILL
St: Rs 194
CARD Approved",194,healthcare,card,,icici,ocr_receipt
Meesho ka order kr diya 3878 via paytm ICICI se,3878,shopping,upi,paytm,icici,hinglish_natural
aaj EaseMyTrip pe 37371 rupaye kharcha hua card se,37371,travel,card,,hdfc,voice_transcript
home loan car loan credit card EMI monthly Rs.2060 autopay Jupiter,2060,emi,upi,jupiter,,cue_row
paid back friend lent money ₹42487 CRED,42487,friends,upi,cred,,cue_row
Kuvera 242 NIYO,242,investment,card,,niyo,english_natural
paid Ananya INR 2411 via PayTM,2411,friends,upi,paytm,axis,friends_synthetic
41184 rupay saman lia Nykaa pe debit card se,41184,shopping,card,,,hinglish_natural
"Reliance Digital
Net Amount 11592.27
Paid via CASH",11592.27,shopping,cash,,,ocr_receipt
ATM/CASH/FI MONEY/41953,41953,utilities,upi,phonepe,fi,english_natural
Rs14416 paid to Arjun via SLICE UPI from Canara Bank ending 2454,14416,friends,upi,slice,canara,ocr_upi
aaj SIP pe 296 rupees ka invest kar diya card se sasta tha,296,investment,card,,,hinglish_natural
₹48632.62 charged for gas bill on PhonePe,48632.62,utilities,upi,phonepe,icici,english_natural
150 rupaiye Rohan UPI se,150,friends,upi,gpay,,hinglish_natural
ET Money 16824 rupaye debit card se,49507,investment,card,,,source_hinglish
kal 3172 ₹ bill pay kiyaa rent ko gpay se,3172,utilities,upi,gpay,,hinglish_natural
diagnostic 39965.32 bhim Payment done HDFC 6510,39965.32,healthcare,upi,bhim,hdfc,ocr_upi
i paid 424 rupees for mall using PhonePe,424,shopping,upi,phonepe,,voice_transcript
R 16052 debited from your HDFC Bank account for rent (cred UPI),16052,utilities,upi,cred,hdfc,ocr_upi
Paid 8593 for food court via bhim,8593,food,upi,bhim,hdfc,english_natural
Spent ₹1531 on mess using debit card,1531,food,card,,,english_natural
today i spent 4101 on Divya via Paytm,4101,friends,upi,paytm,,voice_transcript
Payment of 71.82 to Flipkart was successful via gpay UPI Ref No 31672900372470 SBI Account 4892,71.82,shopping,upi,gpay,sbi,ocr_upi
1782 ₹ stock lya mutual fund pe debit card se,1782,investment,card,,,hinglish_natural
sent ?152 to yaar on card,152,friends,card,,,friends_synthetic
NEFT/TRANSFER/MYNTRA/IDFC,466,shopping,upi,paytm,idfc,english_natural
maine 39465 rupaye DishTV ko diye card se,39465,utilities,card,,fi,voice_transcript
i did 21389 expense on H&M using card,21389,shopping,card,,,voice_transcript
UPI/33390394/FIRSTCRY/BANK,217,shopping,card,,,english_natural
Bought roommate for 52 with Slice,52,friends,upi,slice,,english_natural
Rs.134 paid to Kuvera via phonepe UPI from State Bank Bank ending 7059,134,investment,upi,phonepe,sbi,ocr_upi
316 Mastercard home loan EMI,316,emi,card,,sbi,english_natural
paid 23080 to bike loan EMI through card,23080,emi,card,,,voice_transcript
Spent 340 on Snapdeal using Visa,340,shopping,card,,,english_natural
Stock purchase INR 31465,31465,investment,card,,,source_english
dopahar ko Zerodha se invest kiya 1375 ka card se pay kr diya,1375,investment,card,,,hinglish_natural
college fees pe 230 rupees ka fees bhar diya card se pay kr diya,230,education,card,,,hinglish_natural
35018 rs. Haldirams UPI se pay kr diya,35018,food,upi,paytm,jupiter,hinglish_natural
kal Jio recharge 208 rupees UPI se pay kya Slice se,208,utilities,upi,jupiter,slice,hinglish_natural
today i spent 3904 on BSNL via Jupiter from my kotak bank,3904,utilities,upi,jupiter,kotak,voice_transcript
Phone Pe payment Rs 4416 coaching Kotak Mahindra 9006 completed,4416,education,upi,phonepe,kotak,ocr_upi
kal BookMyShow se movie dekhi 218 ka card se pay kr diya axis card se,218,entertainment,card,,axis,hinglish_natural
Credit card EMI INR 38744,38744,emi,card,,,source_english
electronics clothes shoes accessories purchase ₹2310 via card,2310,shopping,card,,,cue_row
aaj Kuvera pe 100 rupaye kharcha hua card se,100,investment,card,,jupiter,voice_transcript
ghar jaate waqt auto me 45349 ka kiraya de diye debit card se,45349,travel,card,,,hinglish_natural
mall pe 2118 rupees ka shopping kar diya credit card se,2118,shopping,card,,,hinglish_natural
car loan EMI pe 466 rupees ka loan payment kr diya card se pay kiyaa jupiter se bhai,466,emi,card,,jupiter,hinglish_natural
petrol diesel fuel Rs.337 at pump cash,337,travel,cash,,sbi,cue_row
Air India se ticket book kia 4958 ka card se icici wale account se,4958,travel,card,,icici,hinglish_natural
Meesho se buy kar diya 10005 rs ka haath se diye,10005,shopping,cash,,icici,hinglish_natural
42390 rupaiye market cred se,42390,shopping,upi,cred,,hinglish_natural
paid back friend lent money INR 24637 phonepe,24637,friends,upi,phonepe,,cue_row
456.74 Vikram,456.74,friends,cash,,,english_natural
Cred payment 31602.00 personal loan EMI Axis 7850 done,31602.00,emi,upi,cred,axis,ocr_upi
Just paid Rs103 to Nature's Basket through cred,103,food,upi,cred,,english_natural
i paid 164 rupees for home loan EMI using phonepe,164,emi,upi,phonepe,,voice_transcript
Divya 273 Phonepe Completed IndusInd 6302,273,friends,upi,phonepe,indusind,ocr_upi
Paid t432.38 to Coursera phonepe UPI axis 1888 Done,432.38,education,upi,phonepe,axis,ocr_upi
library 277 rupay bhim pe,277,education,upi,bhim,hdfc,hinglish_natural
aaj Subway pe 3856 rupaye kharcha hua cash se,3856,food,cash,,,voice_transcript
Tata Play me 1930 rupees ka payment kia cred se pay kiyaa icici account se,1930,utilities,upi,cred,icici,hinglish_natural
Spent INR 4515.41 on Coin using Mastercard,4515.41,investment,card,,,english_natural
medical checkup lab test health insurance 3033 cash,3033,healthcare,cash,,,cue_row
Lenskart 2631 rupaye card se sasta tha,2631,healthcare,card,,,hinglish_natural
paid 21013 to dentist through cash,21013,healthcare,cash,,,voice_transcript
dinner split 410 rupaye bro cash,410,friends,cash,,,friends_synthetic
"BILL
Nykaa
Rs116
niyo
Thank You Visit Again",116,shopping,upi,niyo,,ocr_receipt
"Receipt #5706
JioCinema
Amount Paid: ₹2781.71
Mode: Phonepe",2781.71,entertainment,upi,phonepe,,ocr_receipt
"broadband BILL
St: Rs.3206
Cred approved",3206,utilities,upi,cred,sbi,ocr_receipt
4231 ka YouTube Premium bill pay kiya Paytm se,4231,entertainment,upi,paytm,,voice_transcript
462.50 Google Pay broadband,462.50,utilities,upi,gpay,axis,english_natural
Ola ka ride lia 18731 ₹ haath se de diya bc,18731,travel,cash,,niyo,hinglish_natural
IRCTC 25028 BHIM Successful IndusInd 9522,25028,travel,upi,bhim,indusind,ocr_upi
yaar eye checkup pe 290 ka test karaya card se pay kar diya achha deal mila,290,healthcare,card,,,hinglish_natural
Coin me 14850 rupaiye ka mutual fund kia card se pay kiya,27435,investment,card,,icici,source_hinglish
crypto pe 388 ka paisa daala bhim pe,388,investment,upi,bhim,,hinglish_natural
Reliance Fresh me 23961 rupaiye ka mangwaya Gpay se,23961,food,upi,gpay,,hinglish_natural
1028 rupaiye paisa daala Zerodha pe debit card se sasta tha,1028,investment,card,,,hinglish_natural
1945 rs. MakeMyTrip cred se,1945,travel,upi,cred,icici,hinglish_natural
mutual fund SIP stocks PPF FD investment 3771 fi,3771,investment,upi,fi,,cue_row
breakfast snacks chai coffee ?235 phonepe,235,food,upi,phonepe,bandhan,cue_row
TO:FD fd.27945@kotakmahindrabank From:PRIYASHARMA (Kotak Mahindra Gpay : sender2793@okkotakmahindrabank,115,investment,upi,gpay,kotak,ocr_upi
Angel One 224 ₹ PayTM se pay kiyaa,224,investment,upi,paytm,,hinglish_natural
Udemy ka fees bhar diya 16735 rs via SLICE matlab,16735,education,upi,slice,bandhan,hinglish_natural
NEFT/TRANSFER/ZOMATO/,356.65,food,upi,gpay,,english_natural
ghar jaate waqt 1mg 55 rupees fi se pay kiyaa HDFC Bank wale account se,1,healthcare,upi,fi,hdfc,hinglish_natural
yaar water bill se bill pay kr diya 10831 rupay ka bhim se pay kar diya,10831,utilities,upi,bhim,,hinglish_natural
"hospital BILL
St: 21215
Cred Approved",21215,healthcare,upi,cred,,ocr_receipt
4060 rs. kha liya JioMart ko haath se de diya,4060,food,cash,,,hinglish_natural
Blinkit pe 1382 ka food order kiya card se bc,1382,food,card,,,hinglish_natural
₹9189 to roommate PayTM UPI,9189,friends,upi,paytm,,friends_synthetic
Paid Rs 1289 for gas bill via Bhim,1289,utilities,upi,bhim,,english_natural
electronics clothes shoes accessories purchase Rs 201 via PhonePe,201,shopping,upi,phonepe,,cue_row
bhai IRCTC me 1854 rs. ka ride le liya card se pay kiyaa SLICE wale account se,1854,travel,card,,slice,hinglish_natural
crypto gold bonds NPS portfolio t133 card,133,investment,card,,,cue_row
office se aate hue Airtel recharge ka payment kia 3026 ₹ G Pay se,3026,utilities,upi,gpay,,hinglish_natural
"BILL
Swiggy
INR 304
BHIM
Thank You Visit Again",304,food,upi,bhim,,ocr_receipt
224 rs. Biryani Blues card se,36960,food,card,,union bank,source_hinglish
POS/EDUCATION LOAN EMI/G PAY/2269,1087,emi,upi,gpay,indusind,english_natural
CCD 170,170,food,upi,gpay,,english_natural
"Amazon Prime BILL
St: 393
Google Pay Approved",393,entertainment,upi,gpay,,ocr_receipt
spent 91 rupees on MedPlus via Fi,91,healthcare,upi,fi,idfc,voice_transcript
19700 rupees Burger King cash,19700,food,cash,,,voice_transcript
subah Cleartrip ka kiraya diye 1777 rs. UPI se,1777,travel,upi,paytm,,hinglish_natural
HDFC loan ka 886 rupees ka bill SLICE se pay kiya,886,emi,upi,slice,fi,voice_transcript
Slice payment t10849.24 yaar sbi 7425 successful,10849.24,friends,upi,slice,sbi,ocr_upi
190 rupees metro via PayTM,190,travel,upi,paytm,,hinglish_natural
Zara ka shopping kiya 130 rupaye UPI se,130,shopping,upi,paytm,,hinglish_natural
"Vi recharge
Net Amount 1494.37
Paid via gpay",1494.37,utilities,upi,gpay,,ocr_receipt
Credit card EMI INR 14153,14153,emi,upi,phonepe,,source_english
"Receipt #6308
BSNL
Amount Paid: 4965
Mode: CRED",4965,utilities,upi,cred,,ocr_receipt
metro ka petrol bhar diya 5754 ₹ cash de diye,5754,travel,cash,,icici,hinglish_natural
18683 ka Airtel recharge bill pay kiya Phone Pe se axis se kata,18683,utilities,upi,phonepe,axis,voice_transcript
lunch dinner food order swiggy zomato restaurant meal ₹58 CRED,58,food,upi,cred,,cue_row
raat ko Groww se paisa daala 304 ₹ ka debit card se,304,investment,card,,,hinglish_natural
MedPlus ₹430 BHIM,430,healthcare,upi,bhim,axis,ocr_upi
Paid Rs.3651 for Bharat Petroleum via Visa,3651,travel,card,,yes bank,english_natural
uber ola cab ride airport train ticket ₹8016 card,8016,travel,card,,,cue_row
INR 172.55 charged for Netmeds on Gpay,172.55,healthcare,upi,gpay,,english_natural
dost Priya ko 435 rupaye bhim se bheje,435,friends,upi,bhim,yes bank,friends_synthetic
yaar library se tuition diy 1831 rs. ka credit card se SLICE se kata,1831,education,card,,slice,hinglish_natural
"Receipt #9953
food court
Amount Paid: 365
Mode: Google Pay",365,food,upi,gpay,hdfc,ocr_receipt
aaj H&M 1798 rs. UPI se pay kya,1798,shopping,upi,gpay,kotak,hinglish_natural
mutual fund SIP stocks PPF FD investment INR 4729 card,4729,investment,card,,,cue_row
Just paid Rs 3009 to Neha through card,3009,friends,card,,,english_natural
30454 charged for books on cash,30454,education,cash,,fi,english_natural
Bought bike loan EMI for Rs144.81 with card,144.81,emi,card,,,english_natural
INOX me 145 rs ka subscription renew kr diya card se pay kiya,145,entertainment,card,,fi,hinglish_natural
Amazon purchase INR 4956,4956,shopping,card,,sbi,source_english
abhi 13555 ₹ petrol bhara metro pe cash diyee,13555,travel,cash,,,hinglish_natural
dost 3184 rupaiye Slice se pay kar diya icici card se,3184,friends,upi,slice,icici,hinglish_natural
Flipkart me 32020 rupees ka order kr diya UPI se,32020,shopping,upi,gpay,,hinglish_natural
broadband se recharge kiya 3855 rupaiye ka Phonepe se,3855,utilities,upi,phonepe,,hinglish_natural
paid Ananya ₹3740 via phonepe,3740,friends,upi,phonepe,axis,friends_synthetic
home loan car loan credit card EMI monthly ₹4754 autopay GPay,4754,emi,upi,gpay,,cue_row
bhai SIP ka 397 rupaye Gpay se de diya,397,investment,upi,gpay,,voice_transcript
today i spent 382 on lab test via cash,382,healthcare,cash,,,voice_transcript
coaching 28222.52 BHIM,28222.52,education,upi,bhim,icici,ocr_upi
grocery vegetables milk bread fruits Rs8512 paid cash,8512,food,cash,,,cue_row
doctor payment Rs.2585 done via credit card,2585,healthcare,card,,,english_natural
stationery 30605,30605,education,card,,,english_natural
ATM/CASH/HDFC/328.79,328.79,utilities,upi,paytm,hdfc,english_natural
4534 ka food court bill pay kiya PhonePe se Fi Money se kata,4534,food,upi,phonepe,fi,voice_transcript
paid friend Rs 3816 via SLICE,3816,friends,upi,slice,,friends_synthetic
office se aate hue Vikram se udhar return kiya 3060 rupay ka via BHIM,3060,friends,upi,bhim,axis,hinglish_natural
coaching exam preparation study material R 30 card,30,education,card,,,cue_row
flatmate rent share 4344 fi Pooja,4344,friends,upi,fi,,friends_synthetic
mobile recharge ka 2459 rupees ka bill card se pay kiya,2459,utilities,card,,,voice_transcript
?4495 to Zerodha via G Pay,4495,investment,upi,gpay,,english_natural
353 rupees Amit cash me budget tod diya,353,friends,cash,,,hinglish_natural
abhi college fees se course lia 36404 rupaye ka card se pay kiya,36404,education,card,,,hinglish_natural
raat ko Blinkit se khana order kar diya 711 rupaiye ka GPay se pay kiyaa Jupiter se,711,food,upi,gpay,jupiter,hinglish_natural
flatmate rent share 8000 phonepe Arjun,8000,friends,upi,phonepe,,friends_synthetic
Spent ₹4475 on Practo using cash,4475,healthcare,cash,,,english_natural
HDFC loan ka EMI kat gayi 21474 rupaye card se pay kia,21474,emi,card,,,hinglish_natural
yaar HDFC loan ka EMI bhra 47922 rupaiye credit card se,47922,emi,card,,,hinglish_natural
KFC 103 rupaye cash me,103,food,cash,,,hinglish_natural
372 ka crypto bill pay kiya card se State Bank se kata,372,investment,card,,sbi,voice_transcript
2201 rupaiye khareed le liya Amazon ko haath se de diye zyada ho gaya,30444,shopping,cash,,idfc,source_hinglish
electricity bill se recharge kiya 3751 rs ka cred pe,3751,utilities,upi,cred,kotak,hinglish_natural
aaj Vedantu se admission kiya 499 ₹ ka cred pe,499,education,upi,cred,hdfc,hinglish_natural
NEFT/TRANSFER/RELIANCE FRESH/PUNJAB NATIONAL BANK,247.43,food,card,,pnb,english_natural
paid Rahul ₹491 via slice,491,friends,upi,slice,,friends_synthetic
water bill 709 rupaye Jupiter se pay kiyaa,709,utilities,upi,jupiter,,hinglish_natural
subah Rapido ka ticket book kr diya 3337 ₹ Phone Pe se,3337,travel,upi,phonepe,,hinglish_natural
paid Rohan ₹14285 via GPay,14285,friends,upi,gpay,,friends_synthetic
home loan EMI ka loan payment kar diya 49804 ₹ credit card se bhai,49804,emi,card,,,hinglish_natural
home loan car loan credit card EMI monthly ?1993 autopay Google Pay,1993,emi,upi,gpay,,cue_row
TO:IRCTC irctc.36227@icicibank From:AMITSINGH (ICICI Gpay : sender2039@okicicibank,1900,travel,upi,gpay,icici,ocr_upi
college fees me 324 rs. ka course liyaa UPI se,324,education,upi,slice,sbi,hinglish_natural
TO:RAHUL rahul.86524@hdfcbankbank From:PRIYASHARMA (HDFC Bank Gpay : sender4673@okhdfcbankbank,20914.38,friends,upi,gpay,hdfc,ocr_upi
Dunkin ka kha liya 11662 rs UPI se,11662,food,upi,paytm,slice,hinglish_natural
1595 rupaiye Tata Play GPay se,1595,utilities,upi,gpay,pnb,hinglish_natural
3528 rupees mutual fund UPI se,3528,investment,upi,gpay,jupiter,hinglish_natural
BYJU'S 21149,21149,education,card,,pnb,english_natural
education loan EMI Rs.10706.12 debited from Fi Money,10706.12,emi,card,,fi,english_natural
TO:AMAZONPRIME amazonprime.88556@axisbank From:AMITSINGH (Axis Phone Pe : user2072@okaxisbank,3496,entertainment,upi,phonepe,axis,ocr_upi
Amazon purchase INR 8762,8762,shopping,upi,bhim,,source_english
rickshaw 1900 PayTM Successful Kotak Mahindra 2063,1900,travel,upi,paytm,kotak,ocr_upi
mall ka buy kya 13687 debit card se,13687,shopping,card,,,hinglish_natural
946 ka home loan EMI bill pay kiya card se,946,emi,card,,,voice_transcript
Netflix se subscription renew kya 3877 rupay ka paytm se pay kia,3877,entertainment,upi,paytm,,hinglish_natural
28612 water bill card se,28612,utilities,card,,fi,hinglish_natural
abhi school fees ka fees bhar diya 20679 ₹ fi se pay kr diya,20679,education,upi,fi,,hinglish_natural
Payment of INR 3258 to crypto was successful via gpay UPI Ref No 815883225702116 icici Account 5276,3258,investment,upi,gpay,icici,ocr_upi
Spent Rs4900 on Spotify using debit card,4900,entertainment,card,,,english_natural
i paid 44265 rupees for lab test using Google Pay,44265,healthcare,upi,gpay,,voice_transcript
crypto gold bonds NPS portfolio 421 card,421,investment,card,,,cue_row
Yatra pe 10016 rs. ka ride lia cash de diya hdfc se budget tod diya,10016,travel,cash,,hdfc,hinglish_natural
roommate ka split kar diya 73 rupay UPI se pay kia zyada ho gaya,73,friends,upi,slice,,hinglish_natural
spent 182 rupees on Bewakoof via card,182,shopping,card,,,voice_transcript
subah Meesho 48852 ₹ debit card se zyada ho gaya,48852,shopping,card,,,hinglish_natural
Payment of t48681 to HP Petrol was successful via gpay UPI Ref No 373965272959 BOB Account 2481,48681,travel,upi,gpay,bob,ocr_upi
Coin me 201 rupaiye ka paisa daala debit card se,201,investment,card,,,hinglish_natural
Paytm Money me 33 rupaiye ka invest kiya debit card se,33,investment,card,,,hinglish_natural
sent 2029 to friend on Phone Pe split bill UPI,2029,friends,upi,phonepe,,cue_row
392 rupees Netflix CRED pe,42375,entertainment,upi,cred,,source_hinglish
society maintenance se recharge kiya 769 rs. ka UPI se,769,utilities,upi,phonepe,jupiter,hinglish_natural
Paytm Money Rs49112 credit card,49112,investment,card,,,english_natural
dopahar ko Uber me 626 rupaye ka petrol bhar diya UPI se pay kia,626,travel,upi,cred,,hinglish_natural
"D STATIONERY 29488.17 Completed 24Jan 2026,10:31 pm YES BANK Bank 8506 UPI transaction ID 7314812479560 TO:STATIONERY stationery.52507@yes bankbank Goog1etransaction lD CICAgJjg206515 OPI PhonePe",29488.17,education,upi,phonepe,yes bank,ocr_upi
?26400 paid to IndiGo via phonepe UPI from Axis Bank ending 6776,26400,travel,upi,phonepe,axis,ocr_upi
amazon flipkart myntra online shopping order Rs 285 GPay,285,shopping,upi,gpay,sbi,cue_row
electronics clothes shoes accessories purchase Rs 3955 via card,3955,shopping,card,,,cue_row
"ACT FIBERNET RESTAURANT
Total 4218.23
Cash Received
Change 0.00",4218.23,utilities,upi,gpay,,ocr_receipt
"D EYECHECKUP 13578.50 Completed 2Apr 2026,12:53 pm IndusInd Bank 9607 UPI transaction ID 57298982054 TO:EYECHECKUP eye checkup.22253@indusindbank Soogletransaction lD XYZabc282912 OPI paytm",13578.50,healthcare,upi,paytm,indusind,ocr_upi
i did 24167 expense on diagnostic using phonepe,24167,healthcare,upi,phonepe,,voice_transcript
NPS Rs 213 cred,213,investment,upi,cred,hdfc,ocr_upi
"D SBILOAN 4165 Completed 19Jan 2026,9:44 pm HDFC Bank 1812 UPI transaction ID 70898500038891 TO:SBILOAN sbi loan.23289@hdfcbank Goog1etransaction lD CICAgJjg036096 OPI Paytm",4165,emi,upi,paytm,hdfc,ocr_upi
Lenskart se order kar diya 4504 rs. ka UPI se SBI se kata,4504,shopping,upi,paytm,sbi,hinglish_natural
bhai ₹4999.10 G Pay,4999.10,friends,upi,gpay,federal bank,ocr_upi
today i spent 1745 on Amazon via card,1745,shopping,card,,,voice_transcript
Amazon ka 135 rupees ka bill card se pay kiya,135,shopping,card,,,voice_transcript
Rs.24.63 paid to personal loan EMI via Phonepe UPI from Axis Bank Bank ending 2025,24.63,emi,upi,phonepe,axis,ocr_upi
UPI/96259122/STARBUCKS/BANK,3624.52,food,card,,,english_natural
UPI/29077818/CREDIT CARD EMI/BANK,30274,emi,card,,,english_natural
4283 rupay RedBus UPI se,4283,travel,upi,gpay,sbi,hinglish_natural
"society maintenance
Net Amount 228
Paid via paytm",228,utilities,upi,paytm,,ocr_receipt
UPI/40200278/DENTIST/ICICI BANK,113,healthcare,cash,,icici,english_natural
electricity water broadband mobile recharge bill t3953 card,3953,utilities,card,,,cue_row
Bharat Petroleum 3578 rs. naqad budget tod diya,3578,travel,cash,,,hinglish_natural
maine 22749 rupaye H&M ko diye card se,22749,shopping,card,,,voice_transcript
Angel One 1209 rupaye card se,1209,investment,card,,,hinglish_natural
personal loan EMI se installment die 39274 rs ka card se,39274,emi,card,,,hinglish_natural
school college tuition course books fees ?31867 cash,31867,education,cash,,bandhan,cue_row
school fees mein 4826 lag gaye card se bhara,4826,education,card,,,voice_transcript
Paid 4309 for PharmEasy via Phone Pe,4309,healthcare,upi,phonepe,,english_natural
spent 29535 rupees on society maintenance via Phone Pe,29535,utilities,upi,phonepe,,voice_transcript
"MYNTRA RESTAURANT
Total 926.75
Cash Received
Change 0.00",926.75,shopping,card,,,ocr_receipt
Zara 3217.53 phonepe Completed YES BANK 9324,3217.53,shopping,upi,phonepe,yes bank,ocr_upi
sent Rs1354 to friend on Google Pay split bill UPI,1354,friends,upi,gpay,,cue_row
rickshaw me 24832 rs. ka petrol bhara UPI se die ICICI Bank wale account se,24832,travel,upi,cred,icici,hinglish_natural
"DMart 12776 Completed 16Jul 2025,4:14 am Kotak 6670 UPI transaction ID 5094448317493",12776,food,upi,gpay,kotak,ocr_upi
Vedantu 77 ₹ debit card se Fi se kata,77,education,card,,fi,hinglish_natural
i paid 45368 rupees for Dominos using cash,45368,food,cash,,sbi,voice_transcript
ghar jaate waqt 1969 ₹ water bill UPI se pay kr diya,1969,utilities,upi,phonepe,slice,hinglish_natural
Ajio 3128 rupaye Phone Pe se pay kya,3128,shopping,upi,phonepe,,hinglish_natural
paid 3289 to Ajio through cash from Punjab National Bank,3289,shopping,cash,,pnb,voice_transcript
ATM/CASH/AXIS/26087,26087,emi,card,,axis,english_natural
"lab test 37 Completed 22Mar 2025,4:59 am Bandhan Bank 3225 UPI transaction ID 81120996676372",37,healthcare,upi,paytm,bandhan,ocr_upi
Used State Bank slice to pay Rs.34282 for SIP,34282,investment,upi,slice,sbi,english_natural
₹322 paid to gaming via Visa from SBI,322,entertainment,card,,sbi,english_natural
dinner split 21934 rupaye colleague card,21934,friends,card,,,friends_synthetic
Just paid 1674 to clinic through cred,1674,healthcare,upi,cred,icici,english_natural
electronics clothes shoes accessories purchase t1413 via card,1413,shopping,card,,,cue_row
Amazon Prime 44231 fi Completed SBI 7450,44231,entertainment,upi,fi,sbi,ocr_upi
coaching exam preparation study material ₹134 cash,134,education,cash,,icici,cue_row
POS/DISHTV/CASH/5595,3609.35,utilities,cash,,hdfc,english_natural
"Amazon BILL
St: INR 435
CARD approved",435,shopping,card,,,ocr_receipt
yaar Chai Point me 1689 rupay ka khana order kiyaa credit card se,1689,food,card,,,hinglish_natural
YouTube Premium 5292 rupees credit card se zyada ho gaya,5292,entertainment,card,,,hinglish_natural
yaar Blinkit se mangwaya 105 rupaiye ka card se,105,food,card,,,hinglish_natural
15109 rupees subscription renew kia Apple Music pe UPI se pay kiyaa,15109,entertainment,upi,gpay,kotak,hinglish_natural
bhai Vi recharge ka 306 rupaye Bhim se de diya,306,utilities,upi,bhim,niyo,voice_transcript
lab test 772 ₹ UPI se pay kia,772,healthcare,upi,slice,,hinglish_natural
23253.45 charged for friend on paytm,23253.45,friends,upi,paytm,,english_natural
Paid ₹396.30 for Tata Play from my Canara account via PayTM,396.30,utilities,upi,paytm,canara,english_natural
electricity bill t347 gpay,347,utilities,upi,gpay,indusind,ocr_upi
aaj bro pe 569 rupaye kharcha hua Phonepe se,569,friends,upi,phonepe,,voice_transcript
Meesho pe 4986 rs ka khareed lia card se slice se kata,4986,shopping,card,,slice,hinglish_natural
coaching exam preparation study material 253 card,253,education,card,,,cue_row
dentist payment R 22386.37 done via credit card,22386.37,healthcare,card,,,english_natural
Rapido 30996 debited from HDFC Bank,30996,travel,card,,hdfc,english_natural
"BILL
Snapdeal
Rs.27448
CARD
Thank You Visit Again",27448,shopping,card,,pnb,ocr_receipt
35607 rupay clinic phonepe se pay kar diya achha deal mila,35607,healthcare,upi,phonepe,axis,hinglish_natural
NEFT/TRANSFER/BOX8/PUNJAB NATIONAL BANK,84.26,food,upi,gpay,pnb,english_natural
Cleartrip se petrol bhara 4891 rupees ka credit card se,4891,travel,card,,,hinglish_natural
PPF me 1412 rupaye ka paisa daala PayTM se axis account se,1412,investment,upi,paytm,axis,hinglish_natural
ghar jaate waqt PharmEasy me 304 rs ka dawai liyaa PhonePe pe,304,healthcare,upi,phonepe,,hinglish_natural
hospital ka checkup karaya 430 haath se diyee,430,healthcare,cash,,,hinglish_natural
subah RedBus pe 525 rupees ka ride liyaa cash me,525,travel,cash,,,hinglish_natural
maine 1920 rupaye Ola ko diye Phonepe se,1920,travel,upi,phonepe,,voice_transcript
2825 Gpay doctor,2825,healthcare,upi,gpay,,english_natural
Gpay payment Rs407 Myntra State Bank 6022 completed,407,shopping,upi,gpay,sbi,ocr_upi
29428 rupees friend UPI se pay kya zyada ho gaya,29428,friends,upi,gpay,bob,hinglish_natural
yaar 35955 ₹ doctor ko diy doctor pe UPI se,35955,healthcare,upi,jupiter,,hinglish_natural
raat ko Kuvera se mutual fund kya 3258 rupees ka UPI se pay kr diya matlab,19455,investment,upi,gpay,,source_hinglish
sent Rs16547 to Shreya on cash,16547,friends,cash,,,friends_synthetic
Barbeque Nation 4119 rupees paytm se pay kya,4119,food,upi,paytm,,hinglish_natural
aaj DishTV pe 14228 rupaye kharcha hua gpay se,14228,utilities,upi,gpay,,voice_transcript
ghar jaate waqt dost me 243 rupaye ka paise bheje SLICE se pay kya icici wale account se,243,friends,upi,slice,icici,hinglish_natural
aaj 185 rs Ananya cash me,185,friends,cash,,yes bank,hinglish_natural
7829 to credit card EMI via G Pay Punjab National Bank account,7829,emi,upi,gpay,pnb,english_natural
61 rs. Gaana card se,61,entertainment,card,,,hinglish_natural
canteen pe 252 rupaye ka mangwaya SLICE se,252,food,upi,slice,,hinglish_natural
Box8 26312.26 PayTM Payment done Kotak 9257,26312.26,food,upi,paytm,kotak,ocr_upi
₹34 paid to Cleartrip via GPay UPI from Kotak Bank ending 5913,34,travel,upi,gpay,kotak,ocr_upi
college fees 39430.54,39430.54,education,cash,,,english_natural
3390 rupaiye Zee5 naqad,3390,entertainment,cash,,,hinglish_natural
Paid ?6566 for H&M via card,6566,shopping,card,,fi,english_natural
personal loan installment EMI deduction 1838 card,1838,emi,card,,,cue_row
lunch dinner food order swiggy zomato restaurant meal INR 24583 cash,24583,food,cash,,,cue_row
"mobile recharge
Net Amount 3483
Paid via CARD",3483,utilities,card,,,ocr_receipt
Practo 4097,4097,healthcare,card,,,english_natural
"APPLE MUSIC RESTAURANT
Total 4420.94
Cash Received
Change 0.00",4420.94,entertainment,upi,paytm,,ocr_receipt
2069 rupay mutual fund kr diya Coin ko debit card se,2069,investment,card,,,hinglish_natural
Spent 848 on Zee5 using credit card,848,entertainment,card,,sbi,english_natural
"TAX INVOICE
Flipkart
Grand Total: INR 237
Payment: CARD",237,shopping,card,,,ocr_receipt
Payment of 33714 to PVR was successful via PayTM UPI Ref No 464791142464 hdfc Account 1222,33714,entertainment,upi,paytm,hdfc,ocr_upi
"D VEDANTU 26756 Completed 7Jan 2026,2:35 pm Axis Bank 1836 UPI transaction ID 327223175513482 TO:VEDANTU vedantu.74964@axisbank Googletransaction lD XYZabc699417 OPI gpay",26756,education,upi,gpay,axis,ocr_upi
tuition se tuition diye 3908 rs. ka slice se pay kiya achha deal mila,3908,education,upi,slice,,hinglish_natural
aaj electronics store 16681 rs. Bhim pe,16681,shopping,upi,bhim,bob,hinglish_natural
Just paid Rs.2943 to metro through debit card,2943,travel,card,,hdfc,english_natural
today i spent 1225 on water bill via card from my hdfc bank,1225,utilities,card,,hdfc,voice_transcript
Cleartrip ka petrol bhra 43587 rupaiye UPI se bhai,43587,travel,upi,slice,,hinglish_natural
Paid clinic Rs.43871.70 using Jupiter,43871.70,healthcare,upi,jupiter,,english_natural
Paid 49481.97 for school fees from my Axis Bank account via Phone Pe,49481.97,education,upi,phonepe,axis,english_natural
Spent Rs.27041 on Jio recharge using jupiter,27041,utilities,upi,jupiter,,english_natural
Paid Rs39894.90 for Meesho via Google Pay,39894.90,shopping,upi,gpay,,english_natural
Airtel recharge se bill bhara 414 rs. ka UPI se pay kia sasta tha,414,utilities,upi,phonepe,,hinglish_natural
paid Vikram ₹413 via Phonepe,413,friends,upi,phonepe,axis,friends_synthetic
16275 rupaiye education loan EMI card se,16275,emi,card,,icici,hinglish_natural
20639 ₹ khareed liyaa Bewakoof ko card se,20639,shopping,card,,,hinglish_natural
452 rupees MakeMyTrip card Fi account,452,travel,card,,fi,voice_transcript
hospital doctor pharmacy medicine diagnostic Rs.31215 cash,31215,healthcare,cash,,,cue_row
dinner split 14300 rupaye roommate PhonePe,14300,friends,upi,phonepe,,friends_synthetic
netflix spotify hotstar subscription movie show 3429 cash,3429,entertainment,cash,,,cue_row
electronics clothes shoes accessories purchase t423 via card,423,shopping,card,,,cue_row
dinner split 1070 rupaye Amit GPay,1070,friends,upi,gpay,,friends_synthetic
INR 15778.35 to Airtel recharge via cred Kotak account,15778.35,utilities,upi,cred,kotak,english_natural
credit card EMI se installment de diye 6225 rupaiye ka card se pay kiyaa,26025,emi,card,,icici,source_hinglish
BSNL ₹452 Phonepe,452,utilities,upi,phonepe,axis,ocr_upi
258 rs Hotstar UPI se pay kiyaa,258,entertainment,upi,phonepe,hdfc,hinglish_natural
ghar jaate waqt ET Money ka stock lia 2709 rupay UPI se,2709,investment,upi,phonepe,,hinglish_natural
tuition se books lia 1066 ka naqad,45528,education,cash,,,source_hinglish
bhai Croma ka 4572 rupaye card se de diya,4572,shopping,card,,,voice_transcript
TO:SOCIETYMAINTENANCE societymaintenance.84331@statebankbank From:PRIYASHARMA (State Bank slice : sender2491@okstatebankbank,4218,utilities,upi,slice,sbi,ocr_upi
FirstCry 17679.99,17679.99,shopping,upi,phonepe,sbi,english_natural
Paid INR 94 to SBI loan Gpay UPI YES BANK 5497 Completed,94,emi,upi,gpay,yes bank,ocr_upi
24067 ka BSNL bill pay kiya PayTM se Punjab National Bank se kata,24067,utilities,upi,paytm,pnb,voice_transcript
Coin 1754.70,1754.70,investment,upi,slice,,english_natural
aaj roommate pe 3431 rupaye kharcha hua paytm se,3431,friends,upi,paytm,,voice_transcript
kal Udemy pe 2912 rupaye ka books lia G Pay se pay kiya,2912,education,upi,gpay,,hinglish_natural
"BILL
McDonald's
163
Paytm
Thank You Visit Again",163,food,upi,paytm,hdfc,ocr_receipt
Spent INR 3036 on JioMart using CRED,3036,food,upi,cred,,english_natural
BLINKIT INR 377,377,food,card,,,english_natural
NEFT/TRANSFER/RICKSHAW/KOTAK MAHINDRA,2388,travel,upi,jupiter,kotak,english_natural
40061 payment kya ACT Fibernet pe credit card se achha deal mila,40061,utilities,card,,,hinglish_natural
bhai DMart se mangwaya 2699 rs. ka naqad,12169,food,cash,,,source_hinglish
Used HDFC Bank Mastercard to pay ₹3544 for DishTV,3544,utilities,card,,hdfc,english_natural
concert ka show dekha 9898 ₹ cash die,9898,entertainment,cash,,,hinglish_natural
Coursera se admission kya 473 ₹ ka cash de diya,473,education,cash,,,hinglish_natural
Groww ka invest kiyaa 1185 rupees card se,1185,investment,card,,,hinglish_natural
33140 rupaiye Vikram UPI se pay kiya,33140,friends,upi,gpay,,hinglish_natural
322 rupaiye ride le liya Yatra ko card se pay kiya Fi Money se,322,travel,card,,fi,hinglish_natural
clinic 3926 rupees naqad sbi card se,3926,healthcare,cash,,sbi,hinglish_natural
Bought Coin for 115.27 with Visa,115.27,investment,card,,,english_natural
36 ka Indian Oil bill pay kiya cash se,36,travel,cash,,,voice_transcript
abhi stationery pe 2848 ₹ ka fees bharaa card se pay kya,2848,education,card,,,hinglish_natural
INR 3762 paid to mall via phonepe UPI from axis Bank ending 3470,3762,shopping,upi,phonepe,axis,ocr_upi
maine 14030 rupaye Apollo Pharmacy ko diye card se,14030,healthcare,card,,,voice_transcript
Bewakoof se order kya 456 ₹ ka Paytm pe,456,shopping,upi,paytm,,hinglish_natural
3522 rs EMI kat gayi bike loan EMI ko paytm se pay kar diya budget tod diya,3522,emi,upi,paytm,,hinglish_natural
Rs 24699.44 paid to PharmEasy via Gpay UPI from Kotak Bank ending 2800,24699.44,healthcare,upi,gpay,kotak,ocr_upi
SIP Rs.2257.96 debited from axis,2257.96,investment,card,,axis,english_natural
G Pay payment ?2119 flatmate SBI 5537 completed,2119,friends,upi,gpay,sbi,ocr_upi
₹2680.79 charged for Rapido on card,2680.79,travel,card,,sbi,english_natural
ghar jaate waqt coaching se tuition die 26010 ₹ ka credit card se,26010,education,card,,hdfc,hinglish_natural
maine 4148 rupaye Kuvera ko diye Slice se,4148,investment,upi,slice,,voice_transcript
paid 1405 to lab test through cash,1405,healthcare,cash,,,voice_transcript
2999 rupees Amazon Prime PhonePe SBI account,2999,entertainment,upi,phonepe,sbi,voice_transcript
i paid 14699 rupees for rent using bhim,14699,utilities,upi,bhim,sbi,voice_transcript
i did 19231 expense on dhaba using phonepe,19231,food,upi,phonepe,,voice_transcript
Spent 311 on bhai using paytm,311,friends,upi,paytm,,english_natural
Rs763 to Shreya via PayTM,763,friends,upi,paytm,,english_natural
mutual fund SIP stocks PPF FD investment ₹5249 card,5249,investment,card,,,cue_row
yaar 22842 rupaiye order kya Tata CLiQ pe card se,22842,shopping,card,,,hinglish_natural
Mobile recharge INR 17970,17970,utilities,upi,jupiter,icici,source_english
Vi recharge 133 ₹ Phone Pe se pay kya,133,utilities,upi,phonepe,,hinglish_natural
₹4118.94 paid to concert via Mastercard from SBI,4118.94,entertainment,card,,sbi,english_natural
321 charged for Nature's Basket on PayTM,321,food,upi,paytm,,english_natural
maine 1638 rupaye BSNL ko diye cred se,1638,utilities,upi,cred,,voice_transcript
tuition 171,171,education,card,,,english_natural
2523 rupees Unacademy CRED,2523,education,upi,cred,,voice_transcript
Reliance Fresh me 24070 ₹ ka kha liya debit card se,24070,food,card,,,hinglish_natural
Flipkart mein 4710 lag gaye Phonepe se bhara,4710,shopping,upi,phonepe,,voice_transcript
coaching ka course liyaa 451 rs debit card se budget tod diya,451,education,card,,,hinglish_natural
PharmEasy ?261.94 debited from IDFC First,261.94,healthcare,upi,phonepe,idfc,english_natural
aaj colleague pe 2414 rupaye kharcha hua G Pay se,2414,friends,upi,gpay,,voice_transcript
POS/INSURANCE PREMIUM/GPAY/6888,29162.33,utilities,upi,gpay,,english_natural
HDFC loan 867 hdfc,867,emi,card,,hdfc,english_natural
bhai Flipkart ka 16267 rupaye cash se de diya,16267,shopping,cash,,,voice_transcript
gold ka paisa daala 2463 rupay debit card se,2463,investment,card,,,hinglish_natural
bike loan EMI mein 2804 lag gaye G Pay se bhara,2804,emi,upi,gpay,,voice_transcript
maine 3997 rupaye IRCTC ko diye card se,3997,travel,card,,,voice_transcript
dost Vikram ko 272 rupaye PhonePe se bheje,272,friends,upi,phonepe,,friends_synthetic
dentist 440 rupay card se pay kar diya,440,healthcare,card,,pnb,hinglish_natural
Internet recharge INR 29591,29591,utilities,card,,,source_english
Hotel booking INR 42168,42168,travel,card,,sbi,source_english
Bought PPF for ₹4714.74 with Phonepe,4714.74,investment,upi,phonepe,sbi,english_natural
285 rupay 1mg GPay se,285,healthcare,upi,gpay,sbi,hinglish_natural
breakfast snacks chai coffee ₹238 PayTM,238,food,upi,paytm,,cue_row
Apple Music se movie dekhi 33804 ₹ ka credit card se,33804,entertainment,card,,,hinglish_natural
Just paid ₹34784 to Apollo Pharmacy through Cred,34784,healthcare,upi,cred,sbi,english_natural
Airtel recharge ka bill bharra 1903 ₹ UPI se hdfc se,1903,utilities,upi,fi,hdfc,hinglish_natural
"EATFIT RESTAURANT
Total 3639
Cash Received
Change 0.00",3639,food,upi,gpay,,ocr_receipt
doctor Rs.4639 SLICE,4639,healthcare,upi,slice,kotak,ocr_upi
Coursera ₹429 Visa,429,education,card,,,english_natural
lunch dinner food order swiggy zomato restaurant meal ₹291 gpay,291,food,upi,gpay,,cue_row
3622 rupaye Coin Phone Pe se,3622,investment,upi,phonepe,,hinglish_natural
Amazon Prime payment Rs.58 done via card,58,entertainment,card,,icici,english_natural
"Myntra BILL
St: Rs 49001
GPay Approved",49001,shopping,upi,gpay,,ocr_receipt
bhai diagnostic me 16037 rupay ka doctor ko diy haath se diyee,16037,healthcare,cash,,,hinglish_natural
Unacademy ka 9660 rupees ka bill card se pay kiya,9660,education,card,,jupiter,voice_transcript
INR 373.03 paid to NPS via phonepe UPI from SBI Bank ending 8398,373.03,investment,upi,phonepe,sbi,ocr_upi
33496 rs doctor ko diye clinic ko naqad,33496,healthcare,cash,,,hinglish_natural
maine 48 rupaye H&M ko diye card se,48,shopping,card,,hdfc,voice_transcript
43415 rupaiye society maintenance UPI se diyee,43415,utilities,upi,gpay,,hinglish_natural
raat ko Priya se split kya 140 ₹ ka UPI se pay kya jupiter account se,140,friends,upi,jupiter,jupiter,hinglish_natural
Blinkit se khana kha liya 4145 ka cash me,4145,food,cash,,,hinglish_natural
office se aate hue 1027 rupaiye course lya school fees pe cash me,1027,education,cash,,,hinglish_natural
Rs.254.88 to exam fee via Mastercard ICICI account,254.88,education,card,,icici,english_natural
Rs 277 to SonyLIV via Mastercard,277,entertainment,card,,,english_natural
bro pe 572 ₹ ka split kia UPI se pay kiyaa,572,friends,upi,paytm,,hinglish_natural
gaming concert event ticket 49885 card,49885,entertainment,card,,,cue_row
335 rupaye transfer kia friend pe naqad,335,friends,cash,,,hinglish_natural
3059 ₹ payment kia DishTV ko cash me jupiter wale account se,3059,utilities,cash,,jupiter,hinglish_natural
food court 289 rs. cash me sasta tha,289,food,cash,,,hinglish_natural
Just paid Rs 46315 to dentist through debit card,46315,healthcare,card,,,english_natural
Angel One se mutual fund kia 189 rupaiye ka card se,189,investment,card,,,hinglish_natural
Bharat Petroleum INR 117 Mastercard,117,travel,card,,,english_natural
Zerodha ka mutual fund kia 256 UPI se pay kiyaa,256,investment,upi,phonepe,,hinglish_natural
PHARMEASY INR 2468,2468,healthcare,upi,gpay,,english_natural
dost Priya ko 185 rupaye phonepe se bheje,185,friends,upi,phonepe,axis,friends_synthetic
t205 to Priya G Pay UPI,205,friends,upi,gpay,,friends_synthetic
Paid DishTV 1377 using Jupiter from sbi,1377,utilities,upi,jupiter,sbi,english_natural
subah 1039 ₹ admission kia Coursera ko credit card se,1039,education,card,,,hinglish_natural
today i spent 3181 on rickshaw via card,3181,travel,card,,,voice_transcript
TO:SBILOAN sbiloan.47411@hdfcbank From:UTSAVJANA (hdfc PayTM : sender7037@okhdfcbank,980.31,emi,upi,paytm,hdfc,ocr_upi
kal Jio recharge se bill bhar diya 34154 ka PhonePe se pay kiya,34154,utilities,upi,phonepe,,hinglish_natural
"diagnostic
Net Amount 2253
Paid via slice",2253,healthcare,upi,slice,sbi,ocr_receipt
"TAX INVOICE
SonyLIV
Grand Total: R 2164
Payment: BHIM",2164,entertainment,upi,bhim,,ocr_receipt
4306 rs khana khya Blinkit pe SLICE pe,4306,food,upi,slice,,hinglish_natural
Karan 127.14 jupiter Successful Bandhan Bank 9680,127.14,friends,upi,jupiter,bandhan,ocr_upi
grocery vegetables milk bread fruits ₹1803 paid Cred,1803,food,upi,cred,,cue_row
metro payment 18049 done via cash,18049,travel,cash,,,english_natural
"BILL
doctor
Rs.4252
paytm
Thank You Visit Again",4252,healthcare,upi,paytm,icici,ocr_receipt
Uber 11825,11825,travel,card,,,english_natural
GPay payment Rs 2516 Bharat Petroleum sbi 1498 successful,2516,travel,upi,gpay,sbi,ocr_upi
bhai Air India ka 3787 rupaye cash se de diya,3787,travel,cash,,canara,voice_transcript
exam fee ₹1054 gpay,1054,education,upi,gpay,axis,ocr_upi
"D UNACADEMY 441 Completed 15Apr 2026,12:24 pm sbi Bank 5736 UPI transaction ID 2685314000 TO:UNACADEMY unacademy.33643@sbibank Soogletransaction lD XYZabc736051 OPI Phone Pe",441,education,upi,phonepe,sbi,ocr_upi
sent Rs 4601 to roommate on Paytm,4601,friends,upi,paytm,bob,friends_synthetic
ATM/CASH/STATE BANK/4500,4500,healthcare,card,,sbi,english_natural
Zee5 ka ticket liya 5313 rs. credit card se HDFC wale account se,5,entertainment,card,,hdfc,hinglish_natural
kal 309 rs checkup karaya 1mg ko GPay pe Jupiter wale account se,309,healthcare,upi,gpay,jupiter,hinglish_natural
netflix spotify hotstar subscription movie show 3400 GPay,3400,entertainment,upi,gpay,,cue_row
books 4299 rs. Phone Pe pe,4299,education,upi,phonepe,,hinglish_natural
kal insurance premium me 533 rupay ka bill pay kr diya cash me Jupiter card se,533,utilities,cash,,jupiter,hinglish_natural
"PVR
Item 1 Rs.103
Item 2 Rs 218
Total Rs172
CARD",172,entertainment,card,,,ocr_receipt
CRED payment ₹245 gold HDFC Bank 5367 done,245,investment,upi,cred,hdfc,ocr_upi
petrol diesel fuel 235 at pump card,235,travel,card,,,cue_row
kal 27125 rupees education loan EMI SLICE se pay kia,27125,emi,upi,slice,,hinglish_natural
personal loan installment EMI deduction Rs 3218 card,3218,emi,card,,,cue_row
₹3919 debited from your HDFC Bank account for FirstCry (PhonePe UPI),3919,shopping,upi,phonepe,hdfc,ocr_upi
PPF 1634 CRED Completed Union Bank 8192,1634,investment,upi,cred,union bank,ocr_upi
2457 rupaiye diagnostic haath se diye budget tod diya,2457,healthcare,cash,,jupiter,hinglish_natural
"ACT Fibernet BILL
St: 835
Google Pay APPROVED",835,utilities,upi,gpay,,ocr_receipt
₹2265 to flatmate paytm UPI,2265,friends,upi,paytm,,friends_synthetic
kal Uber 491 ₹ via Cred,491,travel,upi,cred,axis,hinglish_natural
Car loan EMI INR 3218,3218,emi,card,,,source_english
Just paid Rs204 to mobile recharge through phonepe,204,utilities,upi,phonepe,fi,english_natural
Practo se checkup karaya 79 rupees ka paytm se pay kia,79,healthcare,upi,paytm,,hinglish_natural
yaar 39550 khana kha liya Nature's Basket ko naqad,39550,food,cash,,niyo,hinglish_natural
hospital doctor pharmacy medicine diagnostic 360 PhonePe,360,healthcare,upi,phonepe,,cue_row
"D KFC 797 Completed 11Mar 2026,12:16 pm State Bank Bank 8325 UPI transaction ID 97621089748 TO:KFC kfc.56540@state bankbank Goog1etransaction lD XYZabc084813 OPI PhonePe",797,food,upi,phonepe,sbi,ocr_upi
dopahar ko 139 rupay Hotstar debit card se,139,entertainment,card,,,hinglish_natural
771 rupaye broadband G Pay se yaar,771,utilities,upi,gpay,hdfc,hinglish_natural
dopahar ko 382 rupaye rickshaw cash me,382,travel,cash,,sbi,hinglish_natural
BSNL 2472 rupaye UPI se pay kar diya,2472,utilities,upi,jupiter,,hinglish_natural
today i spent 1696 on concert via card,1696,entertainment,card,,,voice_transcript
DishTV ka bill bharaa 40813 cash me,40813,utilities,cash,,,hinglish_natural
BookMyShow ₹2505 GPay,2505,entertainment,upi,gpay,hdfc,ocr_upi
42 rs loan payment kiya car loan EMI pe gpay se,42,emi,upi,gpay,,hinglish_natural
Bought hospital for 3579.32 with slice,3579.32,healthcare,upi,slice,,english_natural
grocery vegetables milk bread fruits t40349 paid GPay,40349,food,upi,gpay,,cue_row
personal loan EMI pe 20044 rupees ka EMI bharaa Cred se,20044,emi,upi,cred,,hinglish_natural
dopahar ko Croma pe 540 rupay ka buy kiya debit card se,540,shopping,card,,,hinglish_natural
medical checkup lab test health insurance INR 1849 phonepe,1849,healthcare,upi,phonepe,,cue_row
Rs.4665.34 paid to Hotstar via card from SBI,4665.34,entertainment,card,,sbi,english_natural
food court ka 35617 rupees ka bill Phonepe se pay kiya,35617,food,upi,phonepe,sbi,voice_transcript
54 rs Ola card se,54,travel,card,,slice,hinglish_natural
IRCTC se ticket book kr diya 1983 rs. ka naqad,1983,travel,cash,,,hinglish_natural
2094 ₹ Shreya Niyo pe,2094,friends,upi,niyo,,hinglish_natural
"Receipt #8510
Hotstar
Amount Paid: ₹1526
Mode: paytm",1526,entertainment,upi,paytm,,ocr_receipt
₹1933 to Reliance Fresh via Google Pay,1933,food,upi,gpay,,english_natural
home loan car loan credit card EMI monthly Rs248 autopay card,248,emi,card,,,cue_row
NEFT/TRANSFER/CAFE/SLICE,211.64,food,cash,,slice,english_natural
INOX ka movie dekhi 4771 card se,4771,entertainment,card,,,hinglish_natural
diagnostic se medicine le liya 49965 ₹ ka Gpay se pay kar diya,49357,healthcare,upi,gpay,,source_hinglish
TO:ZEPTO zepto.17595@hdfcbankbank From:AMITSINGH (HDFC Bank PayTM : sender7009@okhdfcbankbank,34025.55,food,upi,paytm,hdfc,ocr_upi
kal Air India ka kiraya de diye 1870 rupees via Fi Money,23688,travel,upi,fi,hdfc,source_hinglish
raat ko Coursera ka fees bhara 210 rupaye card se pay kia Union Bank account se,210,education,card,,union bank,hinglish_natural
bhai Reliance Digital ka 3680 rupaye NIYO se de diya,3680,shopping,upi,niyo,,voice_transcript
hospital doctor pharmacy medicine diagnostic 254 cash,254,healthcare,cash,,,cue_row
t1685 paid to Ola via Cred UPI from sbi Bank ending 9181,1685,travel,upi,cred,sbi,ocr_upi
paid 778 to Pizza Hut through cash from NIYO,778,food,cash,,niyo,voice_transcript
Bewakoof 1754 ₹ card se pay kiyaa,1754,shopping,card,,,hinglish_natural
R 212.39 paid to Vi recharge via Paytm UPI from ICICI Bank Bank ending 6293,212.39,utilities,upi,paytm,icici,ocr_upi
HDFC loan 329 rupees credit card se,329,emi,card,,,hinglish_natural
paid Karan R 14123 via cash,14123,friends,cash,,,friends_synthetic
324 rupay water bill CRED se budget tod diya,324,utilities,upi,cred,sbi,hinglish_natural
dost se dost ko diye 2536 rupees ka via Paytm yaar,2536,friends,upi,paytm,sbi,hinglish_natural
60 Mastercard Practo,60,healthcare,card,,axis,english_natural
Bharat Petroleum t43207 cash,43207,travel,cash,,,english_natural
"EYE CHECKUP RESTAURANT
Total 255.48
Cash Received
Change 0.00",255.48,healthcare,upi,bhim,kotak,ocr_receipt
aaj BYJU'S pe 287 rupaye kharcha hua card se,287,education,card,,,voice_transcript
Priya mein 238 lag gaye phonepe se bhara,238,friends,upi,phonepe,,voice_transcript
NEFT/TRANSFER/SIP/,3778,investment,upi,phonepe,,english_natural
Yatra pe 41384 rupaye ka ticket book kiyaa phonepe se Fi Money wale account se,41384,travel,upi,phonepe,fi,hinglish_natural
"Starbucks BILL
St: 32841
Paytm approved",32841,food,upi,paytm,,ocr_receipt
school college tuition course books fees 2633 card,2633,education,card,,,cue_row
4252 rupaye books liyaa exam fee pe Slice pe,4252,education,upi,slice,hdfc,hinglish_natural
i did 2365 expense on Bharat Petroleum using Phone Pe,2365,travel,upi,phonepe,fi,voice_transcript
1019 rupees BYJU'S cash HDFC account,1019,education,cash,,hdfc,voice_transcript
"stocks 49299 Completed 27Oct 2025,10:19 am Axis 2549 UPI transaction ID 36851349827349",49299,investment,upi,paytm,axis,ocr_upi
medical checkup lab test health insurance ₹297 bhim,297,healthcare,upi,bhim,icici,cue_row
dinner split 262 rupaye Priya Google Pay,262,friends,upi,gpay,,friends_synthetic
Paid ₹37655.44 for hospital via paytm,37655.44,healthcare,upi,paytm,,english_natural
niyo payment Rs385 home loan EMI Punjab National Bank 5211 successful,385,emi,upi,niyo,pnb,ocr_upi
Bought credit card EMI for Rs.7433 with Mastercard,7433,emi,card,,,english_natural
aaj Gaana pe 1065 rupaye kharcha hua Jupiter se,1065,entertainment,upi,jupiter,sbi,voice_transcript
Just paid ₹4356 to Reliance Digital through Cred,4356,shopping,upi,cred,,english_natural
3628 rs Haldirams haath se diye,3628,food,cash,,,hinglish_natural
14849 ₹ order kia Reliance Digital pe UPI se diy,14849,shopping,upi,cred,,hinglish_natural
PPF contribution INR 48667,48667,investment,upi,phonepe,,source_english
Paid ?2276 for personal loan EMI from my HDFC Bank account via debit card,2276,emi,card,,hdfc,english_natural
NEFT/TRANSFER/TUITION/FI MONEY,287,education,upi,bhim,fi,english_natural
ACT Fibernet 682,682,utilities,card,,,english_natural
314 paid to dentist via Phonepe UPI from State Bank Bank ending 4671,314,healthcare,upi,phonepe,sbi,ocr_upi
RAHUL INR 8332 AXIS,8332,friends,upi,niyo,axis,english_natural
ghar jaate waqt 401 rupaye khareed lya market ko debit card se,401,shopping,card,,,hinglish_natural
Zara se buy kar diya 21685 rs ka debit card se YES BANK card se,21685,shopping,card,,yes bank,hinglish_natural
i did 230 expense on Nykaa using Gpay,230,shopping,upi,gpay,,voice_transcript
eye checkup 38736.46 gpay Payment done SBI 6286,38736.46,healthcare,upi,gpay,sbi,ocr_upi
16803 rupay hospital naqad,16803,healthcare,cash,,,hinglish_natural
NEFT/TRANSFER/INSURANCE PREMIUM/,2350,utilities,upi,gpay,,english_natural
Spent INR 1705.17 on Priya using bhim,1705.17,friends,upi,bhim,hdfc,english_natural
Doctor consultation INR 33391,33391,healthcare,upi,slice,canara,source_english
"BILL
Myntra
Rs.49970
Slice
Thank You Visit Again",49970,shopping,upi,slice,axis,ocr_receipt
NEFT/TRANSFER/YOUTUBE PREMIUM/HDFC,28803.66,entertainment,upi,gpay,hdfc,english_natural
"BEWAKOOF RESTAURANT
Total 1999
Cash Received
Change 0.00",1999,shopping,card,,,ocr_receipt
education loan EMI pe 43248 ka EMI bhra Google Pay pe,43248,emi,upi,gpay,,hinglish_natural
"dentist
Net Amount 30533
Paid via CARD",30533,healthcare,card,,,ocr_receipt
Used SBI credit card to pay ₹3869 for Air India,3869,travel,card,,sbi,english_natural
Payment of t1187 to Indian Oil was successful via Paytm UPI Ref No 66536763072872 Canara Bank Account 9876,1187,travel,upi,paytm,canara,ocr_upi
Burger King 23635,23635,food,upi,phonepe,,english_natural
eye checkup se doctor ko diy 4316 rupay ka CRED se,4316,healthcare,upi,cred,,hinglish_natural
Paid Apple Music t1402 using PhonePe,1402,entertainment,upi,phonepe,,english_natural
BSNL ka payment kar diya 348 rupaiye UPI se diyee,348,utilities,upi,cred,jupiter,hinglish_natural
407 rupees loan payment kiya SBI loan pe credit card se,407,emi,card,,,hinglish_natural
Bought SpiceJet for Rs 4616 with card,4616,travel,card,,slice,english_natural
netflix spotify hotstar subscription movie show Rs12450 card,12450,entertainment,card,,,cue_row
Zara 1066 bhim,1066,shopping,upi,bhim,icici,english_natural
Reliance Digital se order kar diya 490 rs. ka card se,490,shopping,card,,,hinglish_natural
raat ko SBI loan pe 199 rupees ka EMI kat gayi via Cred,199,emi,upi,cred,,hinglish_natural
Jio recharge 1366 rupaiye Gpay se PNB wale account se,1366,utilities,upi,gpay,pnb,hinglish_natural
hospital 1727 Google Pay pe,15868,healthcare,upi,gpay,,source_hinglish
Payment of Rs.2741 to books was successful via PhonePe UPI Ref No 1761706130 ICICI Bank Account 1080,2741,education,upi,phonepe,icici,ocr_upi
34 rs personal loan EMI debit card se,34,emi,card,,,hinglish_natural
Neha se transfer kar diya 3311 rupay ka fi pe HDFC Bank se,3311,friends,upi,fi,hdfc,hinglish_natural
342 rupay gas bill credit card se,342,utilities,card,,hdfc,hinglish_natural
SBI loan Rs 2211 debited from hdfc,2211,emi,card,,hdfc,english_natural
Just paid ₹180 to Bajaj Finance EMI through BHIM,180,emi,upi,bhim,,english_natural
Payment of Rs 372 to Croma was successful via Paytm UPI Ref No 12155423739977 SBI Account 5059,372,shopping,upi,paytm,sbi,ocr_upi
aaj mall pe 245 rupaye kharcha hua slice se,245,shopping,upi,slice,,voice_transcript
sent ₹74 to Vikram on PhonePe,74,friends,upi,phonepe,bob,friends_synthetic
UPI/48375903/PPF/SLICE,331,investment,card,,slice,english_natural
lab test 28514 ₹ debit card se,28514,healthcare,card,,jupiter,hinglish_natural
paid 4210 to Flipkart through cash,4210,shopping,cash,,,voice_transcript
Bought BookMyShow for Rs.400 with cash,400,entertainment,cash,,,english_natural
₹30404.90 paid to bro via niyo UPI from SBI Bank ending 3408,30404.90,friends,upi,niyo,sbi,ocr_upi
MakeMyTrip me 44771 rupay ka kiraya diy UPI se pay kya,44771,travel,upi,gpay,icici,hinglish_natural
credit card EMI payment 2371.27 done via debit card,2371.27,emi,card,,hdfc,english_natural
Indian Oil 2615 niyo,2615,travel,upi,niyo,sbi,english_natural
9205 Mastercard car loan EMI,9205,emi,card,,hdfc,english_natural
Payment of R 2804 to school fees was successful via Google Pay UPI Ref No 30748745340 hdfc Account 5944,2804,education,upi,gpay,hdfc,ocr_upi
"D ANANYA 6439.83 Completed 27Feb 2026,9:33 pm hdfc Bank 4551 UPI transaction ID 7787313503574 TO:ANANYA ananya.42451@hdfcbank Soogletransaction lD XYZabc397886 OPI G Pay",6439.83,friends,upi,gpay,hdfc,ocr_upi
2620 paid to DishTV via bhim from State Bank,2620,utilities,upi,bhim,sbi,english_natural
"VI RECHARGE RESTAURANT
Total 414
Cash Received
Change 0.00",414,utilities,upi,gpay,,ocr_receipt
Bought upGrad for 316.07 with Visa,316.07,education,card,,,english_natural
"JIOMART
Item 1 R 272
Item 2 Rs.482
Total Rs30361
GPay",30361,food,upi,gpay,sbi,ocr_receipt
11922 ₹ checkup karaya lab test pe Gpay pe,11922,healthcare,upi,gpay,,hinglish_natural
ATM/CASH/BANK/29273.60,29273.60,healthcare,upi,gpay,,english_natural
Vedantu 270 rs. UPI se de diya,270,education,upi,gpay,,hinglish_natural
netflix spotify hotstar subscription movie show INR 47 G Pay,47,entertainment,upi,gpay,,cue_row
3073 rupay admission kia exam fee ko UPI se pay kiyaa,45737,education,upi,gpay,,source_hinglish
insurance premium se recharge kiyaa 575 rupaiye ka gpay pe,575,utilities,upi,gpay,,hinglish_natural
Just paid 393.07 to IndiGo through Jupiter,393.07,travel,upi,jupiter,axis,english_natural
bhai flatmate ko udhar return kiya 21759 rs cash se,21759,friends,cash,,,friends_synthetic
"TAX INVOICE
Zara
Grand Total: INR 296
Payment: CARD",296,shopping,card,,icici,ocr_receipt
357 to Box8 via cash Canara account,357,food,cash,,canara,english_natural
kal Air India 31481 ₹ credit card se,31481,travel,card,,,hinglish_natural
Rs.263 debited from your HDFC account for Airtel recharge (Bhim UPI),263,utilities,upi,bhim,hdfc,ocr_upi
Just paid Rs.39114.33 to tuition through gpay,39114.33,education,upi,gpay,,english_natural
Jio recharge me 1628 rs. ka bill pay kiyaa debit card se Axis Bank se,1628,utilities,card,,axis,hinglish_natural
bhai 315 rupaiye McDonald's card se,315,food,card,,,hinglish_natural
Neha ko 227 transfer kiya cash se,227,friends,cash,,,friends_synthetic
204 rupay Practo card se pay kiyaa,204,healthcare,card,,,hinglish_natural
Ananya 2673.08 G Pay Completed idfc 1432,2673.08,friends,upi,gpay,idfc,ocr_upi
Spent ₹3122 on Paytm Money using Phonepe,3122,investment,upi,phonepe,,english_natural
Paid R 2866 for Coursera via cash,2866,education,cash,,,english_natural
breakfast snacks chai coffee ₹377 paytm,377,food,upi,paytm,,cue_row
TO:HPPETROL hppetrol.17608@sbibank From:UTSAVJANA (sbi Phonepe : sender2038@oksbibank,3616.02,travel,upi,phonepe,sbi,ocr_upi
Apollo Pharmacy se doctor ko die 228 rs. ka naqad,228,healthcare,cash,,,hinglish_natural
36695 rs EMI kat gayi credit card EMI ko PayTM se pay kia ICICI Bank card se,36695,emi,upi,paytm,icici,hinglish_natural
"D PERSONALLOANEMI 1813.11 Completed 25Apr 2026,11:32 pm hdfc Bank 4578 UPI transaction ID 26723561194 TO:PERSONALLOANEMI personal loan emi.35167@hdfcbank Googletransaction lD CICAgJjg756297 OPI GPay",1813.11,emi,upi,gpay,hdfc,ocr_upi
"Receipt #7850
Lenskart
Amount Paid: Rs.3594
Mode: CASH",3594,shopping,cash,,icici,ocr_receipt
sent Rs 21357 to friend on GPay split bill UPI,21357,friends,upi,gpay,icici,cue_row
20945 rupees BSNL Google Pay State Bank account,20945,utilities,upi,gpay,sbi,voice_transcript
hospital doctor pharmacy medicine diagnostic ₹475 slice,475,healthcare,upi,slice,,cue_row
Jio recharge pe 1532 rupees ka payment kar diya UPI se pay kr diya matlab,1532,utilities,upi,gpay,,hinglish_natural
EaseMyTrip pe 38111 rupay ka ride liya cash me,38111,travel,cash,,,hinglish_natural
abhi 10637 rs Reliance Digital card se,10637,shopping,card,,sbi,hinglish_natural
Kuvera se stock lya 4992 rupaiye ka G Pay se pay kia zyada ho gaya,4992,investment,upi,gpay,,hinglish_natural
Hospital bill INR 44223,44223,healthcare,upi,phonepe,,source_english
35753 rs. credit card EMI credit card se yaar,35753,emi,card,,,hinglish_natural
INR 36210 paid to Groww via PayTM UPI from SBI Bank ending 2224,36210,investment,upi,paytm,sbi,ocr_upi
Practo se test karaya 17915 rupees ka cash me,17915,healthcare,cash,,pnb,hinglish_natural
243 broadband via GPay,243,utilities,upi,gpay,,hinglish_natural
kal personal loan EMI pe 136 rupaiye ka EMI kat gayi UPI se pay kya bohot mehenga,136,emi,upi,phonepe,,hinglish_natural
abhi PharmEasy me 35252 rupaye ka doctor ko de diye debit card se,35252,healthcare,card,,,hinglish_natural
bhai 2598 rupaye Myntra via Slice,2598,shopping,upi,slice,,hinglish_natural
INR 149 charged for crypto on PayTM,149,investment,upi,paytm,,english_natural
i did 1791 expense on 1mg using Google Pay,1791,healthcare,upi,gpay,,voice_transcript
yaar stocks me 326 rs. ka SIP bhra debit card se,326,investment,card,,,hinglish_natural
Paid Rs.24492 for Netmeds from my PNB account via Google Pay,24492,healthcare,upi,gpay,pnb,english_natural
?42084.99 to Vedantu via cash Kotak account,42084.99,education,cash,,kotak,english_natural
bhai Shreya ka 1794 rupaye cred se de diya,1794,friends,upi,cred,,voice_transcript
dentist pe 1893 ka dawai liya card se SBI se matlab,1893,healthcare,card,,sbi,hinglish_natural
Just paid ₹721 to rent through PayTM,721,utilities,upi,paytm,,english_natural
office se aate hue PVR se show dekha 44 rupees ka card se bohot mehenga,16148,entertainment,card,,,source_hinglish
JioCinema 399,399,entertainment,upi,phonepe,hdfc,english_natural
Spent ₹2056 on SBI loan using CRED,2056,emi,upi,cred,jupiter,english_natural
"Receipt #8676
Haldirams
Amount Paid: 304
Mode: CASH",304,food,cash,,yes bank,ocr_receipt
44548 rupees Swiggy UPI se,49494,food,upi,paytm,axis,source_hinglish
40954 rs dhaba naqad,29492,food,cash,,,source_hinglish
Spent Rs.2004 on eye checkup using Visa,2004,healthcare,card,,niyo,english_natural
Netmeds me 126 rupaiye ka test karaya naqad bohot mehenga,126,healthcare,cash,,slice,hinglish_natural
Rs.400 paid to BookMyShow via G Pay UPI from YES BANK Bank ending 8724,400,entertainment,upi,gpay,yes bank,ocr_upi
Bought Airtel recharge for Rs.178 with cash,178,utilities,cash,,hdfc,english_natural
G Pay payment ₹1205 society maintenance Union Bank 7207 completed,1205,utilities,upi,gpay,union bank,ocr_upi
subah 4023 rupaye paise bheje Divya pe via Google Pay,4023,friends,upi,gpay,,hinglish_natural
RedBus se cab lia 113 ka UPI se pay kr diya icici card se,113,travel,upi,phonepe,icici,hinglish_natural
hospital doctor pharmacy medicine diagnostic 45151 cash,45151,healthcare,cash,,,cue_row
NEFT/TRANSFER/MEESHO/,41109,shopping,card,,,english_natural
i did 37265 expense on home loan EMI using slice,37265,emi,upi,slice,,voice_transcript
TO:LABTEST labtest.70298@pnbbank From:PRIYASHARMA (PNB Paytm : user3937@okpnbbank,4017.97,healthcare,upi,paytm,pnb,ocr_upi
"Reliance Fresh
Net Amount 135
Paid via Phone Pe",135,food,upi,phonepe,,ocr_receipt
ET Money me 789 rs. ka mutual fund kya UPI se de diya sbi se kata,789,investment,upi,gpay,sbi,hinglish_natural
₹2977 paid to Paytm Money via Phone Pe UPI from HDFC Bank ending 5730,2977,investment,upi,phonepe,hdfc,ocr_upi
"TAX INVOICE
JioCinema
Grand Total: 35220
Payment: CARD",35220,entertainment,card,,,ocr_receipt
"SonyLIV BILL
St: Rs 14384.45
PhonePe Approved",14384.45,entertainment,upi,phonepe,,ocr_receipt
NEFT/TRANSFER/DIAGNOSTIC/,4588,healthcare,card,,,english_natural
"Apple Music 193 Completed 28Jun 2025,4:36 am SBI 5451 UPI transaction ID 265926650937300",193,entertainment,upi,gpay,sbi,ocr_upi
Indian Oil ka petrol bharaa 3565 rupees via Jupiter,3565,travel,upi,jupiter,,hinglish_natural
Reliance Digital se khareed lya 27322 rs ka card se,27322,shopping,card,,,hinglish_natural
BYJU'S se admission kar diya 4775 rupay ka credit card se Niyo se kata,4775,education,card,,niyo,hinglish_natural
library me 21 rupaye ka fees bharra naqad bohot mehenga,21,education,cash,,,hinglish_natural
Bewakoof me 254 rs ka shopping kar diya card se budget tod diya,254,shopping,card,,,hinglish_natural
126 rupaye dost via phonepe,126,friends,upi,phonepe,,hinglish_natural
dentist se dawai lya 44658 rupay ka GPay se pay kar diya,14034,healthcare,upi,gpay,,source_hinglish
Bought PharmEasy for Rs.471 with debit card,471,healthcare,card,,,english_natural
maine 3362 rupaye market ko diye Phonepe se,3362,shopping,upi,phonepe,,voice_transcript
Netmeds 238 HDFC Bank,238,healthcare,cash,,hdfc,english_natural
Ananya ko 15650 transfer kiya phonepe se,15650,friends,upi,phonepe,hdfc,friends_synthetic
Paytm payment Rs25801 BSNL sbi 4453 done,25801,utilities,upi,paytm,sbi,ocr_upi
"EYE CHECKUP
Item 1 ₹82
Item 2 379
Total ₹500
CASH",500,healthcare,cash,,,ocr_receipt
4537 ka Priya bill pay kiya card se Kotak se kata,4537,friends,card,,kotak,voice_transcript
abhi Pooja se split kiya 255 rupaiye ka naqad,255,friends,cash,,,hinglish_natural
POS/ZARA/CREDIT CARD/8849,6046.25,shopping,card,,,english_natural
flatmate rent share 6450 card Pooja,6450,friends,card,,,friends_synthetic
Bought gas bill for R 26489 with credit card,26489,utilities,card,,,english_natural
"TATA PLAY
Item 1 INR 492
Item 2 249
Total Rs.4817.12
Paytm",4817.12,utilities,upi,paytm,,ocr_receipt
UPI/58404688/COLLEGE FEES/BANK,2590,education,upi,phonepe,,english_natural
MedPlus se test karaya 1843 ₹ ka credit card se,9602,healthcare,card,,,source_hinglish
market 4178.65 GPay,4178.65,shopping,upi,gpay,jupiter,english_natural
Paid INR 35626 for Tata CLiQ from my RBL Bank account via gpay,35626,shopping,upi,gpay,rbl,english_natural
mutual fund SIP stocks PPF FD investment 926 PhonePe,926,investment,upi,phonepe,,cue_row
Paid ₹209 to Airtel recharge GPay UPI ICICI 9345 Completed,209,utilities,upi,gpay,icici,ocr_upi
paid 45384 to electricity bill through BHIM,45384,utilities,upi,bhim,,voice_transcript
abhi Angel One 4445 rs. credit card se,4445,investment,card,,,hinglish_natural
aaj home loan EMI pe 1810 rupaye kharcha hua Paytm se,1810,emi,upi,paytm,hdfc,voice_transcript
flatmate ka transfer kr diya 426 rupay UPI se de diya ICICI Bank card se,426,friends,upi,gpay,icici,hinglish_natural
Pharmacy medicine purchase INR 3194,3194,healthcare,upi,gpay,,source_english
subah Kuvera ka stock liyaa 304 credit card se,304,investment,card,,,hinglish_natural
abhi 381 rs saman liyaa Croma ko UPI se Fi se,381,shopping,upi,jupiter,fi,hinglish_natural
294 rs. test karaya Apollo Pharmacy ko phonepe se,294,healthcare,upi,phonepe,,hinglish_natural
"TAX INVOICE
concert
Grand Total: INR 15886.63
Payment: CARD",15886.63,entertainment,card,,,ocr_receipt
electricity bill se recharge kar diya 3132 rupaiye ka slice pe,3132,utilities,upi,slice,hdfc,hinglish_natural
Bought Croma for Rs3094 with paytm,3094,shopping,upi,paytm,sbi,english_natural
3823 rupees Vikram PhonePe SLICE account,3823,friends,upi,phonepe,slice,voice_transcript
mutual fund SIP stocks PPF FD investment 42830 cred,42830,investment,upi,cred,,cue_row
9714 ka doctor bill pay kiya card se,9714,healthcare,card,,,voice_transcript
subah Divya pe 3630 rs ka dost ko de diya PhonePe se,3630,friends,upi,phonepe,,hinglish_natural
HDFC loan se EMI bhra 44661 rupaye ka debit card se,44661,emi,card,,,hinglish_natural
INOX me 2407 rupaye ka game liyaa slice se pay kiyaa,2407,entertainment,upi,slice,hdfc,hinglish_natural
1959 rs split kar diya Rohan ko haath se de diya,1959,friends,cash,,hdfc,hinglish_natural
grocery vegetables milk bread fruits Rs 3254 paid fi,3254,food,upi,fi,bandhan,cue_row
PPF contribution INR 43053,43053,investment,upi,phonepe,,source_english
Used Bank of Baroda Visa to pay ₹156.37 for H&M,156.37,shopping,card,,bob,english_natural
2911 to Pooja G Pay UPI,2911,friends,upi,gpay,,friends_synthetic
POS/BURGER KING/CREDIT CARD/5816,3662.52,food,card,,,english_natural
"TAX INVOICE
YouTube Premium
Grand Total: 66
Payment: Gpay",66,entertainment,upi,gpay,,ocr_receipt
1584 rupaye eye checkup card se pay kr diya matlab,1584,healthcare,card,,sbi,hinglish_natural
flatmate rent share 698 gpay friend,698,friends,upi,gpay,,friends_synthetic
books ka course liyaa 21986 card se,21986,education,card,,,hinglish_natural
Used icici niyo to pay Rs.16200 for CCD,16200,food,upi,niyo,icici,english_natural
credit card EMI se installment de diye 54 rupees ka credit card se,54,emi,card,,,hinglish_natural
"TAX INVOICE
Zara
Grand Total: Rs.2012
Payment: CARD",2012,shopping,card,,canara,ocr_receipt
219 rupees society maintenance gpay se pay kar diya,219,utilities,upi,gpay,fi,hinglish_natural
office se aate hue Yatra se ticket book kya 90 rupees ka UPI se pay kiyaa,90,travel,upi,fi,,hinglish_natural
47134.89 card Rapido,47134.89,travel,card,,kotak,english_natural
tuition 395 rs bhim pe,395,education,upi,bhim,,hinglish_natural
Rs 16161 debited from your Axis account for credit card EMI (SLICE UPI),16161,emi,upi,slice,axis,ocr_upi
Nykaa INR 33625 gpay,33625,shopping,upi,gpay,,english_natural
JioMart payment 3432 done via cash,3432,food,cash,,,english_natural
Rs20088 to car loan EMI via Mastercard sbi account,20088,emi,card,,sbi,english_natural
3329 ka education loan EMI bill pay kiya Phone Pe se Niyo se kata,3329,emi,upi,phonepe,niyo,voice_transcript
Used SBI Phonepe to pay Rs 1552.78 for Blinkit,1552.78,food,upi,phonepe,sbi,english_natural
Behrouz se mangwaya 28787 ka via Paytm,28787,food,upi,paytm,,hinglish_natural
Chai Point Rs.11737.16 Paytm,11737.16,food,upi,paytm,axis,ocr_upi
sent 141 to friend on Paytm split bill UPI,141,friends,upi,paytm,,cue_row
POS/PRACTO/CREDIT CARD/2847,39581,healthcare,card,,slice,english_natural
23774 rs Starbucks cash me,23774,food,cash,,,hinglish_natural
sent money to Shreya ₹4941 on PayTM,4941,friends,upi,paytm,axis,friends_synthetic
ATM/CASH/ICICI BANK/3116,3116,education,cash,,icici,english_natural
Paid car loan EMI Rs932 using card from State Bank,932,emi,card,,sbi,english_natural
bhai Ajio ka 2761 rupaye G Pay se de diya,2761,shopping,upi,gpay,jupiter,voice_transcript
coaching exam preparation study material Rs28 card,28,education,card,,,cue_row
tuition me 477 rupaiye ka tuition de diya Google Pay se pay kar diya,477,education,upi,gpay,,hinglish_natural
paid colleague ₹1710 via cash,1710,friends,cash,,,friends_synthetic
MedPlus 2197 Mastercard,2197,healthcare,card,,hdfc,english_natural
split bill 2991 cash se Priya ko diya,2991,friends,cash,,,friends_synthetic
Apollo Pharmacy 2058 ₹ via Bhim idfc se kata,2058,healthcare,upi,bhim,idfc,hinglish_natural
i did 3696 expense on DishTV using G Pay,3696,utilities,upi,gpay,,voice_transcript
2744 rupees IndiGo Phone Pe sbi account,2744,travel,upi,phonepe,sbi,voice_transcript
21519 rupay education loan EMI via Jupiter,21519,emi,upi,jupiter,pnb,hinglish_natural
ET Money Rs 2609.63 debited from Fi,2609.63,investment,card,,fi,english_natural
aaj Jio recharge pe 5688 rupaye kharcha hua bhim se,5688,utilities,upi,bhim,,voice_transcript
dinner split 16350 rupaye dost slice,16350,friends,upi,slice,,friends_synthetic
maine 283 rupaye IRCTC ko diye PhonePe se,283,travel,upi,phonepe,,voice_transcript
Paid t41382 to stationery GPay UPI HDFC Bank 8958 Completed,41382,education,upi,gpay,hdfc,ocr_upi
electronics clothes shoes accessories purchase Rs.256 via cash,256,shopping,cash,,,cue_row
maine 62 rupaye mobile recharge ko diye gpay se,62,utilities,upi,gpay,,voice_transcript
raat ko HDFC loan me 3568 rs. ka installment diye GPay pe,3568,emi,upi,gpay,,hinglish_natural
grocery vegetables milk bread fruits 46707 paid phonepe,46707,food,upi,phonepe,,cue_row
stationery se admission kiya 2572 rs ka card se zyada ho gaya,2572,education,card,,,hinglish_natural
FIRSTCRY INR 43647 HDFC,43647,shopping,card,,hdfc,english_natural
₹48786 to mobile recharge via PhonePe,48786,utilities,upi,phonepe,,english_natural
NEFT/TRANSFER/NETFLIX/SBI,320.07,entertainment,upi,cred,sbi,english_natural
Dunkin ka khana order kya 4187 rs. cred pe,4187,food,upi,cred,,hinglish_natural
subah 1172 rupees tuition card se,1172,education,card,,,hinglish_natural
mobile recharge 426.73 gpay Successful icici 7243,426.73,utilities,upi,gpay,icici,ocr_upi
stocks se invest kiyaa 14966 rupay ka Paytm se pay kr diya,14966,investment,upi,paytm,,hinglish_natural
Subway ka mangwaya 894 UPI se pay kr diya,894,food,upi,phonepe,hdfc,hinglish_natural
aaj 4293 ₹ shopping kr diya Snapdeal ko card se pay kiyaa HDFC account se bhai,4293,shopping,card,,hdfc,hinglish_natural
"Receipt #1530
broadband
Amount Paid: INR 407
Mode: Bhim",407,utilities,upi,bhim,pnb,ocr_receipt
rent ka recharge kiya 37199 UPI se pay kiyaa,37199,utilities,upi,gpay,kotak,hinglish_natural
Online course subscription INR 22548,22548,education,upi,paytm,,source_english
3527 charged for McDonald's on paytm,3527,food,upi,paytm,,english_natural
bhai society maintenance ka 4821 rupaye card se de diya,4821,utilities,card,,axis,voice_transcript
Just paid Rs.3181.73 to broadband through Google Pay,3181.73,utilities,upi,gpay,,english_natural
13880 ₹ SIP bhar diya Coin pe UPI se de diye,13880,investment,upi,gpay,slice,hinglish_natural
Barbeque Nation me 31 rs ka khana khayaa card se pay kr diya,31,food,card,,,hinglish_natural
paid Shreya Rs.24385 via Cred,24385,friends,upi,cred,,friends_synthetic
paid 14398 to MakeMyTrip through card from SBI,14398,travel,card,,sbi,voice_transcript
electricity water broadband mobile recharge bill INR 1124 Phonepe,1124,utilities,upi,phonepe,,cue_row
Nykaa ka shopping kar diya 244 rs debit card se,244,shopping,card,,,hinglish_natural
Just paid ₹3580.39 to SIP through gpay,3580.39,investment,upi,gpay,hdfc,english_natural
NEFT/TRANSFER/INDIGO/ICICI BANK,38287,travel,cash,,icici,english_natural
NPS 4896 rs. UPI se diy State Bank se kata,4896,investment,upi,cred,sbi,hinglish_natural
960 rupay medicine lya lab test pe Slice se,960,healthcare,upi,slice,,hinglish_natural
breakfast snacks chai coffee ?5619 Paytm,5619,food,upi,paytm,,cue_row
"Amazon
Net Amount 4546.00
Paid via PhonePe",4546.00,shopping,upi,phonepe,,ocr_receipt
personal loan installment EMI deduction R 235 card,235,emi,card,,pnb,cue_row
credit card EMI se EMI bhar diya 30833 rupaye ka card se pay kr diya,30833,emi,card,,,hinglish_natural
JioCinema payment ₹349.85 done via Visa,349.85,entertainment,card,,hdfc,english_natural
petrol pump mein 444 lag gaye paytm se bhara,444,travel,upi,paytm,,voice_transcript
BookMyShow se game liyaa 4675 rupaiye ka cred se,4675,entertainment,upi,cred,niyo,hinglish_natural
exam fee se fees bhar diya 420 rs. ka UPI se,420,education,upi,cred,,hinglish_natural
office se aate hue BookMyShow ka subscription renew kiya 4512 rupaye via slice,4512,entertainment,upi,slice,pnb,hinglish_natural
ghar jaate waqt 272 rupaye ride liya Uber pe UPI se pay kiya,272,travel,upi,cred,,hinglish_natural
PVR 4877 rs via Google Pay,4877,entertainment,upi,gpay,,hinglish_natural
rent maintenance gas connection 269 SLICE,269,utilities,upi,slice,,cue_row
education loan EMI 401 rs. UPI se pay kia,401,emi,upi,bhim,,hinglish_natural
broadband pe 22473 rs. ka recharge kia Fi Money se bc,22473,utilities,upi,fi,,hinglish_natural
Rohan ko 1151 transfer kiya NIYO se,1151,friends,upi,niyo,,friends_synthetic
i did 10843 expense on library using card,10843,education,card,,hdfc,voice_transcript
Zomato pe 390 rupaye ka food order kia UPI se pay kya,390,food,upi,slice,,hinglish_natural
kal 445 EMI kat gayi Bajaj Finance EMI pe via PhonePe,445,emi,upi,phonepe,,hinglish_natural
2777 rupaiye Pooja phonepe pe,2777,friends,upi,phonepe,,hinglish_natural
Zee5 ₹4992.89 debit card,4992.89,entertainment,card,,,english_natural
Online shopping payment INR 35868,35868,shopping,cash,,,source_english
bhai Coin me 473 rs. ka SIP bhara credit card se,473,investment,card,,,hinglish_natural
Tata Play 29873 G Pay,29873,utilities,upi,gpay,icici,english_natural
i paid 4854 rupees for bro using G Pay,4854,friends,upi,gpay,,voice_transcript
aaj car loan EMI pe 2920 rupaye kharcha hua card se,2920,emi,card,,icici,voice_transcript
28674 rupay food order kya Starbucks pe gpay se pay kya Fi Money account se,28674,food,upi,gpay,fi,hinglish_natural
43150 rupees medicine le liya Netmeds ko UPI se diyee,43150,healthcare,upi,paytm,,hinglish_natural
SBI loan 386 credit card,386,emi,card,,,english_natural
FreshMenu 166.05,166.05,food,card,,,english_natural
Amazon Prime se movie dekhi 27992 ka credit card se,27992,entertainment,card,,,hinglish_natural
DMart 675 ICICI Bank,675,food,card,,icici,english_natural
Pooja se dost ko die 59 ka cash diy,59,friends,cash,,,hinglish_natural
Lenskart 97 rs. debit card se,97,healthcare,card,,,hinglish_natural
?14601 paid to doctor via NIYO UPI from ICICI Bank ending 4098,14601,healthcare,upi,niyo,icici,ocr_upi
Payment of Rs.4815.25 to Shreya was successful via PayTM UPI Ref No 335668228965 HDFC Account 3235,4815.25,friends,upi,paytm,hdfc,ocr_upi
4754 rupees gold card se pay kiya bc,4754,investment,card,,yes bank,hinglish_natural
Bajaj Finance EMI se EMI bharaa 1313 rupaiye ka Phone Pe pe HDFC Bank wale account se,1313,emi,upi,phonepe,hdfc,hinglish_natural
Phone Pe payment Rs 68 Coursera sbi 9716 successful,68,education,upi,phonepe,sbi,ocr_upi
dinner split 190 rupaye dost cash,190,friends,cash,,sbi,friends_synthetic
Paid mutual fund 32817 using paytm,32817,investment,upi,paytm,,english_natural
raat ko crypto me 3219 ka stock le liya paytm se bc,3219,investment,upi,paytm,,hinglish_natural
"HOTSTAR
Item 1 Rs.434
Item 2 Rs197
Total Rs.4185.70
GPay",4185.70,entertainment,upi,gpay,,ocr_receipt
Just paid R 4544.81 to H&M through cash,4544.81,shopping,cash,,,english_natural
paid 32789 to NPS through card,32789,investment,card,,,voice_transcript
Paid INR 409.71 for Priya via PayTM,409.71,friends,upi,paytm,idfc,english_natural
Medical test charges INR 29051,29051,healthcare,cash,,hdfc,source_english
TO:RELIANCEFRESH reliancefresh.63994@yesbankbank From:UTSAVJANA (Yes Bank paytm : user6249@okyesbankbank,3240,food,upi,paytm,yes bank,ocr_upi
coaching pe 4017 ₹ ka tuition de diya UPI se diyee achha deal mila,4017,education,upi,gpay,fi,hinglish_natural
798 ka HDFC loan bill pay kiya card se,798,emi,card,,,voice_transcript
4377 ka crypto bill pay kiya card se,4377,investment,card,,,voice_transcript
"TAX INVOICE
Snapdeal
Grand Total: ₹4675
Payment: CARD",4675,shopping,card,,sbi,ocr_receipt
UPI/83175168/UDEMY/ICICI BANK,266,education,upi,gpay,icici,english_natural
Goibibo se ticket book kia 278 rupees ka card se State Bank se,278,travel,card,,sbi,hinglish_natural
ghar jaate waqt 296 ₹ Nature's Basket card se,296,food,card,,,hinglish_natural
subah Rapido 47533 via GPay,34000,travel,upi,gpay,,source_hinglish
Just paid ₹500 to CCD through credit card,500,food,card,,,english_natural
Coin 49741 rupay UPI se diy,16625,investment,upi,phonepe,bandhan,source_hinglish
"Swiggy
Net Amount 25219
Paid via jupiter",25219,food,upi,jupiter,canara,ocr_receipt
dinner split 23061 rupaye Amit cash,23061,friends,cash,,,friends_synthetic
Meesho se khareed lya 2517 rupaye ka card se,2517,shopping,card,,,hinglish_natural
today i spent 27926 on Flipkart via PhonePe,27926,shopping,upi,phonepe,,voice_transcript
paid friend ₹3826 via Phone Pe,3826,friends,upi,phonepe,,friends_synthetic
sent money to flatmate Rs.59 on PayTM,59,friends,upi,paytm,,friends_synthetic
market se saman liya 336 ka Slice se pay kiya Jupiter wale account se,336,shopping,upi,slice,jupiter,hinglish_natural
ghar jaate waqt SpiceJet ka petrol bhra 5824 rs. credit card se Fi se kata matlab,5824,travel,card,,fi,hinglish_natural
Online shopping payment INR 1407,1407,shopping,card,,,source_english
kal Meesho me 950 ₹ ka buy kya UPI se diy,950,shopping,upi,niyo,kotak,hinglish_natural
HDFC loan Rs4798 debited from RBL,4798,emi,card,,rbl,english_natural
hospital doctor pharmacy medicine diagnostic INR 310 Google Pay,310,healthcare,upi,gpay,indusind,cue_row
20781 rupaiye Indian Oil naqad,20781,travel,cash,,hdfc,hinglish_natural
office se aate hue PPF se paisa daala 38576 rs ka UPI se diy,38576,investment,upi,phonepe,,hinglish_natural
Zee5 ka show dekha 80 rupees debit card se zyada ho gaya,5,entertainment,card,,kotak,hinglish_natural
lunch dinner food order swiggy zomato restaurant meal ₹10392 slice,10392,food,upi,slice,axis,cue_row
Starbucks 39958 GPay Successful kotak 8176,39958,food,upi,gpay,kotak,ocr_upi
water bill 3559 via gpay,3559,utilities,upi,gpay,,hinglish_natural
personal loan installment EMI deduction ₹4488 card,4488,emi,card,,,cue_row
lunch dinner food order swiggy zomato restaurant meal R 482 cash,482,food,cash,,kotak,cue_row
aaj JioCinema pe 419 rupaye kharcha hua card se,419,entertainment,card,,,voice_transcript
office se aate hue 158 rupaiye cab liyaa EaseMyTrip ko card se,158,travel,card,,,hinglish_natural
electricity water broadband mobile recharge bill Rs.3678 CRED,3678,utilities,upi,cred,sbi,cue_row
₹328 to Shreya CRED UPI,328,friends,upi,cred,,friends_synthetic
crypto gold bonds NPS portfolio ?240 G Pay,240,investment,upi,gpay,,cue_row
Paytm Money se mutual fund kiya 2006 rupay ka G Pay se pay kiya SBI se kata sasta tha,35192,investment,upi,gpay,sbi,source_hinglish
2513 rupees credit card EMI card,2513,emi,card,,,voice_transcript
Netmeds 2775.64,2775.64,healthcare,card,,,english_natural
Lenskart se doctor ko diy 493 rs ka UPI se Jupiter account se yaar,493,healthcare,upi,paytm,jupiter,hinglish_natural
PharmEasy 373 rupaiye debit card se,373,healthcare,card,,,hinglish_natural
Hotel booking INR 11927,11927,travel,card,,hdfc,source_english
"society maintenance
Net Amount 46109
Paid via CASH",46109,utilities,cash,,,ocr_receipt
1247 rs library debit card se,1247,education,card,,bob,hinglish_natural
298.21 mall,298.21,shopping,upi,paytm,,english_natural
"Blinkit BILL
St: Rs.1648
Fi APPROVED",1648,food,upi,fi,,ocr_receipt
"TAX INVOICE
Meesho
Grand Total: ₹22551
Payment: CARD",22551,shopping,card,,pnb,ocr_receipt
upGrad 362 gpay Payment done axis 5325,362,education,upi,gpay,axis,ocr_upi
2931 rupees paisa daala Zerodha ko debit card se,2931,investment,card,,hdfc,hinglish_natural
392 ₹ bike loan EMI credit card se,392,emi,card,,hdfc,hinglish_natural
aaj eye checkup pe 1703 rupaye kharcha hua Bhim se,1703,healthcare,upi,bhim,,voice_transcript
"Receipt #9224
Bewakoof
Amount Paid: Rs.3356
Mode: CASH",3356,shopping,cash,,,ocr_receipt
TO:HOMELOANEMI homeloanemi.60354@pnbbank From:PRIYASHARMA (PNB phonepe : sender2024@okpnbbank,27483,emi,upi,phonepe,pnb,ocr_upi
Flipkart order INR 15439,15439,shopping,card,,,source_english
raat ko rent se bill bharaa 425 ₹ ka card se bohot mehenga,425,utilities,card,,axis,hinglish_natural
126 charged for Amazon on PhonePe,126,shopping,upi,phonepe,,english_natural
Lenskart 2883 G Pay Successful sbi 9871,2883,healthcare,upi,gpay,sbi,ocr_upi
Payment of Rs34212.40 to BookMyShow was successful via phonepe UPI Ref No 0860489940185 SBI Account 6730,34212.40,entertainment,upi,phonepe,sbi,ocr_upi
320 rupaye installment de diye car loan EMI pe card se,320,emi,card,,axis,hinglish_natural
amazon flipkart myntra online shopping order Rs.24 GPay,24,shopping,upi,gpay,indusind,cue_row
rent maintenance gas connection INR 220 card,220,utilities,card,,,cue_row
i paid 2143 rupees for Amit using Google Pay,2143,friends,upi,gpay,axis,voice_transcript
Spent Rs.2078 on Bajaj Finance EMI using card,2078,emi,card,,,english_natural
today i spent 429 on Amazon via CRED,429,shopping,upi,cred,,voice_transcript
dopahar ko FreshMenu 4735 rs. cred se pay kia Fi Money wale account se,4735,food,upi,cred,fi,hinglish_natural
office se aate hue dentist pe 4231 rupaye ka dawai lya credit card se,4231,healthcare,card,,,hinglish_natural
amazon flipkart myntra online shopping order INR 41056 cash,41056,shopping,cash,,,cue_row
2402 ka Blinkit bill pay kiya card se sbi se kata,2402,food,card,,sbi,voice_transcript
SIP 34453 via cred,34453,investment,upi,cred,,hinglish_natural
i paid 47664 rupees for Croma using Paytm,47664,shopping,upi,paytm,,voice_transcript
lunch dinner food order swiggy zomato restaurant meal 392 Jupiter,392,food,upi,jupiter,,cue_row
dost Pooja ko 3353 rupaye card se bheje,3353,friends,card,,,friends_synthetic
Paid Barbeque Nation Rs 26220.68 using cash,26220.68,food,cash,,,english_natural
raat ko Hotstar se show dekha 206 rupay ka PayTM se,206,entertainment,upi,paytm,sbi,hinglish_natural
Swiggy mein 1960 lag gaye card se bhara,1960,food,card,,,voice_transcript
raat ko Ajio ka order kar diya 34097 rupees gpay pe,34097,shopping,upi,gpay,,hinglish_natural
4323 Unacademy,4323,education,card,,icici,english_natural
spent 455 rupees on Bajaj Finance EMI via card,455,emi,card,,,voice_transcript
gold pe 3380 rupay ka paisa daala credit card se,3380,investment,card,,,hinglish_natural
"BigBasket
Net Amount 46622
Paid via PhonePe",46622,food,upi,phonepe,sbi,ocr_receipt
dost Rs32050.68 paytm,32050.68,friends,upi,paytm,hdfc,ocr_upi
439 to Behrouz via GPay,439,food,upi,gpay,,english_natural
t2311 to Rohan Gpay UPI,2311,friends,upi,gpay,,friends_synthetic
bhai CCD 29260 rupees cash diyee budget tod diya,29260,food,cash,,,hinglish_natural
Paid BookMyShow ₹297 using NIYO,297,entertainment,upi,niyo,,english_natural
PPF contribution INR 37359,37359,investment,card,,axis,source_english
UPI/43182120/GROWW/ICICI BANK,482,investment,upi,gpay,icici,english_natural
NEFT/TRANSFER/CRYPTO/SLICE,42543.20,investment,card,,slice,english_natural
crypto gold bonds NPS portfolio Rs1412 card,1412,investment,card,,,cue_row
TO:POOJA pooja.30164@idfcbank From:PRIYASHARMA (IDFC phonepe : sender5807@okidfcbank,4871,friends,upi,phonepe,idfc,ocr_upi
Just paid Rs 2212.14 to Lenskart through Mastercard,2212.14,healthcare,card,,,english_natural
Just paid ?3328.53 to Reliance Digital through G Pay,3328.53,shopping,upi,gpay,hdfc,english_natural
paid 286 to mutual fund through card,286,investment,card,,,voice_transcript
Netflix se subscription renew kia 271 rs ka card se,271,entertainment,card,,,hinglish_natural
297 rs PharmEasy UPI se pay kar diya,297,healthcare,upi,phonepe,,hinglish_natural
ghar jaate waqt personal loan EMI se EMI kat gayi 2514 rs. ka credit card se,2514,emi,card,,,hinglish_natural
Pooja ka transfer kiya 2151 rs. Phonepe pe,2151,friends,upi,phonepe,,hinglish_natural
₹574 debited from your sbi account for auto (phonepe UPI),574,travel,upi,phonepe,sbi,ocr_upi
Exam fee INR 8008,8008,education,upi,phonepe,,source_english
Rs 4052 to Karan GPay UPI,4052,friends,upi,gpay,,friends_synthetic
UPI/00918698/RELIANCE DIGITAL/BANK,2857,shopping,card,,,english_natural
stocks ka mutual fund kia 3680 ₹ Google Pay se pay kiyaa PNB account se,3680,investment,upi,gpay,pnb,hinglish_natural
dopahar ko bro se split kia 4285 rupaye ka UPI se,4285,friends,upi,paytm,hdfc,hinglish_natural
4430 ka 1mg bill pay kiya cash se,4430,healthcare,cash,,,voice_transcript
maine 541 rupaye Rahul ko diye cash se,541,friends,cash,,pnb,voice_transcript
dinner split 3386 rupaye Rahul card,3386,friends,card,,,friends_synthetic
Pizza Hut 61 rupaye UPI se pay kar diya,61,food,upi,paytm,,hinglish_natural
Paid Rs4522 for college fees from my Axis account via cash,4522,education,cash,,axis,english_natural
mutual fund SIP stocks PPF FD investment ₹136 G Pay,136,investment,upi,gpay,,cue_row
lab test pe 1256 rupaiye ka test karaya card se pay kia ICICI Bank card se,1256,healthcare,card,,icici,hinglish_natural
366 Meesho card se pay kar diya,366,shopping,card,,slice,hinglish_natural
₹2362 debited from your Axis Bank account for Udemy (G Pay UPI),2362,education,upi,gpay,axis,ocr_upi
diagnostic me 2921 ka dawai lya UPI se diy bohot mehenga,2921,healthcare,upi,fi,fi,hinglish_natural
netflix spotify hotstar subscription movie show Rs.240 card,240,entertainment,card,,,cue_row
College fees payment INR 1210,1210,education,cash,,,source_english
Used Slice cash to pay ₹180.26 for SpiceJet,180.26,travel,cash,,slice,english_natural
Paytm payment 9668 EaseMyTrip HDFC 9158 completed,9668,travel,upi,paytm,hdfc,ocr_upi
₹19035.93 paid to Tata Play via Phone Pe UPI from axis Bank ending 1947,19035.93,utilities,upi,phonepe,axis,ocr_upi
"HALDIRAMS RESTAURANT
Total 4075
Cash Received
Change 0.00",4075,food,cash,,,ocr_receipt
Gpay payment Rs.4221.49 FreshMenu Kotak Mahindra 4590 done,4221.49,food,upi,gpay,kotak,ocr_upi
NEFT/TRANSFER/HP PETROL/,317,travel,cash,,,english_natural
rent 245 rupaiye G Pay se,245,utilities,upi,gpay,jupiter,hinglish_natural
"MYNTRA RESTAURANT
Total 35267.21
Cash Received
Change 0.00",35267.21,shopping,upi,gpay,,ocr_receipt
amazon flipkart myntra online shopping order 43715 card,43715,shopping,card,,,cue_row
Air India 265 rupay card se pay kr diya,265,travel,card,,,hinglish_natural
abhi 1mg ka checkup karaya 230 rs naqad NIYO wale account se,1,healthcare,cash,,niyo,hinglish_natural
sent money to Amit 651 on Cred,651,friends,upi,cred,,friends_synthetic
2044 rs stocks phonepe se pay kiya,2044,investment,upi,phonepe,sbi,hinglish_natural
uber ola cab ride airport train ticket Rs 422 cash,422,travel,cash,,sbi,cue_row
Priya 4945 card se,4945,friends,card,,,hinglish_natural
abhi 1114 rupees Lenskart UPI se pay kiya,27196,healthcare,upi,phonepe,,source_hinglish
Indian Oil 312 rupaye cash die,312,travel,cash,,,hinglish_natural
Rs3181 debited from your sbi account for water bill (Gpay UPI),3181,utilities,upi,gpay,sbi,ocr_upi
sent 13316 to friend on Niyo split bill UPI,13316,friends,upi,niyo,,cue_row
eye checkup ka dawai liya 18267 rs. Phone Pe se pay kia,18267,healthcare,upi,phonepe,,hinglish_natural
CLEARTRIP INR 222.33,222.33,travel,upi,gpay,,english_natural
1080 rupaye books liyaa upGrad pe UPI se pay kia,1080,education,upi,phonepe,,hinglish_natural
8089.84 paid to Uber via PayTM UPI from HDFC Bank ending 8996,8089.84,travel,upi,paytm,hdfc,ocr_upi
stationery 250.53,250.53,education,upi,paytm,,english_natural
UPGRAD INR 8732 ICICI BANK,8732,education,cash,,icici,english_natural
"Amazon Prime BILL
St: Rs42.75
PayTM approved",42.75,entertainment,upi,paytm,,ocr_receipt
car loan EMI INR 20628 debited from Fi,20628,emi,upi,phonepe,fi,english_natural
sent Rs.4266 to Pooja on card,4266,friends,card,,,friends_synthetic
SpiceJet mein 3663 lag gaye Paytm se bhara,3663,travel,upi,paytm,slice,voice_transcript
subah 1900 ₹ HDFC loan credit card se bohot mehenga,1900,emi,card,,,hinglish_natural
spent 28 rupees on insurance premium via cash,28,utilities,cash,,,voice_transcript
hospital 46394 G Pay,46394,healthcare,upi,gpay,axis,english_natural
office se aate hue Shreya 28 cash me,28,friends,cash,,,hinglish_natural
POS/HDFC LOAN/CREDIT CARD/7638,4744,emi,card,,,english_natural
ACT Fibernet se bill bhra 229 rs. ka UPI se,229,utilities,upi,phonepe,,hinglish_natural
Lenskart 377 Paytm Successful sbi 1935,377,shopping,upi,paytm,sbi,ocr_upi
hospital doctor pharmacy medicine diagnostic INR 17462 card,17462,healthcare,card,,,cue_row
"McDonald's BILL
St: Rs378.32
CASH Approved",378.32,food,cash,,,ocr_receipt
"Barbeque Nation 2224.11 Completed 3Feb 2025,9:16 am Bandhan 4961 UPI transaction ID 5488558755245",2224.11,food,upi,paytm,bandhan,ocr_upi
"Receipt #1608
Box8
Amount Paid: ₹449
Mode: BHIM",449,food,upi,bhim,,ocr_receipt
amazon flipkart myntra online shopping order Rs.1498 GPay,1498,shopping,upi,gpay,,cue_row
Rs.381 to dentist via CRED,381,healthcare,upi,cred,,english_natural
mess 2605 rupaye card se,2605,food,card,,,hinglish_natural
627 rs. cab lia Rapido ko UPI se IndusInd card se,627,travel,upi,slice,indusind,hinglish_natural
3563 rs khana order kiyaa Behrouz ko cash diye bc,3563,food,cash,,,hinglish_natural
bhai EatFit ka 2036 rupaye gpay se de diya,2036,food,upi,gpay,,voice_transcript
school college tuition course books fees 4778 slice,4778,education,upi,slice,,cue_row
"Tata Play BILL
St: ₹2500
Slice approved",2500,utilities,upi,slice,,ocr_receipt
33988 rupay stock lia stocks pe Paytm se Yes Bank se,33988,investment,upi,paytm,yes bank,hinglish_natural
"Reliance Fresh
Net Amount 3342
Paid via CASH",3342,food,cash,,,ocr_receipt
bhai credit card EMI ka 301 rupaye PayTM se de diya,301,emi,upi,paytm,,voice_transcript
bhai flatmate ko udhar return kiya 1674 rs card se,1674,friends,card,,,friends_synthetic
3970 rupay HP Petrol card se pay kiyaa,48576,travel,card,,,source_hinglish
Paid 107 for Amazon Prime from my Axis Bank account via cash,107,entertainment,cash,,axis,english_natural
i paid 36246 rupees for diagnostic using Google Pay,36246,healthcare,upi,gpay,,voice_transcript
office se aate hue Coursera 225 ₹ UPI se,225,education,upi,paytm,,hinglish_natural
bhai insurance premium ka 12829 rupaye Phonepe se de diya,12829,utilities,upi,phonepe,slice,voice_transcript
Library fee INR 31424,31424,education,upi,paytm,hdfc,source_english
Yatra 3994 Gpay,3994,travel,upi,gpay,jupiter,english_natural
Paid INR 957 for home loan EMI from my YES BANK account via card,957,emi,card,,yes bank,english_natural
lunch dinner food order swiggy zomato restaurant meal Rs.13925 jupiter,13925,food,upi,jupiter,hdfc,cue_row
today i spent 433 on Zerodha via Paytm from my Canara Bank bank,433,investment,upi,paytm,canara,voice_transcript
bhai clinic 2517 rupay card se ICICI Bank wale account se,2517,healthcare,card,,icici,hinglish_natural
"TAX INVOICE
PVR
Grand Total: ₹330
Payment: CARD",330,entertainment,card,,,ocr_receipt
273 rupaye Coursera naqad,273,education,cash,,,hinglish_natural
180 food order kiyaa Box8 ko UPI se,180,food,upi,phonepe,jupiter,hinglish_natural
Pizza Hut ₹613 credit card,613,food,card,,sbi,english_natural
"TAX INVOICE
eye checkup
Grand Total: Rs.3096.09
Payment: CARD",3096.09,healthcare,card,,,ocr_receipt
i paid 1862 rupees for Vikram using Gpay,1862,friends,upi,gpay,,voice_transcript
paid flatmate Rs24997 via bhim,24997,friends,upi,bhim,icici,friends_synthetic
HDFC loan mein 489 lag gaye card se bhara,489,emi,card,,,voice_transcript
"TAX INVOICE
canteen
Grand Total: Rs 65
Payment: G Pay",65,food,upi,gpay,sbi,ocr_receipt
SIP 4084 Phone Pe Successful Yes Bank 7412,4084,investment,upi,phonepe,yes bank,ocr_upi
2050 admission kya library ko haath se die,2050,education,cash,,,hinglish_natural
paid 300 to Apple Music through G Pay,300,entertainment,upi,gpay,,voice_transcript
Paid Lenskart ₹325 using phonepe from NIYO,325,healthcare,upi,phonepe,niyo,english_natural
NEFT/TRANSFER/FD/STATE BANK,48837.38,investment,card,,sbi,english_natural
mutual fund SIP stocks PPF FD investment ₹49899 card,49899,investment,card,,,cue_row
paid bhai Rs1017 via card,1017,friends,card,,,friends_synthetic
rent ka recharge kr diya 3519 rupaiye cash me,3519,utilities,cash,,,hinglish_natural
library me 2731 rupaye ka books lia haath se de diya,2731,education,cash,,,hinglish_natural
3673 to Karan PayTM UPI,3673,friends,upi,paytm,indusind,friends_synthetic
maine 429 rupaye Netmeds ko diye paytm se,429,healthcare,upi,paytm,,voice_transcript
hospital ka dawai liyaa 39278 UPI se die,39278,healthcare,upi,bhim,,hinglish_natural
"Airtel recharge
Net Amount 3895
Paid via cred",3895,utilities,upi,cred,pnb,ocr_receipt
Used Niyo Mastercard to pay ₹1464 for Yatra,1464,travel,card,,niyo,english_natural
Payment of Rs134 to Jio recharge was successful via bhim UPI Ref No 3231866790 hdfc Account 5618,134,utilities,upi,bhim,hdfc,ocr_upi
Nykaa se saman le liya 175 rupaye ka debit card se jupiter card se,175,shopping,card,,jupiter,hinglish_natural
yaar ko 120 transfer kiya card se,120,friends,card,,,friends_synthetic
Air India ?274.47 slice,274.47,travel,upi,slice,union bank,ocr_upi
uber ola cab ride airport train ticket ₹15012 Gpay,15012,travel,upi,gpay,,cue_row
Subway ka 1650 rupees ka bill phonepe se pay kiya,1650,food,upi,phonepe,,voice_transcript
i did 4497 expense on library using cash,4497,education,cash,,bob,voice_transcript
paid colleague 4756 via Gpay,4756,friends,upi,gpay,axis,friends_synthetic
IndiGo pe 281 rs. ka cab liya card se,281,travel,card,,,hinglish_natural
gaming concert event ticket INR 3940 card,3940,entertainment,card,,,cue_row
BSNL se bill bharra 45697 rupaiye ka UPI se diye,45697,utilities,upi,jupiter,axis,hinglish_natural
spent 3878 rupees on SBI loan via card,3878,emi,card,,,voice_transcript
Paid Rs 9012.57 to HDFC loan GPay UPI hdfc 7372 Successful,9012.57,emi,upi,gpay,hdfc,ocr_upi
bike loan EMI ka 39398 rupees ka bill paytm se pay kiya,39398,emi,upi,paytm,,voice_transcript
Airtel recharge INR 2206 CRED,2206,utilities,upi,cred,sbi,ocr_upi
Jio recharge 3634,3634,utilities,upi,gpay,,english_natural
paid 3836 to Nykaa through cash from Indusind Bank,3836,shopping,cash,,indusind,voice_transcript
Spotify ka 682 rupees ka bill card se pay kiya,682,entertainment,card,,slice,voice_transcript
47800 rupay movie dekhi gaming pe Cred pe,47800,entertainment,upi,cred,,hinglish_natural
"Receipt #6989
concert
Amount Paid: Rs 469
Mode: Niyo",469,entertainment,upi,niyo,,ocr_receipt
rent 141.65 CRED,141.65,utilities,upi,cred,niyo,english_natural
subah 3798 ₹ Biryani Blues naqad,3798,food,cash,,,hinglish_natural
Rohan pe 2599 ₹ ka split kiya Fi pe,2599,friends,upi,fi,kotak,hinglish_natural
Pizza Hut payment Rs28354 done via Gpay,28354,food,upi,gpay,,english_natural
ghar jaate waqt Rapido ka ride le liya 263 rupees UPI se,263,travel,upi,gpay,,hinglish_natural
paid colleague 402 via PayTM,402,friends,upi,paytm,,friends_synthetic
Paid t36725 for Pooja via cash,36725,friends,cash,,,english_natural
Used sbi debit card to pay 3851.11 for Shreya,3851.11,friends,card,,sbi,english_natural
kal 165 tuition de diye Unacademy pe credit card se,165,education,card,,,hinglish_natural
UPI/17155023/SPICEJET/BANK,45560,travel,upi,phonepe,,english_natural
FirstCry 119 rupaye card se NIYO card se,119,shopping,card,,niyo,hinglish_natural
books ka fees bharra 649 rs. Phonepe pe,649,education,upi,phonepe,canara,hinglish_natural
market ka saman lya 466 rupay UPI se de diye,466,shopping,upi,jupiter,sbi,hinglish_natural
Practo me 37351 rs. ka doctor ko die Google Pay se pay kia,37351,healthcare,upi,gpay,sbi,hinglish_natural
yaar YouTube Premium ka game le liya 397 rs haath se diye State Bank card se,397,entertainment,cash,,sbi,hinglish_natural
Just paid Rs.134 to personal loan EMI through phonepe,134,emi,upi,phonepe,,english_natural
Payment of Rs 233 to Reliance Digital was successful via gpay UPI Ref No 834527062433 hdfc Account 3341,233,shopping,upi,gpay,hdfc,ocr_upi
1145.97 to stocks via Phonepe Fi Money account,1145.97,investment,upi,phonepe,fi,english_natural
aaj stationery pe 2583 rupaye kharcha hua cash se,2583,education,cash,,sbi,voice_transcript
bike loan EMI ₹4415 GPay,4415,emi,upi,gpay,sbi,ocr_upi
33917 credit card books,33917,education,card,,,english_natural
Zomato 3714 cash diy,3714,food,cash,,kotak,hinglish_natural
bike loan EMI 18826 rupees card se pay kr diya,18826,emi,card,,,hinglish_natural
dost Rohan ko 2683 rupaye cash se bheje,2683,friends,cash,,,friends_synthetic
paid back friend lent money INR 3595 Phonepe,3595,friends,upi,phonepe,,cue_row
Karan ka dost ko diyee 36859 rupaye UPI se de diye sasta tha,36859,friends,upi,paytm,,hinglish_natural
Behrouz 14325.22 Paytm,14325.22,food,upi,paytm,,english_natural
sent money to Karan Rs.438 on Cred,438,friends,upi,cred,,friends_synthetic
electricity water broadband mobile recharge bill ₹2216 Jupiter,2216,utilities,upi,jupiter,,cue_row
Ola ka cab liyaa 121 rs debit card se Kotak card se,121,travel,card,,kotak,hinglish_natural
books Rs39931 debit card,39931,education,card,,jupiter,english_natural
Rs288 to mobile recharge via cash,288,utilities,cash,,,english_natural
3188 rupees Tata CLiQ Cred se pay kiyaa,3188,shopping,upi,cred,,hinglish_natural
petrol diesel fuel 60 at pump card,60,travel,card,,,cue_row
Tata CLiQ ka saman liya 211 rs. cash me,211,shopping,cash,,,hinglish_natural
"EATFIT RESTAURANT
Total 622.23
Cash Received
Change 0.00",622.23,food,card,,,ocr_receipt
gas bill se recharge kia 11892 rs. ka card se,11892,utilities,card,,kotak,hinglish_natural
37953 rs. coaching credit card se achha deal mila,37953,education,card,,hdfc,hinglish_natural
Coursera payment Rs 4733.23 done via Phonepe,4733.23,education,upi,phonepe,,english_natural
19517 education loan EMI,19517,emi,card,,kotak,english_natural
4276.01 credit card clinic,4276.01,healthcare,card,,,english_natural
kal 45645 rs restaurant cash diyee,45645,food,cash,,,hinglish_natural
aaj bro ka paise bheje 5385 rs. UPI se diy,5385,friends,upi,slice,,hinglish_natural
17206.68 paid to Meesho via phonepe UPI from hdfc Bank ending 5100,17206.68,shopping,upi,phonepe,hdfc,ocr_upi
3609 rupees BookMyShow card Federal Bank account,3609,entertainment,card,,federal bank,voice_transcript
Just paid 2339 to Ola through cash,2339,travel,cash,,sbi,english_natural
paid 2782 to college fees through Phone Pe,2782,education,upi,phonepe,,voice_transcript
Medical test charges INR 27426,27426,healthcare,card,,hdfc,source_english
sent Rs.5516 to friend on Gpay split bill UPI,5516,friends,upi,gpay,kotak,cue_row
"TAX INVOICE
Jio recharge
Grand Total: 484
Payment: slice",484,utilities,upi,slice,hdfc,ocr_receipt
ET Money ka mutual fund kia 6325 rupaiye Jupiter pe,6325,investment,upi,jupiter,,hinglish_natural
lunch dinner food order swiggy zomato restaurant meal ₹7532 phonepe,7532,food,upi,phonepe,,cue_row
INR 2842 to Angel One via cred,2842,investment,upi,cred,,english_natural
rent maintenance gas connection Rs 36 card,36,utilities,card,,,cue_row
Amazon 2041 PayTM,2041,shopping,upi,paytm,,english_natural
Paytm Money ka 2957 rupees ka bill card se pay kiya,2957,investment,card,,pnb,voice_transcript
"D COLLEAGUE 23665.65 Completed 8Mar 2026,4:08 pm HDFC Bank Bank 8124 UPI transaction ID 781101621989 TO:COLLEAGUE colleague.72958@hdfc bankbank Googletransaction lD XYZabc931681 OPI Cred",23665.65,friends,upi,cred,hdfc,ocr_upi
Internet recharge INR 29529,29529,utilities,upi,phonepe,,source_english
44813 rs bill bharra society maintenance pe card se,44813,utilities,card,,,hinglish_natural
Divya 1533 rs Google Pay pe,1533,friends,upi,gpay,,hinglish_natural
i did 12374 expense on EatFit using card,12374,food,card,,hdfc,voice_transcript
828 rupaiye bill pay kr diya water bill ko debit card se,828,utilities,card,,,hinglish_natural
42718 ka Nykaa bill pay kiya CRED se SBI se kata,42718,shopping,upi,cred,sbi,voice_transcript
Bike loan EMI INR 28134,28134,emi,upi,phonepe,,source_english
48 Mastercard Vedantu,48,education,card,,fi,english_natural
Spent Rs370 on Apollo Pharmacy using cash,370,healthcare,cash,,,english_natural
hospital ka test karaya 420 rs. card se,14353,healthcare,card,,,source_hinglish
Library fee INR 36137,36137,education,card,,,source_english
"MedPlus
Net Amount 2254.66
Paid via paytm",2254.66,healthcare,upi,paytm,axis,ocr_receipt
mutual fund SIP stocks PPF FD investment ₹2299 card,2299,investment,card,,,cue_row
cafe ₹126.50 SLICE,126.50,food,upi,slice,icici,ocr_upi
Used Niyo credit card to pay ₹42935 for eye checkup,42935,healthcare,card,,niyo,english_natural
kal 2436 ₹ tuition diyee college fees ko credit card se,2436,education,card,,jupiter,hinglish_natural
"VI RECHARGE
Item 1 Rs.326
Item 2 ?122
Total Rs 1769
cred",1769,utilities,upi,cred,,ocr_receipt
TO:ELECTRICITYBILL electricitybill.70929@pnbbank From:PRIYASHARMA (PNB Paytm : user3773@okpnbbank,120.70,utilities,upi,paytm,pnb,ocr_upi
hospital doctor pharmacy medicine diagnostic Rs.4804 cash,4804,healthcare,cash,,,cue_row
UPI/09907380/SBI LOAN/FI MONEY,340,emi,card,,fi,english_natural
concert me 2250 rs ka movie dekhi SLICE se pay kya,2250,entertainment,upi,slice,,hinglish_natural
tuition 2451.19 SLICE Successful State Bank 7300,2451.19,education,upi,slice,sbi,ocr_upi
paid Vikram ₹17289 via Niyo,17289,friends,upi,niyo,,friends_synthetic
home loan EMI pe 2091 rs. ka EMI kat gayi debit card se State Bank wale account se sasta tha,2091,emi,card,,sbi,hinglish_natural
credit card EMI se installment diyee 4407 rupaye ka G Pay se bhai,4407,emi,upi,gpay,,hinglish_natural
dentist 33500 HDFC,33500,healthcare,upi,slice,hdfc,english_natural
ghar jaate waqt Kuvera se paisa daala 493 rupaye ka CRED se HDFC Bank se kata,493,investment,upi,cred,hdfc,hinglish_natural
abhi BookMyShow me 4230 rupay ka show dekha UPI se sasta tha,4230,entertainment,upi,phonepe,,hinglish_natural
uber ola cab ride airport train ticket Rs.121 card,121,travel,card,,,cue_row
Lenskart ka saman liyaa 32169 rupees card se pay kiyaa,32169,shopping,card,,,hinglish_natural
dopahar ko Pooja 169 rupaye phonepe pe kotak se,169,friends,upi,phonepe,kotak,hinglish_natural
mutual fund SIP stocks PPF FD investment Rs1243 Bhim,1243,investment,upi,bhim,,cue_row
1817 payment kiyaa rent ko UPI se pay kya,1817,utilities,upi,phonepe,,hinglish_natural
bhai eye checkup 3966 rupaiye UPI se pay kiya,3966,healthcare,upi,slice,,hinglish_natural
dinner split 7694 rupaye Amit cash,7694,friends,cash,,,friends_synthetic
Barbeque Nation 479 rupaiye via GPay Kotak Mahindra se,479,food,upi,gpay,kotak,hinglish_natural
gpay payment Rs 200.87 Vedantu hdfc 3543 completed,200.87,education,upi,gpay,hdfc,ocr_upi
kal SBI loan pe 4020 rs. ka loan payment kya card se pay kiya,4020,emi,card,,,hinglish_natural
8004 Mastercard crypto,8004,investment,card,,,english_natural
maine 4852 rupaye mobile recharge ko diye fi se,4852,utilities,upi,fi,icici,voice_transcript
Just paid Rs 57 to PVR through slice,57,entertainment,upi,slice,,english_natural
Bought JioMart for INR 26170 with PayTM,26170,food,upi,paytm,,english_natural
NEFT/TRANSFER/YAAR/,300,friends,cash,,,english_natural
UPI/38598109/ANGEL ONE/ICICI BANK,9175,investment,upi,phonepe,icici,english_natural
gold me 14460 rupees ka invest kiyaa UPI se bc,14460,investment,upi,gpay,,hinglish_natural
UPI/74764929/FD/BANK,214.25,investment,upi,phonepe,,english_natural
268 cash Shreya,268,friends,cash,,,english_natural
Cleartrip ka cab liyaa 2293 ₹ UPI se,2293,travel,upi,phonepe,indusind,hinglish_natural
EaseMyTrip payment Rs 596 done via cash,596,travel,cash,,,english_natural
personal loan installment EMI deduction ₹130 Jupiter,130,emi,upi,jupiter,,cue_row
"Receipt #3049
BSNL
Amount Paid: 773
Mode: CARD",773,utilities,card,,bob,ocr_receipt
i did 804 expense on YouTube Premium using Phone Pe,804,entertainment,upi,phonepe,icici,voice_transcript
20197 rupees DishTV NIYO ICICI account,20197,utilities,upi,niyo,icici,voice_transcript
Paid t560 for FD via Visa,560,investment,card,,axis,english_natural
rent maintenance gas connection 122 card,122,utilities,card,,,cue_row
HP Petrol se cab lia 4182 ₹ ka cash die,4182,travel,cash,,,hinglish_natural
sent ₹2969 to friend on PayTM split bill UPI,2969,friends,upi,paytm,,cue_row
Rs.3435.00 to Ajio via gpay Union Bank account,3435.00,shopping,upi,gpay,union bank,english_natural
raat ko SpiceJet ka cab liya 399 rupaye debit card se,399,travel,card,,,hinglish_natural
today i spent 45655 on Haldirams via cash,45655,food,cash,,,voice_transcript
"Amazon Prime
Net Amount 116
Paid via phonepe",116,entertainment,upi,phonepe,bandhan,ocr_receipt
Netmeds 9290 rupees Cred pe,9290,healthcare,upi,cred,,hinglish_natural
Gaana me 3664 rupay ka ticket le liya credit card se,3664,entertainment,card,,fi,hinglish_natural
PPF ka SIP bharaa 21164 card se,21164,investment,card,,axis,hinglish_natural
raat ko 6747 rupay Amazon Prime UPI se pay kiya,6747,entertainment,upi,phonepe,icici,hinglish_natural
mobile recharge se payment kya 301 rs. ka debit card se,301,utilities,card,,,hinglish_natural
coaching exam preparation study material ₹43 Gpay,43,education,upi,gpay,,cue_row
"BILL
Chai Point
Rs.1784.16
CASH
Thank You Visit Again",1784.16,food,cash,,,ocr_receipt
today i spent 1014 on IndiGo via Phone Pe,1014,travel,upi,phonepe,,voice_transcript
Divya 6262 phonepe Completed Union Bank 4770,6262,friends,upi,phonepe,union bank,ocr_upi
office se aate hue Bajaj Finance EMI 2550 rupay card se pay kya,2550,emi,card,,,hinglish_natural
4890 rupees clinic card se pay kia,4890,healthcare,card,,axis,hinglish_natural
sent money to Priya ₹20352 on card,20352,friends,card,,,friends_synthetic
280 rupees movie dekhi gaming ko debit card se,280,entertainment,card,,,hinglish_natural
i paid 142 rupees for Reliance Digital using card,142,shopping,card,,hdfc,voice_transcript
mutual fund SIP stocks PPF FD investment Rs.4654 gpay,4654,investment,upi,gpay,,cue_row
paid back friend lent money 36525 card,36525,friends,card,,,cue_row
"TAX INVOICE
SonyLIV
Grand Total: Rs4820
Payment: CARD",4820,entertainment,card,,,ocr_receipt
raat ko 274 rs gas bill card se yaar,274,utilities,card,,,hinglish_natural
Rs 2175 debited from your RBL Bank account for Flipkart (NIYO UPI),2175,shopping,upi,niyo,rbl,ocr_upi
medical checkup lab test health insurance R 3518 Gpay,3518,healthcare,upi,gpay,bob,cue_row
2685 rupaiye paise bheje roommate pe cash de diye,2685,friends,cash,,,hinglish_natural
228.51 paid to BookMyShow via GPay UPI from HDFC Bank Bank ending 2851,228.51,entertainment,upi,gpay,hdfc,ocr_upi
SonyLIV ka movie dekhi 37645 rupaye debit card se,37645,entertainment,card,,,hinglish_natural
auto ka ticket book kia 329 rupees debit card se,329,travel,card,,,hinglish_natural
gaming concert event ticket ₹3822 card,3822,entertainment,card,,kotak,cue_row
"mess 497 Completed 18May 2025,9:33 am SBI 9478 UPI transaction ID 8482723099070",497,food,upi,phonepe,sbi,ocr_upi
Used State Bank cash to pay Rs97 for HP Petrol,97,travel,cash,,sbi,english_natural
today i spent 1236 on SonyLIV via PayTM,1236,entertainment,upi,paytm,,voice_transcript
raat ko Zomato se food order kya 17155 rs ka UPI se pay kia yaar,17155,food,upi,phonepe,,hinglish_natural
Paid Rs10577 for bike loan EMI from my HDFC account via Mastercard,10577,emi,card,,hdfc,english_natural
912 Amit,912,friends,cash,,jupiter,english_natural
home loan car loan credit card EMI monthly Rs 45758 autopay bhim,45758,emi,upi,bhim,,cue_row
tuition ka admission kia 4788 rs. UPI se,4788,education,upi,bhim,rbl,hinglish_natural
"BILL
DishTV
2775
Paytm
Thank You Visit Again",2775,utilities,upi,paytm,axis,ocr_receipt
McDonald's ₹4620 bhim,4620,food,upi,bhim,icici,ocr_upi
3912 ka library bill pay kiya card se,3912,education,card,,,voice_transcript
"BILL
H&M
₹420
PayTM
Thank You Visit Again",420,shopping,upi,paytm,,ocr_receipt
rent pe 18772 rupees ka recharge kiya card se pay kya,18772,utilities,card,,,hinglish_natural
Bajaj Finance EMI 41350 rupees card se pay kia bhai,41350,emi,card,,,hinglish_natural
1475 ₹ HDFC loan debit card se,1475,emi,card,,jupiter,hinglish_natural
Airtel recharge 371 rupees card se,371,utilities,card,,jupiter,hinglish_natural
FD 235 rupaiye UPI se diyee NIYO se kata,235,investment,upi,phonepe,niyo,hinglish_natural
Spent R 30362 on Reliance Digital using paytm,30362,shopping,upi,paytm,,english_natural
284 rupees bill bharaa electricity bill pe UPI se,284,utilities,upi,slice,,hinglish_natural
raat ko HDFC loan 349 ₹ UPI se de diya Federal Bank card se,349,emi,upi,paytm,federal bank,hinglish_natural
"AIRTEL RECHARGE
Item 1 ₹435
Item 2 332
Total Rs 3269
Paytm",3269,utilities,upi,paytm,,ocr_receipt
i did 41822 expense on Coin using jupiter,41822,investment,upi,jupiter,,voice_transcript
school college tuition course books fees ₹477 SLICE,477,education,upi,slice,,cue_row
paid 3914 to Jio recharge through Phonepe,3914,utilities,upi,phonepe,,voice_transcript
43854 rupay food order kiyaa Haldirams ko naqad,43854,food,cash,,,hinglish_natural
Ola se ticket book kar diya 3184 rupaiye ka naqad icici se bc,3184,travel,cash,,icici,hinglish_natural
1633 rupees khareed lya Nykaa pe UPI se,1633,shopping,upi,gpay,,hinglish_natural
R 2396.68 to BookMyShow via Phonepe BOB account,2396.68,entertainment,upi,phonepe,bob,english_natural
Rs 3140 to RedBus via Phonepe,3140,travel,upi,phonepe,,english_natural
3449 rupees Vedantu debit card se achha deal mila,3449,education,card,,jupiter,hinglish_natural
bhai Yatra ka 296 rupaye card se de diya,296,travel,card,,,voice_transcript
Rs 105.03 to Arjun via cash,105.03,friends,cash,,,english_natural
crypto 41956.07 Fi,41956.07,investment,upi,slice,fi,english_natural
sent ₹483 to yaar on bhim,483,friends,upi,bhim,,friends_synthetic
Zara 1000 ₹ G Pay pe,1000,shopping,upi,gpay,hdfc,hinglish_natural
bhai bhai ko udhar return kiya 3727 rs Google Pay se,3727,friends,upi,gpay,,friends_synthetic
"ACT FIBERNET RESTAURANT
Total 488
Cash Received
Change 0.00",488,utilities,card,,,ocr_receipt
BYJU'S pe 296 rupay ka tuition diyee cash diyee,296,education,cash,,,hinglish_natural
4851 ka Netmeds bill pay kiya PayTM se,4851,healthcare,upi,paytm,,voice_transcript
"D VIKRAM 360 Completed 5Jan 2026,5:33 pm kotak Bank 7299 UPI transaction ID 0930548473 TO:VIKRAM vikram.77660@kotakbank Googletransaction lD XYZabc973982 OPI GPay",360,friends,upi,gpay,kotak,ocr_upi
84 rupaye HDFC loan card se pay kia,84,emi,card,,,hinglish_natural
Paytm Money ka invest kr diya 66 rupaiye UPI se pay kia,66,investment,upi,jupiter,,hinglish_natural
Goibibo 122,122,travel,cash,,,english_natural
abhi Kuvera me 323 ₹ ka stock le liya Fi pe,323,investment,upi,fi,,hinglish_natural
aaj Bewakoof pe 1497 rupaye kharcha hua cash se,1497,shopping,cash,,,voice_transcript
Paid 284 for PVR via cred,284,entertainment,upi,cred,sbi,english_natural
BYJU'S mein 26250 lag gaye cash se bhara,26250,education,cash,,sbi,voice_transcript
Rs 4870.03 charged for Udemy on cash,4870.03,education,cash,,federal bank,english_natural
raat ko 3972 rupees PVR Phonepe pe,3972,entertainment,upi,phonepe,hdfc,hinglish_natural
raat ko Goibibo se ride lia 36554 rupaiye ka cash me,36554,travel,cash,,axis,hinglish_natural
exam fee 17582,17582,education,upi,phonepe,,english_natural
43327 ₹ clinic card se pay kar diya,43327,healthcare,card,,,hinglish_natural
Flipkart t8709.95 PhonePe,8709.95,shopping,upi,phonepe,icici,english_natural
Paid 239.43 to metro paytm UPI SBI 6253 Done,239.43,travel,upi,paytm,sbi,ocr_upi
hospital doctor pharmacy medicine diagnostic INR 4339 cash,4339,healthcare,cash,,,cue_row
library se books le liya 30835 rupaye ka cash diye,30835,education,cash,,,hinglish_natural
HDFC loan 1014,1014,emi,upi,phonepe,,english_natural
262 rupees Bharat Petroleum paytm,262,travel,upi,paytm,,voice_transcript
Spent INR 3237 on KFC using Mastercard,3237,food,card,,,english_natural
personal loan installment EMI deduction Rs.125 PayTM,125,emi,upi,paytm,,cue_row
upGrad 238 PayTM Completed icici 8105,238,education,upi,paytm,icici,ocr_upi
?7316.62 debited from your ICICI account for diagnostic (jupiter UPI),7316.62,healthcare,upi,jupiter,icici,ocr_upi
raat ko college fees se course lia 214 ka Bhim pe Fi Money se,214,education,upi,bhim,fi,hinglish_natural
t232.08 debited from your ICICI account for Hotstar (GPay UPI),232.08,entertainment,upi,gpay,icici,ocr_upi
aaj Tata Play pe 859 rupaye kharcha hua slice se,859,utilities,upi,slice,,voice_transcript
SBI loan me 17279 rupees ka loan payment kiyaa card se pay kiya,17279,emi,card,,,hinglish_natural
UPI/02444118/ELECTRONICS STORE/SBI,972,shopping,card,,sbi,english_natural
NPS se SIP bhara 27 rupaiye ka via niyo jupiter se kata,27,investment,upi,niyo,jupiter,hinglish_natural
Bought FD for Rs 25654 with Mastercard,25654,investment,card,,,english_natural
today i spent 1836 on Coursera via paytm from my hdfc bank,1836,education,upi,paytm,hdfc,voice_transcript
t10166.33 to Coin via Cred,10166.33,investment,upi,cred,,english_natural
UPI/02533048/DOCTOR/BANK,1864,healthcare,upi,slice,,english_natural
18240 rs. payment kr diya Vi recharge pe Jupiter se jupiter se,18240,utilities,upi,jupiter,jupiter,hinglish_natural
1823 ka clinic bill pay kiya Jupiter se NIYO se kata,1823,healthcare,upi,jupiter,niyo,voice_transcript
10060 ₹ clinic Cred se pay kiya,10060,healthcare,upi,cred,,hinglish_natural
bhai Karan se dost ko diyee 3087 rs ka UPI se pay kiya,3087,friends,upi,bhim,,hinglish_natural
47058 rupees credit card EMI phonepe NIYO account,47058,emi,upi,phonepe,niyo,voice_transcript
Bharat Petroleum pe 376 rupaiye ka kiraya de diya UPI se pay kya,33914,travel,upi,gpay,,source_hinglish
home loan car loan credit card EMI monthly 33946 autopay card,33946,emi,card,,,cue_row
28718 ₹ Uber UPI se,28718,travel,upi,slice,,hinglish_natural
aaj FirstCry 399 rupaiye card se pay kiya,399,shopping,card,,jupiter,hinglish_natural
₹29220.28 paid to exam fee via card from kotak,29220.28,education,card,,kotak,english_natural
car loan EMI ka EMI kat gayi 1808 rupaiye card se pay kia,1808,emi,card,,,hinglish_natural
SBI loan t44649 PhonePe,44649,emi,upi,phonepe,,english_natural
Tata CLiQ 348 CRED Completed SBI 1348,348,shopping,upi,cred,sbi,ocr_upi
31584 rupay udhar return kr diya Neha ko PhonePe pe,31584,friends,upi,phonepe,,hinglish_natural
home loan car loan credit card EMI monthly Rs1619 autopay card,1619,emi,card,,,cue_row
Paid ₹4448 for colleague via Phone Pe,4448,friends,upi,phonepe,,english_natural
Rs14472 to Nykaa via paytm,14472,shopping,upi,paytm,,english_natural
?363.21 charged for tuition on cash,363.21,education,cash,,axis,english_natural
Uber 252 haath se diy,252,travel,cash,,,hinglish_natural
POS/PRACTO/FI/4078,2051,healthcare,upi,fi,icici,english_natural
aaj JioMart pe 25901 rupaye kharcha hua PhonePe se,25901,food,upi,phonepe,hdfc,voice_transcript
FirstCry 113.75,113.75,shopping,upi,fi,,english_natural
FD ₹7042 Paytm,7042,investment,upi,paytm,hdfc,ocr_upi
Paid INR 207 for Rapido from my ICICI Bank account via CRED,207,travel,upi,cred,icici,english_natural
medical checkup lab test health insurance ₹341 Phonepe,341,healthcare,upi,phonepe,,cue_row
abhi Airtel recharge ka recharge kar diya 378 rupees UPI se diyee,378,utilities,upi,phonepe,kotak,hinglish_natural
Amazon ka khareed liyaa 701 rs. card se pay kar diya axis wale account se,701,shopping,card,,axis,hinglish_natural
maine 1489 rupaye bike loan EMI ko diye Fi se,1489,emi,upi,fi,,voice_transcript
Lenskart t25676 jupiter,25676,shopping,upi,jupiter,bob,ocr_upi
988 rs NPS UPI se,988,investment,upi,slice,,hinglish_natural
rickshaw 3696.65 credit card,3696.65,travel,card,,,english_natural
Zerodha mein 1201 lag gaye card se bhara,1201,investment,card,,sbi,voice_transcript
INR 2929.13 paid to gaming via cash from SBI,2929.13,entertainment,cash,,sbi,english_natural
personal loan EMI 49485 credit card se IndusInd se,49485,emi,card,,indusind,hinglish_natural
electronics clothes shoes accessories purchase Rs49694 via card,49694,shopping,card,,,cue_row
Rs.268.68 charged for Practo on G Pay,268.68,healthcare,upi,gpay,,english_natural
"Receipt #8410
Netmeds
Amount Paid: ?1396
Mode: CARD",1396,healthcare,card,,axis,ocr_receipt
mutual fund R 157 PayTM,157,investment,upi,paytm,icici,ocr_upi
"CHAI POINT RESTAURANT
Total 1073.14
Cash Received
Change 0.00",1073.14,food,upi,gpay,,ocr_receipt
"Starbucks
Net Amount 16377
Paid via gpay",16377,food,upi,gpay,,ocr_receipt
Hotel booking INR 35701,35701,travel,cash,,,source_english
Hotstar 28454 ₹ cred se,28454,entertainment,upi,cred,,hinglish_natural
"DIAGNOSTIC RESTAURANT
Total 359
Cash Received
Change 0.00",359,healthcare,upi,paytm,,ocr_receipt
Clothing store bill INR 36505,36505,shopping,upi,phonepe,,source_english
Indian Oil se ride lya 146 ₹ ka via G Pay bhai,146,travel,upi,gpay,,hinglish_natural
Groww ka mutual fund kr diya 451 rupay via SLICE,451,investment,upi,slice,,hinglish_natural
concert ₹2028.48 Phonepe,2028.48,entertainment,upi,phonepe,hdfc,english_natural
cred payment ₹323.01 personal loan EMI State Bank 9777 completed,323.01,emi,upi,cred,sbi,ocr_upi
dost ka split kya 14392 rs. G Pay se IDFC se kata,14392,friends,upi,gpay,idfc,hinglish_natural
4815 ₹ order kiya mall ko card se,4815,shopping,card,,,hinglish_natural
NEFT/TRANSFER/BIKE LOAN EMI/,228,emi,upi,jupiter,,english_natural
41209 ₹ SIP bharra ET Money pe UPI se,41209,investment,upi,niyo,,hinglish_natural
R 49139 charged for upGrad on debit card,49139,education,card,,jupiter,english_natural
paid 4424 to FD through Google Pay,4424,investment,upi,gpay,,voice_transcript
home loan EMI se loan payment kia 3765 ₹ ka card se pay kya,3765,emi,card,,kotak,hinglish_natural
mall se shopping kiyaa 3336 rs ka card se State Bank se,3336,shopping,card,,sbi,hinglish_natural
school college tuition course books fees Rs.158 GPay,158,education,upi,gpay,,cue_row
bhai Coin ka 12631 rupaye card se de diya,12631,investment,card,,,voice_transcript
"D LENSKART 36.31 Completed 6Jan 2026,8:12 pm Axis Bank Bank 5393 UPI transaction ID 33969108296561 TO:LENSKART lenskart.27906@axis bankbank Soogletransaction lD XYZabc646764 OPI niyo",36.31,shopping,upi,niyo,axis,ocr_upi
3001 rs Zee5 UPI se diye,41437,entertainment,upi,niyo,,source_hinglish
Rs434 to Priya cash UPI,434,friends,cash,,,friends_synthetic
POS/BRO/PAYTM/6532,4459,friends,upi,paytm,,english_natural
maine 32845 rupaye education loan EMI ko diye card se,32845,emi,card,,,voice_transcript
BookMyShow mein 84 lag gaye slice se bhara,84,entertainment,upi,slice,niyo,voice_transcript
Box8 payment Rs118 done via card,118,food,card,,,english_natural
yaar 214 rupees education loan EMI Google Pay se pay kar diya bc,214,emi,upi,gpay,,hinglish_natural
Shreya me 1427 rs. ka udhar return kar diya GPay se bc,1427,friends,upi,gpay,pnb,hinglish_natural
₹4899 to Pooja via Phone Pe,4899,friends,upi,phonepe,,english_natural
"BSNL
Net Amount 21841
Paid via SLICE",21841,utilities,upi,slice,,ocr_receipt
UPI/79429186/ZARA/IDFC FIRST,2780,shopping,upi,paytm,idfc,english_natural
petrol pump Rs31874.56 gpay,31874.56,travel,upi,gpay,icici,ocr_upi
Just paid 9480.00 to Amazon Prime through credit card,9480.00,entertainment,card,,sbi,english_natural
"BILL
Myntra
Rs.429
PayTM
Thank You Visit Again",429,shopping,upi,paytm,indusind,ocr_receipt
Rs339.78 to dentist via cash,339.78,healthcare,cash,,,english_natural
split bill 206 paytm se dost ko diya,206,friends,upi,paytm,,friends_synthetic
Rohan ko 18926 transfer kiya PayTM se,18926,friends,upi,paytm,,friends_synthetic
NPS ka invest kiya 45650 rs card se matlab,45650,investment,card,,,hinglish_natural
SpiceJet 1368.14,1368.14,travel,card,,hdfc,english_natural
paid dost INR 1739 via CRED,1739,friends,upi,cred,,friends_synthetic
UPI/67066256/TATA CLIQ/BANK,42719,shopping,card,,,english_natural
lunch dinner food order swiggy zomato restaurant meal 427 Jupiter,427,food,upi,jupiter,sbi,cue_row
INOX ka show dekha 202 ₹ card se,202,entertainment,card,,fi,hinglish_natural
Paid Rs.314 for INOX via credit card,314,entertainment,card,,,english_natural
subah SBI loan se EMI bhara 33 rs. ka debit card se,33,emi,card,,hdfc,hinglish_natural
bhai diagnostic ka 208 rupaye Paytm se de diya,208,healthcare,upi,paytm,icici,voice_transcript
38989.69 Netmeds,38989.69,healthcare,cash,,,english_natural
423 Unacademy,423,education,upi,cred,,english_natural
15797 Rohan,15797,friends,upi,gpay,,english_natural
Just paid Rs.450 to MedPlus through cash,450,healthcare,cash,,,english_natural
Indian Oil me 7167 rupay ka ticket book kar diya card se matlab,7167,travel,card,,,hinglish_natural
maine 19533 rupaye education loan EMI ko diye Gpay se,19533,emi,upi,gpay,,voice_transcript
office se aate hue Blinkit ka kha liya 2969 ₹ UPI se matlab,2969,food,upi,gpay,icici,hinglish_natural
hospital doctor pharmacy medicine diagnostic INR 28336 Google Pay,28336,healthcare,upi,gpay,,cue_row
sent ₹474 to friend on cash split bill UPI,474,friends,cash,,,cue_row
electronics clothes shoes accessories purchase 147 via card,147,shopping,card,,,cue_row
ghar jaate waqt Gaana se game lia 38421 rs ka CRED se,38421,entertainment,upi,cred,slice,hinglish_natural
₹2283 paid to JioCinema via G Pay UPI from hdfc Bank ending 2945,2283,entertainment,upi,gpay,hdfc,ocr_upi
Amazon ka buy kiya 23854 ₹ UPI se de diye ICICI card se,23854,shopping,upi,paytm,icici,hinglish_natural
Chai Point se food order kya 3657 ₹ ka via Paytm,3657,food,upi,paytm,,hinglish_natural
"TAX INVOICE
Ajio
Grand Total: t23793.65
Payment: CARD",23793.65,shopping,card,,,ocr_receipt
Paytm Money se invest kr diya 3137 rupaiye ka G Pay se pay kiya,3137,investment,upi,gpay,,hinglish_natural
"Receipt #3425
Zomato
Amount Paid: t3747
Mode: CASH",3747,food,cash,,,ocr_receipt
Tata CLiQ 2993 credit card se,2993,shopping,card,,,hinglish_natural
NEFT/TRANSFER/FRIEND/,357.25,friends,upi,gpay,,english_natural
Spent ₹12789 on mall using Visa,12789,shopping,card,,,english_natural
Rs 10028 paid to Nykaa via Visa from slice,10028,shopping,card,,slice,english_natural
raat ko SBI loan me 1380 rs. ka EMI bhara card se,1380,emi,card,,,hinglish_natural
ghar jaate waqt doctor pe 67 rs ka test karaya cred se PNB se kata yaar,67,healthcare,upi,cred,pnb,hinglish_natural
Just paid Rs 36524.01 to home loan EMI through Paytm,36524.01,emi,upi,paytm,,english_natural
2412 rupees IRCTC card,2412,travel,card,,,voice_transcript
coaching exam preparation study material Rs 46313 card,46313,education,card,,,cue_row
auto 1729 gpay se,1729,travel,upi,gpay,,hinglish_natural
"BILL
YouTube Premium
?398
GPay
Thank You Visit Again",398,entertainment,upi,gpay,,ocr_receipt
Myntra ka buy kya 2315 cash de diye,2315,shopping,cash,,,hinglish_natural
82 rs. mutual fund UPI se diye,82,investment,upi,niyo,,hinglish_natural
1001 rupaye dost ko diye Arjun pe UPI se pay kia,1001,friends,upi,phonepe,,hinglish_natural
subah 87 buy kiya Meesho pe G Pay se pay kr diya yaar,87,shopping,upi,gpay,,hinglish_natural
Jio recharge se bill pay kiyaa 2252 ka PayTM pe HDFC se,2252,utilities,upi,paytm,hdfc,hinglish_natural
bhai JioCinema 344 rupaye UPI se de diye,344,entertainment,upi,paytm,bob,hinglish_natural
aaj car loan EMI se EMI bhar diya 2031 ₹ ka card se pay kia yaar,2031,emi,card,,,hinglish_natural
BYJU'S pe 17956 rupaye ka fees bhar diya UPI se pay kr diya sasta tha,17956,education,upi,gpay,,hinglish_natural
1782 rupay bill bharra society maintenance ko UPI se pay kya,1782,utilities,upi,bhim,,hinglish_natural
KFC 1036,1036,food,cash,,,english_natural
"TAX INVOICE
Apple Music
Grand Total: ₹45615
Payment: CARD",45615,entertainment,card,,,ocr_receipt
sent t63 to Neha on slice,63,friends,upi,slice,,friends_synthetic
Zee5 se subscription renew kya 2085 rupaye ka UPI se de diya,5,entertainment,upi,phonepe,slice,hinglish_natural
credit card EMI 45686 rupaye credit card se State Bank account se,45686,emi,card,,sbi,hinglish_natural
car loan EMI ka EMI kat gayi 44394 rupaye card se,44394,emi,card,,,hinglish_natural
16079 rupaiye Croma UPI se die,16079,shopping,upi,phonepe,,hinglish_natural
paid back friend lent money Rs40579 PhonePe,40579,friends,upi,phonepe,union bank,cue_row
roommate me 273 rupay ka udhar return kiyaa BHIM se,273,friends,upi,bhim,hdfc,hinglish_natural
Spent ₹3082.91 on Divya using cash,3082.91,friends,cash,,sbi,english_natural
today i spent 3899 on Biryani Blues via card from my SBI bank,3899,food,card,,sbi,voice_transcript
aaj education loan EMI se installment die 50 ₹ ka PayTM pe,50,emi,upi,paytm,,hinglish_natural
"GAANA
Item 1 Rs.266
Item 2 Rs211
Total INR 33292
jupiter",33292,entertainment,upi,jupiter,,ocr_receipt
Rs4766 paid to doctor via Paytm UPI from sbi Bank ending 6287,4766,healthcare,upi,paytm,sbi,ocr_upi
"Receipt #3990
BSNL
Amount Paid: ₹32111
Mode: Jupiter",32111,utilities,upi,jupiter,,ocr_receipt
mutual fund 404 Gpay Completed Canara 7357,404,investment,upi,gpay,canara,ocr_upi
INR 356 charged for Zomato on bhim,356,food,upi,bhim,,english_natural
Unacademy ka tuition de diya 72 rupees debit card se idfc account se,72,education,card,,idfc,hinglish_natural
Rs.199 charged for Arjun on CRED,199,friends,upi,cred,canara,english_natural
insurance premium se recharge kiya 1053 rupaiye ka UPI se Punjab National Bank se kata,1053,utilities,upi,fi,pnb,hinglish_natural
dinner split 18113 rupaye Rahul cash,18113,friends,cash,,hdfc,friends_synthetic
netflix spotify hotstar subscription movie show Rs.45 Google Pay,45,entertainment,upi,gpay,,cue_row
4086 rupees YouTube Premium card se,4086,entertainment,card,,niyo,hinglish_natural
mall 227 ₹ naqad,227,shopping,cash,,icici,hinglish_natural
gaming concert event ticket Rs254 slice,254,entertainment,upi,slice,,cue_row
kal Burger King se mangwaya 130 rs. ka cash me,12825,food,cash,,,source_hinglish
387 gas bill,387,utilities,card,,kotak,english_natural
FirstCry 816 rupees debit card se,816,shopping,card,,icici,hinglish_natural
3507 rupees petrol pump cash,3507,travel,cash,,,voice_transcript
paid back friend lent money Rs.2875 gpay,2875,friends,upi,gpay,sbi,cue_row
today i spent 343 on Apple Music via PayTM,343,entertainment,upi,paytm,,voice_transcript
8005 rupees tuition de diya Udemy pe Cred pe,8005,education,upi,cred,,hinglish_natural
1360 rs. Karan Google Pay pe,1360,friends,upi,gpay,axis,hinglish_natural
paid Pooja Rs.322 via gpay,322,friends,upi,gpay,,friends_synthetic
BSNL se bill pay kar diya 3865 rupay ka card se,3865,utilities,card,,,hinglish_natural
SpiceJet se ride liyaa 610 rupay ka card se,610,travel,card,,fi,hinglish_natural
restaurant ka 57 rupees ka bill GPay se pay kiya,57,food,upi,gpay,,voice_transcript
Snapdeal ka order kia 27268 ₹ UPI se diye,27268,shopping,upi,cred,kotak,hinglish_natural
roommate ko 438 transfer kiya Google Pay se,438,friends,upi,gpay,,friends_synthetic
139 rs. invest kiya NPS pe BHIM se Fi se kata,139,investment,upi,bhim,fi,hinglish_natural
kal personal loan EMI me 2066 rs. ka loan payment kya credit card se NIYO se kata,2066,emi,card,,niyo,hinglish_natural
split bill 2915 card se Neha ko diya,2915,friends,card,,,friends_synthetic
ghar jaate waqt car loan EMI ka installment die 34001 rupaye credit card se,34001,emi,card,,hdfc,hinglish_natural
Airtel recharge pe 206 rupees ka payment kya via G Pay achha deal mila,24165,utilities,upi,gpay,axis,source_hinglish
netflix spotify hotstar subscription movie show Rs942 PayTM,942,entertainment,upi,paytm,,cue_row
Payment of 24362 to roommate was successful via G Pay UPI Ref No 3882797413973 kotak Account 3668,24362,friends,upi,gpay,kotak,ocr_upi
"GAS BILL RESTAURANT
Total 8431
Cash Received
Change 0.00",8431,utilities,card,,hdfc,ocr_receipt
3261 home loan EMI,3261,emi,upi,paytm,sbi,english_natural
Cafe coffee INR 48843,48843,food,upi,bhim,hdfc,source_english
POS/COLLEAGUE/PAYTM/6478,443,friends,upi,paytm,,english_natural
232.98 to Jio recharge via BHIM,232.98,utilities,upi,bhim,,english_natural
27344 bhim Flipkart,27344,shopping,upi,bhim,,english_natural
Rs.253 to Bajaj Finance EMI via PhonePe,253,emi,upi,phonepe,,english_natural
medical checkup lab test health insurance Rs 27503 card,27503,healthcare,card,,pnb,cue_row
"Vikram 37220.25 Completed 4Sep 2025,9:31 pm Union Bank 9612 UPI transaction ID 74126002674",37220.25,friends,upi,fi,union bank,ocr_upi
dopahar ko 2735 rupaye EMI kat gayi personal loan EMI ko card se pay kiya,2735,emi,card,,,hinglish_natural
"BLINKIT RESTAURANT
Total 2275
Cash Received
Change 0.00",2275,food,cash,,bob,ocr_receipt
YouTube Premium payment R 357 done via Visa,357,entertainment,card,,,english_natural
PharmEasy mein 4161 lag gaye Google Pay se bhara,4161,healthcare,upi,gpay,sbi,voice_transcript
"Gaana BILL
St: Rs1508.21
PayTM Approved",1508.21,entertainment,upi,paytm,hdfc,ocr_receipt
38632 ka bike loan EMI bill pay kiya card se hdfc se kata,38632,emi,card,,hdfc,voice_transcript
5298 rupaye Amit UPI se pay kr diya,5298,friends,upi,gpay,,hinglish_natural
50 G Pay doctor,50,healthcare,upi,gpay,,english_natural
paid 3960 to personal loan EMI through card,3960,emi,card,,,voice_transcript
Coin Rs 104 niyo,104,investment,upi,niyo,indusind,ocr_upi
"D UBER 3486 Completed 15Jan 2026,4:40 pm HDFC Bank Bank 8584 UPI transaction ID 1311942710036 TO:UBER uber.60517@hdfc bankbank Googletransaction lD CICAgJjg328798 OPI Phonepe",3486,travel,upi,phonepe,hdfc,ocr_upi
dinner split 103 rupaye Karan bhim,103,friends,upi,bhim,,friends_synthetic
sent money to Rahul ₹15151 on cash,15151,friends,cash,,,friends_synthetic
Paytm Money 3647.18,3647.18,investment,upi,fi,,english_natural
i did 20 expense on dentist using bhim,20,healthcare,upi,bhim,,voice_transcript
POS/PVR/CARD/5132,4110,entertainment,card,,slice,english_natural
38813 ka library bill pay kiya card se,38813,education,card,,,voice_transcript
120 ₹ mangwaya cafe ko debit card se,120,food,card,,,hinglish_natural
"BILL
dentist
₹96
Gpay
Thank You Visit Again",96,healthcare,upi,gpay,,ocr_receipt
office se aate hue college fees se admission kr diya 48386 rupees ka naqad zyada ho gaya,48386,education,cash,,,hinglish_natural
Bought ACT Fibernet for 2975.13 with PhonePe,2975.13,utilities,upi,phonepe,axis,english_natural
ACT Fibernet se bill pay kiya 363 rs ka PhonePe se pay kiya,363,utilities,upi,phonepe,,hinglish_natural
46 rupaiye PharmEasy Fi Money se pay kr diya,46,healthcare,upi,fi,hdfc,hinglish_natural
3431 rs. Netmeds card se pay kia,3431,healthcare,card,,,hinglish_natural
319 rupaye EMI bharra personal loan EMI ko UPI se de diya yaar,319,emi,upi,slice,,hinglish_natural
₹2928 to Shreya PhonePe UPI,2928,friends,upi,phonepe,,friends_synthetic
school college tuition course books fees ?351 cash,351,education,cash,,,cue_row
gaming concert event ticket ₹2405 Cred,2405,entertainment,upi,cred,hdfc,cue_row
PayTM payment Rs.408.64 HDFC loan Bank of Baroda 1885 successful,408.64,emi,upi,paytm,bob,ocr_upi
personal loan installment EMI deduction Rs.28780 card,28780,emi,card,,,cue_row
"BILL
eye checkup
2790
CARD
Thank You Visit Again",2790,healthcare,card,,,ocr_receipt
paid yaar 225 via Gpay,225,friends,upi,gpay,,friends_synthetic
Udemy se fees bhar diya 440 rupees ka cash diye,28920,education,cash,,,source_hinglish
41165 rupay gaming UPI se pay kiyaa,8400,entertainment,upi,gpay,,source_hinglish
coaching exam preparation study material Rs 4312 Google Pay,4312,education,upi,gpay,,cue_row
BYJU'S 91.38 Mastercard,91.38,education,card,,,english_natural
hospital 45557.42 phonepe Payment done sbi 7072,45557.42,healthcare,upi,phonepe,sbi,ocr_upi
paid bro t339 via PayTM,339,friends,upi,paytm,,friends_synthetic
297 ₹ ticket le liya BookMyShow ko card se pay kr diya,297,entertainment,card,,,hinglish_natural
sent INR 55 to flatmate on PayTM,55,friends,upi,paytm,,friends_synthetic
Blinkit 106,106,food,upi,gpay,,english_natural
netflix spotify hotstar subscription movie show ₹1029 card,1029,entertainment,card,,kotak,cue_row
Nature's Basket 483 debit card,483,food,card,,axis,english_natural
Tata CLiQ se buy kar diya 15424 ka credit card se,15424,shopping,card,,,hinglish_natural
Angel One 129 card se,129,investment,card,,,hinglish_natural
Lenskart ka order kya 48257 rupay UPI se,48257,shopping,upi,cred,,hinglish_natural
Kuvera pe 4627 rupaiye ka stock lya Phone Pe se Axis Bank se kata,4627,investment,upi,phonepe,axis,hinglish_natural
Used NIYO Gpay to pay Rs 97 for Myntra,97,shopping,upi,gpay,niyo,english_natural
446 rupees HDFC loan cred se pay kar diya,446,emi,upi,cred,hdfc,hinglish_natural
car loan EMI 23766 rupaiye debit card se achha deal mila,23766,emi,card,,,hinglish_natural
office se aate hue 19134 rupay Bewakoof debit card se bhai,19134,shopping,card,,,hinglish_natural
"mobile recharge
Net Amount 2542
Paid via bhim",2542,utilities,upi,bhim,sbi,ocr_receipt
871 rupay Rohan Phone Pe pe,871,friends,upi,phonepe,hdfc,hinglish_natural
petrol pump 474 jupiter,474,travel,upi,jupiter,icici,ocr_upi
Vikram ko 199 transfer kiya cash se,199,friends,cash,,,friends_synthetic
books mein 429 lag gaye card se bhara,429,education,card,,,voice_transcript
333 paise bheje Rohan ko naqad,333,friends,cash,,,hinglish_natural
Ananya 46859.04 hdfc,46859.04,friends,cash,,hdfc,english_natural
education loan EMI 438 debit card,438,emi,card,,,english_natural
2530 NPS via jupiter,2530,investment,upi,jupiter,,hinglish_natural
petrol diesel fuel ₹1394 at pump cash,1394,travel,cash,,,cue_row
262 rupaiye bill pay kar diya gas bill pe UPI se de diye,262,utilities,upi,phonepe,sbi,hinglish_natural
101 rs. installment de diye HDFC loan ko credit card se,101,emi,card,,sbi,hinglish_natural
Snapdeal ka saman lya 4074 debit card se,4074,shopping,card,,kotak,hinglish_natural
3051 BSNL UPI se pay kar diya,3051,utilities,upi,gpay,kotak,hinglish_natural
"Receipt #1587
gaming
Amount Paid: 91
Mode: Paytm",91,entertainment,upi,paytm,,ocr_receipt
3968 rupees DishTV PhonePe Federal Bank account,3968,utilities,upi,phonepe,federal bank,voice_transcript
ET Money 32055 rs credit card se,32055,investment,card,,axis,hinglish_natural
i did 433 expense on water bill using phonepe,433,utilities,upi,phonepe,,voice_transcript
NEFT/TRANSFER/ELECTRICITY BILL/,21638.21,utilities,upi,gpay,,english_natural
Online course subscription INR 29654,29654,education,upi,gpay,,source_english
subah 2072 ₹ ticket liyaa concert pe via PayTM,2072,entertainment,upi,paytm,fi,hinglish_natural
167 rs. invest kiya gold pe phonepe se bohot mehenga,167,investment,upi,phonepe,,hinglish_natural
ATM/CASH/JUPITER/39731.67,39731.67,food,upi,slice,jupiter,english_natural
Spent 482 on car loan EMI using debit card,482,emi,card,,,english_natural
4325 stock liya crypto pe NIYO se pay kr diya hdfc account se,4325,investment,upi,niyo,hdfc,hinglish_natural
Shreya ko 4498 transfer kiya paytm se,4498,friends,upi,paytm,,friends_synthetic
today i spent 44465 on ET Money via card,44465,investment,card,,,voice_transcript
amazon flipkart myntra online shopping order Rs 28739 phonepe,28739,shopping,upi,phonepe,,cue_row
Croma 43895.71 debit card,43895.71,shopping,card,,,english_natural
home loan EMI 2953 rupees card se pay kr diya,2953,emi,card,,,hinglish_natural
ghar jaate waqt dhaba 4448 rupees slice se pay kya,4448,food,upi,slice,,hinglish_natural
19627 rupees recharge kar diya rent ko gpay pe Punjab National Bank account se,19627,utilities,upi,gpay,pnb,hinglish_natural
gaming me 106 rupaiye ka movie dekhi card se HDFC wale account se,106,entertainment,card,,hdfc,hinglish_natural
"ACT FIBERNET RESTAURANT
Total 2300.42
Cash Received
Change 0.00",2300.42,utilities,upi,phonepe,,ocr_receipt
Just paid 418 to stationery through phonepe,418,education,upi,phonepe,axis,english_natural
NEFT/TRANSFER/YATRA/,41232,travel,card,,,english_natural
i paid 491 rupees for Neha using Gpay,491,friends,upi,gpay,hdfc,voice_transcript
3079.12 charged for Udemy on cash,3079.12,education,cash,,icici,english_natural
Unacademy se tuition diye 3346 rs. ka debit card se,3346,education,card,,,hinglish_natural
dost dost ko 136 rupaye NIYO se bheje,136,friends,upi,niyo,,friends_synthetic
Apollo Pharmacy 2526 rs. debit card se,2526,healthcare,card,,jupiter,hinglish_natural
"Reliance Digital
Net Amount 145
Paid via PayTM",145,shopping,upi,paytm,hdfc,ocr_receipt
Paid SIP t488 using Mastercard,488,investment,card,,,english_natural
spent 3175 rupees on Netmeds via card,3175,healthcare,card,,,voice_transcript
3703 paid to car loan EMI via Phonepe UPI from ICICI Bank Bank ending 2316,3703,emi,upi,phonepe,icici,ocr_upi
raat ko 422 installment diyee HDFC loan ko credit card se,422,emi,card,,,hinglish_natural
Airtel recharge 3911 Gpay,3911,utilities,upi,gpay,,english_natural
i did 118 expense on 1mg using paytm,118,healthcare,upi,paytm,hdfc,voice_transcript
"1MG
Item 1 ₹412
Item 2 INR 165
Total Rs47067
CASH",47067,healthcare,cash,,,ocr_receipt
Paid INOX ₹48654 using Google Pay,48654,entertainment,upi,gpay,,english_natural
"Netmeds
Net Amount 358.72
Paid via GPay",358.72,healthcare,upi,gpay,,ocr_receipt
POS/BOOKMYSHOW/MASTERCARD/1713,3594,entertainment,card,,icici,english_natural
sent ₹335 to dost on PhonePe,335,friends,upi,phonepe,,friends_synthetic
kal flatmate ka paise bheje 463 ₹ Gpay pe zyada ho gaya,463,friends,upi,gpay,,hinglish_natural
clinic payment Rs.12010 done via credit card,12010,healthcare,card,,,english_natural
2148 Apollo Pharmacy cash diy,2148,healthcare,cash,,,hinglish_natural
"CCD
Net Amount 1677
Paid via Jupiter",1677,food,upi,jupiter,sbi,ocr_receipt
1mg 4218 sbi,4218,healthcare,cash,,sbi,english_natural
medical checkup lab test health insurance Rs.327 cash,327,healthcare,cash,,,cue_row
i paid 2950 rupees for DishTV using phonepe,2950,utilities,upi,phonepe,,voice_transcript
POS/FAASOS/GPAY/2087,1067,food,upi,gpay,,english_natural
kal school fees 354 Slice se pay kiyaa zyada ho gaya,354,education,upi,slice,,hinglish_natural
Paid ₹1097.25 to Jio recharge Google Pay UPI Punjab National Bank 3388 Successful,1097.25,utilities,upi,gpay,pnb,ocr_upi
sent money to Rohan INR 620 on cred,620,friends,upi,cred,,friends_synthetic
205 rupay dawai liyaa PharmEasy ko card se,205,healthcare,card,,kotak,hinglish_natural
Bought Spotify for ₹923.45 with cash,923.45,entertainment,cash,,hdfc,english_natural
dost Divya ko 370 rupaye Niyo se bheje,370,friends,upi,niyo,union bank,friends_synthetic
11197 rupaye admission kar diya library pe via cred,11197,education,upi,cred,sbi,hinglish_natural
"BILL
Lenskart
Rs.1364
CASH
Thank You Visit Again",1364,healthcare,cash,,,ocr_receipt
raat ko FD se invest kia 40893 rupaye ka UPI se de diye,40893,investment,upi,gpay,,hinglish_natural
Rs 4118 charged for lab test on Phone Pe,4118,healthcare,upi,phonepe,,english_natural
"TAX INVOICE
market
Grand Total: INR 770
Payment: CARD",770,shopping,card,,,ocr_receipt
petrol pump ka petrol bhara 445 rs PayTM se pay kia,445,travel,upi,paytm,,hinglish_natural
dinner split 407 rupaye Neha PayTM,407,friends,upi,paytm,pnb,friends_synthetic
Just paid ₹121 to rickshaw through Slice,121,travel,upi,slice,,english_natural
aaj water bill pe 14590 rupaye kharcha hua G Pay se,14590,utilities,upi,gpay,,voice_transcript
ghar jaate waqt Amazon pe 4706 rupay ka buy kr diya card se pay kiya,4706,shopping,card,,sbi,hinglish_natural
2868 to flatmate via cash Niyo account,2868,friends,cash,,niyo,english_natural
flatmate ko 6229 transfer kiya SLICE se,6229,friends,upi,slice,,friends_synthetic
bhai Unacademy 441 naqad,441,education,cash,,,hinglish_natural
2995 rupees PPF card,2995,investment,card,,,voice_transcript
4256.07 debited from your State Bank account for bro (Fi Money UPI),4256.07,friends,upi,fi,sbi,ocr_upi
Paid Myntra 38938 using G Pay,38938,shopping,upi,gpay,,english_natural
Paid Rs.31759 for HDFC loan via Phonepe,31759,emi,upi,phonepe,,english_natural
abhi yaar ka udhar return kar diya 1650 rupaye Gpay pe,1650,friends,upi,gpay,,hinglish_natural
269 ka roommate bill pay kiya phonepe se,269,friends,upi,phonepe,,voice_transcript
172 rupaiye cab liyaa SpiceJet ko cash me,172,travel,cash,,,hinglish_natural
PharmEasy Rs.331 debit card,331,healthcare,card,,kotak,english_natural
Just paid Rs.396.97 to Gaana through Visa,396.97,entertainment,card,,,english_natural
bhai Shreya ko udhar return kiya 298 rs CRED se,298,friends,upi,cred,idfc,friends_synthetic
personal loan EMI payment t247 done via paytm,247,emi,upi,paytm,,english_natural
office se aate hue BookMyShow se ticket liya 32178 rupaiye ka Jupiter pe,32178,entertainment,upi,jupiter,,hinglish_natural
"H&M 18278.27 Completed 4Jun 2026,8:19 pm IndusInd 8696 UPI transaction ID 6621459848",18278.27,shopping,upi,gpay,indusind,ocr_upi
paid 2494 to HDFC loan through card from hdfc,2494,emi,card,,hdfc,voice_transcript
₹2229 debited from your State Bank account for BYJU'S (Gpay UPI),2229,education,upi,gpay,sbi,ocr_upi
ATM/CASH/BANK/44522,44522,emi,card,,,english_natural
2431 rupaiye bill bhara BSNL ko UPI se pay kya,2431,utilities,upi,bhim,,hinglish_natural
car loan EMI ₹253 debited from IndusInd,253,emi,card,,indusind,english_natural
dinner split 162 rupaye Shreya Jupiter,162,friends,upi,jupiter,,friends_synthetic
Box8 4863 rs UPI se de diya budget tod diya,8,food,upi,phonepe,,hinglish_natural
Paid ₹2691 for Gaana from my icici account via Cred,2691,entertainment,upi,cred,icici,english_natural
37023.11 SonyLIV,37023.11,entertainment,cash,,,english_natural
yaar Bajaj Finance EMI ka loan payment kar diya 2709 rupaiye Paytm se Fi Money se,2709,emi,upi,paytm,fi,hinglish_natural
412 debited from your Axis account for lab test (phonepe UPI),412,healthcare,upi,phonepe,axis,ocr_upi
sent R 686 to friend on PayTM split bill UPI,686,friends,upi,paytm,,cue_row
petrol diesel fuel Rs 2898 at pump card,2898,travel,card,,kotak,cue_row
amazon flipkart myntra online shopping order ₹4977 cash,4977,shopping,cash,,,cue_row
hospital doctor pharmacy medicine diagnostic ₹423 Phone Pe,423,healthcare,upi,phonepe,,cue_row
"MALL
Item 1 161
Item 2 ₹423
Total 247
GPay",247,shopping,upi,gpay,,ocr_receipt
subah 29 rupaiye gaming naqad,29,entertainment,cash,,,hinglish_natural
IndiGo 102 rupay card se,32224,travel,card,,,source_hinglish
dost Rohan ko 16155 rupaye G Pay se bheje,16155,friends,upi,gpay,,friends_synthetic
Bought gaming for Rs 18002 with cred,18002,entertainment,upi,cred,,english_natural
abhi IndiGo ka petrol bharra 3403 ₹ card se pay kia zyada ho gaya,3403,travel,card,,,hinglish_natural
sent money to Rohan t942 on cash,942,friends,cash,,,friends_synthetic
124 rupay loan payment kar diya Bajaj Finance EMI pe card se,124,emi,card,,hdfc,hinglish_natural
336 ₹ stock lya ET Money pe card se pay kiya,336,investment,card,,,hinglish_natural
₹35191 debited from your HDFC Bank account for Vi recharge (paytm UPI),35191,utilities,upi,paytm,hdfc,ocr_upi
stationery 5973 CRED se pay kar diya,5973,education,upi,cred,,hinglish_natural
Paid ₹41668.54 for ACT Fibernet via cash,41668.54,utilities,cash,,pnb,english_natural
niyo payment Rs35330.08 food court YES BANK 6909 done,35330.08,food,upi,niyo,yes bank,ocr_upi
maine 4851 rupaye Groww ko diye GPay se,4851,investment,upi,gpay,,voice_transcript
Rs.309 to McDonald's via credit card State Bank account,309,food,card,,sbi,english_natural
books ka 45 rupees ka bill card se pay kiya,45,education,card,,,voice_transcript
i paid 362 rupees for Bajaj Finance EMI using card,362,emi,card,,,voice_transcript
uber ola cab ride airport train ticket 396 PayTM,396,travel,upi,paytm,,cue_row
PVR ka subscription renew kar diya 835 rupees credit card se,835,entertainment,card,,,hinglish_natural
split bill 58 Gpay se Priya ko diya,58,friends,upi,gpay,,friends_synthetic
gold payment INR 3347.84 done via GPay,3347.84,investment,upi,gpay,,english_natural
"TAX INVOICE
PVR
Grand Total: Rs 394
Payment: CARD",394,entertainment,card,,,ocr_receipt
Rs 38251 charged for Coursera on Phone Pe,38251,education,upi,phonepe,canara,english_natural
today i spent 232 on college fees via card,232,education,card,,,voice_transcript
Just paid ₹72 to Kuvera through PayTM,72,investment,upi,paytm,icici,english_natural
car loan EMI ka EMI bhara 855 rs card se pay kar diya,855,emi,card,,fi,hinglish_natural
Bought HP Petrol for ₹4072.54 with cash,4072.54,travel,cash,,idfc,english_natural
42465 rs cab lia Uber ko card se,42465,travel,card,,,hinglish_natural
2992 rupaiye mutual fund kiya FD ko via Cred,2992,investment,upi,cred,,hinglish_natural
Flipkart 259 rupaye UPI se diy,259,shopping,upi,gpay,,hinglish_natural
MedPlus se dawai liyaa 30847 rupay ka haath se die zyada ho gaya,30847,healthcare,cash,,,hinglish_natural
Used hdfc PhonePe to pay ₹749 for Nature's Basket,749,food,upi,phonepe,hdfc,english_natural
4458 rupees shopping kar diya Snapdeal pe cash diy,4458,shopping,cash,,,hinglish_natural
Library fee INR 47809,47809,education,cash,,pnb,source_english
Paid Rs4239 to Rahul G Pay UPI Axis 3565 Done,4239,friends,upi,gpay,axis,ocr_upi
aaj 2390 rupees Bajaj Finance EMI card se,2390,emi,card,,,hinglish_natural
sent Rs 4640 to yaar on slice,4640,friends,upi,slice,,friends_synthetic
office se aate hue IRCTC ka petrol bharra 168 rs. card se achha deal mila,2655,travel,card,,,source_hinglish
aaj Zomato pe 1701 rupaye kharcha hua cash se,1701,food,cash,,fi,voice_transcript
"D CREDITCARDEMI 29878 Completed 25Mar 2026,9:25 pm BOB Bank 3824 UPI transaction ID 271570163943 TO:CREDITCARDEMI credit card emi.61474@bobbank Googletransaction lD XYZabc122747 OPI bhim",29878,emi,upi,bhim,bob,ocr_upi
hospital doctor pharmacy medicine diagnostic ₹47744 GPay,47744,healthcare,upi,gpay,,cue_row
ACT Fibernet se bill bhra 64 rs. ka via Cred,229,utilities,upi,cred,,source_hinglish
NEFT/TRANSFER/ACT FIBERNET/,3791,utilities,card,,,english_natural
Paid Rs174 for Udemy from my jupiter account via paytm,174,education,upi,paytm,jupiter,english_natural
Paid dentist Rs.4959.32 using Phonepe,4959.32,healthcare,upi,phonepe,,english_natural
bro me 19284 rupaye ka transfer kiya haath se diye,19284,friends,cash,,icici,hinglish_natural
aaj Croma se buy kiyaa 42732 rupay ka card se pay kia,42732,shopping,card,,axis,hinglish_natural
amazon flipkart myntra online shopping order 26997 Cred,26997,shopping,upi,cred,federal bank,cue_row
Bus ticket INR 19311,19311,travel,upi,bhim,,source_english
ACT Fibernet 254 rupees via paytm,254,utilities,upi,paytm,kotak,hinglish_natural
1mg ka medicine le liya 1042 rupaiye UPI se diye,1,healthcare,upi,bhim,,hinglish_natural
office se aate hue Spotify me 59 rupaye ka show dekha debit card se,59,entertainment,card,,,hinglish_natural
electricity water broadband mobile recharge bill INR 80 card,80,utilities,card,,,cue_row
market ₹1211 Visa,1211,shopping,card,,icici,english_natural
school fees 1254 rs credit card se,1254,education,card,,,hinglish_natural
Groww me 1731 ₹ ka SIP bharaa GPay se pay kar diya,1731,investment,upi,gpay,,hinglish_natural
"MedPlus BILL
St: Rs.4305.30
CASH Approved",4305.30,healthcare,cash,,,ocr_receipt
electronics store se khareed lia 338 rupaiye ka card se pay kia,338,shopping,card,,icici,hinglish_natural
1289 rupees shopping kar diya Ajio ko via Paytm,1289,shopping,upi,paytm,,hinglish_natural
?221 to colleague cred UPI,221,friends,upi,cred,canara,friends_synthetic
Bewakoof ka khareed lia 2780 rs credit card se,2780,shopping,card,,,hinglish_natural
Paid bike loan EMI Rs.31163.25 using paytm from Fi Money,31163.25,emi,upi,paytm,fi,english_natural
Paid INR 38990 for Meesho from my NIYO account via PayTM,38990,shopping,upi,paytm,niyo,english_natural
office se aate hue DMart 197 rs. credit card se,197,food,card,,,hinglish_natural
EaseMyTrip pe 1366 rs. ka ticket book kiyaa card se pay kr diya,1366,travel,card,,jupiter,hinglish_natural
netflix spotify hotstar subscription movie show INR 481 cash,481,entertainment,cash,,,cue_row
Yatra 420 cash,420,travel,cash,,axis,english_natural
2462 rupay game le liya Hotstar ko UPI se pay kya bc,19281,entertainment,upi,phonepe,,source_hinglish
personal loan installment EMI deduction Rs 55 card,55,emi,card,,,cue_row
Bharat Petroleum 302.57 Visa,302.57,travel,card,,,english_natural
"TATA CLIQ
Item 1 Rs.278
Item 2 Rs 230
Total 18883.03
CARD",18883.03,shopping,card,,hdfc,ocr_receipt
today i spent 1420 on Netflix via card,1420,entertainment,card,,,voice_transcript
BHIM payment 2871.35 credit card EMI Axis 2733 successful,2871.35,emi,upi,bhim,axis,ocr_upi
raat ko clinic 3047 ₹ credit card se,3047,healthcare,card,,,hinglish_natural
Amit ko 304 transfer kiya Phone Pe se,304,friends,upi,phonepe,,friends_synthetic
abhi 16373 rupay gas bill via G Pay,16373,utilities,upi,gpay,,hinglish_natural
UPI/56879105/NEHA/BANK,4552,friends,upi,slice,,english_natural
"IndiGo 238 Completed 26Aug 2025,10:55 am icici 7224 UPI transaction ID 5150710816",238,travel,upi,cred,icici,ocr_upi
Hotstar se subscription renew kar diya 23075 ka UPI se,23075,entertainment,upi,slice,,hinglish_natural
kal 3307 rs Jio recharge cash me,3307,utilities,cash,,,hinglish_natural
Angel One ka invest kar diya 202 rupees debit card se,202,investment,card,,hdfc,hinglish_natural
Concert ticket INR 41654,41654,entertainment,card,,,source_english
bhai colleague ko udhar return kiya 3378 rs cash se,3378,friends,cash,,,friends_synthetic
gaming concert event ticket 3046 card,3046,entertainment,card,,sbi,cue_row
raat ko 323 rupaiye buy kya Snapdeal pe card se,323,shopping,card,,,hinglish_natural
sent money to Rohan Rs.2645 on PayTM,2645,friends,upi,paytm,,friends_synthetic
Indian Oil Rs.53 G Pay,53,travel,upi,gpay,sbi,ocr_upi
school college tuition course books fees ₹205 card,205,education,card,,bob,cue_row
4590 rupaye Haldirams via PhonePe,4590,food,upi,phonepe,niyo,hinglish_natural
Paid education loan EMI Rs251.03 using cred from NIYO,251.03,emi,upi,cred,niyo,english_natural
Unacademy pe 59 rs ka books liya naqad,59,education,cash,,,hinglish_natural
Just paid 416 to Vedantu through cash,416,education,cash,,hdfc,english_natural
"D FD 392.99 Completed 14Feb 2026,4:39 pm ICICI Bank Bank 4823 UPI transaction ID 38986225468 TO:FD fd.65216@icici bankbank Soogletransaction lD XYZabc103565 OPI Google Pay",392.99,investment,upi,gpay,icici,ocr_upi
gold 3184 ₹ UPI se pay kiya budget tod diya,3184,investment,upi,gpay,,hinglish_natural
37497 medicine le liya Netmeds pe via Slice kotak se kata,37497,healthcare,upi,slice,kotak,hinglish_natural
42729 rupay SBI loan credit card se,42729,emi,card,,,hinglish_natural
Bought Vi recharge for Rs.1492 with card,1492,utilities,card,,,english_natural
sent Rs.3524 to Divya on cash,3524,friends,cash,,,friends_synthetic
bike loan EMI payment Rs 1311.24 done via card,1311.24,emi,card,,,english_natural
POS/STOCKS/BHIM/1292,31.43,investment,upi,bhim,,english_natural
stocks ka invest kiya 3356 UPI se pay kiya,3356,investment,upi,phonepe,,hinglish_natural
coaching exam preparation study material 780 cash,780,education,cash,,,cue_row
ghar jaate waqt Swiggy ka food order kiya 18682 PayTM se pay kya,18682,food,upi,paytm,,hinglish_natural
crypto gold bonds NPS portfolio INR 1153 G Pay,1153,investment,upi,gpay,,cue_row
dinner split 12479 rupaye Divya cash,12479,friends,cash,,,friends_synthetic
Paid t1861.42 for credit card EMI from my slice account via Mastercard,1861.42,emi,card,,slice,english_natural
t364 charged for Lenskart on Mastercard,364,shopping,card,,,english_natural
461 dentist via gpay,461,healthcare,upi,gpay,,hinglish_natural
321 ₹ bike loan EMI card se,321,emi,card,,hdfc,hinglish_natural
office se aate hue dost se transfer kr diya 4824 rs. ka G Pay pe,4824,friends,upi,gpay,,hinglish_natural
TO:PVR pvr.87143@icicibank From:PRIYASHARMA (icici PayTM : user3736@okicicibank,3302,entertainment,upi,paytm,icici,ocr_upi
subah 4518 rs. subscription renew kya Spotify pe cash diy,4518,entertainment,cash,,rbl,hinglish_natural
paid Karan INR 3189 via cred,3189,friends,upi,cred,,friends_synthetic
maine 95 rupaye BSNL ko diye Cred se,95,utilities,upi,cred,,voice_transcript
lunch dinner food order swiggy zomato restaurant meal ₹2520 cash,2520,food,cash,,,cue_row
flatmate rent share 1340 Gpay yaar,1340,friends,upi,gpay,icici,friends_synthetic
paid Arjun Rs 14978 via cash,14978,friends,cash,,,friends_synthetic
Amazon Prime se ticket liya 4825 rupaiye ka UPI se,4825,entertainment,upi,phonepe,,hinglish_natural
aaj ACT Fibernet pe 50 ₹ ka recharge kar diya via paytm,50,utilities,upi,paytm,,hinglish_natural
Paid Rs.346 for Starbucks from my hdfc account via Slice,346,food,upi,slice,hdfc,english_natural
NEFT/TRANSFER/ELECTRICITY BILL/NIYO,26227,utilities,cash,,niyo,english_natural
ghar jaate waqt ET Money 1124 rupaye credit card se,1124,investment,card,,,hinglish_natural
"Receipt #6602
Zomato
Amount Paid: 165
Mode: Phone Pe",165,food,upi,phonepe,,ocr_receipt
paid back friend lent money Rs.250 SLICE,250,friends,upi,slice,,cue_row
flatmate se dost ko diy 2888 ₹ ka UPI se diy,2888,friends,upi,jupiter,,hinglish_natural
Jio recharge ka payment kya 17951 rupees niyo se,17951,utilities,upi,niyo,,hinglish_natural
yaar concert 174 rupay Phonepe pe,174,entertainment,upi,phonepe,,hinglish_natural
Unacademy se course lia 3717 rupay ka naqad,3717,education,cash,,sbi,hinglish_natural
Rs.1650.75 to hospital via PayTM,1650.75,healthcare,upi,paytm,,english_natural
Paid Rs 36539.61 to bike loan EMI CRED UPI hdfc 7777 Completed,36539.61,emi,upi,cred,hdfc,ocr_upi
PhonePe payment 37860 1mg Kotak Mahindra 2956 completed,37860,healthcare,upi,phonepe,kotak,ocr_upi
303 rupees EMI bhara HDFC loan pe credit card se,303,emi,card,,,hinglish_natural
dinner split 285 rupaye Shreya PhonePe,285,friends,upi,phonepe,,friends_synthetic
flight booking travel ticket Rs2084 card,2084,travel,card,,icici,cue_row
SBI loan se loan payment kiya 44151 rupaiye ka card se pay kya,44151,emi,card,,,hinglish_natural
Medical test charges INR 47123,47123,healthcare,card,,,source_english
Bike loan EMI INR 49497,49497,emi,card,,,source_english
maine 6734 rupaye ACT Fibernet ko diye Google Pay se,6734,utilities,upi,gpay,,voice_transcript
office se aate hue Coursera 43290 rupees debit card se PNB card se yaar,43290,education,card,,pnb,hinglish_natural
spent 45777 rupees on Udemy via Google Pay,45777,education,upi,gpay,sbi,voice_transcript
"Ajio
Net Amount 487
Paid via Phone Pe",487,shopping,upi,phonepe,,ocr_receipt
"Pizza Hut BILL
St: Rs.4917
CARD Approved",4917,food,card,,hdfc,ocr_receipt
2923.12 charged for water bill on card,2923.12,utilities,card,,hdfc,english_natural
48278 rupees SpiceJet via Phone Pe,48278,travel,upi,phonepe,,hinglish_natural
i did 2996 expense on CCD using cash,2996,food,cash,,,voice_transcript
office se aate hue rickshaw me 23265 rupay ka petrol bharra debit card se,23265,travel,card,,,hinglish_natural
1140 rupees Paytm Money PayTM SBI account,1140,investment,upi,paytm,sbi,voice_transcript
3094 rupaiye saman liya Myntra pe card se,3094,shopping,card,,,hinglish_natural
INR 164 charged for Yatra on cash,164,travel,cash,,,english_natural
bhai Divya ka 4527 rupaye Google Pay se de diya,4527,friends,upi,gpay,fi,voice_transcript
ATM/CASH/SBI/4852.53,4852.53,investment,card,,sbi,english_natural
Paytm Money ₹25539.95 debited from jupiter,25539.95,investment,card,,jupiter,english_natural
bhai restaurant pe 118 rupaye ka khana order kiya naqad,118,food,cash,,,hinglish_natural
lunch dinner food order swiggy zomato restaurant meal INR 37105 slice,37105,food,upi,slice,,cue_row
"BILL
gaming
Rs 49.96
CASH
Thank You Visit Again",49.96,entertainment,cash,,,ocr_receipt
Medical test charges INR 45570,45570,healthcare,upi,phonepe,,source_english
Faasos mein 353 lag gaye G Pay se bhara,353,food,upi,gpay,,voice_transcript
"TAX INVOICE
Airtel recharge
Grand Total: t1918.98
Payment: CARD",1918.98,utilities,card,,hdfc,ocr_receipt
"Chai Point 14202.41 Completed 13Mar 2025,4:31 pm Canara 8047 UPI transaction ID 2070737366",14202.41,food,upi,slice,canara,ocr_upi
HDFC loan mein 235 lag gaye Phonepe se bhara,235,emi,upi,phonepe,idfc,voice_transcript
paid 2106 to YouTube Premium through niyo,2106,entertainment,upi,niyo,,voice_transcript
subah 697 rupees Spotify via BHIM,697,entertainment,upi,bhim,,hinglish_natural
Home loan EMI INR 13099,13099,emi,upi,gpay,,source_english
Just paid Rs.389 to eye checkup through cash,389,healthcare,cash,,,english_natural
lunch dinner food order swiggy zomato restaurant meal t247 Phone Pe,247,food,upi,phonepe,,cue_row
Starbucks 1500.16,1500.16,food,cash,,,english_natural
"Biryani Blues 646 Completed 1Mar 2025,4:20 am HDFC Bank 8808 UPI transaction ID 50627415708",646,food,upi,bhim,hdfc,ocr_upi
Netflix ka game liyaa 3764 rs. debit card se,3764,entertainment,card,,icici,hinglish_natural
"BILL
Gaana
?33081
slice
Thank You Visit Again",33081,entertainment,upi,slice,,ocr_receipt
"Ola 168.02 Completed 4Sep 2025,4:33 am Union Bank 8033 UPI transaction ID 590970782481",168.02,travel,upi,gpay,union bank,ocr_upi
INR 4218.73 paid to Air India via gpay UPI from Yes Bank Bank ending 9519,4218.73,travel,upi,gpay,yes bank,ocr_upi
Online course subscription INR 42264,42264,education,upi,paytm,icici,source_english
"Chai Point
Net Amount 412
Paid via CARD",412,food,card,,,ocr_receipt
4010 PhonePe Paytm Money,4010,investment,upi,phonepe,slice,english_natural
441.94 to Starbucks via Phonepe,441.94,food,upi,phonepe,,english_natural
"Ajio 265.86 Completed 19Apr 2025,11:00 pm HDFC Bank 6311 UPI transaction ID 173559971777216",265.86,shopping,upi,jupiter,hdfc,ocr_upi
DishTV se payment kiya 371 ka UPI se diyee ICICI se kata,371,utilities,upi,paytm,icici,hinglish_natural
4933 cash EaseMyTrip,4933,travel,cash,,niyo,english_natural
Paid Rs25215 to ET Money gpay UPI icici 7363 Successful,25215,investment,upi,gpay,icici,ocr_upi
bike loan EMI se installment die 1027 rupaiye ka Phonepe pe Fi Money wale account se,1027,emi,upi,phonepe,fi,hinglish_natural
Snapdeal pe 2385 rupaye ka shopping kya card se pay kar diya,2385,shopping,card,,yes bank,hinglish_natural
kal 2173 rupay canteen via gpay,2173,food,upi,gpay,,hinglish_natural
auto ₹4478.91 cash,4478.91,travel,cash,,,english_natural
sent Rs 42640 to friend on Phone Pe split bill UPI,42640,friends,upi,phonepe,sbi,cue_row
bhai friend ko udhar return kiya 484 rs card se,484,friends,card,,hdfc,friends_synthetic
kal Shreya ka split kya 1147 rupay PhonePe se kotak se budget tod diya,1147,friends,upi,phonepe,kotak,hinglish_natural
Rs 20444 debited from your hdfc account for Kuvera (GPay UPI),20444,investment,upi,gpay,hdfc,ocr_upi
Paid bike loan EMI Rs234 using card,234,emi,card,,,english_natural
spent 1659 rupees on Coin via card,1659,investment,card,,,voice_transcript
i paid 4172 rupees for gas bill using GPay,4172,utilities,upi,gpay,kotak,voice_transcript
aaj Starbucks pe 1500 rupaye kharcha hua card se,1500,food,card,,,voice_transcript
Rs.42 to McDonald's via credit card,42,food,card,,,english_natural
personal loan EMI ka EMI bharra 4649 rupaye credit card se State Bank account se achha deal mila,4649,emi,card,,sbi,hinglish_natural
school fees payment INR 259 done via gpay,259,education,upi,gpay,,english_natural
uber ola cab ride airport train ticket ₹3153 cash,3153,travel,cash,,,cue_row
1941 rupees recharge kia mobile recharge pe cred se pay kiyaa,1941,utilities,upi,cred,,hinglish_natural
sent ₹33718 to friend on G Pay split bill UPI,33718,friends,upi,gpay,,cue_row
bhai Divya ko udhar return kiya 78 rs PayTM se,78,friends,upi,paytm,,friends_synthetic
aaj 913 rupaiye school fees debit card se,29405,education,card,,,source_hinglish
Train ticket IRCTC INR 39359,39359,travel,card,,,source_english
Ajio 2925 rupees card se pay kiyaa,2925,shopping,card,,,hinglish_natural
"Receipt #5231
mobile recharge
Amount Paid: 284.98
Mode: CRED",284.98,utilities,upi,cred,canara,ocr_receipt
Rahul ko 13619 transfer kiya Phonepe se,13619,friends,upi,phonepe,,friends_synthetic
SpiceJet se ticket book kya 4150 rs ka Google Pay se achha deal mila,4150,travel,upi,gpay,,hinglish_natural
stocks 1096.86 Fi Successful Bank of Baroda 4567,1096.86,investment,upi,fi,bob,ocr_upi
Spent 273.96 on Yatra using cred,273.96,travel,upi,cred,,english_natural
44531 rs Flipkart Jupiter se,44531,shopping,upi,jupiter,,hinglish_natural
"stocks 437.80 Completed 21Apr 2026,6:49 am sbi 9224 UPI transaction ID 03931102643",437.80,investment,upi,phonepe,sbi,ocr_upi
Neha ka 406 rupees ka bill jupiter se pay kiya,406,friends,upi,jupiter,,voice_transcript
Rs 33043.11 paid to SIP via fi UPI from IDFC First Bank ending 2441,33043.11,investment,upi,fi,idfc,ocr_upi
grocery vegetables milk bread fruits t965 paid card,965,food,card,,,cue_row
Spent Rs.4356 on personal loan EMI using Mastercard,4356,emi,card,,,english_natural
netflix spotify hotstar subscription movie show ₹4523 card,4523,entertainment,card,,yes bank,cue_row
H&M ₹416 Paytm,416,shopping,upi,paytm,jupiter,english_natural
"food court
Net Amount 2853
Paid via CARD",2853,food,card,,,ocr_receipt
paid 10855 to Lenskart through phonepe from HDFC Bank,10855,healthcare,upi,phonepe,hdfc,voice_transcript
Pizza Hut me 30167 rupees ka mangwaya debit card se,30167,food,card,,sbi,hinglish_natural
aaj EatFit pe 35487 rupaye kharcha hua phonepe se,35487,food,upi,phonepe,,voice_transcript
H&M ka shopping kiya 5145 credit card se,5145,shopping,card,,,hinglish_natural
dopahar ko 2688 rs Ola debit card se,2688,travel,card,,hdfc,hinglish_natural
paid back friend lent money Rs.3780 bhim,3780,friends,upi,bhim,,cue_row
"DENTIST
Item 1 55
Item 2 Rs.495
Total Rs 498
CASH",498,healthcare,cash,,,ocr_receipt
NEFT/TRANSFER/ZARA/SBI,2575,shopping,upi,phonepe,sbi,english_natural
RELIANCE FRESH INR 4088 AXIS,4088,food,upi,gpay,axis,english_natural
Concert ticket INR 20244,20244,entertainment,upi,gpay,,source_english
INOX se subscription renew kiya 203 rupaiye ka credit card se hdfc se,203,entertainment,card,,hdfc,hinglish_natural
ghar jaate waqt 3192 rs movie dekhi INOX ko haath se diye,3192,entertainment,cash,,,hinglish_natural
abhi 30652 rupaiye Apollo Pharmacy haath se diyee,30652,healthcare,cash,,,hinglish_natural
yaar 3228 ₹ concert UPI se de diye,3228,entertainment,upi,phonepe,,hinglish_natural
Lenskart payment Rs.2071 done via cash,2071,shopping,cash,,,english_natural
aaj Indian Oil se ride liyaa 465 ka credit card se,465,travel,card,,,hinglish_natural
phonepe payment R 422 insurance premium Kotak 7592 successful,422,utilities,upi,phonepe,kotak,ocr_upi
today i spent 34158 on BookMyShow via cred,34158,entertainment,upi,cred,,voice_transcript
clinic 351 GPay,351,healthcare,upi,gpay,,english_natural
Ola se petrol bhra 359 ₹ ka via cred Punjab National Bank wale account se,359,travel,upi,cred,pnb,hinglish_natural
dhaba pe 41390 rupees ka khana khaya debit card se,9140,food,card,,,source_hinglish
TO:SBILOAN sbiloan.23557@kotakmahindrabank From:RAHULKUMAR (Kotak Mahindra Paytm : user5191@okkotakmahindrabank,4777.03,emi,upi,paytm,kotak,ocr_upi
UPI/86413031/RAHUL/YES BANK,29240,friends,upi,gpay,yes bank,english_natural
dinner split 518 rupaye Priya cash,518,friends,cash,,,friends_synthetic
aaj H&M pe 31287 rupaye kharcha hua gpay se,31287,shopping,upi,gpay,,voice_transcript
Paid INR 60 for Bajaj Finance EMI via Visa,60,emi,card,,,english_natural
aaj mall 49663 card se pay kiya,49663,shopping,card,,hdfc,hinglish_natural
Payment of Rs.3117 to Zee5 was successful via G Pay UPI Ref No 876219821121 HDFC Account 8247,3117,entertainment,upi,gpay,hdfc,ocr_upi
333 rupay petrol bharaa metro pe UPI se pay kiya bhai,12969,travel,upi,slice,,source_hinglish
crypto gold bonds NPS portfolio t230 card,230,investment,card,,,cue_row
Amazon purchase INR 35995,35995,shopping,card,,,source_english
paid 1229 to FreshMenu through card,1229,food,card,,,voice_transcript
"BILL
MedPlus
360
Slice
Thank You Visit Again",360,healthcare,upi,slice,,ocr_receipt
amazon flipkart myntra online shopping order 16206 card,16206,shopping,card,,,cue_row
2364 Flipkart credit card se,2364,shopping,card,,hdfc,hinglish_natural
HP Petrol pe 2669 rupees ka ride liya cash me,2669,travel,cash,,axis,hinglish_natural
i paid 4396 rupees for books using card,4396,education,card,,,voice_transcript
ACT Fibernet 103 Bhim,103,utilities,upi,bhim,,english_natural
"ACT Fibernet
Net Amount 454
Paid via Google Pay",454,utilities,upi,gpay,,ocr_receipt
bike loan EMI INR 4586 paytm,4586,emi,upi,paytm,bandhan,ocr_upi
mutual fund SIP stocks PPF FD investment Rs.81 card,81,investment,card,,,cue_row
paytm payment ₹3712.65 insurance premium hdfc 3717 completed,3712.65,utilities,upi,paytm,hdfc,ocr_upi
"Dunkin 29837 Completed 20Jul 2025,12:31 pm HDFC Bank 4335 UPI transaction ID 8698683017",29837,food,upi,gpay,hdfc,ocr_upi
school college tuition course books fees INR 1635 card,1635,education,card,,,cue_row
SpiceJet ka petrol bharaa 375 ₹ card se pay kia,375,travel,card,,yes bank,hinglish_natural
subah Chai Point se khana khaaya 3061 rupaiye ka debit card se,3061,food,card,,,hinglish_natural
Bought DishTV for 46754.58 with cash,46754.58,utilities,cash,,icici,english_natural
SBI loan ka 3168 rupees ka bill card se pay kiya,3168,emi,card,,,voice_transcript
split bill 516 PhonePe se bhai ko diya,516,friends,upi,phonepe,,friends_synthetic
Paid Rs 970 for Zerodha from my HDFC account via credit card,970,investment,card,,hdfc,english_natural
raat ko Arjun 40497 rupaiye card se pay kar diya,40497,friends,card,,,hinglish_natural
Spent Rs2127.60 on Biryani Blues using Google Pay,2127.60,food,upi,gpay,,english_natural
Just paid INR 873 to broadband through gpay,873,utilities,upi,gpay,,english_natural
Priya 116,116,friends,upi,bhim,,english_natural
"D FRESHMENU 37352 Completed 14Apr 2026,9:38 pm HDFC Bank Bank 4251 UPI transaction ID 707342180893169 TO:FRESHMENU freshmenu.76202@hdfc bankbank Soogletransaction lD CICAgJjg799534 OPI cred",37352,food,upi,cred,hdfc,ocr_upi
"PVR
Item 1 ₹345
Item 2 Rs.144
Total ₹197
Phonepe",197,entertainment,upi,phonepe,yes bank,ocr_receipt
credit card EMI me 2297 ₹ ka loan payment kiyaa via Gpay,2297,emi,upi,gpay,,hinglish_natural
"BILL
Apollo Pharmacy
INR 489
CARD
Thank You Visit Again",489,healthcare,card,,,ocr_receipt
Practo se doctor ko diye 276 rupees ka card se achha deal mila,276,healthcare,card,,,hinglish_natural
₹1770 to restaurant via Slice,1770,food,upi,slice,,english_natural
Used RBL gpay to pay ₹79.58 for HDFC loan,79.58,emi,upi,gpay,rbl,english_natural
Payment of INR 4035 to 1mg was successful via G Pay UPI Ref No 29427021501343 SBI Account 6563,4035,healthcare,upi,gpay,sbi,ocr_upi
personal loan installment EMI deduction ₹62 card,62,emi,card,,hdfc,cue_row
"IRCTC 40105 Completed 16Apr 2026,7:05 pm PNB 4475 UPI transaction ID 1979697816266",40105,travel,upi,phonepe,pnb,ocr_upi
Payment of Rs.366 to YouTube Premium was successful via gpay UPI Ref No 42414718976 HDFC Account 9043,366,entertainment,upi,gpay,hdfc,ocr_upi
Cleartrip 31132 rupay cash diy,31132,travel,cash,,,hinglish_natural
"JIOMART
Item 1 151
Item 2 Rs.61
Total ₹3909
CARD",3909,food,card,,,ocr_receipt
kal Zomato pe 2424 rupaye ka khana khya UPI se die,2424,food,upi,cred,jupiter,hinglish_natural
school college tuition course books fees t3509 cash,3509,education,cash,,,cue_row
4090 petrol bhara rickshaw ko cred se pay kr diya,4090,travel,upi,cred,,hinglish_natural
"BILL
Apollo Pharmacy
19473
CASH
Thank You Visit Again",19473,healthcare,cash,,sbi,ocr_receipt
bhai roommate ko udhar return kiya 358 rs fi se,358,friends,upi,fi,kotak,friends_synthetic
petrol pump pe 290 rupaye ka ticket book kr diya debit card se,290,travel,card,,kotak,hinglish_natural
today i spent 96 on electronics store via card from my NIYO bank,96,shopping,card,,niyo,voice_transcript
abhi 41485 rupees udhar return kr diya Pooja ko Phonepe se,41485,friends,upi,phonepe,,hinglish_natural
friend ko 383 transfer kiya PayTM se,383,friends,upi,paytm,,friends_synthetic
4601 rupees loan payment kiya bike loan EMI pe card se bohot mehenga,4601,emi,card,,,hinglish_natural
2703 Reliance Digital CRED pe,2703,shopping,upi,cred,,hinglish_natural
"Receipt #5926
FirstCry
Amount Paid: ₹4811
Mode: CARD",4811,shopping,card,,sbi,ocr_receipt
Vi recharge mein 2331 lag gaye Phone Pe se bhara,2331,utilities,upi,phonepe,sbi,voice_transcript
home loan car loan credit card EMI monthly 32495 autopay card,32495,emi,card,,,cue_row
gaming concert event ticket ₹3330 jupiter,3330,entertainment,upi,jupiter,,cue_row
"Practo BILL
St: ₹6839
CARD Approved",6839,healthcare,card,,,ocr_receipt
21019 Visa Reliance Fresh,21019,food,card,,sbi,english_natural
paid 390 to Neha through CRED,390,friends,upi,cred,,voice_transcript
Bought bike loan EMI for ₹21093 with credit card,21093,emi,card,,pnb,english_natural
49 rs Meesho credit card se,49,shopping,card,,,hinglish_natural
today i spent 266 on Netflix via card,266,entertainment,card,,,voice_transcript
1047 rupees tuition die Udemy pe UPI se pay kiya,1047,education,upi,slice,,hinglish_natural
Kuvera 1523 rs. SLICE se Slice se,1523,investment,upi,slice,slice,hinglish_natural
metro me 431 rs. ka ticket book kar diya card se pay kiya,431,travel,card,,,hinglish_natural
sent Rs 66 to yaar on gpay,66,friends,upi,gpay,,friends_synthetic
₹2558 to Pooja Cred UPI,2558,friends,upi,cred,,friends_synthetic
"D LENSKART 3613 Completed 27Jan 2026,5:07 pm kotak Bank 3366 UPI transaction ID 9588303350037 TO:LENSKART lenskart.60358@kotakbank Googletransaction lD CICAgJjg285503 OPI PhonePe",3613,shopping,upi,phonepe,kotak,ocr_upi
bhai 871 ₹ Nature's Basket UPI se pay kiyaa,871,food,upi,gpay,kotak,hinglish_natural
4037 charged for Cleartrip on Gpay,4037,travel,upi,gpay,fi,english_natural
netflix spotify hotstar subscription movie show ₹4374 Phone Pe,4374,entertainment,upi,phonepe,,cue_row
Kuvera se paisa daala 18077 rupaiye ka credit card se,18077,investment,card,,,hinglish_natural
bhai 29802 rs hospital card se pay kia,29802,healthcare,card,,,hinglish_natural
lunch dinner food order swiggy zomato restaurant meal 658 PayTM,658,food,upi,paytm,,cue_row
Phonepe payment Rs 24859 cafe HDFC Bank 6561 completed,24859,food,upi,phonepe,hdfc,ocr_upi
Spent Rs82 on Zomato using cash,82,food,cash,,,english_natural
mess 2758 rupees UPI se pay kiya,2758,food,upi,phonepe,,hinglish_natural
UPI/35634539/TUITION/BANK,1343,education,upi,niyo,,english_natural
colleague ko 4605 transfer kiya Phonepe se,4605,friends,upi,phonepe,,friends_synthetic
"BILL
gas bill
₹247
Fi
Thank You Visit Again",247,utilities,upi,fi,,ocr_receipt
Apple Music Rs8525 Bhim,8525,entertainment,upi,bhim,sbi,ocr_upi
Paid doctor INR 496.70 using slice,496.70,healthcare,upi,slice,,english_natural
mutual fund 137 rupaye UPI se pay kya sasta tha,137,investment,upi,phonepe,icici,hinglish_natural
aaj MakeMyTrip pe 2721 rupaye kharcha hua card se,2721,travel,card,,,voice_transcript
spent 759 rupees on Snapdeal via card,759,shopping,card,,,voice_transcript
bhai Starbucks ka 4964 rupaye SLICE se de diya,4964,food,upi,slice,,voice_transcript
sent R 1516 to Neha on cred,1516,friends,upi,cred,,friends_synthetic
DMart mein 438 lag gaye Phonepe se bhara,438,food,upi,phonepe,,voice_transcript
aaj PPF me 45324 rs ka invest kr diya Phone Pe pe,45324,investment,upi,phonepe,niyo,hinglish_natural
Karan Rs.1285.70 debited from Axis Bank,1285.70,friends,upi,gpay,axis,english_natural
"Faasos BILL
St: Rs 325.29
Gpay APPROVED",325.29,food,upi,gpay,,ocr_receipt
TO:AIRINDIA airindia.69904@punjabnationalbankbank From:UTSAVJANA (Punjab National Bank G Pay : user6856@okpunjabnationalbankbank,1072,travel,upi,gpay,pnb,ocr_upi
Shreya se split kia 6562 rupaye ka card se,6562,friends,card,,,hinglish_natural
ghar jaate waqt 3145 rupaye electricity bill UPI se diyee,3145,utilities,upi,paytm,,hinglish_natural
42951 rupees Bharat Petroleum card se pay kar diya,42951,travel,card,,sbi,hinglish_natural
"Receipt #6828
clinic
Amount Paid: 106
Mode: Gpay",106,healthcare,upi,gpay,hdfc,ocr_receipt
Exam fee INR 39733,39733,education,upi,slice,,source_english
stationery Rs 16839.17 GPay,16839.17,education,upi,gpay,pnb,ocr_upi
Rs.2269 to yaar card UPI,2269,friends,card,,hdfc,friends_synthetic
Gaana pe 12988 ka movie dekhi naqad,12988,entertainment,cash,,niyo,hinglish_natural
4382 rupaye bhai UPI se pay kiya,4382,friends,upi,phonepe,axis,hinglish_natural
today i spent 9372 on Air India via cash from my HDFC Bank bank,9372,travel,cash,,hdfc,voice_transcript
electronics clothes shoes accessories purchase 465 via card,465,shopping,card,,,cue_row
Uber me 444 rupees ka ticket book kr diya card se NIYO wale account se,444,travel,card,,niyo,hinglish_natural
Rapido ka ticket book kiyaa 499 PhonePe se pay kiyaa bhai,499,travel,upi,phonepe,,hinglish_natural
Zerodha payment Rs18229.22 done via gpay,18229.22,investment,upi,gpay,,english_natural
bhai Bajaj Finance EMI ka 177 rupaye card se de diya,177,emi,card,,fi,voice_transcript
Bajaj Finance EMI se loan payment kia 31589 ₹ ka card se,186,emi,card,,,source_hinglish
crypto gold bonds NPS portfolio 3858 card,3858,investment,card,,,cue_row
MedPlus pe 4504 rs ka medicine liyaa cash me sasta tha,4504,healthcare,cash,,,hinglish_natural
456 ₹ water bill card se pay kiya,456,utilities,card,,,hinglish_natural
Rs292.88 paid to EatFit via Paytm UPI from Axis Bank Bank ending 1800,292.88,food,upi,paytm,axis,ocr_upi
YouTube Premium 555.49 G Pay,555.49,entertainment,upi,gpay,icici,english_natural
Paid 3711.38 for Zerodha from my HDFC account via jupiter,3711.38,investment,upi,jupiter,hdfc,english_natural
i paid 409 rupees for Lenskart using card,409,shopping,card,,,voice_transcript
today i spent 33175 on crypto via Cred from my Punjab National Bank bank,33175,investment,upi,cred,pnb,voice_transcript
"eye checkup
Net Amount 3420.49
Paid via BHIM",3420.49,healthcare,upi,bhim,federal bank,ocr_receipt
subah exam fee ka books lia 1197 rupaye card se pay kr diya State Bank account se,1197,education,card,,sbi,hinglish_natural
rent 303 ₹ credit card se,303,utilities,card,,hdfc,hinglish_natural
bhai Shreya ko udhar return kiya 224 rs cash se,224,friends,cash,,,friends_synthetic
15142 rs udhar return kiyaa Neha pe haath se de diye sbi account se,15142,friends,cash,,sbi,hinglish_natural
"ACT FIBERNET
Item 1 Rs.312
Item 2 Rs342
Total INR 4275
jupiter",4275,utilities,upi,jupiter,,ocr_receipt
aaj Gaana se show dekha 611 rupaiye ka credit card se,611,entertainment,card,,,hinglish_natural
42 rupees Amazon Phonepe,42,shopping,upi,phonepe,,voice_transcript
amazon flipkart myntra online shopping order INR 356 card,356,shopping,card,,,cue_row
amazon flipkart myntra online shopping order 68 card,68,shopping,card,,,cue_row
Karan se paise bheje 267 rs. ka UPI se de diye,267,friends,upi,gpay,,hinglish_natural
28758 ₹ MakeMyTrip Gpay pe bhai,28758,travel,upi,gpay,niyo,hinglish_natural
paid bhai INR 4534 via slice,4534,friends,upi,slice,,friends_synthetic
metro t1035 debited from Fi,1035,travel,upi,gpay,fi,english_natural
Rs 3910.08 paid to FD via PhonePe UPI from axis Bank ending 9959,3910.08,investment,upi,phonepe,axis,ocr_upi
DishTV mein 70 lag gaye PhonePe se bhara,70,utilities,upi,phonepe,,voice_transcript
Rs10094.20 paid to Croma via GPay UPI from PNB Bank ending 7446,10094.20,shopping,upi,gpay,pnb,ocr_upi
ghar jaate waqt 127 gaming UPI se diyee,127,entertainment,upi,slice,,hinglish_natural
school fees pe 254 ka fees bharra debit card se,254,education,card,,,hinglish_natural
t572 paid to PVR via cred UPI from kotak Bank ending 3226,572,entertainment,upi,cred,kotak,ocr_upi
sent 2237 to Vikram on Phone Pe,2237,friends,upi,phonepe,,friends_synthetic
DMart 348 rs cash diye,348,food,cash,,,hinglish_natural
Paid Snapdeal Rs 325.54 using PayTM from HDFC Bank,325.54,shopping,upi,paytm,hdfc,english_natural
"gaming BILL
St: INR 2168
PayTM Approved",2168,entertainment,upi,paytm,,ocr_receipt
dost me 36581 rupaye ka split kiyaa Fi Money se sbi account se,36581,friends,upi,fi,sbi,hinglish_natural
Udemy se tuition de diya 38444 rupaye ka UPI se de diya,38444,education,upi,phonepe,,hinglish_natural
312 rupees recharge kar diya Tata Play pe haath se diye,312,utilities,cash,,,hinglish_natural
exam fee t3772 PhonePe,3772,education,upi,phonepe,bob,ocr_upi
maine 1637 rupaye MakeMyTrip ko diye cash se,1637,travel,cash,,,voice_transcript
35178 rupees khana order kya Zomato pe haath se de diye,35178,food,cash,,fi,hinglish_natural
crypto gold bonds NPS portfolio INR 24 fi,24,investment,upi,fi,,cue_row
Burger King 362 rupees cash me,362,food,cash,,,hinglish_natural
Spent ₹2211.00 on Ajio using card,2211.00,shopping,card,,yes bank,english_natural
dost Amit ko 76 rupaye G Pay se bheje,76,friends,upi,gpay,,friends_synthetic
₹1001.32 to Myntra via debit card,1001.32,shopping,card,,,english_natural
Airtel recharge se bill pay kar diya 3523 rupaye ka via bhim,742,utilities,upi,bhim,kotak,source_hinglish
12158 rupees Croma card se pay kr diya,12158,shopping,card,,,hinglish_natural
Paid Rs.45748 for Rahul via Phone Pe,45748,friends,upi,phonepe,,english_natural
"LAB TEST
Item 1 Rs438
Item 2 Rs.141
Total INR 3303.40
CASH",3303.40,healthcare,cash,,,ocr_receipt
"EYE CHECKUP RESTAURANT
Total 24424
Cash Received
Change 0.00",24424,healthcare,upi,gpay,,ocr_receipt
Swiggy 2418 Phonepe,2418,food,upi,phonepe,,english_natural
i did 274 expense on Shreya using card,274,friends,card,,,voice_transcript
Gaana payment 30943 done via credit card,30943,entertainment,card,,,english_natural
RedBus se ride lia 53 rs ka card se,10757,travel,card,,,source_hinglish
sent INR 4850 to Amit on Phonepe,4850,friends,upi,phonepe,,friends_synthetic
stocks se stock le liya 30365 rupaiye ka UPI se de diye slice account se,30365,investment,upi,phonepe,slice,hinglish_natural
dost ko 309 transfer kiya Niyo se,309,friends,upi,niyo,,friends_synthetic
yaar Dominos 271 UPI se pay kiya,271,food,upi,gpay,,hinglish_natural
sent 328 to colleague on Google Pay,328,friends,upi,gpay,,friends_synthetic
Bought home loan EMI for 491 with credit card,491,emi,card,,yes bank,english_natural
KFC pe 210 rs ka kha liya haath se diye,210,food,cash,,,hinglish_natural
Paid FD 61 using Mastercard,61,investment,card,,,english_natural
129 rupaye rent UPI se,129,utilities,upi,paytm,,hinglish_natural
PhonePe payment 1511.59 dhaba sbi 7263 done,1511.59,food,upi,phonepe,sbi,ocr_upi
aaj exam fee pe 3542 rupaye kharcha hua cash se,3542,education,cash,,,voice_transcript
bhai bike loan EMI 22640 rupees credit card se,22640,emi,card,,sbi,hinglish_natural
electronics store se buy kiya 29223 rupees ka Cred se,29223,shopping,upi,cred,,hinglish_natural
subah 4287 rs. car loan EMI card se yaar,4287,emi,card,,,hinglish_natural
2502 PVR,2502,entertainment,card,,,english_natural
Ola cab INR 11918,11918,travel,cash,,axis,source_english
42814 rupaye credit card EMI credit card se,42814,emi,card,,,hinglish_natural
NEFT/TRANSFER/MARKET/KOTAK MAHINDRA,20060.24,shopping,card,,kotak,english_natural
paid back friend lent money ?25685 cash,25685,friends,cash,,kotak,cue_row
UPI/43312201/FIRSTCRY/BANK,239.22,shopping,upi,gpay,,english_natural
personal loan EMI ka loan payment kr diya 4268 credit card se,4268,emi,card,,niyo,hinglish_natural
maine 316 rupaye 1mg ko diye card se,316,healthcare,card,,,voice_transcript
abhi hospital ka doctor ko diye 2043 rupay UPI se,2043,healthcare,upi,cred,jupiter,hinglish_natural
"JIOMART RESTAURANT
Total 23969
Cash Received
Change 0.00",23969,food,card,,sbi,ocr_receipt
Rs231 to Gaana via Visa slice account,231,entertainment,card,,slice,english_natural
INR 54 to dentist via Paytm,54,healthcare,upi,paytm,,english_natural
4955 rupaye Snapdeal card se pay kr diya,4955,shopping,card,,slice,hinglish_natural
2614 rupees dentist cash,2614,healthcare,cash,,,voice_transcript
30552.14 paid to gold via Gpay from Jupiter,30552.14,investment,upi,gpay,jupiter,english_natural
office se aate hue friend se paise bheje 4983 ka credit card se,4983,friends,card,,,hinglish_natural
Rs.331 charged for car loan EMI on G Pay,331,emi,upi,gpay,,english_natural
i paid 34 rupees for Reliance Digital using card,34,shopping,card,,,voice_transcript
Priya ka transfer kiyaa 528 rupay Cred pe,528,friends,upi,cred,,hinglish_natural
Croma pe 95 rupay ka buy kia card se pay kiyaa,95,shopping,card,,icici,hinglish_natural
yaar colleague 121 ₹ cash me,121,friends,cash,,,hinglish_natural
gaming concert event ticket ₹3498 card,3498,entertainment,card,,,cue_row
Car loan EMI INR 47417,47417,emi,card,,pnb,source_english
₹8102 debited from your BOB account for friend (Slice UPI),8102,friends,upi,slice,bob,ocr_upi
gpay payment Rs 492 Spotify icici 2006 successful,492,entertainment,upi,gpay,icici,ocr_upi
MedPlus 45514 card se,45514,healthcare,card,,yes bank,hinglish_natural
Library fee INR 26911,26911,education,upi,cred,hdfc,source_english
CRED payment Rs.1645 Arjun Union Bank 5734 successful,1645,friends,upi,cred,union bank,ocr_upi
₹48543.21 paid to JioMart via BHIM UPI from ICICI Bank ending 3649,48543.21,food,upi,bhim,icici,ocr_upi
"MOBILE RECHARGE
Item 1 ₹208
Item 2 Rs 96
Total Rs.2083
Bhim",2083,utilities,upi,bhim,,ocr_receipt
"D APOLLOPHARMACY 4387 Completed 5Feb 2026,8:31 pm ICICI Bank Bank 2931 UPI transaction ID 10907444793 TO:APOLLOPHARMACY apollo pharmacy.84448@icici bankbank Soogletransaction lD CICAgJjg174003 OPI bhim",4387,healthcare,upi,bhim,icici,ocr_upi
hospital doctor pharmacy medicine diagnostic Rs.61 PhonePe,61,healthcare,upi,phonepe,,cue_row
R 361 paid to Barbeque Nation via Gpay UPI from Yes Bank Bank ending 3915,361,food,upi,gpay,yes bank,ocr_upi
"cafe 36192 Completed 15Jul 2025,6:42 pm Union Bank 2577 UPI transaction ID 870425377696",36192,food,upi,gpay,union bank,ocr_upi
Kuvera me 138 ₹ ka mutual fund kiya UPI se jupiter se kata,138,investment,upi,paytm,jupiter,hinglish_natural
2597 rupay FD via Gpay,2597,investment,upi,gpay,,hinglish_natural
spent 1868 rupees on NPS via paytm,1868,investment,upi,paytm,,voice_transcript
Uber se petrol bharra 49584 ₹ ka cash diyee,49584,travel,cash,,,hinglish_natural
bhai clinic pe 4264 rupaiye ka medicine liya UPI se pay kr diya icici card se,4264,healthcare,upi,jupiter,icici,hinglish_natural
Rs.3581 paid to Pizza Hut via jupiter from ICICI Bank,3581,food,upi,jupiter,icici,english_natural
friend 46226 rs cash diye,46226,friends,cash,,,hinglish_natural
Tata CLiQ se buy kiyaa 39379 ₹ ka UPI se diy hdfc wale account se,39379,shopping,upi,gpay,hdfc,hinglish_natural
Snapdeal se khareed le liya 1542 ka card se,1542,shopping,card,,,hinglish_natural
Faasos 73 rupaye card se,73,food,card,,,hinglish_natural
Rs2057.30 to Snapdeal via G Pay,2057.30,shopping,upi,gpay,,english_natural
450 rupaye Subway phonepe se,450,food,upi,phonepe,,hinglish_natural
maine 4546 rupaye electronics store ko diye Phone Pe se,4546,shopping,upi,phonepe,hdfc,voice_transcript
Just paid Rs.457 to school fees through NIYO,457,education,upi,niyo,,english_natural
G Pay payment 4150 roommate axis 3559 successful,4150,friends,upi,gpay,axis,ocr_upi
4771.71 market,4771.71,shopping,card,,slice,english_natural
INR 3511 charged for BookMyShow on paytm,3511,entertainment,upi,paytm,federal bank,english_natural
i paid 271 rupees for car loan EMI using jupiter,271,emi,upi,jupiter,jupiter,voice_transcript
diagnostic ka 2992 rupees ka bill phonepe se pay kiya,2992,healthcare,upi,phonepe,,voice_transcript
"EatFit
Net Amount 43
Paid via BHIM",43,food,upi,bhim,union bank,ocr_receipt
phonepe payment ₹28 society maintenance HDFC 8519 done,28,utilities,upi,phonepe,hdfc,ocr_upi
school college tuition course books fees 3089 card,3089,education,card,,,cue_row
Reliance Fresh 293,293,food,upi,cred,slice,english_natural
sent money to Arjun Rs114 on cash,114,friends,cash,,,friends_synthetic
Used State Bank Mastercard to pay 949.71 for HDFC loan,949.71,emi,card,,sbi,english_natural
39838 rs. education loan EMI debit card se,39838,emi,card,,,hinglish_natural
27233 rupaiye gaming cash me,27233,entertainment,cash,,sbi,hinglish_natural
POS/EDUCATION LOAN EMI/CARD/7097,31243.73,emi,card,,,english_natural
upGrad 2915 ₹ niyo pe sbi se,2915,education,upi,niyo,sbi,hinglish_natural
paid Neha 482 via Phone Pe,482,friends,upi,phonepe,hdfc,friends_synthetic
rent maintenance gas connection Rs.2198 card,2198,utilities,card,,,cue_row
lab test mein 21812 lag gaye card se bhara,21812,healthcare,card,,,voice_transcript
Bought Vikram for Rs.42095.33 with cash,42095.33,friends,cash,,,english_natural
Zee5 402.19 phonepe Completed icici 6992,402.19,entertainment,upi,phonepe,icici,ocr_upi
Used SBI Google Pay to pay INR 100 for eye checkup,100,healthcare,upi,gpay,sbi,english_natural
"gaming
Net Amount 2175
Paid via PayTM",2175,entertainment,upi,paytm,hdfc,ocr_receipt
₹28422.55 charged for EaseMyTrip on paytm,28422.55,travel,upi,paytm,,english_natural
NEFT/TRANSFER/UDEMY/STATE BANK,24264.45,education,card,,sbi,english_natural
Bought books for 42770 with credit card,42770,education,card,,,english_natural
446 ₹ YouTube Premium credit card se,446,entertainment,card,,,hinglish_natural
breakfast snacks chai coffee ₹2719 cash,2719,food,cash,,,cue_row
Amazon purchase INR 32457,32457,shopping,upi,cred,,source_english
breakfast snacks chai coffee ₹4544 Phonepe,4544,food,upi,phonepe,,cue_row
bhai me 42 ₹ ka udhar return kiyaa Phone Pe pe bohot mehenga,42,friends,upi,phonepe,idfc,hinglish_natural
1mg se checkup karaya 386 rs. ka cash diye,1,healthcare,cash,,rbl,hinglish_natural
₹48690 debited from your HDFC account for market (PhonePe UPI),48690,shopping,upi,phonepe,hdfc,ocr_upi
3248 rs mall debit card se,3248,shopping,card,,,hinglish_natural
dost Amit ko 195 rupaye cash se bheje,195,friends,cash,,,friends_synthetic
"MEDPLUS
Item 1 ₹189
Item 2 INR 402
Total INR 45995.15
Paytm",45995.15,healthcare,upi,paytm,,ocr_receipt
Zerodha se mutual fund kiyaa 4483 rs. ka gpay pe,4483,investment,upi,gpay,,hinglish_natural
583 rupaye stock liyaa crypto ko UPI se die,583,investment,upi,slice,,hinglish_natural
11339 rs Biryani Blues phonepe pe,11339,food,upi,phonepe,,hinglish_natural
JioCinema 44333.40 jupiter Payment done HDFC 7060,44333.40,entertainment,upi,jupiter,hdfc,ocr_upi
Used Fi cash to pay Rs 2306.59 for Ola,2306.59,travel,cash,,fi,english_natural
1916 rupees FD card se,1916,investment,card,,,hinglish_natural
gpay payment Rs.38503 BYJU'S HDFC 3616 successful,38503,education,upi,gpay,hdfc,ocr_upi
Spent 106.69 on credit card EMI using card,106.69,emi,card,,,english_natural
PharmEasy ka 854 rupees ka bill cash se pay kiya,854,healthcare,cash,,canara,voice_transcript
aaj Vedantu pe 258 rupaye kharcha hua card se,258,education,card,,jupiter,voice_transcript
spent 15609 rupees on BYJU'S via Google Pay,15609,education,upi,gpay,,voice_transcript
Zerodha 4108 rupaye card se,4108,investment,card,,,hinglish_natural
Bus ticket INR 39238,39238,travel,card,,yes bank,source_english
Chai Point ka food order kiyaa 472 rs cash me,472,food,cash,,,hinglish_natural
Bought Bharat Petroleum for Rs 31841 with cash,31841,travel,cash,,indusind,english_natural
"BILL
gas bill
₹1126
CARD
Thank You Visit Again",1126,utilities,card,,kotak,ocr_receipt
aaj PVR pe 492 rupaye kharcha hua card se,492,entertainment,card,,,voice_transcript
Tata CLiQ 3732 ₹ UPI se,3732,shopping,upi,gpay,,hinglish_natural
"Receipt #5088
electronics store
Amount Paid: 262.12
Mode: CARD",262.12,shopping,card,,,ocr_receipt
INOX se game liyaa 47074 ₹ ka card se pay kiyaa,47074,entertainment,card,,icici,hinglish_natural
Practo 12227.83,12227.83,healthcare,cash,,sbi,english_natural
paid 37259 to Behrouz through paytm,37259,food,upi,paytm,,voice_transcript
"HOSPITAL RESTAURANT
Total 354
Cash Received
Change 0.00",354,healthcare,cash,,,ocr_receipt
Credit card EMI INR 7170,7170,emi,card,,sbi,source_english
petrol pump se ticket book kr diya 269 rs. ka UPI se pay kia hdfc wale account se,269,travel,upi,bhim,hdfc,hinglish_natural
exam fee 102 Visa,102,education,card,,axis,english_natural
today i spent 1382 on insurance premium via card from my HDFC Bank bank,1382,utilities,card,,hdfc,voice_transcript
sent 1724 to dost on phonepe,1724,friends,upi,phonepe,,friends_synthetic
NEFT/TRANSFER/STOCKS/BANDHAN,2044,investment,card,,bandhan,english_natural
flatmate rent share 1417 Paytm roommate,1417,friends,upi,paytm,icici,friends_synthetic
FD payment 3869 done via debit card,3869,investment,card,,,english_natural
Rs.221 paid to RedBus via G Pay UPI from HDFC Bank ending 6598,221,travel,upi,gpay,hdfc,ocr_upi
clinic 3468,3468,healthcare,upi,gpay,axis,english_natural
Flipkart order INR 22831,22831,shopping,card,,sbi,source_english
Goibibo 27583 rupay via bhim,27583,travel,upi,bhim,,hinglish_natural
1239 paid to Box8 via CRED UPI from Axis Bank ending 5437,1239,food,upi,cred,axis,ocr_upi
doctor payment Rs.173 done via Mastercard,173,healthcare,card,,,english_natural
dopahar ko 45764 rupay dawai liya 1mg pe debit card se matlab,45764,healthcare,card,,pnb,hinglish_natural
Kuvera 47875 rupaiye credit card se,47875,investment,card,,,hinglish_natural
mobile recharge Rs.29751.98 fi,29751.98,utilities,upi,fi,slice,english_natural
hospital doctor pharmacy medicine diagnostic ₹29865 slice,29865,healthcare,upi,slice,,cue_row
rent maintenance gas connection ₹12085 card,12085,utilities,card,,,cue_row
Kuvera me 230 rupaye ka stock lia Phone Pe se,230,investment,upi,phonepe,,hinglish_natural
15989.16 paid to bike loan EMI via Cred UPI from hdfc Bank ending 1013,15989.16,emi,upi,cred,hdfc,ocr_upi
Just paid Rs.3860.21 to market through card,3860.21,shopping,card,,,english_natural
42121 ka crypto bill pay kiya card se sbi se kata,42121,investment,card,,sbi,voice_transcript
Paid Amit Rs 86.04 using phonepe from State Bank,86.04,friends,upi,phonepe,sbi,english_natural
Bharat Petroleum se petrol bhara 387 rupaye ka cash me,387,travel,cash,,,hinglish_natural
personal loan EMI 1444.42 paytm,1444.42,emi,upi,paytm,hdfc,english_natural
subah 29091 Paytm Money UPI se pay kia bc,29091,investment,upi,bhim,,hinglish_natural
Ajio se shopping kia 498 rupaye ka via G Pay,498,shopping,upi,gpay,sbi,hinglish_natural
Divya 196 slice,196,friends,upi,slice,axis,ocr_upi
"Bajaj Finance EMI 3633.05 Completed 9Aug 2026,4:26 pm HDFC Bank 9969 UPI transaction ID 680546354153053",3633.05,emi,upi,slice,hdfc,ocr_upi
Rs601.37 paid to 1mg via gpay UPI from Kotak Mahindra Bank ending 6878,601.37,healthcare,upi,gpay,kotak,ocr_upi
bhai FirstCry 45079 rs. UPI se pay kr diya,45079,shopping,upi,paytm,,hinglish_natural
car loan EMI 69 rupaiye debit card se yaar,69,emi,card,,,hinglish_natural
49999 debit card Hotstar,49999,entertainment,card,,hdfc,english_natural
Paid 4227 to Ajio SLICE UPI ICICI 1297 Done,4227,shopping,upi,slice,icici,ocr_upi
Apollo Pharmacy 3123.99,3123.99,healthcare,card,,,english_natural
mobile recharge pe 537 rupaye ka recharge kr diya UPI se pay kia,537,utilities,upi,paytm,,hinglish_natural
4902 debited from your ICICI account for FreshMenu (G Pay UPI),4902,food,upi,gpay,icici,ocr_upi
Paid Haldirams Rs.26166.71 using debit card from HDFC,26166.71,food,card,,hdfc,english_natural
4566 rupees ride liyaa Ola ko cash me,4566,travel,cash,,sbi,hinglish_natural
Indian Oil 12312.71 Phone Pe Successful Federal Bank 3806,12312.71,travel,upi,phonepe,federal bank,ocr_upi
Pooja t25399 debited from Fi Money,25399,friends,upi,paytm,fi,english_natural
2036 rupaye Vedantu via G Pay,2036,education,upi,gpay,,hinglish_natural
Karan INR 1235 debited from Jupiter,1235,friends,upi,gpay,jupiter,english_natural
Paid Ola INR 4022.43 using card,4022.43,travel,card,,,english_natural
yaar 373 rupay ticket book kar diya Uber pe credit card se zyada ho gaya,373,travel,card,,icici,hinglish_natural
hospital ka doctor ko de diye 2533 ₹ UPI se zyada ho gaya,2533,healthcare,upi,phonepe,,hinglish_natural
Just paid Rs1244.11 to Coursera through debit card,1244.11,education,card,,,english_natural
3910 ka school fees bill pay kiya card se,3910,education,card,,,voice_transcript
3314 PhonePe Unacademy,3314,education,upi,phonepe,,english_natural
"Vedantu 47916.67 Completed 1Nov 2025,1:22 am IDFC 9726 UPI transaction ID 5045686969001",47916.67,education,upi,paytm,idfc,ocr_upi
spent 3045 rupees on Jio recharge via card,3045,utilities,card,,bandhan,voice_transcript
4008 rupaye food order kr diya Reliance Fresh ko debit card se bhai,4008,food,card,,,hinglish_natural
Bought BookMyShow for Rs.178.54 with PayTM,178.54,entertainment,upi,paytm,,english_natural
crypto gold bonds NPS portfolio INR 1870 PayTM,1870,investment,upi,paytm,,cue_row
i did 39925 expense on Ola using card,39925,travel,card,,,voice_transcript
Flipkart pe 1217 rupees ka khareed liya UPI se pay kia,1217,shopping,upi,paytm,,hinglish_natural
coaching se tuition diy 36641 ₹ ka Phonepe se,36641,education,upi,phonepe,,hinglish_natural
Paytm Money 247 ₹ card se pay kiya,247,investment,card,,,hinglish_natural
"DHABA RESTAURANT
Total 3297
Cash Received
Change 0.00",3297,food,upi,gpay,icici,ocr_receipt
aaj FD ka stock lya 133 rs. credit card se HDFC se kata,133,investment,card,,hdfc,hinglish_natural
Paytm Money se paisa daala 17673 rs ka card se pay kiyaa,17673,investment,card,,,hinglish_natural
4587 rupees books card se,48826,education,card,,,source_hinglish
Spent Rs.351 on coaching using SLICE,351,education,upi,slice,,english_natural
Unacademy 450.92 Phone Pe Completed ICICI 9753,450.92,education,upi,phonepe,icici,ocr_upi
MedPlus me 4945 rs. ka dawai liya CRED pe,4945,healthcare,upi,cred,,hinglish_natural
Pizza Hut t3267 debited from Slice,3267,food,upi,jupiter,slice,english_natural
2845 ka Jio recharge bill pay kiya PayTM se,2845,utilities,upi,paytm,,voice_transcript
1544 paid to EatFit via CRED from ICICI,1544,food,upi,cred,icici,english_natural
SBI loan payment ₹16538 done via Mastercard,16538,emi,card,,,english_natural
Arjun 128 ₹ card se pay kr diya,128,friends,card,,,hinglish_natural
MakeMyTrip ka cab liyaa 148 ₹ UPI se diy Slice account se,148,travel,upi,slice,slice,hinglish_natural
4567 rupaye fees bharra college fees ko debit card se zyada ho gaya,4567,education,card,,,hinglish_natural
299.96 Reliance Digital,299.96,shopping,card,,,english_natural
"Jio recharge
Net Amount 226.90
Paid via Paytm",226.90,utilities,upi,paytm,,ocr_receipt
dost Pooja ko 491 rupaye PayTM se bheje,491,friends,upi,paytm,hdfc,friends_synthetic
maine 44393 rupaye Netmeds ko diye card se,44393,healthcare,card,,,voice_transcript
FD me 41 rupay ka paisa daala UPI se pay kiya,12854,investment,upi,gpay,,source_hinglish
TO:LABTEST labtest.98313@punjabnationalbankbank From:UTSAVJANA (Punjab National Bank Phonepe : user5890@okpunjabnationalbankbank,1044.14,healthcare,upi,phonepe,pnb,ocr_upi
Rs.20203 debited from your Kotak Mahindra account for Snapdeal (paytm UPI),20203,shopping,upi,paytm,kotak,ocr_upi
Lenskart 736 rs. UPI se,736,healthcare,upi,phonepe,,hinglish_natural
coaching exam preparation study material INR 33657 cash,33657,education,cash,,,cue_row
3616 medicine lya clinic ko gpay se pay kya,3616,healthcare,upi,gpay,,hinglish_natural
paid back friend lent money ₹8189 slice,8189,friends,upi,slice,hdfc,cue_row
2974 rupay payment kar diya BSNL pe card se PNB card se bhai,41780,utilities,card,,pnb,source_hinglish
278 rupaiye Vi recharge via GPay,278,utilities,upi,gpay,hdfc,hinglish_natural
petrol diesel fuel INR 1770 at pump cash,1770,travel,cash,,,cue_row
TO:ZEE5 zee5.83371@kotakbank From:PRIYASHARMA (kotak Fi Money : sender4703@okkotakbank,173,entertainment,upi,fi,kotak,ocr_upi
ghar jaate waqt IndiGo se kiraya diye 380 ₹ ka Paytm se,36387,travel,upi,paytm,,source_hinglish
3158 rs. Vi recharge paytm se,3158,utilities,upi,paytm,,hinglish_natural
₹2475 charged for doctor on PhonePe,2475,healthcare,upi,phonepe,,english_natural
"HDFC loan 212 Completed 25Feb 2026,10:56 pm RBL 1348 UPI transaction ID 8749503346",212,emi,upi,gpay,rbl,ocr_upi
Paid SIP 362 using card,362,investment,card,,,english_natural
paid friend ₹443 via cash,443,friends,cash,,sbi,friends_synthetic
Barbeque Nation ₹22196.09 cred,22196.09,food,upi,cred,sbi,ocr_upi
coaching exam preparation study material R 174 Google Pay,174,education,upi,gpay,indusind,cue_row
gaming concert event ticket t73 Google Pay,73,entertainment,upi,gpay,,cue_row
abhi exam fee se tuition die 2867 rupay ka UPI se de diya zyada ho gaya,2867,education,upi,gpay,,hinglish_natural
419.79 RedBus,419.79,travel,upi,paytm,hdfc,english_natural
G Pay payment ?55 stocks sbi 7630 successful,55,investment,upi,gpay,sbi,ocr_upi
POS/UNACADEMY/PHONEPE/9509,489,education,upi,phonepe,bob,english_natural
gold 4849,4849,investment,card,,,english_natural
aaj DishTV pe 4078 rupees ka bill pay kr diya credit card se bc,4078,utilities,card,,,hinglish_natural
split bill 13903 card se Rahul ko diya,13903,friends,card,,,friends_synthetic
UPI/01617799/LENSKART/FI,278,healthcare,cash,,fi,english_natural
TO:APPLEMUSIC applemusic.39796@bobbank From:AMITSINGH (BOB gpay : sender3896@okbobbank,3230,entertainment,upi,gpay,bob,ocr_upi
Paid mobile recharge ₹1548.17 using G Pay from State Bank,1548.17,utilities,upi,gpay,sbi,english_natural
Angel One 4857 rupaye debit card se,4857,investment,card,,sbi,hinglish_natural
3525.34 charged for Pizza Hut on Slice,3525.34,food,upi,slice,,english_natural
Payment of Rs.351.28 to SpiceJet was successful via G Pay UPI Ref No 62635352277480 HDFC Bank Account 7831,351.28,travel,upi,gpay,hdfc,ocr_upi
Credit card EMI INR 24017,24017,emi,card,,,source_english
maine 252 rupaye YouTube Premium ko diye Bhim se,252,entertainment,upi,bhim,,voice_transcript
NEFT/TRANSFER/CREDIT CARD EMI/,3575.36,emi,upi,cred,,english_natural
gaming concert event ticket 195 gpay,195,entertainment,upi,gpay,,cue_row
today i spent 32098 on Shreya via paytm from my ICICI Bank bank,32098,friends,upi,paytm,icici,voice_transcript
paid dost t3179 via Jupiter,3179,friends,upi,jupiter,kotak,friends_synthetic
378.70 BigBasket,378.70,food,upi,niyo,sbi,english_natural
387 rupees Lenskart card,387,shopping,card,,,voice_transcript
personal loan EMI ka loan payment kar diya 32 rupay card se pay kiyaa,32,emi,card,,,hinglish_natural
"Nature's Basket 290 Completed 13Jul 2026,11:31 pm hdfc 6676 UPI transaction ID 5508005090",290,food,upi,jupiter,hdfc,ocr_upi
₹27581 paid to Vikram via paytm UPI from sbi Bank ending 8106,27581,friends,upi,paytm,sbi,ocr_upi
upGrad me 102 ka tuition de diye credit card se,102,education,card,,,hinglish_natural
spent 368 rupees on FreshMenu via cash,368,food,cash,,icici,voice_transcript
25828 rupees McDonald's PayTM,25828,food,upi,paytm,,voice_transcript
spent 396 rupees on Zara via card,396,shopping,card,,,voice_transcript
electricity water broadband mobile recharge bill Rs205 Slice,205,utilities,upi,slice,,cue_row
144 rs. doctor GPay se pay kr diya,144,healthcare,upi,gpay,hdfc,hinglish_natural
clinic ka 17931 rupees ka bill card se pay kiya,17931,healthcare,card,,,voice_transcript
Spent ₹4210 on tuition using cash,4210,education,cash,,,english_natural
Udemy 1486 rupaiye PayTM se matlab,18694,education,upi,paytm,,source_hinglish
199 rs bill pay kia Jio recharge ko Google Pay pe,199,utilities,upi,gpay,,hinglish_natural
Neha 170 Paytm Successful icici 5246,170,friends,upi,paytm,icici,ocr_upi
stationery se course le liya 21221 rupaye ka debit card se,21221,education,card,,,hinglish_natural
electricity water broadband mobile recharge bill INR 4991 CRED,4991,utilities,upi,cred,,cue_row
subah rent se bill bhra 10024 rs ka Gpay se pay kiya,10024,utilities,upi,gpay,fi,hinglish_natural
Nykaa pe 21635 ka order kar diya Phone Pe se pay kya,21635,shopping,upi,phonepe,,hinglish_natural
petrol diesel fuel Rs.4418 at pump cash,4418,travel,cash,,,cue_row
Reliance Digital se order kar diya 18117 rupay ka UPI se,18117,shopping,upi,phonepe,,hinglish_natural
i paid 30252 rupees for insurance premium using Google Pay,30252,utilities,upi,gpay,niyo,voice_transcript
"Receipt #2501
Lenskart
Amount Paid: INR 2683.04
Mode: Google Pay",2683.04,shopping,upi,gpay,,ocr_receipt
Payment of 3893 to Udemy was successful via bhim UPI Ref No 6359999067 HDFC Account 4519,3893,education,upi,bhim,hdfc,ocr_upi
"Vikram 329 Completed 16Apr 2025,9:04 pm SBI 8199 UPI transaction ID 210209016744",329,friends,upi,phonepe,sbi,ocr_upi
Netflix ka movie dekhi 154 rupaiye debit card se,154,entertainment,card,,,hinglish_natural
netflix spotify hotstar subscription movie show ₹3787 paytm,3787,entertainment,upi,paytm,,cue_row
Online shopping payment INR 30136,30136,shopping,card,,icici,source_english
"Dominos BILL
St: INR 374
CARD APPROVED",374,food,card,,,ocr_receipt
?4419 paid to Shreya via Fi Money UPI from icici Bank ending 9924,4419,friends,upi,fi,icici,ocr_upi
kal 488 rupaye test karaya 1mg ko UPI se diyee,488,healthcare,upi,phonepe,,hinglish_natural
1000 ka Tata CLiQ bill pay kiya cred se jupiter se kata,1000,shopping,upi,cred,jupiter,voice_transcript
sent Rs 4006 to friend on niyo split bill UPI,4006,friends,upi,niyo,,cue_row
bhai 208 rupaiye bike loan EMI UPI se diyee,208,emi,upi,gpay,,hinglish_natural
aaj hospital se medicine le liya 2718 rs ka BHIM pe kotak se,2718,healthcare,upi,bhim,kotak,hinglish_natural
flight booking travel ticket R 4693 card,4693,travel,card,,,cue_row
203 rs installment diye bike loan EMI ko debit card se matlab,203,emi,card,,,hinglish_natural
"YOUTUBE PREMIUM RESTAURANT
Total 36630.32
Cash Received
Change 0.00",36630.32,entertainment,upi,cred,,ocr_receipt
Just paid ₹178 to insurance premium through Paytm,178,utilities,upi,paytm,,english_natural
"BILL
Ajio
2780
CARD
Thank You Visit Again",2780,shopping,card,,,ocr_receipt
Zepto se food order kiya 3640 rupaye ka UPI se diye,3640,food,upi,gpay,,hinglish_natural
Bought SIP for t329 with debit card,329,investment,card,,hdfc,english_natural
"TAX INVOICE
Tata CLiQ
Grand Total: 20156
Payment: CARD",20156,shopping,card,,hdfc,ocr_receipt
IndiGo se ride liya 43 rupay ka debit card se,43,travel,card,,,hinglish_natural
paid back friend lent money Rs180 GPay,180,friends,upi,gpay,,cue_row
raat ko MedPlus pe 5935 ₹ ka doctor ko die GPay pe,5935,healthcare,upi,gpay,slice,hinglish_natural
aaj INOX pe 386 rupaye kharcha hua paytm se,386,entertainment,upi,paytm,icici,voice_transcript
metro ka ticket book kya 272 rs. card se pay kia,272,travel,card,,,hinglish_natural
4043 rs doctor ko diy clinic pe via Phonepe yaar,16643,healthcare,upi,phonepe,,source_hinglish
coaching exam preparation study material ₹3301 PhonePe,3301,education,upi,phonepe,,cue_row
BookMyShow 869.46 cash,869.46,entertainment,cash,,,english_natural
yaar ka transfer kar diya 320 rupees UPI se pay kya yaar,320,friends,upi,phonepe,yes bank,hinglish_natural
Movie ticket booking INR 27072,27072,entertainment,upi,gpay,,source_english
rent maintenance gas connection Rs1241 Gpay,1241,utilities,upi,gpay,,cue_row
"gaming 33220 Completed 18May 2025,12:37 pm sbi 2157 UPI transaction ID 4538687612",33220,entertainment,upi,gpay,sbi,ocr_upi
Jio recharge 42692 rs. gpay se pay kya,42692,utilities,upi,gpay,,hinglish_natural
Neha me 773 rs ka paise bheje naqad HDFC Bank account se,773,friends,cash,,hdfc,hinglish_natural
PPF contribution INR 16625,16625,investment,upi,phonepe,bandhan,source_english
"TAX INVOICE
Swiggy
Grand Total: INR 241.74
Payment: Gpay",241.74,food,upi,gpay,,ocr_receipt
petrol diesel fuel ₹26012 at pump Jupiter,26012,travel,upi,jupiter,,cue_row
80 rupees INOX gpay,80,entertainment,upi,gpay,,voice_transcript
today i spent 16860 on Nykaa via slice from my hdfc bank,16860,shopping,upi,slice,hdfc,voice_transcript
market pe 369 ka shopping kya debit card se,369,shopping,card,,hdfc,hinglish_natural
sent ?331 to colleague on paytm,331,friends,upi,paytm,,friends_synthetic
ghar jaate waqt home loan EMI pe 2990 rs ka EMI bhra UPI se,2990,emi,upi,gpay,,hinglish_natural
Just paid t387.79 to school fees through Visa,387.79,education,card,,,english_natural
"Receipt #2996
MedPlus
Amount Paid: 1830.88
Mode: CASH",1830.88,healthcare,cash,,canara,ocr_receipt
Bajaj Finance EMI 39870 rupees card se,38465,emi,card,,,source_hinglish
Paid 13842 for Shreya from my icici account via Mastercard,13842,friends,card,,icici,english_natural
ATM/CASH/BANK/460,460,friends,cash,,,english_natural
Library fee INR 12710,12710,education,upi,fi,hdfc,source_english
paid 1597 to IRCTC through cash,1597,travel,cash,,,voice_transcript
₹1096.99 to HDFC loan via debit card,1096.99,emi,card,,,english_natural
restaurant 10220 CRED,10220,food,upi,cred,icici,english_natural
Meesho 4079.43,4079.43,shopping,upi,phonepe,,english_natural
417 ka doctor bill pay kiya paytm se NIYO se kata,417,healthcare,upi,paytm,niyo,voice_transcript
Pharmacy medicine purchase INR 32797,32797,healthcare,card,,,source_english
Nature's Basket me 16921 ₹ ka food order kia cash me SLICE card se sasta tha,16921,food,cash,,slice,hinglish_natural
BSNL se payment kya 69 rupees ka UPI se diyee jupiter account se,69,utilities,upi,gpay,jupiter,hinglish_natural
INR 19330 to Arjun Slice UPI,19330,friends,upi,slice,rbl,friends_synthetic
1843 kiraya diye EaseMyTrip ko UPI se pay kiya,1843,travel,upi,slice,,hinglish_natural
7291 rupaiye food order kar diya Blinkit ko via PhonePe,7291,food,upi,phonepe,,hinglish_natural
1125 rupay admission kya library pe UPI se pay kiya,1125,education,upi,paytm,,hinglish_natural
abhi BigBasket se food order kiya 33931 ₹ ka haath se diye PNB account se,33931,food,cash,,pnb,hinglish_natural
broadband 2487 rupees UPI se de diya,2487,utilities,upi,slice,,hinglish_natural
183 ticket book kr diya Yatra ko cash die,183,travel,cash,,,hinglish_natural
Bharat Petroleum payment Rs.164.31 done via Mastercard,164.31,travel,card,,,english_natural
bhai roommate ko udhar return kiya 378 rs SLICE se,378,friends,upi,slice,,friends_synthetic
Paid R 474 for PPF via Mastercard,474,investment,card,,,english_natural
Amazon se shopping kr diya 423 rs ka card se pay kia bhai,423,shopping,card,,,hinglish_natural
Kuvera ka stock liyaa 3106 rupay UPI se de diya sasta tha,3106,investment,upi,bhim,,hinglish_natural
dost INR 41569.37 jupiter,41569.37,friends,upi,jupiter,sbi,ocr_upi
home loan EMI ka installment diyee 15894 rupees credit card se yaar,15894,emi,card,,,hinglish_natural
1097 rupay khana khaya Starbucks pe via G Pay,1097,food,upi,gpay,,hinglish_natural
aaj 1314 ₹ Apollo Pharmacy cash de diye,27508,healthcare,cash,,,source_hinglish
Uber ride INR 10666,10666,travel,card,,,source_english
INOX se game liya 26609 ka debit card se,26609,entertainment,card,,kotak,hinglish_natural
Concert ticket INR 35360,35360,entertainment,card,,hdfc,source_english
101 rs. khana order kiya JioMart ko Gpay pe State Bank se kata,101,food,upi,gpay,sbi,hinglish_natural
₹43214.76 charged for Meesho on SLICE,43214.76,shopping,upi,slice,sbi,english_natural
INR 12508 to Neha Jupiter UPI,12508,friends,upi,jupiter,,friends_synthetic
yaar 2494 rs Zee5 cash de diya,2494,entertainment,cash,,axis,hinglish_natural
MakeMyTrip se kiraya de diya 4785 rs ka haath se de diye sasta tha,4785,travel,cash,,,hinglish_natural
"NYKAA
Item 1 306
Item 2 Rs177
Total Rs214
CARD",214,shopping,card,,hdfc,ocr_receipt
INR 3502 charged for DishTV on card,3502,utilities,card,,sbi,english_natural
aaj Priya ka transfer kr diya 96 rs. Phone Pe se pay kia,96,friends,upi,phonepe,,hinglish_natural
Coin ka paisa daala 3922 rs debit card se HDFC wale account se,3922,investment,card,,hdfc,hinglish_natural
INR 9451 charged for Zepto on Google Pay,9451,food,upi,gpay,sbi,english_natural
school college tuition course books fees Rs.125 card,125,education,card,,,cue_row
"hospital BILL
St: 24851.82
fi approved",24851.82,healthcare,upi,fi,icici,ocr_receipt
sent Rs1634 to friend on cash,1634,friends,cash,,,friends_synthetic
613 bike loan EMI,613,emi,upi,paytm,icici,english_natural
"H&M
Net Amount 87.34
Paid via CARD",87.34,shopping,card,,,ocr_receipt
spent 16534 rupees on Reliance Digital via cred,16534,shopping,upi,cred,,voice_transcript
293 ₹ Paytm Money debit card se,293,investment,card,,kotak,hinglish_natural
maine 799 rupaye Meesho ko diye Jupiter se,799,shopping,upi,jupiter,,voice_transcript
TO:RICKSHAW rickshaw.37356@hdfcbank From:AMITSINGH (HDFC bhim : sender5422@okhdfcbank,12439,travel,upi,bhim,hdfc,ocr_upi
"TAX INVOICE
doctor
Grand Total: ₹46958
Payment: CASH",46958,healthcare,cash,,,ocr_receipt
subah SBI loan pe 1025 rupaye ka loan payment kar diya card se pay kia,1025,emi,card,,,hinglish_natural
office se aate hue Ola me 2813 rupay ka ticket book kia card se pay kiyaa matlab,2813,travel,card,,,hinglish_natural
Flipkart order INR 42867,42867,shopping,card,,,source_english
Vi recharge 2710,2710,utilities,upi,gpay,slice,english_natural
189 JioCinema cash de diya sasta tha,189,entertainment,cash,,,hinglish_natural
Angel One ka SIP bhara 231 rupees via Jupiter,231,investment,upi,jupiter,,hinglish_natural
maine 40961 rupaye crypto ko diye gpay se,40961,investment,upi,gpay,,voice_transcript
Netflix payment ₹44843 done via credit card,44843,entertainment,card,,hdfc,english_natural
Cleartrip mein 91 lag gaye Phonepe se bhara,91,travel,upi,phonepe,,voice_transcript
electricity water broadband mobile recharge bill INR 3143 card,3143,utilities,card,,icici,cue_row
car loan EMI mein 12732 lag gaye card se bhara,12732,emi,card,,,voice_transcript
Paid t4774 for rent via cash,4774,utilities,cash,,,english_natural
i did 452 expense on upGrad using card,452,education,card,,,voice_transcript
4116 rupees udhar return kar diya roommate pe UPI se pay kiya,4116,friends,upi,cred,hdfc,hinglish_natural
1094 rupees Gaana card jupiter account,1094,entertainment,card,,jupiter,voice_transcript
UPI/86526373/HOTSTAR/BANK,743.45,entertainment,card,,,english_natural
gaming concert event ticket Rs.500 card,500,entertainment,card,,icici,cue_row
Cleartrip ka 296 rupees ka bill cash se pay kiya,296,travel,cash,,sbi,voice_transcript
subah CCD se mangwaya 4942 rupaye ka jupiter se,4942,food,upi,jupiter,,hinglish_natural
Apollo Pharmacy ka test karaya 329 debit card se,329,healthcare,card,,,hinglish_natural
Just paid Rs3821 to rickshaw through GPay,3821,travel,upi,gpay,,english_natural
HP Petrol 9404 rupaiye via phonepe,9404,travel,upi,phonepe,,hinglish_natural
Tata CLiQ ka khareed liya 22 rupay card se,22,shopping,card,,niyo,hinglish_natural
auto ka petrol bhar diya 4577 card se,4577,travel,card,,,hinglish_natural
gold me 1293 rs. ka paisa daala phonepe se,1293,investment,upi,phonepe,,hinglish_natural
"stocks 2438.52 Completed 15Oct 2025,4:45 am Kotak 1632 UPI transaction ID 891787356392118",2438.52,investment,upi,bhim,kotak,ocr_upi
Pooja 3297 rs. jupiter pe,3297,friends,upi,jupiter,,hinglish_natural
Yatra se cab le liya 4047 rupaiye ka debit card se bohot mehenga,4047,travel,card,,,hinglish_natural
Paytm payment 22844.88 credit card EMI HDFC 8397 completed,22844.88,emi,upi,paytm,hdfc,ocr_upi
electricity water broadband mobile recharge bill Rs 415 PayTM,415,utilities,upi,paytm,hdfc,cue_row
"BILL
DishTV
Rs 11628.48
Paytm
Thank You Visit Again",11628.48,utilities,upi,paytm,,ocr_receipt
32335 rupaiye split kiyaa Divya ko via Phone Pe yaar,32335,friends,upi,phonepe,,hinglish_natural
car loan EMI 1910,1910,emi,card,,,english_natural
bhai pe 2736 rupaye ka split kya via PhonePe Kotak Mahindra account se,2736,friends,upi,phonepe,kotak,hinglish_natural
ET Money 339 ₹ jupiter se,339,investment,upi,jupiter,,hinglish_natural
Phone Pe payment 14572.12 Rohan YES BANK 2788 successful,14572.12,friends,upi,phonepe,yes bank,ocr_upi
Rs3107.03 charged for Zepto on Paytm,3107.03,food,upi,paytm,,english_natural
Vikram se paise bheje 4718 rupees ka Cred se pay kiyaa HDFC Bank card se,4718,friends,upi,cred,hdfc,hinglish_natural
aaj home loan EMI pe 400 rupaye kharcha hua card se,400,emi,card,,axis,voice_transcript
INOX 2435.57 debited from axis,2435.57,entertainment,upi,phonepe,axis,english_natural
MedPlus se doctor ko de diya 27901 rupay ka via PayTM,27901,healthcare,upi,paytm,,hinglish_natural
Pooja ka transfer kr diya 49678 rupay UPI se de diye ICICI Bank se yaar,49678,friends,upi,slice,icici,hinglish_natural
3455 rs. split kiya Priya pe PhonePe se,3455,friends,upi,phonepe,niyo,hinglish_natural
raat ko 41642 rs. payment kar diya society maintenance ko credit card se,41642,utilities,card,,sbi,hinglish_natural
Vikram se paise bheje 362 ₹ ka Gpay pe,362,friends,upi,gpay,,hinglish_natural
30350 ka Coin bill pay kiya card se,30350,investment,card,,,voice_transcript
maine 222 rupaye Groww ko diye BHIM se,222,investment,upi,bhim,,voice_transcript
Meesho mein 4121 lag gaye card se bhara,4121,shopping,card,,,voice_transcript
Paid Gaana ₹3912 using Jupiter,3912,entertainment,upi,jupiter,,english_natural
gas bill 2315,2315,utilities,card,,,english_natural
sent Rs1571 to Neha on paytm,1571,friends,upi,paytm,icici,friends_synthetic
split bill 4876 SLICE se Arjun ko diya,4876,friends,upi,slice,,friends_synthetic
Spent ₹3128.93 on Tata Play using G Pay,3128.93,utilities,upi,gpay,slice,english_natural
bhai me 44417 ₹ ka udhar return kya Fi Money pe,44417,friends,upi,fi,hdfc,hinglish_natural
Amazon Prime ka show dekha 117 rs via slice Niyo se,117,entertainment,upi,slice,niyo,hinglish_natural
car loan EMI me 4883 ka installment diye UPI se de diya,4883,emi,upi,gpay,,hinglish_natural
Kuvera INR 361 Niyo,361,investment,upi,niyo,sbi,ocr_upi
college fees ka books lya 3859 rs credit card se,3859,education,card,,,hinglish_natural
uber ola cab ride airport train ticket t4194 cash,4194,travel,cash,,,cue_row
breakfast snacks chai coffee ?1129 BHIM,1129,food,upi,bhim,,cue_row
"D GASBILL 77 Completed 1Feb 2026,8:04 pm HDFC Bank Bank 1886 UPI transaction ID 193178449883 TO:GASBILL gas bill.80819@hdfc bankbank Soogletransaction lD CICAgJjg473811 OPI Fi Money",77,utilities,upi,fi,hdfc,ocr_upi
Spent 48519.66 on Bajaj Finance EMI using card,48519.66,emi,card,,,english_natural
Paid INR 621.97 to books jupiter UPI Canara Bank 2688 Completed,621.97,education,upi,jupiter,canara,ocr_upi
"D STOCKS 2080 Completed 12Mar 2026,11:25 pm kotak Bank 6725 UPI transaction ID 90334826452 TO:STOCKS stocks.45956@kotakbank Soogletransaction lD CICAgJjg735737 OPI G Pay",2080,investment,upi,gpay,kotak,ocr_upi
mutual fund SIP stocks PPF FD investment ₹8856 Google Pay,8856,investment,upi,gpay,sbi,cue_row
home loan car loan credit card EMI monthly ₹1461 autopay GPay,1461,emi,upi,gpay,,cue_row
4019 rs. crypto UPI se,4019,investment,upi,jupiter,sbi,hinglish_natural
office se aate hue home loan EMI me 239 ka loan payment kya via Cred matlab,239,emi,upi,cred,,hinglish_natural
SonyLIV t44764 Visa,44764,entertainment,card,,,english_natural
market se khareed liyaa 24 rs ka debit card se,24,shopping,card,,,hinglish_natural
canteen ka mangwaya 24124 rupaye naqad Kotak Mahindra se kata,24124,food,cash,,kotak,hinglish_natural
personal loan installment EMI deduction Rs.493 Paytm,493,emi,upi,paytm,rbl,cue_row
"TAX INVOICE
Reliance Fresh
Grand Total: ₹3294.34
Payment: gpay",3294.34,food,upi,gpay,hdfc,ocr_receipt
flight booking travel ticket INR 3011 jupiter,3011,travel,upi,jupiter,,cue_row
office se aate hue Nykaa ka buy kiyaa 2290 rs. CRED se pay kia SBI account se,2290,shopping,upi,cred,sbi,hinglish_natural
Payment of INR 333 to 1mg was successful via PhonePe UPI Ref No 91128110180 axis Account 9040,333,healthcare,upi,phonepe,axis,ocr_upi
yaar Netflix se game liya 37352 rupaye ka UPI se pay kar diya,37352,entertainment,upi,gpay,,hinglish_natural
Kuvera ka paisa daala 4677 rupaye Phonepe se HDFC card se sasta tha,4677,investment,upi,phonepe,hdfc,hinglish_natural
395 rupees YouTube Premium Phonepe HDFC Bank account,395,entertainment,upi,phonepe,hdfc,voice_transcript
paid 48345 to MakeMyTrip through G Pay from Kotak Mahindra,48345,travel,upi,gpay,kotak,voice_transcript
"Airtel recharge BILL
St: 2968.84
CARD approved",2968.84,utilities,card,,sbi,ocr_receipt
"RELIANCE FRESH
Item 1 Rs.245
Item 2 485
Total Rs 264
CASH",264,food,cash,,,ocr_receipt
Bought rent for ?366.03 with gpay,366.03,utilities,upi,gpay,jupiter,english_natural
ATM/CASH/STATE BANK/1181.53,1181.53,friends,upi,jupiter,sbi,english_natural
split bill 2120 CRED se friend ko diya,2120,friends,upi,cred,,friends_synthetic
gold pe 14640 rupaye ka invest kia PayTM pe yaar,14640,investment,upi,paytm,idfc,hinglish_natural
paid Pooja INR 20076 via card,20076,friends,card,,sbi,friends_synthetic
subah 788 rs. diagnostic via Paytm,788,healthcare,upi,paytm,,hinglish_natural
insurance premium ka recharge kya 1201 rupaye UPI se,1201,utilities,upi,paytm,niyo,hinglish_natural
3557.21 paid to college fees via gpay UPI from HDFC Bank Bank ending 6690,3557.21,education,upi,gpay,hdfc,ocr_upi
paid 1422 to library through cash from Jupiter,1422,education,cash,,jupiter,voice_transcript
yaar 512 rupaye medicine le liya eye checkup pe UPI se pay kar diya,512,healthcare,upi,slice,,hinglish_natural
spent 9391 rupees on Bajaj Finance EMI via card,9391,emi,card,,,voice_transcript
home loan EMI ka EMI bhra 46202 debit card se Niyo wale account se,46202,emi,card,,niyo,hinglish_natural
1mg 1876 ₹ cash die PNB account se,1,healthcare,cash,,pnb,hinglish_natural
flight booking travel ticket ₹855 card,855,travel,card,,,cue_row
1615 rupaye recharge kia rent pe naqad,1615,utilities,cash,,hdfc,hinglish_natural
Unacademy me 2018 ₹ ka course lia debit card se,2018,education,card,,,hinglish_natural
INOX se game liyaa 357 ka card se pay kiyaa,357,entertainment,card,,,hinglish_natural
Credit card EMI INR 18302,18302,emi,card,,,source_english
today i spent 375 on rent via Phonepe,375,utilities,upi,phonepe,,voice_transcript
4337 Bajaj Finance EMI,4337,emi,card,,slice,english_natural
Paid ₹1717.99 for food court from my IDFC First account via phonepe,1717.99,food,upi,phonepe,idfc,english_natural
breakfast snacks chai coffee Rs.38148 cash,38148,food,cash,,,cue_row
dopahar ko market ka order kiya 48285 rupaye credit card se matlab,48285,shopping,card,,,hinglish_natural
dopahar ko concert 36390 rs. credit card se,35360,entertainment,card,,hdfc,source_hinglish
yaar personal loan EMI ka installment de diye 970 credit card se,970,emi,card,,hdfc,hinglish_natural
sent Rs 2523 to bhai on jupiter,2523,friends,upi,jupiter,,friends_synthetic
1968 rupaiye show dekha JioCinema pe card se,1968,entertainment,card,,,hinglish_natural
Water bill INR 10694,10694,utilities,upi,bhim,,source_english
Barbeque Nation 1616,1616,food,upi,slice,,english_natural
PVR 431 rupaiye card se pay kiyaa,431,entertainment,card,,,hinglish_natural
petrol pump mein 593 lag gaye PhonePe se bhara,593,travel,upi,phonepe,indusind,voice_transcript
255 to Pooja via Google Pay,255,friends,upi,gpay,,english_natural
"Receipt #1806
rent
Amount Paid: 3632
Mode: gpay",3632,utilities,upi,gpay,,ocr_receipt
TO:HOMELOANEMI homeloanemi.66436@yesbankbank From:PRIYASHARMA (Yes Bank Phonepe : user3911@okyesbankbank,37762,emi,upi,phonepe,yes bank,ocr_upi
school college tuition course books fees Rs84 card,84,education,card,,sbi,cue_row
school college tuition course books fees Rs.30996 gpay,30996,education,upi,gpay,,cue_row
credit card EMI se loan payment kiya 2974 rs ka credit card se,2974,emi,card,,,hinglish_natural
uber ola cab ride airport train ticket Rs301 bhim,301,travel,upi,bhim,,cue_row
"Receipt #8159
INOX
Amount Paid: Rs.1234
Mode: CASH",1234,entertainment,cash,,,ocr_receipt
POS/REDBUS/GPAY/8202,2107.14,travel,upi,gpay,,english_natural
CCD pe 9607 rupees ka mangwaya SLICE pe,9607,food,upi,slice,icici,hinglish_natural
bhai electronics store ka 1997 rupaye slice se de diya,1997,shopping,upi,slice,,voice_transcript
Zepto ka 3608 rupees ka bill cash se pay kiya,3608,food,cash,,,voice_transcript
Just paid ₹226 to car loan EMI through Google Pay,226,emi,upi,gpay,,english_natural
2054.53 mobile recharge,2054.53,utilities,upi,jupiter,,english_natural
Paid EatFit Rs.181 using cash from NIYO,181,food,cash,,niyo,english_natural
Myntra 53 debit card se ICICI wale account se sasta tha,53,shopping,card,,icici,hinglish_natural
college fees 35790 card se,35790,education,card,,,hinglish_natural
"eye checkup
Net Amount 231
Paid via CASH",231,healthcare,cash,,,ocr_receipt
"Amazon
Net Amount 3010.09
Paid via CARD",3010.09,shopping,card,,,ocr_receipt
"TAX INVOICE
dentist
Grand Total: 2078
Payment: Paytm",2078,healthcare,upi,paytm,,ocr_receipt
aaj ACT Fibernet pe 2655 rupay ka payment kar diya G Pay pe icici account se,5785,utilities,upi,gpay,icici,source_hinglish
Paid ₹115 to KFC GPay UPI Canara Bank 7408 Done,115,food,upi,gpay,canara,ocr_upi
FD payment INR 26059.81 done via gpay,26059.81,investment,upi,gpay,icici,english_natural
bhai JioCinema se show dekha 263 rs ka card se,263,entertainment,card,,,hinglish_natural
Rs287 paid to dentist via Visa from icici,287,healthcare,card,,icici,english_natural
electricity bill mein 2094 lag gaye card se bhara,2094,utilities,card,,,voice_transcript
Bought water bill for 34455 with Visa,34455,utilities,card,,,english_natural
445 ka Indian Oil bill pay kiya card se HDFC se kata,445,travel,card,,hdfc,voice_transcript
lunch dinner food order swiggy zomato restaurant meal R 62 Phone Pe,62,food,upi,phonepe,,cue_row
tuition se books liyaa 346 rupaiye ka cash diye sasta tha,346,education,cash,,,hinglish_natural
abhi metro pe 40117 rupees ka ticket book kya Fi Money se pay kiyaa,40117,travel,upi,fi,,hinglish_natural
yaar BYJU'S se books liya 175 rupaiye ka debit card se Kotak wale account se,175,education,card,,kotak,hinglish_natural
"Reliance Fresh
Net Amount 247
Paid via CARD",247,food,card,,,ocr_receipt
Paid Rs 472 for clinic via GPay,472,healthcare,upi,gpay,slice,english_natural
Karan ko 2783 transfer kiya Gpay se,2783,friends,upi,gpay,,friends_synthetic
Chai Point mein 781 lag gaye GPay se bhara,781,food,upi,gpay,,voice_transcript
crypto pe 4985 rs. ka stock lia debit card se,4985,investment,card,,,hinglish_natural
27024 rupay paisa daala ET Money ko card se pay kia,27024,investment,card,,idfc,hinglish_natural
Zerodha 1446 rupaiye debit card se achha deal mila,1446,investment,card,,,hinglish_natural
Unacademy 2760,2760,education,upi,gpay,,english_natural
"D HOTSTAR 1817 Completed 16Feb 2026,11:18 pm Axis Bank 3146 UPI transaction ID 036275629522429 TO:HOTSTAR hotstar.39070@axisbank Soogletransaction lD XYZabc452082 OPI PhonePe",1817,entertainment,upi,phonepe,axis,ocr_upi
doctor Rs.4197 cash,4197,healthcare,cash,,,english_natural
"D STOCKS 221 Completed 12Jan 2026,6:53 pm HDFC Bank Bank 3294 UPI transaction ID 013524711788 TO:STOCKS stocks.72125@hdfc bankbank Goog1etransaction lD XYZabc513918 OPI Phone Pe",221,investment,upi,phonepe,hdfc,ocr_upi
6686 Burger King,6686,food,upi,cred,,english_natural
personal loan EMI 3826 ₹ UPI se die,3826,emi,upi,gpay,,hinglish_natural
clinic se dawai le liya 333 rupaiye ka via gpay hdfc wale account se,333,healthcare,upi,gpay,hdfc,hinglish_natural
Paid 970 for BigBasket via Visa,970,food,card,,idfc,english_natural
Divya se transfer kr diya 4594 ka UPI se,4594,friends,upi,paytm,axis,hinglish_natural
"hospital BILL
St: ₹138.75
CARD APPROVED",138.75,healthcare,card,,,ocr_receipt
flatmate rent share 451 cash Divya,451,friends,cash,,,friends_synthetic
DishTV 17807 rupees G Pay pe NIYO se kata,17807,utilities,upi,gpay,niyo,hinglish_natural
mall se buy kia 28993 rupees ka credit card se,28993,shopping,card,,,hinglish_natural
Rs 435.23 to Chai Point via cash,435.23,food,cash,,,english_natural
"PHARMEASY
Item 1 Rs.83
Item 2 Rs.203
Total Rs.403
CASH",403,healthcare,cash,,,ocr_receipt
paid 48347 to school fees through Google Pay,48347,education,upi,gpay,,voice_transcript
4593 ka stationery bill pay kiya card se,4593,education,card,,,voice_transcript
YouTube Premium se movie dekhi 4341 rupees ka card se pay kia,46218,entertainment,card,,icici,source_hinglish
2032 rs. Zepto card se sasta tha,2032,food,card,,,hinglish_natural
kal 4046 rupaiye kiraya de diye Indian Oil pe jupiter se bohot mehenga,4046,travel,upi,jupiter,,hinglish_natural
t38946 paid to CCD via Paytm UPI from HDFC Bank Bank ending 3617,38946,food,upi,paytm,hdfc,ocr_upi
1694 rs. EMI kat gayi car loan EMI pe card se,1694,emi,card,,,hinglish_natural
"D DMART 510 Completed 21Feb 2026,3:59 pm Punjab National Bank Bank 9101 UPI transaction ID 182613506210 TO:DMART dmart.79385@punjab national bankbank Googletransaction lD CICAgJjg579970 OPI Phone Pe",510,food,upi,phonepe,pnb,ocr_upi
TO:GAANA gaana.27778@pnbbank From:RAHULKUMAR (PNB BHIM : sender9990@okpnbbank,151,entertainment,upi,bhim,pnb,ocr_upi
Netmeds se test karaya 2832 ka UPI se pay kr diya ICICI wale account se,2832,healthcare,upi,gpay,icici,hinglish_natural
office se aate hue library se fees bharra 4658 rs. ka card se,4658,education,card,,,hinglish_natural
mutual fund SIP stocks PPF FD investment Rs3813 Fi,3813,investment,upi,fi,hdfc,cue_row
hospital doctor pharmacy medicine diagnostic Rs.2422 cash,2422,healthcare,cash,,hdfc,cue_row
Meesho pe 154 rupay ka khareed le liya card se pay kia,154,shopping,card,,,hinglish_natural
NPS me 290 rupees ka paisa daala Fi pe,290,investment,upi,fi,,hinglish_natural
split bill 14556 CRED se Vikram ko diya,14556,friends,upi,cred,,friends_synthetic
Indian Oil se petrol bharra 2052 rs. ka Phonepe se Canara card se,49163,travel,upi,phonepe,canara,source_hinglish
4040 Lenskart,4040,shopping,upi,slice,kotak,english_natural
Amazon purchase INR 25052,25052,shopping,cash,,,source_english
"BOOKMYSHOW
Item 1 Rs.337
Item 2 Rs 267
Total 415
CARD",415,entertainment,card,,,ocr_receipt
hospital 4189 rupay credit card se,32661,healthcare,card,,,source_hinglish
Apollo Pharmacy se doctor ko diyee 935 ₹ ka via Paytm zyada ho gaya,935,healthcare,upi,paytm,icici,hinglish_natural
"BSNL BILL
St: ₹9966.51
PayTM approved",9966.51,utilities,upi,paytm,,ocr_receipt
car loan EMI pe 421 rupaiye ka EMI bhar diya card se,421,emi,card,,,hinglish_natural
INR 448 to DishTV via Google Pay,448,utilities,upi,gpay,,english_natural
Coursera Rs 2534.14 card,2534.14,education,card,,,english_natural
"BILL
DMart
₹41832.03
PhonePe
Thank You Visit Again",41832.03,food,upi,phonepe,,ocr_receipt
"BILL
mobile recharge
70.40
paytm
Thank You Visit Again",70.40,utilities,upi,paytm,icici,ocr_receipt
petrol diesel fuel ?8348 at pump Paytm,8348,travel,upi,paytm,,cue_row
aaj Karan se udhar return kya 28716 rupay ka Phone Pe se pay kiya,28716,friends,upi,phonepe,,hinglish_natural
Netflix pe 231 rupaye ka game lya naqad,30543,entertainment,cash,,,source_hinglish
coaching exam preparation study material 20633 card,20633,education,card,,hdfc,cue_row
electricity water broadband mobile recharge bill ₹47030 CRED,47030,utilities,upi,cred,,cue_row
raat ko Goibibo pe 10252 rupaye ka ride le liya UPI se pay kya,10252,travel,upi,bhim,,hinglish_natural
Spent Rs452 on HDFC loan using phonepe,452,emi,upi,phonepe,,english_natural
Paid Rs 38478.34 for dhaba from my jupiter account via Paytm,38478.34,food,upi,paytm,jupiter,english_natural
78 rupees order kiyaa Croma pe card se,78,shopping,card,,,hinglish_natural
"D CRYPTO 5658.21 Completed 26Jan 2026,10:44 pm Axis Bank Bank 5123 UPI transaction ID 3317180351 TO:CRYPTO crypto.66319@axis bankbank Googletransaction lD XYZabc653399 OPI GPay",5658.21,investment,upi,gpay,axis,ocr_upi
personal loan installment EMI deduction ?3274 card,3274,emi,card,,,cue_row
Apple Music 227 rupay credit card se,227,entertainment,card,,kotak,hinglish_natural
lab test Rs 412 Visa,412,healthcare,card,,,english_natural
Bought roommate for INR 1599 with paytm,1599,friends,upi,paytm,,english_natural
flatmate rent share 486 paytm Arjun,486,friends,upi,paytm,,friends_synthetic
ATM/CASH/BANK/402.70,402.70,entertainment,upi,cred,,english_natural
maine 4277 rupaye Lenskart ko diye Cred se,4277,shopping,upi,cred,icici,voice_transcript
gaming concert event ticket ₹3029 card,3029,entertainment,card,,kotak,cue_row
331 loan payment kar diya car loan EMI ko UPI se de diya,331,emi,upi,fi,,hinglish_natural
Priya 3938,3938,friends,upi,phonepe,jupiter,english_natural
i paid 1129 rupees for Zara using cash,1129,shopping,cash,,niyo,voice_transcript
bike loan EMI 572,572,emi,card,,,english_natural
aaj ET Money pe 205 rupaye kharcha hua Gpay se,205,investment,upi,gpay,,voice_transcript
dinner split 21882 rupaye flatmate Niyo,21882,friends,upi,niyo,axis,friends_synthetic
aaj car loan EMI ka loan payment kia 768 UPI se,768,emi,upi,phonepe,sbi,hinglish_natural
"DIAGNOSTIC
Item 1 442
Item 2 95
Total ?8607
CARD",8607,healthcare,card,,,ocr_receipt
dinner split 16530 rupaye Rahul cash,16530,friends,cash,,hdfc,friends_synthetic
grocery vegetables milk bread fruits Rs.36851 paid cash,36851,food,cash,,axis,cue_row
bhai Rahul ko udhar return kiya 147 rs paytm se,147,friends,upi,paytm,,friends_synthetic
Pooja 2297.57 HDFC Bank,2297.57,friends,card,,hdfc,english_natural
ET Money 2239,2239,investment,card,,,english_natural
aaj mutual fund pe 218 rupaye kharcha hua Phonepe se,218,investment,upi,phonepe,,voice_transcript
"CCD BILL
St: Rs 412
CASH Approved",412,food,cash,,,ocr_receipt
1709 rupaiye EMI kat gayi bike loan EMI ko debit card se,1709,emi,card,,,hinglish_natural
JioCinema se show dekha 250 rupaye ka credit card se yaar,250,entertainment,card,,axis,hinglish_natural
"Myntra 39986.18 Completed 2Dec 2025,3:52 pm sbi 7533 UPI transaction ID 4609614909100",39986.18,shopping,upi,paytm,sbi,ocr_upi
TO:MUTUALFUND mutualfund.50904@sbibank From:AMITSINGH (sbi Google Pay : user7713@oksbibank,335,investment,upi,gpay,sbi,ocr_upi
paid Arjun ₹23447 via PayTM,23447,friends,upi,paytm,,friends_synthetic
"Lenskart BILL
St: ₹37790.77
CASH approved",37790.77,shopping,cash,,,ocr_receipt
35530 ka Bewakoof bill pay kiya Paytm se HDFC se kata,35530,shopping,upi,paytm,hdfc,voice_transcript
2339 rupees Indian Oil cash,2339,travel,cash,,,voice_transcript
kal Dunkin pe 136 rupees ka khana khaaya Fi Money se pay kiya,136,food,upi,fi,,hinglish_natural
yaar Gaana ka game lya 26493 ₹ credit card se,26493,entertainment,card,,kotak,hinglish_natural
2704.63 to personal loan EMI via Phonepe,2704.63,emi,upi,phonepe,,english_natural
college fees me 2101 rupaiye ka fees bhar diya cash me Fi Money card se,2101,education,cash,,fi,hinglish_natural
"Lenskart 3863.23 Completed 12Jul 2025,9:44 pm YES BANK 1623 UPI transaction ID 329081160962",3863.23,healthcare,upi,slice,yes bank,ocr_upi
water bill 1535,1535,utilities,upi,bhim,,english_natural
spent 2369 rupees on home loan EMI via card,2369,emi,card,,,voice_transcript
tuition mein 1399 lag gaye Jupiter se bhara,1399,education,upi,jupiter,,voice_transcript
44 ₹ split kr diya Rahul ko UPI se,44,friends,upi,cred,,hinglish_natural
Paid ₹4923.21 for mutual fund via phonepe,4923.21,investment,upi,phonepe,,english_natural
bhai se transfer kiya 4401 rs ka haath se de diya,4401,friends,cash,,,hinglish_natural
21848 ₹ khana kha liya Blinkit pe via Google Pay Jupiter wale account se,21848,food,upi,gpay,jupiter,hinglish_natural
paid 3463 to Rohan through Phonepe,3463,friends,upi,phonepe,,voice_transcript
personal loan installment EMI deduction Rs137 card,137,emi,card,,,cue_row
dost Arjun ko 110 rupaye Phonepe se bheje,110,friends,upi,phonepe,sbi,friends_synthetic
yaar ko 326 transfer kiya Phonepe se,326,friends,upi,phonepe,,friends_synthetic
Tata Play 2548 UPI se State Bank se kata matlab,2548,utilities,upi,paytm,sbi,hinglish_natural
Bought canteen for Rs 3985 with cash,3985,food,cash,,,english_natural
Rs.1978 to Vikram cash UPI,1978,friends,cash,,sbi,friends_synthetic
abhi PPF me 16774 rs ka SIP bhra credit card se,16774,investment,card,,,hinglish_natural
CCD 4678 rupaiye via Google Pay bhai,4678,food,upi,gpay,icici,hinglish_natural
ATM/CASH/BANK/183,183,friends,upi,phonepe,,english_natural
stocks ka 34651 rupees ka bill card se pay kiya,34651,investment,card,,niyo,voice_transcript
"BILL
Starbucks
₹338
PayTM
Thank You Visit Again",338,food,upi,paytm,kotak,ocr_receipt
FreshMenu se khana khaaya 265 rs. ka cash me,265,food,cash,,,hinglish_natural
spent 481 rupees on Netmeds via card,481,healthcare,card,,sbi,voice_transcript
94 rupaye bhai Gpay se pay kr diya achha deal mila,94,friends,upi,gpay,,hinglish_natural
Pooja pe 40397 rupay ka dost ko diyee credit card se,40397,friends,card,,,hinglish_natural
Jio recharge pe 120 rupaye ka recharge kia phonepe pe NIYO se kata,120,utilities,upi,phonepe,niyo,hinglish_natural
925 bike loan EMI,925,emi,card,,pnb,english_natural
Spent Rs.44433 on exam fee using cash,44433,education,cash,,,english_natural
aaj 282 rs. Netflix card se,282,entertainment,card,,,hinglish_natural
"Receipt #5067
Bewakoof
Amount Paid: Rs.3138
Mode: CARD",3138,shopping,card,,hdfc,ocr_receipt
stocks 29111 credit card,29111,investment,card,,,english_natural
2301 rupay bill pay kiya BSNL pe Jupiter se pay kr diya,2301,utilities,upi,jupiter,,hinglish_natural
"PVR
Item 1 ₹262
Item 2 Rs.328
Total Rs.34159
CARD",34159,entertainment,card,,,ocr_receipt
Practo ka test karaya 1130 debit card se,23103,healthcare,card,,,source_hinglish
mess 46716.45,46716.45,food,upi,bhim,,english_natural
office se aate hue Faasos 9440 rs. card se pay kia HDFC Bank account se,9440,food,card,,hdfc,hinglish_natural
POS/CREDIT CARD EMI/CREDIT CARD/6653,380.30,emi,card,,,english_natural
"BILL
Bewakoof
₹233.64
Fi Money
Thank You Visit Again",233.64,shopping,upi,fi,union bank,ocr_receipt
Paid Rs10779.23 for Bharat Petroleum via cash,10779.23,travel,cash,,idfc,english_natural
47484 rupees Bajaj Finance EMI card,47484,emi,card,,,voice_transcript
NEFT/TRANSFER/SONYLIV/,4499,entertainment,upi,cred,,english_natural
Rahul ka dost ko de diye 734 rs via PayTM IndusInd wale account se budget tod diya,734,friends,upi,paytm,indusind,hinglish_natural
FD 24281 ₹ card se,24281,investment,card,,,hinglish_natural
"Vi recharge
Net Amount 234
Paid via Phone Pe",234,utilities,upi,phonepe,,ocr_receipt
2151 ka PVR bill pay kiya card se,2151,entertainment,card,,,voice_transcript
INR 8014 paid to ET Money via card from kotak,8014,investment,card,,kotak,english_natural
Snapdeal me 1294 ka khareed lia credit card se,1294,shopping,card,,,hinglish_natural
Dunkin pe 3800 ₹ ka mangwaya cash me,28393,food,cash,,,source_hinglish
Rs.8873.35 paid to BSNL via Phonepe UPI from State Bank Bank ending 9458,8873.35,utilities,upi,phonepe,sbi,ocr_upi
38244.48 Coursera,38244.48,education,upi,bhim,,english_natural
UPI/05396284/TATA PLAY/BANK,1556.37,utilities,card,,,english_natural
975 EMI bharra education loan EMI pe cred pe slice card se,975,emi,upi,cred,slice,hinglish_natural
gaming 3670 rupees haath se diy,3670,entertainment,cash,,,hinglish_natural
abhi concert ka subscription renew kiyaa 1932 rupaiye debit card se Jupiter account se,1932,entertainment,card,,jupiter,hinglish_natural
256 rs stocks debit card se,256,investment,card,,,hinglish_natural
NPS Rs.68 debited from Fi Money,68,investment,upi,phonepe,fi,english_natural
aaj education loan EMI pe 267 rupaiye ka installment diyee card se,267,emi,card,,,hinglish_natural
ANANYA INR 2238,2238,friends,upi,paytm,,english_natural
Haldirams mein 22625 lag gaye card se bhara,22625,food,card,,,voice_transcript
371 ka bro bill pay kiya slice se,371,friends,upi,slice,,voice_transcript
₹7444 to bhai fi UPI,7444,friends,upi,fi,,friends_synthetic
2273 rs HP Petrol card se pay kr diya yaar,2273,travel,card,,,hinglish_natural
electricity bill mein 1651 lag gaye Gpay se bhara,1651,utilities,upi,gpay,,voice_transcript
friend me 495 rs. ka paise bheje haath se de diya,495,friends,cash,,,hinglish_natural
Flipkart 29982 via Cred,29982,shopping,upi,cred,,hinglish_natural
INR 4473 debited from your hdfc account for Ajio (Phone Pe UPI),4473,shopping,upi,phonepe,hdfc,ocr_upi
"BILL
broadband
Rs8748
gpay
Thank You Visit Again",8748,utilities,upi,gpay,axis,ocr_receipt
maine 466 rupaye electronics store ko diye card se,466,shopping,card,,icici,voice_transcript
Karan 127 Fi Money,127,friends,upi,fi,,english_natural
Payment of Rs 146 to personal loan EMI was successful via paytm UPI Ref No 32633457081175 YES BANK Account 6314,146,emi,upi,paytm,yes bank,ocr_upi
2905 gpay bike loan EMI,2905,emi,upi,gpay,,english_natural
ghar jaate waqt school fees se tuition diyee 19872 rs ka cash diy Slice account se,19872,education,cash,,slice,hinglish_natural
Bought Chai Point for 1307.63 with Paytm,1307.63,food,upi,paytm,hdfc,english_natural
Gaana pe 358 rupay ka show dekha card se,358,entertainment,card,,,hinglish_natural
stationery se fees bharra 320 rs ka credit card se,4436,education,card,,,source_hinglish
College fees payment INR 34382,34382,education,card,,axis,source_english
4403 ₹ HDFC loan via cred,4403,emi,upi,cred,,hinglish_natural
Rs 48335 to personal loan EMI via cred,48335,emi,upi,cred,,english_natural
4831 ka Rohan bill pay kiya card se,4831,friends,card,,,voice_transcript
aaj concert ka subscription renew kr diya 1077 rupaiye cred pe,1077,entertainment,upi,cred,,hinglish_natural
1mg pe 228 rupay ka checkup karaya UPI se,1,healthcare,upi,phonepe,sbi,hinglish_natural
240 ₹ coaching naqad,240,education,cash,,,hinglish_natural
"TAX INVOICE
Jio recharge
Grand Total: Rs4101.75
Payment: jupiter",4101.75,utilities,upi,jupiter,,ocr_receipt
"TAX INVOICE
society maintenance
Grand Total: INR 416.26
Payment: Cred",416.26,utilities,upi,cred,,ocr_receipt
Rs22619.02 paid to Myntra via paytm UPI from SBI Bank ending 8198,22619.02,shopping,upi,paytm,sbi,ocr_upi
901 rupay ticket book kr diya MakeMyTrip pe haath se diyee,901,travel,cash,,,hinglish_natural
ATM/CASH/KOTAK/417,417,healthcare,card,,kotak,english_natural
"Rapido 29314 Completed 20Nov 2026,3:17 pm kotak 1543 UPI transaction ID 55212215563144",29314,travel,upi,phonepe,kotak,ocr_upi
Bought Starbucks for ₹37658.09 with Fi,37658.09,food,upi,fi,,english_natural
"BILL
lab test
INR 4540.29
CARD
Thank You Visit Again",4540.29,healthcare,card,,,ocr_receipt
481 rupay books UPI se,481,education,upi,slice,,hinglish_natural
bhai 3460 rs haath se die jupiter wale account se,3460,friends,cash,,jupiter,hinglish_natural
dhaba se khana order kar diya 489 rs. ka PayTM pe hdfc account se,19701,food,upi,paytm,hdfc,source_hinglish
"bike loan EMI 33619 Completed 12Feb 2026,8:33 pm Punjab National Bank 3415 UPI transaction ID 63730235533",33619,emi,upi,niyo,pnb,ocr_upi
books ka books le liya 3845 rupaiye card se,3845,education,card,,,hinglish_natural
books se books lia 960 rupaiye ka Google Pay pe,960,education,upi,gpay,icici,hinglish_natural
Paytm Money 260,260,investment,upi,jupiter,hdfc,english_natural
Payment of Rs766 to Nykaa was successful via paytm UPI Ref No 72590635931 HDFC Bank Account 9134,766,shopping,upi,paytm,hdfc,ocr_upi
36858 rupaye flatmate via Google Pay,36858,friends,upi,gpay,,hinglish_natural
i paid 9230 rupees for education loan EMI using paytm,9230,emi,upi,paytm,,voice_transcript
ghar jaate waqt society maintenance se payment kia 4586 rupay ka UPI se pay kiya,4586,utilities,upi,phonepe,hdfc,hinglish_natural
home loan car loan credit card EMI monthly ₹4841 autopay card,4841,emi,card,,,cue_row
Zerodha 4508 ₹ UPI se pay kya,4508,investment,upi,gpay,yes bank,hinglish_natural
DishTV 435.76,435.76,utilities,upi,paytm,jupiter,english_natural
petrol pump ka petrol bharaa 3410 rupaiye cash die,3410,travel,cash,,slice,hinglish_natural
maine 12329 rupaye Spotify ko diye card se,12329,entertainment,card,,,voice_transcript
"D PVR 645.64 Completed 3Mar 2026,5:55 pm Canara Bank 7926 UPI transaction ID 6661177294 TO:PVR pvr.31389@canarabank Soogletransaction lD XYZabc080585 OPI slice",645.64,entertainment,upi,slice,canara,ocr_upi
office se aate hue 239 rupees gaming credit card se,239,entertainment,card,,icici,hinglish_natural
gpay payment ?44263 Cleartrip sbi 8345 successful,44263,travel,upi,gpay,sbi,ocr_upi
yaar 225 Kuvera UPI se pay kia,225,investment,upi,jupiter,axis,hinglish_natural
1817 rupees Bharat Petroleum card HDFC account,1817,travel,card,,hdfc,voice_transcript
1891 rupay Bajaj Finance EMI debit card se,1891,emi,card,,,hinglish_natural
258 rupees personal loan EMI UPI se die,258,emi,upi,paytm,,hinglish_natural
today i spent 3442 on Karan via Google Pay,3442,friends,upi,gpay,,voice_transcript
yaar Vikram se udhar return kiya 31395 rupees ka gpay se pay kiya,31395,friends,upi,gpay,,hinglish_natural
Paid society maintenance INR 12566 using paytm from SBI,12566,utilities,upi,paytm,sbi,english_natural
₹380.39 paid to broadband via G Pay from NIYO,380.39,utilities,upi,gpay,niyo,english_natural
netflix spotify hotstar subscription movie show Rs.22 Phone Pe,22,entertainment,upi,phonepe,,cue_row
yaar 232 rupaiye udhar return kya colleague pe Paytm se pay kar diya,232,friends,upi,paytm,,hinglish_natural
"BILL
hospital
?1237.23
GPay
Thank You Visit Again",1237.23,healthcare,upi,gpay,,ocr_receipt
UPI/03126338/BOOKS/JUPITER,875.98,education,card,,jupiter,english_natural
Box8 payment 25623 done via cash,25623,food,cash,,,english_natural
32382 rs doctor cash de diya,32382,healthcare,cash,,icici,hinglish_natural
HDFC loan 64 rs. Google Pay pe PNB account se,64,emi,upi,gpay,pnb,hinglish_natural
Medical test charges INR 49075,49075,healthcare,cash,,axis,source_english
Practo mein 40432 lag gaye cred se bhara,40432,healthcare,upi,cred,icici,voice_transcript
Netflix 2198 rs Google Pay se pay kiyaa sbi se kata,2198,entertainment,upi,gpay,sbi,hinglish_natural
POS/FLIPKART/CRED/6797,4259,shopping,upi,cred,pnb,english_natural
paid 2982 to SBI loan through card from HDFC Bank,2982,emi,card,,hdfc,voice_transcript
today i spent 453 on exam fee via CRED from my icici bank,453,education,upi,cred,icici,voice_transcript
paid back friend lent money Rs.6090 Phone Pe,6090,friends,upi,phonepe,icici,cue_row
288 rupees Hotstar card se,288,entertainment,card,,yes bank,hinglish_natural
office se aate hue Vikram 4232 Paytm se,4232,friends,upi,paytm,,hinglish_natural
"BILL
MedPlus
t102
BHIM
Thank You Visit Again",102,healthcare,upi,bhim,,ocr_receipt
"Angel One 4900.21 Completed 27Mar 2026,11:45 am kotak 5398 UPI transaction ID 835889743540858",4900.21,investment,upi,paytm,kotak,ocr_upi
PVR payment Rs.675.32 done via CRED,675.32,entertainment,upi,cred,,english_natural
HP Petrol se cab lya 3163 rupaiye ka haath se de diye,3163,travel,cash,,kotak,hinglish_natural
213 rupees ET Money debit card se,213,investment,card,,,hinglish_natural
electronics clothes shoes accessories purchase 36851 via cash,36851,shopping,cash,,,cue_row
Paid t4143 for SBI loan from my sbi account via credit card,4143,emi,card,,sbi,english_natural
electronics store me 2834 ka shopping kar diya UPI se pay kiya,2834,shopping,upi,phonepe,fi,hinglish_natural
paid 30808 to restaurant through card from State Bank,30808,food,card,,sbi,voice_transcript
Spent ₹134 on Faasos using Visa,134,food,card,,,english_natural
school college tuition course books fees Rs518 Bhim,518,education,upi,bhim,,cue_row
coaching exam preparation study material Rs425 card,425,education,card,,,cue_row
"insurance premium
Net Amount 711
Paid via gpay",711,utilities,upi,gpay,,ocr_receipt
Paid Amazon Prime INR 3281.91 using Gpay,3281.91,entertainment,upi,gpay,,english_natural
209 Visa ACT Fibernet,209,utilities,card,,,english_natural
340 rupees invest kya Zerodha pe UPI se pay kya,340,investment,upi,jupiter,,hinglish_natural
Concert ticket INR 36543,36543,entertainment,card,,,source_english
HDFC LOAN INR 281 SBI,281,emi,card,,sbi,english_natural
ATM/CASH/BANK/34276,34276,education,upi,paytm,,english_natural
ghar jaate waqt Barbeque Nation pe 11632 ₹ ka food order kya naqad zyada ho gaya,11632,food,cash,,sbi,hinglish_natural
maine 734 rupaye Zee5 ko diye card se,734,entertainment,card,,,voice_transcript
Gaana se movie dekhi 25091 rs ka Google Pay se,25091,entertainment,upi,gpay,,hinglish_natural
Unacademy ₹1406 PayTM,1406,education,upi,paytm,hdfc,ocr_upi
Payment of Rs.3554.72 to IRCTC was successful via Phone Pe UPI Ref No 12753624799052 Punjab National Bank Account 9838,3554.72,travel,upi,phonepe,pnb,ocr_upi
Rs 899 charged for Ola on cash,899,travel,cash,,sbi,english_natural
BHARAT PETROLEUM INR 885,885,travel,cash,,,english_natural
PVR 292 rupay debit card se,292,entertainment,card,,,hinglish_natural
192 rs. upGrad UPI se diyee,12710,education,upi,fi,hdfc,source_hinglish
₹2509.24 charged for water bill on jupiter,2509.24,utilities,upi,jupiter,,english_natural
cred payment INR 342 market SBI 3810 successful,342,shopping,upi,cred,sbi,ocr_upi
split bill 1932 SLICE se Rohan ko diya,1932,friends,upi,slice,,friends_synthetic
Ananya se transfer kia 20864 ka G Pay se,20864,friends,upi,gpay,,hinglish_natural
Bewakoof ka shopping kr diya 246 debit card se,246,shopping,card,,,hinglish_natural
aaj 1082 FreshMenu naqad,1082,food,cash,,hdfc,hinglish_natural
"gas bill
Net Amount 147.39
Paid via PhonePe",147.39,utilities,upi,phonepe,icici,ocr_receipt
Spent ?166.13 on dentist using Google Pay,166.13,healthcare,upi,gpay,hdfc,english_natural
HP Petrol 331 rs. naqad,331,travel,cash,,,hinglish_natural
Paid Rs 43995 to Uber PhonePe UPI Canara 4203 Successful,43995,travel,upi,phonepe,canara,ocr_upi
paid Priya ₹8747 via Gpay,8747,friends,upi,gpay,,friends_synthetic
13598.26 Apple Music,13598.26,entertainment,card,,kotak,english_natural
373 ₹ kiraya diy Bharat Petroleum ko credit card se,373,travel,card,,fi,hinglish_natural
20493 rupaye payment kia Jio recharge pe via CRED,20493,utilities,upi,cred,,hinglish_natural
1825 rs bill bhra insurance premium pe card se,1825,utilities,card,,,hinglish_natural
"Reliance Digital BILL
St: 3829
CRED APPROVED",3829,shopping,upi,cred,,ocr_receipt
22389 Blinkit card se,22389,food,card,,fi,hinglish_natural
raat ko Biryani Blues se kha liya 18394 rupaye ka UPI se,18394,food,upi,phonepe,,hinglish_natural
dinner split 648 rupaye roommate phonepe,648,friends,upi,phonepe,idfc,friends_synthetic
799 JioCinema card se,799,entertainment,card,,axis,hinglish_natural
Rahul 12585 ₹ naqad,12585,friends,cash,,,hinglish_natural
abhi Netflix se movie dekhi 2798 rupay ka via Slice,2798,entertainment,upi,slice,,hinglish_natural
today i spent 569 on mall via phonepe from my hdfc bank,569,shopping,upi,phonepe,hdfc,voice_transcript
4795 Mastercard FirstCry,4795,shopping,card,,,english_natural
Paid INR 3576 to YouTube Premium Phone Pe UPI BOB 7913 Done,3576,entertainment,upi,phonepe,bob,ocr_upi
aaj Vi recharge pe 2443 rupaye kharcha hua Phonepe se,2443,utilities,upi,phonepe,,voice_transcript
Vi recharge ka recharge kar diya 32 ₹ card se idfc se kata,32,utilities,card,,idfc,hinglish_natural
flight booking travel ticket Rs.3074 card,3074,travel,card,,idfc,cue_row
today i spent 1355 on HDFC loan via card,1355,emi,card,,,voice_transcript
paid Divya 1245 via Phone Pe,1245,friends,upi,phonepe,,friends_synthetic
i did 28344 expense on NPS using card,28344,investment,card,,hdfc,voice_transcript
Paid Rs 941.69 for Snapdeal via credit card,941.69,shopping,card,,,english_natural
Just paid Rs.185 to Bharat Petroleum through credit card,185,travel,card,,,english_natural
Library fee INR 28565,28565,education,card,,kotak,source_english
electricity water broadband mobile recharge bill ₹212 GPay,212,utilities,upi,gpay,,cue_row
Paid Rs.431 to mall jupiter UPI kotak 1115 Successful,431,shopping,upi,jupiter,kotak,ocr_upi
aaj diagnostic pe 77 rupees ka medicine liyaa gpay se pay kya,77,healthcare,upi,gpay,,hinglish_natural
yaar 3405 rupees SIP PhonePe pe,3405,investment,upi,phonepe,jupiter,hinglish_natural
ghar jaate waqt 4801 rs. colleague naqad bohot mehenga,4801,friends,cash,,,hinglish_natural
lab test 35009 rupay card se,35009,healthcare,card,,,hinglish_natural
Home loan EMI INR 33306,33306,emi,card,,,source_english
Reliance Digital se shopping kiyaa 25065 rs. ka PayTM pe,25065,shopping,upi,paytm,,hinglish_natural
1mg payment Rs 365 done via jupiter,365,healthcare,upi,jupiter,fi,english_natural
Rs.1681 to market via CRED State Bank account,1681,shopping,upi,cred,sbi,english_natural
₹4604.16 paid to FD via Phonepe UPI from HDFC Bank Bank ending 2129,4604.16,investment,upi,phonepe,hdfc,ocr_upi
dost Pooja ko 18053 rupaye bhim se bheje,18053,friends,upi,bhim,,friends_synthetic
Paid Amazon Prime INR 379.42 using cash from Fi,379.42,entertainment,cash,,fi,english_natural
yaar mein 3853 lag gaye card se bhara,3853,friends,card,,,voice_transcript
credit card EMI me 303 rupaiye ka installment diy card se pay kiyaa,47268,emi,card,,,source_hinglish
bhai Priya ka 3337 rupaye Cred se de diya,3337,friends,upi,cred,,voice_transcript
1837 rupaiye library cash me,1837,education,cash,,slice,hinglish_natural
home loan car loan credit card EMI monthly 1273 autopay card,1273,emi,card,,,cue_row
Meesho 4020 rupaye UPI se diyee budget tod diya,4020,shopping,upi,jupiter,,hinglish_natural
Paid INR 45169 for bro via PhonePe,45169,friends,upi,phonepe,,english_natural
i did 488 expense on Cleartrip using cash,488,travel,cash,,,voice_transcript
Rs3305 to yaar CRED UPI,3305,friends,upi,cred,,friends_synthetic
sent INR 4237 to Vikram on paytm,4237,friends,upi,paytm,,friends_synthetic
465 rupaye JioCinema debit card se,465,entertainment,card,,,hinglish_natural
351.26 SLICE Barbeque Nation,351.26,food,upi,slice,,english_natural
bhai mutual fund me 4888 rupaiye ka stock liya niyo pe,4888,investment,upi,niyo,,hinglish_natural
i did 1909 expense on electricity bill using card,1909,utilities,card,,,voice_transcript
split bill 1700 cash se yaar ko diya,1700,friends,cash,,sbi,friends_synthetic
Pizza Hut 190 Fi Money,190,food,upi,fi,sbi,ocr_upi
rent maintenance gas connection 4385 cash,4385,utilities,cash,,,cue_row
electronics clothes shoes accessories purchase INR 86 via Gpay,86,shopping,upi,gpay,hdfc,cue_row
hospital doctor pharmacy medicine diagnostic 426 card,426,healthcare,card,,sbi,cue_row
ACT Fibernet 36587.12 SLICE,36587.12,utilities,upi,slice,axis,ocr_upi
"BILL
mess
Rs.1782
CASH
Thank You Visit Again",1782,food,cash,,,ocr_receipt
lunch dinner food order swiggy zomato restaurant meal ₹396 cash,396,food,cash,,hdfc,cue_row
diagnostic mein 425 lag gaye Google Pay se bhara,425,healthcare,upi,gpay,,voice_transcript
Payment of ?2420 to CCD was successful via slice UPI Ref No 40362899554447 SBI Account 9920,2420,food,upi,slice,sbi,ocr_upi
TO:UBER uber.88790@hdfcbank From:AMITSINGH (hdfc paytm : user9920@okhdfcbank,392.04,travel,upi,paytm,hdfc,ocr_upi
Paid hospital t25311 using niyo,25311,healthcare,upi,niyo,,english_natural
bike loan EMI se loan payment kya 43643 rupaye ka card se pay kia,43643,emi,card,,,hinglish_natural
YouTube Premium 4074 rs PhonePe pe,4074,entertainment,upi,phonepe,,hinglish_natural
ghar jaate waqt auto 623 rs. card se,623,travel,card,,,hinglish_natural
Rs.249.57 debited from your BOB account for SIP (Bhim UPI),249.57,investment,upi,bhim,bob,ocr_upi
bhai Rahul ko udhar return kiya 24389 rs jupiter se,24389,friends,upi,jupiter,sbi,friends_synthetic
230 rupay show dekha Apple Music pe Phonepe se pay kiyaa,230,entertainment,upi,phonepe,,hinglish_natural
Rs 14819 charged for Goibibo on cash,14819,travel,cash,,,english_natural
ghar jaate waqt Zerodha se paisa daala 2721 rupaiye ka UPI se pay kiyaa sasta tha,2721,investment,upi,phonepe,,hinglish_natural
BigBasket 169.61 Gpay Completed State Bank 1190,169.61,food,upi,gpay,sbi,ocr_upi
diagnostic 10842.27 Phone Pe Successful idfc 1440,10842.27,healthcare,upi,phonepe,idfc,ocr_upi
i paid 40460 rupees for school fees using card,40460,education,card,,,voice_transcript
today i spent 29285 on Kuvera via card,29285,investment,card,,,voice_transcript
bhai ko 14912 transfer kiya BHIM se,14912,friends,upi,bhim,,friends_synthetic
4158 rupaiye paisa daala stocks pe via gpay,30164,investment,upi,gpay,,source_hinglish
gaming concert event ticket Rs.1237 PayTM,1237,entertainment,upi,paytm,,cue_row
personal loan EMI 5941 rs card se pay kia,5941,emi,card,,,hinglish_natural
1616 Shreya via gpay sasta tha,1616,friends,upi,gpay,,hinglish_natural
dinner split 121 rupaye bhai Jupiter,121,friends,upi,jupiter,,friends_synthetic
sent 3063 to dost on BHIM,3063,friends,upi,bhim,,friends_synthetic
Rahul se dost ko de diye 144 rs ka Niyo se sbi card se,144,friends,upi,niyo,sbi,hinglish_natural
Payment of ₹478 to Reliance Fresh was successful via Phonepe UPI Ref No 341170272935597 Punjab National Bank Account 8655,478,food,upi,phonepe,pnb,ocr_upi
NEFT/TRANSFER/AIR INDIA/SBI,4960,travel,cash,,sbi,english_natural
TO:DIVYA divya.66907@kotakbank From:RAHULKUMAR (kotak cred : user3767@okkotakbank,326.28,friends,upi,cred,kotak,ocr_upi
maine 3342 rupaye Tata Play ko diye Paytm se,3342,utilities,upi,paytm,,voice_transcript
Used Axis cash to pay 2928 for electronics store,2928,shopping,cash,,axis,english_natural
dopahar ko Yatra se petrol bhra 32333 rupaye ka card se pay kiya,32333,travel,card,,sbi,hinglish_natural
Paid Paytm Money Rs.408 using PhonePe from axis,408,investment,upi,phonepe,axis,english_natural
ATM/CASH/BANK/137,137,travel,card,,,english_natural
raat ko 1723 rs school fees card se pay kr diya,1723,education,card,,,hinglish_natural
mall me 1348 rs. ka saman lia card se pay kr diya kotak card se,1348,shopping,card,,kotak,hinglish_natural
paid 361 to mall through card,361,shopping,card,,,voice_transcript
subah auto 48250 cash de diya ICICI account se,48250,travel,cash,,icici,hinglish_natural
paid back friend lent money ?439 gpay,439,friends,upi,gpay,,cue_row
grocery vegetables milk bread fruits ₹31770 paid cash,31770,food,cash,,,cue_row
Rs.339.52 debited from your Axis account for education loan EMI (Phonepe UPI),339.52,emi,upi,phonepe,axis,ocr_upi
society maintenance ka 15174 rupees ka bill cash se pay kiya,15174,utilities,cash,,,voice_transcript
yaar 4246 rupaiye Rohan haath se diy,4246,friends,cash,,icici,hinglish_natural
Payment of Rs 255 to Zerodha was successful via PhonePe UPI Ref No 4569398216119 axis Account 9848,255,investment,upi,phonepe,axis,ocr_upi
i did 2640 expense on market using card,2640,shopping,card,,sbi,voice_transcript
"VI RECHARGE RESTAURANT
Total 4024.42
Cash Received
Change 0.00",4024.42,utilities,upi,jupiter,,ocr_receipt
1277 rs Burger King UPI se die,1277,food,upi,gpay,pnb,hinglish_natural
ghar jaate waqt 2088 rs Cleartrip UPI se,2088,travel,upi,niyo,fi,hinglish_natural
"D YAAR 500 Completed 9Feb 2026,1:59 pm axis Bank 8416 UPI transaction ID 1414424607 TO:YAAR yaar.39207@axisbank Googletransaction lD CICAgJjg861595 OPI paytm",500,friends,upi,paytm,axis,ocr_upi
465 ₹ PharmEasy card se pay kya,465,healthcare,card,,,hinglish_natural
211 rupay dawai liya Lenskart pe via paytm,211,healthcare,upi,paytm,,hinglish_natural
"TAX INVOICE
Spotify
Grand Total: INR 109
Payment: CARD",109,entertainment,card,,icici,ocr_receipt
614 gaming,614,entertainment,card,,hdfc,english_natural
"BILL
eye checkup
Rs.84
PayTM
Thank You Visit Again",84,healthcare,upi,paytm,,ocr_receipt
Rs.309 to stationery via Mastercard,309,education,card,,,english_natural
concert se ticket le liya 47179 ₹ ka via Bhim,47179,entertainment,upi,bhim,,hinglish_natural
Spent INR 1068 on insurance premium using phonepe,1068,utilities,upi,phonepe,,english_natural
i paid 222 rupees for stocks using card,222,investment,card,,,voice_transcript
bhai Divya ko udhar return kiya 18235 rs jupiter se,18235,friends,upi,jupiter,,friends_synthetic
"D YOUTUBEPREMIUM 3182 Completed 27Apr 2026,6:33 pm HDFC Bank 1220 UPI transaction ID 3804044161661 TO:YOUTUBEPREMIUM youtube premium.36372@hdfcbank Soogletransaction lD XYZabc548539 OPI Paytm",3182,entertainment,upi,paytm,hdfc,ocr_upi
netflix spotify hotstar subscription movie show 6180 card,6180,entertainment,card,,axis,cue_row
Paid ?16063 for Zara from my slice account via Mastercard,16063,shopping,card,,slice,english_natural
26274 debited from your HDFC account for gold (CRED UPI),26274,investment,upi,cred,hdfc,ocr_upi
spent 3802 rupees on FreshMenu via Phone Pe,3802,food,upi,phonepe,hdfc,voice_transcript
49781 rupees concert card,49781,entertainment,card,,,voice_transcript
44046 rupay Uber haath se diyee,44046,travel,cash,,idfc,hinglish_natural
maine 240 rupaye gaming ko diye card se,240,entertainment,card,,niyo,voice_transcript
NPS payment ₹1564 done via jupiter,1564,investment,upi,jupiter,,english_natural
"BILL
INOX
INR 2474
Phone Pe
Thank You Visit Again",2474,entertainment,upi,phonepe,,ocr_receipt
"BILL
Blinkit
Rs 2318.95
Phonepe
Thank You Visit Again",2318.95,food,upi,phonepe,hdfc,ocr_receipt
Gas bill payment INR 24165,24165,utilities,upi,gpay,axis,source_english
NEFT/TRANSFER/BHARAT PETROLEUM/,215,travel,upi,gpay,,english_natural
Croma ka buy kar diya 1712 rupees Paytm pe ICICI Bank se,1712,shopping,upi,paytm,icici,hinglish_natural
Paid ₹410 to books Cred UPI Kotak 1378 Completed,410,education,upi,cred,kotak,ocr_upi
electronics store 2497.30 Phonepe Payment done Bank of Baroda 6199,2497.30,shopping,upi,phonepe,bob,ocr_upi
MedPlus me 472 rupay ka medicine le liya Phone Pe se pay kiyaa ICICI se,472,healthcare,upi,phonepe,icici,hinglish_natural
"D EATFIT 484 Completed 8Mar 2026,6:22 pm State Bank Bank 6511 UPI transaction ID 55621683357668 TO:EATFIT eatfit.17073@state bankbank Goog1etransaction lD XYZabc491086 OPI Slice",484,food,upi,slice,sbi,ocr_upi
Amazon Prime ka ticket liya 19496 UPI se,19496,entertainment,upi,gpay,hdfc,hinglish_natural
Karan ko 1291 transfer kiya PayTM se,1291,friends,upi,paytm,,friends_synthetic
INOX pe 403 rupay ka movie dekhi cash de diye,5263,entertainment,cash,,,source_hinglish
FirstCry Rs 49280.53 GPay,49280.53,shopping,upi,gpay,,english_natural
Neha mein 393 lag gaye bhim se bhara,393,friends,upi,bhim,,voice_transcript
Paid ?344 to Kuvera gpay UPI HDFC 9396 Successful,344,investment,upi,gpay,hdfc,ocr_upi
gold mein 4984 lag gaye card se bhara,4984,investment,card,,yes bank,voice_transcript
"YouTube Premium
Net Amount 37.58
Paid via CARD",37.58,entertainment,card,,indusind,ocr_receipt
Faasos ka khana order kia 1057 rupaye cash me,1057,food,cash,,axis,hinglish_natural
abhi Flipkart se khareed liyaa 3056 rs ka via PayTM,3056,shopping,upi,paytm,,hinglish_natural
Ajio ka order kr diya 43710 rupaiye card se pay kia,43710,shopping,card,,,hinglish_natural
hospital doctor pharmacy medicine diagnostic 1301 paytm,1301,healthcare,upi,paytm,,cue_row
school fees mein 29380 lag gaye cash se bhara,29380,education,cash,,,voice_transcript
1781 rs Paytm Money card se pay kya,1781,investment,card,,,hinglish_natural
Personal loan installment INR 26025,26025,emi,card,,icici,source_english
BYJU'S ka fees bhar diya 178 rs card se,178,education,card,,,hinglish_natural
gaming 4873 debit card se,4873,entertainment,card,,,hinglish_natural
UPI/31614910/FLIPKART/BANK,70,shopping,upi,gpay,,english_natural
ATM/CASH/BANK/8766,8766,investment,card,,,english_natural
school college tuition course books fees ₹17987 jupiter,17987,education,upi,jupiter,,cue_row
42774 Practo,42774,healthcare,upi,phonepe,fi,english_natural
307 rs. Reliance Digital via jupiter,307,shopping,upi,jupiter,,hinglish_natural
Just paid ₹265 to clinic through Google Pay,265,healthcare,upi,gpay,,english_natural
rent maintenance gas connection Rs240 SLICE,240,utilities,upi,slice,sbi,cue_row
44418 rupay cab le liya Ola pe credit card se,44418,travel,card,,,hinglish_natural
College fees payment INR 21923,21923,education,cash,,sbi,source_english
gaming concert event ticket Rs.42109 cash,42109,entertainment,cash,,,cue_row
"BILL
Jio recharge
Rs1993.23
NIYO
Thank You Visit Again",1993.23,utilities,upi,niyo,,ocr_receipt
sent money to flatmate 233 on slice,233,friends,upi,slice,,friends_synthetic
UPI/69985653/ROHAN/BANK,474,friends,cash,,,english_natural
"D RAPIDO 2895 Completed 21Apr 2026,3:15 pm sbi Bank 2959 UPI transaction ID 37840871957156 TO:RAPIDO rapido.33176@sbibank Soogletransaction lD CICAgJjg047194 OPI Paytm",2895,travel,upi,paytm,sbi,ocr_upi
metro me 4700 ka ticket book kr diya card se,4700,travel,card,,,hinglish_natural
452 rupay Yatra card se,452,travel,card,,niyo,hinglish_natural
Rapido me 1689 rupees ka ride liya jupiter se pay kia,1689,travel,upi,jupiter,jupiter,hinglish_natural
Zara payment Rs.84.00 done via Visa,84.00,shopping,card,,niyo,english_natural
insurance premium 3210 fi Payment done hdfc 3803,3210,utilities,upi,fi,hdfc,ocr_upi
SIP INR 4660 HDFC,4660,investment,card,,hdfc,english_natural
763 rs recharge kia ACT Fibernet pe card se pay kr diya,763,utilities,card,,,hinglish_natural
dinner split 722 rupaye Pooja cash,722,friends,cash,,hdfc,friends_synthetic
10754 rupaye transfer kar diya flatmate ko UPI se die,10754,friends,upi,jupiter,,hinglish_natural
netflix spotify hotstar subscription movie show t2353 card,2353,entertainment,card,,,cue_row
crypto gold bonds NPS portfolio 3641 Cred,3641,investment,upi,cred,,cue_row
kal 160 rs EMI bharra credit card EMI pe credit card se,160,emi,card,,icici,hinglish_natural
bhai pe 22331 rupaiye ka split kar diya Jupiter se SLICE se kata,22331,friends,upi,jupiter,slice,hinglish_natural
bhai Ajio se order kya 4981 rs ka naqad,4981,shopping,cash,,,hinglish_natural
aaj colleague pe 8889 rupaye kharcha hua Cred se,8889,friends,upi,cred,hdfc,voice_transcript
today i spent 23 on roommate via card from my ICICI Bank bank,23,friends,card,,icici,voice_transcript
"NETFLIX
Item 1 INR 91
Item 2 240
Total ₹25080
gpay",25080,entertainment,upi,gpay,yes bank,ocr_receipt
4394 bro,4394,friends,card,,jupiter,english_natural
Zerodha ka paisa daala 228 rs. debit card se,228,investment,card,,jupiter,hinglish_natural
Paid Rs 41154 to home loan EMI paytm UPI State Bank 2874 Successful,41154,emi,upi,paytm,sbi,ocr_upi
Rs173 charged for Paytm Money on debit card,173,investment,card,,pnb,english_natural
MakeMyTrip se cab liya 3385 rupees ka debit card se hdfc se,3385,travel,card,,hdfc,hinglish_natural
Paid Rs 4802 for gaming via debit card,4802,entertainment,card,,jupiter,english_natural
Bought Flipkart for ?1291.42 with Visa,1291.42,shopping,card,,,english_natural
34965 rs petrol bhara metro pe debit card se achha deal mila,34965,travel,card,,,hinglish_natural
hospital se test karaya 103 rs ka card se,103,healthcare,card,,,hinglish_natural
HDFC loan 1085 debited from YES BANK,1085,emi,card,,yes bank,english_natural
"MEDPLUS
Item 1 INR 293
Item 2 302
Total Rs.42174
CARD",42174,healthcare,card,,sbi,ocr_receipt
"SonyLIV 4768 Completed 17Dec 2025,12:17 pm idfc 2655 UPI transaction ID 9306948272",4768,entertainment,upi,gpay,idfc,ocr_upi
INR 196 charged for Udemy on cash,196,education,cash,,,english_natural
Rs25351.72 paid to H&M via Gpay UPI from sbi Bank ending 9342,25351.72,shopping,upi,gpay,sbi,ocr_upi
Payment of 2794.80 to eye checkup was successful via gpay UPI Ref No 43219792476 Yes Bank Account 8477,2794.80,healthcare,upi,gpay,yes bank,ocr_upi
Spent 2305 on Priya using PayTM,2305,friends,upi,paytm,sbi,english_natural
eye checkup ka test karaya 3471 rupaye UPI se,3471,healthcare,upi,bhim,hdfc,hinglish_natural
Udemy INR 1174.90 Gpay,1174.90,education,upi,gpay,axis,english_natural
"Receipt #3868
YouTube Premium
Amount Paid: 2327.05
Mode: Cred",2327.05,entertainment,upi,cred,,ocr_receipt
ghar jaate waqt 1640 ₹ IndiGo cash me,1640,travel,cash,,,hinglish_natural
TO:COLLEAGUE colleague.48260@bobbank From:RAHULKUMAR (BOB GPay : user1651@okbobbank,151,friends,upi,gpay,bob,ocr_upi
10491 Phonepe ET Money,10491,investment,upi,phonepe,,english_natural
25719 rupees school fees cash,25719,education,cash,,,voice_transcript
lab test me 4545 ka test karaya Fi Money se pay kia Axis Bank se kata,4545,healthcare,upi,fi,axis,hinglish_natural
"D BOOKMYSHOW 158 Completed 15Jan 2026,10:38 pm idfc Bank 9408 UPI transaction ID 9411014506 TO:BOOKMYSHOW bookmyshow.20876@idfcbank Googletransaction lD CICAgJjg072919 OPI Phonepe",158,entertainment,upi,phonepe,idfc,ocr_upi
1809 rs. show dekha Zee5 pe cash de diya,22830,entertainment,cash,,,source_hinglish
Spent Rs.834 on Arjun using bhim,834,friends,upi,bhim,,english_natural
ATM/CASH/FI MONEY/390.06,390.06,travel,upi,jupiter,fi,english_natural
Paid Rs.310 for Bewakoof via debit card,310,shopping,card,,,english_natural
SonyLIV ka 81 rupees ka bill Gpay se pay kiya,81,entertainment,upi,gpay,niyo,voice_transcript
NEFT/TRANSFER/ANGEL ONE/,4765.62,investment,upi,phonepe,,english_natural
subah 676 rs food order kar diya Zepto pe Paytm se pay kar diya,676,food,upi,paytm,,hinglish_natural
gaming 3276 rupaye UPI se die,3276,entertainment,upi,cred,,hinglish_natural
electricity bill 1684 rs. UPI se diy kotak card se,1684,utilities,upi,cred,kotak,hinglish_natural
insurance premium me 330 rupay ka recharge kia UPI se,4662,utilities,upi,paytm,hdfc,source_hinglish
Gaana 78,78,entertainment,card,,,english_natural
Bought electronics store for 2271 with slice,2271,shopping,upi,slice,pnb,english_natural
Starbucks 468.55 cash,468.55,food,cash,,,english_natural
doctor me 2569 rs. ka checkup karaya UPI se de diye SBI se,2569,healthcare,upi,phonepe,sbi,hinglish_natural
₹45 charged for Bewakoof on cash,45,shopping,cash,,,english_natural
Amit ko 2391 transfer kiya Cred se,2391,friends,upi,cred,kotak,friends_synthetic
school fees pe 250 rupay ka tuition diyee PayTM se pay kar diya,250,education,upi,paytm,,hinglish_natural
maine 11420 rupaye colleague ko diye GPay se,11420,friends,upi,gpay,sbi,voice_transcript
Clothing store bill INR 7113,7113,shopping,card,,,source_english
"TATA CLIQ RESTAURANT
Total 2849
Cash Received
Change 0.00",2849,shopping,card,,rbl,ocr_receipt
office se aate hue Air India 3072 rupaye PhonePe se,3072,travel,upi,phonepe,pnb,hinglish_natural
3808 ₹ concert cash diy,3808,entertainment,cash,,,hinglish_natural
Paid Rs 340 for Neha via cred,340,friends,upi,cred,,english_natural
school fees ka tuition de diye 3503 rupay Paytm se pay kr diya slice account se,3503,education,upi,paytm,slice,hinglish_natural
995 charged for Croma on GPay,995,shopping,upi,gpay,,english_natural
MedPlus me 130 rupaiye ka test karaya cash me,130,healthcare,cash,,icici,hinglish_natural
Paid 233 for society maintenance from my SBI account via Cred,233,utilities,upi,cred,sbi,english_natural
gaming se movie dekhi 31946 ka card se,31946,entertainment,card,,jupiter,hinglish_natural
dopahar ko YouTube Premium 284 rs. card se,46522,entertainment,card,,,source_hinglish
home loan car loan credit card EMI monthly INR 3199 autopay card,3199,emi,card,,,cue_row
food court 4036 ₹ Google Pay se Fi Money wale account se,4036,food,upi,gpay,fi,hinglish_natural
paid back friend lent money 1938 paytm,1938,friends,upi,paytm,,cue_row
car loan EMI ka installment diyee 813 rupaye debit card se bc,813,emi,card,,,hinglish_natural
today i spent 4537 on stocks via G Pay from my State Bank bank,4537,investment,upi,gpay,sbi,voice_transcript
Cafe coffee INR 44981,44981,food,upi,gpay,,source_english
education loan EMI INR 413 CRED,413,emi,upi,cred,,english_natural
dost ko 1159 transfer kiya gpay se,1159,friends,upi,gpay,,friends_synthetic
personal loan installment EMI deduction 5479 card,5479,emi,card,,,cue_row
Zerodha 777.20,777.20,investment,card,,axis,english_natural
"BILL
BookMyShow
Rs.396
CARD
Thank You Visit Again",396,entertainment,card,,,ocr_receipt
"Groww 2251.92 Completed 11Dec 2026,7:23 pm HDFC 4581 UPI transaction ID 74768519329863",2251.92,investment,upi,paytm,hdfc,ocr_upi
Rs.2875.22 charged for Bewakoof on cash,2875.22,shopping,cash,,sbi,english_natural
Cafe coffee INR 43419,43419,food,upi,paytm,,source_english
Bajaj Finance EMI ka installment diyee 36821 rupay credit card se,36821,emi,card,,,hinglish_natural
books 90 rupees credit card se,43627,education,card,,,source_hinglish
ghar jaate waqt 2304 rs kha liya Swiggy pe cash me,31001,food,cash,,,source_hinglish
bhai Coin ka invest kya 10652 ₹ UPI se de diya yaar,10652,investment,upi,phonepe,,hinglish_natural
"TAX INVOICE
Flipkart
Grand Total: Rs.79
Payment: phonepe",79,shopping,upi,phonepe,,ocr_receipt
"SONYLIV
Item 1 ₹293
Item 2 ?374
Total Rs 4845
CARD",4845,entertainment,card,,hdfc,ocr_receipt
dentist Rs4678.82 debited from Axis Bank,4678.82,healthcare,upi,paytm,axis,english_natural
grocery vegetables milk bread fruits ₹225 paid cash,225,food,cash,,,cue_row
IndiGo ₹1466 cred,1466,travel,upi,cred,sbi,ocr_upi
spent 388 rupees on education loan EMI via CRED,388,emi,upi,cred,niyo,voice_transcript
270 ka Neha bill pay kiya CRED se,270,friends,upi,cred,,voice_transcript
1002 rupees payment kr diya Airtel recharge pe PhonePe pe budget tod diya,1002,utilities,upi,phonepe,,hinglish_natural
Netmeds 1673.02 CRED,1673.02,healthcare,upi,cred,kotak,ocr_upi
Practo 4249 UPI se diyee,4249,healthcare,upi,cred,,hinglish_natural
Payment of INR 1773 to Vi recharge was successful via gpay UPI Ref No 478882459198781 IndusInd Account 8016,1773,utilities,upi,gpay,indusind,ocr_upi
FLIPKART INR 201 AXIS,201,shopping,card,,axis,english_natural
Mutual fund SIP INR 5423,5423,investment,upi,phonepe,,source_english
bhai 23828 rupaiye Arjun UPI se,23828,friends,upi,phonepe,axis,hinglish_natural
bhai 313 rs. education loan EMI Cred se,313,emi,upi,cred,,hinglish_natural
385 rupaye PharmEasy via Gpay,385,healthcare,upi,gpay,icici,hinglish_natural
paid back friend lent money Rs 1154 gpay,1154,friends,upi,gpay,,cue_row
Vedantu me 372 rupees ka admission kr diya haath se de diye,372,education,cash,,,hinglish_natural
"TAX INVOICE
Burger King
Grand Total: ₹2155
Payment: CARD",2155,food,card,,,ocr_receipt
JioCinema ka 24678 rupees ka bill Niyo se pay kiya,24678,entertainment,upi,niyo,,voice_transcript
POS/ANANYA/CASH/5160,1252.89,friends,cash,,,english_natural
Car loan EMI INR 40946,40946,emi,card,,,source_english
netflix spotify hotstar subscription movie show 34048 card,34048,entertainment,card,,hdfc,cue_row
credit card EMI me 20 rupaye ka installment diy cred se jupiter card se,20,emi,upi,cred,jupiter,hinglish_natural
GPay payment ₹1991.88 Rahul Axis 5111 done,1991.88,friends,upi,gpay,axis,ocr_upi
FirstCry ?4974 debited from HDFC Bank,4974,shopping,card,,hdfc,english_natural
hospital doctor pharmacy medicine diagnostic ₹24 Google Pay,24,healthcare,upi,gpay,,cue_row
aaj Zepto se kha liya 93 rs. ka Slice se pay kiya bohot mehenga,93,food,upi,slice,fi,hinglish_natural
Game purchase INR 49655,49655,entertainment,upi,paytm,,source_english
flatmate rent share 88 cash Karan,88,friends,cash,,,friends_synthetic
sent Rs2332 to colleague on Google Pay,2332,friends,upi,gpay,,friends_synthetic
ghar jaate waqt library pe 28504 rupay ka tuition die UPI se pay kya,28504,education,upi,gpay,,hinglish_natural
4642 ka Vikram bill pay kiya paytm se,4642,friends,upi,paytm,,voice_transcript
24928 paid to PVR via cred from hdfc,24928,entertainment,upi,cred,hdfc,english_natural
14909 rupaye hospital cash de diya bhai,14909,healthcare,cash,,icici,hinglish_natural
library 4619,4619,education,card,,idfc,english_natural
Zara ?122 G Pay,122,shopping,upi,gpay,,english_natural
Paid Rs.394 for Pooja via G Pay,394,friends,upi,gpay,,english_natural
Indian Oil pe 248 rs ka kiraya de diye cash diy,248,travel,cash,,,hinglish_natural
Payment of Rs 6715 to mobile recharge was successful via Jupiter UPI Ref No 61671672702 Kotak Account 2407,6715,utilities,upi,jupiter,kotak,ocr_upi
324.70 clinic,324.70,healthcare,upi,slice,,english_natural
"ZEPTO
Item 1 453
Item 2 ₹80
Total 19571
PhonePe",19571,food,upi,phonepe,kotak,ocr_receipt
sent money to bro ₹4854 on Fi Money,4854,friends,upi,fi,,friends_synthetic
split bill 350 Paytm se dost ko diya,350,friends,upi,paytm,,friends_synthetic
electronics clothes shoes accessories purchase 1925 via card,1925,shopping,card,,,cue_row
Apollo Pharmacy ka dawai liya 710 rupaiye debit card se,710,healthcare,card,,,hinglish_natural
Payment of ₹17614 to education loan EMI was successful via Cred UPI Ref No 53397190223 SBI Account 4156,17614,emi,upi,cred,sbi,ocr_upi
home loan EMI pe 39127 ka loan payment kr diya UPI se diy,39127,emi,upi,gpay,icici,hinglish_natural
mutual fund se invest kia 412 rupay ka via Cred,412,investment,upi,cred,,hinglish_natural
Coursera 304 rupay cash die,304,education,cash,,,hinglish_natural
school college tuition course books fees INR 3828 card,3828,education,card,,axis,cue_row
216 ka Vedantu bill pay kiya card se,216,education,card,,,voice_transcript
NEFT/TRANSFER/REDBUS/,446,travel,upi,gpay,,english_natural
today i spent 4157 on stationery via card,4157,education,card,,,voice_transcript
18051 course lya upGrad pe UPI se pay kr diya,18051,education,upi,paytm,,hinglish_natural
restaurant pe 2979 rupaye ka kha liya card se,6886,food,card,,,source_hinglish
Payment of ?6933.92 to Ajio was successful via Phonepe UPI Ref No 135327592351 icici Account 3433,6933.92,shopping,upi,phonepe,icici,ocr_upi
petrol diesel fuel t2093 at pump card,2093,travel,card,,,cue_row
college fees me 17244 rupaye ka tuition diy card se pay kiyaa sasta tha,17244,education,card,,,hinglish_natural
"Indian Oil 93 Completed 26Sep 2025,7:39 pm State Bank 6891 UPI transaction ID 9787387183",93,travel,upi,paytm,sbi,ocr_upi
Coursera Rs.41544 PhonePe,41544,education,upi,phonepe,,english_natural
ATM/CASH/SBI/4605,4605,travel,cash,,sbi,english_natural
exam fee me 180 rupay ka tuition de diya card se pay kar diya,180,education,card,,,hinglish_natural
FirstCry 339 PayTM Payment done HDFC Bank 6579,339,shopping,upi,paytm,hdfc,ocr_upi
Bought IRCTC for ₹148 with Phone Pe,148,travel,upi,phonepe,hdfc,english_natural
TO:METRO metro.55484@icicibank From:AMITSINGH (icici PayTM : sender8267@okicicibank,408,travel,upi,paytm,icici,ocr_upi
Cleartrip t3547 gpay,3547,travel,upi,gpay,,english_natural
Spent ₹4230.08 on insurance premium using slice,4230.08,utilities,upi,slice,,english_natural
abhi 479 rupay EMI kat gayi home loan EMI ko Phone Pe se pay kya,479,emi,upi,phonepe,,hinglish_natural
flight booking travel ticket ₹368 Cred,368,travel,upi,cred,,cue_row
Neha se udhar return kiya 2958 rupees ka Bhim pe YES BANK wale account se,2958,friends,upi,bhim,yes bank,hinglish_natural
₹4750.28 debited from your ICICI Bank account for Airtel recharge (Gpay UPI),4750.28,utilities,upi,gpay,icici,ocr_upi
₹2524 debited from your Axis Bank account for SonyLIV (Fi Money UPI),2524,entertainment,upi,fi,axis,ocr_upi
Online course subscription INR 49632,49632,education,card,,,source_english
subah 47306 rs Karan fi se bc,47306,friends,upi,fi,fi,hinglish_natural
"FIRSTCRY RESTAURANT
Total 10986
Cash Received
Change 0.00",10986,shopping,upi,cred,,ocr_receipt
Paid concert INR 333 using credit card,333,entertainment,card,,,english_natural
lab test 483 rupaye cash de diye ICICI se kata yaar,483,healthcare,cash,,icici,hinglish_natural
BookMyShow me 2022 rupees ka show dekha UPI se pay kiya bc,2022,entertainment,upi,gpay,,hinglish_natural
TO:HOMELOANEMI homeloanemi.91864@icicibank From:AMITSINGH (icici GPay : user1388@okicicibank,133,emi,upi,gpay,icici,ocr_upi
spent 332 rupees on Ajio via G Pay,332,shopping,upi,gpay,,voice_transcript
"D BOOKS 303.22 Completed 20Jan 2026,1:43 pm axis Bank 6818 UPI transaction ID 6780739562 TO:BOOKS books.39423@axisbank Goog1etransaction lD CICAgJjg778401 OPI paytm",303.22,education,upi,paytm,axis,ocr_upi
MakeMyTrip 36932 rs cash de diya,36932,travel,cash,,niyo,hinglish_natural
college fees ka tuition de diye 3429 rupaiye debit card se,3429,education,card,,fi,hinglish_natural
1870 rs Indian Oil card se pay kiya,1870,travel,card,,,hinglish_natural
"Barbeque Nation
Net Amount 3903
Paid via CASH",3903,food,cash,,icici,ocr_receipt
42191 rupay EMI kat gayi personal loan EMI ko card se pay kiya,48231,emi,card,,,source_hinglish
ATM/CASH/BANK/337.86,337.86,entertainment,upi,slice,,english_natural
H&M 44858 rupaiye G Pay se pay kya,44858,shopping,upi,gpay,,hinglish_natural
sent 952 to Neha on cash,952,friends,cash,,,friends_synthetic
ATM/CASH/HDFC/537,537,emi,card,,hdfc,english_natural
bhai Apollo Pharmacy ka doctor ko diy 1644 rs. via gpay achha deal mila,1644,healthcare,upi,gpay,,hinglish_natural
1295 rupees EaseMyTrip Gpay,1295,travel,upi,gpay,,voice_transcript
maine 87 rupaye cafe ko diye cash se,87,food,cash,,hdfc,voice_transcript
colleague 4089.66 Phonepe Payment done HDFC 4694,4089.66,friends,upi,phonepe,hdfc,ocr_upi
Bought Netflix for Rs.3010 with cred,3010,entertainment,upi,cred,,english_natural
Nykaa pe 3348 rupay ka khareed lya UPI se slice se,3348,shopping,upi,bhim,slice,hinglish_natural
495 rupees Jio recharge debit card se,495,utilities,card,,,hinglish_natural
"ELECTRONICS STORE
Item 1 t53
Item 2 ₹218
Total 39198.32
CARD",39198.32,shopping,card,,,ocr_receipt
Shreya ko 8688 transfer kiya card se,8688,friends,card,,,friends_synthetic
today i spent 12253 on FirstCry via SLICE from my Jupiter bank,12253,shopping,upi,slice,jupiter,voice_transcript
aaj 475 rs Vi recharge phonepe se sasta tha,475,utilities,upi,phonepe,slice,hinglish_natural
amazon flipkart myntra online shopping order 2971 Paytm,2971,shopping,upi,paytm,,cue_row
aaj Starbucks me 537 ₹ ka food order kiya credit card se,537,food,card,,,hinglish_natural
auto me 4252 rupaiye ka kiraya de diya card se pay kar diya,10685,travel,card,,,source_hinglish
subah 47242 rupay Chai Point UPI se die zyada ho gaya,47242,food,upi,phonepe,,hinglish_natural
subah Burger King 286 credit card se,286,food,card,,,hinglish_natural
Paid Arjun Rs.122.23 using cash from sbi,122.23,friends,cash,,sbi,english_natural
Rs.11156.04 paid to BYJU'S via Bhim UPI from hdfc Bank ending 3838,11156.04,education,upi,bhim,hdfc,ocr_upi
Just paid 5582 to Neha through paytm,5582,friends,upi,paytm,,english_natural
Just paid 35635.20 to Subway through Paytm,35635.20,food,upi,paytm,,english_natural
Zara me 55 rupaye ka buy kr diya haath se de diya,55,shopping,cash,,sbi,hinglish_natural
eye checkup me 1729 rupay ka dawai liya haath se de diya,1729,healthcare,cash,,,hinglish_natural
1885 rupees lab test card se,1885,healthcare,card,,,hinglish_natural
SBI loan me 1760 rupees ka EMI bhar diya debit card se jupiter account se,1760,emi,card,,jupiter,hinglish_natural
Zara pe 2919 ₹ ka khareed liya via GPay hdfc se kata,2919,shopping,upi,gpay,hdfc,hinglish_natural
i paid 283 rupees for Netmeds using PhonePe,283,healthcare,upi,phonepe,,voice_transcript
"ELECTRICITY BILL RESTAURANT
Total 434
Cash Received
Change 0.00",434,utilities,card,,,ocr_receipt
dost roommate ko 201 rupaye gpay se bheje,201,friends,upi,gpay,sbi,friends_synthetic
Amazon Prime ₹270.94 credit card,270.94,entertainment,card,,,english_natural
163 rupees lab test UPI se,163,healthcare,upi,phonepe,,hinglish_natural
paid back friend lent money INR 1680 NIYO,1680,friends,upi,niyo,,cue_row
Paid Rs 8598.68 to Burger King paytm UPI hdfc 4224 Successful,8598.68,food,upi,paytm,hdfc,ocr_upi
t2595 to Shreya G Pay UPI,2595,friends,upi,gpay,,friends_synthetic
bro ko 4908 transfer kiya cash se,4908,friends,cash,,,friends_synthetic
INOX 8535,8535,entertainment,upi,niyo,niyo,english_natural
"BILL
dentist
?448
phonepe
Thank You Visit Again",448,healthcare,upi,phonepe,axis,ocr_receipt
bhai Box8 ka 332 rupaye cash se de diya,332,food,cash,,,voice_transcript
exam fee Rs 345 cash,345,education,cash,,fi,english_natural
SIP mein 304 lag gaye slice se bhara,304,investment,upi,slice,kotak,voice_transcript
Rs.300 to Vikram Phonepe UPI,300,friends,upi,phonepe,,friends_synthetic
4354 rs ticket book kr diya RedBus pe gpay se pay kiya,4354,travel,upi,gpay,,hinglish_natural
personal loan EMI se installment de diye 2309 ka credit card se,2309,emi,card,,hdfc,hinglish_natural
ATM/CASH/HDFC/1846,1846,emi,upi,cred,hdfc,english_natural
"Flipkart
Net Amount 221
Paid via CARD",221,shopping,card,,,ocr_receipt
223 rupees gold debit card se,223,investment,card,,,hinglish_natural
dost Arjun ko 6613 rupaye PhonePe se bheje,6613,friends,upi,phonepe,hdfc,friends_synthetic
Coin me 7110 ₹ ka paisa daala Phone Pe se pay kiyaa,7110,investment,upi,phonepe,,hinglish_natural
sent ₹2781 to Priya on cash,2781,friends,cash,,,friends_synthetic
stationery mein 2596 lag gaye cash se bhara,2596,education,cash,,,voice_transcript
4322 ka Bewakoof bill pay kiya card se hdfc se kata,4322,shopping,card,,hdfc,voice_transcript
BRO INR 3113.87 CANARA BANK,3113.87,friends,upi,jupiter,canara,english_natural
4952 debit card MedPlus,4952,healthcare,card,,,english_natural
mutual fund SIP stocks PPF FD investment 207 card,207,investment,card,,idfc,cue_row
251 Indian Oil card se,251,travel,card,,sbi,hinglish_natural
Hotstar 451 rupay Paytm pe,451,entertainment,upi,paytm,,hinglish_natural
2632 to SonyLIV via gpay,2632,entertainment,upi,gpay,,english_natural
spent 2190 rupees on mall via PhonePe,2190,shopping,upi,phonepe,,voice_transcript
Paytm payment INR 2084 friend HDFC Bank 1155 successful,2084,friends,upi,paytm,hdfc,ocr_upi
kal 33012 rs. SonyLIV debit card se,33012,entertainment,card,,,hinglish_natural
credit card EMI ka EMI bharra 420 credit card se,48547,emi,card,,,source_hinglish
maine 224 rupaye Uber ko diye Jupiter se,224,travel,upi,jupiter,,voice_transcript
GPay payment ₹4923.42 eye checkup Axis Bank 5826 completed,4923.42,healthcare,upi,gpay,axis,ocr_upi
"GAS BILL
Item 1 Rs264
Item 2 Rs421
Total Rs 29945
CASH",29945,utilities,cash,,sbi,ocr_receipt
"TAX INVOICE
Croma
Grand Total: 333.90
Payment: CARD",333.90,shopping,card,,,ocr_receipt
today i spent 266 on rickshaw via card,266,travel,card,,,voice_transcript
MakeMyTrip ka ticket book kya 682 cash diy,682,travel,cash,,,hinglish_natural
"Snapdeal BILL
St: Rs.34501
CARD Approved",34501,shopping,card,,,ocr_receipt
FD Rs.4474 card,4474,investment,card,,hdfc,english_natural
Paid ₹2645 for broadband via debit card,2645,utilities,card,,,english_natural
bhai ACT Fibernet ka 145 rupaye cash se de diya,145,utilities,cash,,hdfc,voice_transcript
4227 rupees Zara jupiter,4227,shopping,upi,jupiter,,voice_transcript
1mg ka medicine liyaa 42 rupay UPI se pay kya Fi Money se,1,healthcare,upi,jupiter,fi,hinglish_natural
403 ₹ bill pay kiya water bill pe UPI se pay kiya Kotak Mahindra wale account se,403,utilities,upi,gpay,kotak,hinglish_natural
dentist 751 rs Jupiter pe,751,healthcare,upi,jupiter,,hinglish_natural
Bought Zara for Rs.3745 with phonepe,3745,shopping,upi,phonepe,,english_natural
₹3223.15 to metro via card,3223.15,travel,card,,,english_natural
i paid 4038 rupees for eye checkup using gpay,4038,healthcare,upi,gpay,axis,voice_transcript
Paid BigBasket ₹468.38 using Paytm,468.38,food,upi,paytm,,english_natural
201 ₹ Myntra debit card se,201,shopping,card,,,hinglish_natural
paid 2095 to Lenskart through PhonePe,2095,healthcare,upi,phonepe,,voice_transcript
Spent INR 4505 on Nykaa using Visa,4505,shopping,card,,niyo,english_natural
yaar SpiceJet pe 85 rupay ka kiraya die UPI se diye,85,travel,upi,paytm,,hinglish_natural
yaar 443 rupaye Chai Point haath se diyee,443,food,cash,,icici,hinglish_natural
maine 3683 rupaye Indian Oil ko diye cash se,3683,travel,cash,,,voice_transcript
electricity water broadband mobile recharge bill t2754 GPay,2754,utilities,upi,gpay,,cue_row
BSNL INR 1847.66 debited from Fi Money,1847.66,utilities,upi,gpay,fi,english_natural
34 rupaye Ananya UPI se,34,friends,upi,gpay,,hinglish_natural
mutual fund SIP stocks PPF FD investment Rs.283 slice,283,investment,upi,slice,,cue_row
hospital 2339 rupees haath se die,2339,healthcare,cash,,,hinglish_natural
uber ola cab ride airport train ticket ₹1785 Paytm,1785,travel,upi,paytm,,cue_row
sent Rs.4695 to friend on slice split bill UPI,4695,friends,upi,slice,,cue_row
college fees 4680 rupaiye debit card se,4680,education,card,,,hinglish_natural
i did 4566 expense on tuition using PayTM,4566,education,upi,paytm,kotak,voice_transcript
Nature's Basket 3981 rupaye UPI se,3981,food,upi,phonepe,,hinglish_natural
paid dost Rs.330 via Google Pay,330,friends,upi,gpay,canara,friends_synthetic
raat ko 4319 rupaye bro PayTM se pay kia,4319,friends,upi,paytm,niyo,hinglish_natural
Water bill INR 15742,15742,utilities,upi,phonepe,kotak,source_english
157 to food court via BHIM,157,food,upi,bhim,,english_natural
eye checkup pe 872 rs. ka medicine le liya Fi pe,872,healthcare,upi,fi,icici,hinglish_natural
FirstCry ₹400.82 Google Pay,400.82,shopping,upi,gpay,sbi,ocr_upi
36223 ka Zepto bill pay kiya cash se HDFC Bank se kata,36223,food,cash,,hdfc,voice_transcript
20210 rupaye Bharat Petroleum debit card se,20210,travel,card,,slice,hinglish_natural
"Receipt #7262
BookMyShow
Amount Paid: Rs 160
Mode: CASH",160,entertainment,cash,,,ocr_receipt
10277 rupaye coaching Cred pe,10277,education,upi,cred,,hinglish_natural
spent 44655 rupees on flatmate via Cred,44655,friends,upi,cred,,voice_transcript
Rs 237 paid to ACT Fibernet via Slice UPI from BOB Bank ending 2509,237,utilities,upi,slice,bob,ocr_upi
Ananya se dost ko diy 380 rs ka Cred se sbi wale account se,380,friends,upi,cred,sbi,hinglish_natural
Paytm Money 461 PayTM Payment done Kotak Mahindra 3999,461,investment,upi,paytm,kotak,ocr_upi
dost Rahul ko 4689 rupaye gpay se bheje,4689,friends,upi,gpay,sbi,friends_synthetic
4859 rupay test karaya PharmEasy pe debit card se,4859,healthcare,card,,,hinglish_natural
lab test ka doctor ko diy 2929 rs. credit card se,2929,healthcare,card,,,hinglish_natural
Rs 2344 paid to food court via G Pay UPI from IDFC First Bank ending 1787,2344,food,upi,gpay,idfc,ocr_upi
uber ola cab ride airport train ticket ?29026 Gpay,29026,travel,upi,gpay,,cue_row
aaj doctor pe 393 rupaye kharcha hua Gpay se,393,healthcare,upi,gpay,hdfc,voice_transcript
Cleartrip me 1095 ka kiraya de diye UPI se pay kar diya,1095,travel,upi,paytm,,hinglish_natural
FD 281 ₹ UPI se diye,281,investment,upi,paytm,,hinglish_natural
INR 37561 to Bajaj Finance EMI via credit card,37561,emi,card,,,english_natural
Yatra 3755 ₹ debit card se,3755,travel,card,,,hinglish_natural
Bought concert for 437.80 with G Pay,437.80,entertainment,upi,gpay,jupiter,english_natural
Pizza delivery INR 39223,39223,food,cash,,hdfc,source_english
145.16 paid to DishTV via Fi Money from hdfc,145.16,utilities,upi,fi,hdfc,english_natural
petrol diesel fuel Rs.2828 at pump card,2828,travel,card,,,cue_row
1mg mein 473 lag gaye G Pay se bhara,473,healthcare,upi,gpay,hdfc,voice_transcript
NPS ka 28 rupees ka bill Google Pay se pay kiya,28,investment,upi,gpay,,voice_transcript
Vedantu 4078,4078,education,card,,,english_natural
personal loan EMI 3713,3713,emi,card,,,english_natural
Hotel booking INR 8043,8043,travel,card,,,source_english
191 rs mutual fund kia Groww ko UPI se,191,investment,upi,paytm,sbi,hinglish_natural
medical checkup lab test health insurance Rs42663 cash,42663,healthcare,cash,,,cue_row
Ajio 486 rupees UPI se zyada ho gaya,486,shopping,upi,gpay,,hinglish_natural
Croma me 12501 ka saman lia naqad,12501,shopping,cash,,,hinglish_natural
Angel One se paisa daala 102 rupees ka NIYO pe IDFC wale account se yaar,102,investment,upi,niyo,idfc,hinglish_natural
Crypto investment INR 16586,16586,investment,card,,,source_english
flatmate rent share 2420 cash roommate,2420,friends,cash,,,friends_synthetic
personal loan installment EMI deduction ₹23795 card,23795,emi,card,,,cue_row
mess 148 Niyo Payment done axis 2571,148,food,upi,niyo,axis,ocr_upi
maine 4109 rupaye Haldirams ko diye card se,4109,food,card,,hdfc,voice_transcript
dinner split 369 rupaye roommate PhonePe,369,friends,upi,phonepe,,friends_synthetic
today i spent 716 on clinic via cash,716,healthcare,cash,,,voice_transcript
"HOSPITAL
Item 1 ₹120
Item 2 221
Total Rs.1724
CARD",1724,healthcare,card,,,ocr_receipt
"AIRTEL RECHARGE
Item 1 Rs 209
Item 2 ₹474
Total Rs.82.18
paytm",82.18,utilities,upi,paytm,,ocr_receipt
4190 rupees Jio recharge debit card se bc,4190,utilities,card,,bob,hinglish_natural
aaj EatFit pe 1189 rupaye kharcha hua jupiter se,1189,food,upi,jupiter,,voice_transcript
Paid Rs 4963 for Vikram via Jupiter,4963,friends,upi,jupiter,hdfc,english_natural
"TAX INVOICE
DishTV
Grand Total: Rs.4065
Payment: CASH",4065,utilities,cash,,,ocr_receipt
Zerodha ka SIP bharaa 73 rs. via GPay,73,investment,upi,gpay,,hinglish_natural
NEFT/TRANSFER/VEDANTU/,43048.67,education,upi,phonepe,,english_natural
"canteen
Net Amount 4107.93
Paid via CASH",4107.93,food,cash,,,ocr_receipt
metro ka ticket book kia 33060 rs credit card se,33060,travel,card,,slice,hinglish_natural
14472 JioMart,14472,food,upi,phonepe,fi,english_natural
ghar jaate waqt SonyLIV 32654 rupay credit card se Fi Money account se,32654,entertainment,card,,fi,hinglish_natural
"TATA PLAY RESTAURANT
Total 4651
Cash Received
Change 0.00",4651,utilities,upi,gpay,sbi,ocr_receipt
Paid 7736 to JioMart Slice UPI PNB 7904 Completed,7736,food,upi,slice,pnb,ocr_upi
Netflix 47532 rupaiye card se,47532,entertainment,card,,,hinglish_natural
Vedantu se course le liya 453 rs. ka card se pay kya,453,education,card,,slice,hinglish_natural
subah Netflix se movie dekhi 1141 ₹ ka cred se pay kar diya,1141,entertainment,upi,cred,,hinglish_natural
i paid 144 rupees for Flipkart using cash,144,shopping,cash,,bandhan,voice_transcript
Zepto 12437.62 SLICE Payment done PNB 6058,12437.62,food,upi,slice,pnb,ocr_upi
ET Money t392 debited from Slice,392,investment,upi,cred,slice,english_natural
CRED payment Rs.873.86 Amazon Prime sbi 9520 completed,873.86,entertainment,upi,cred,sbi,ocr_upi
i paid 18769 rupees for bro using cash,18769,friends,cash,,,voice_transcript
998 rupay Indian Oil debit card se,998,travel,card,,,hinglish_natural
16619 ka BYJU'S bill pay kiya cash se HDFC se kata,16619,education,cash,,hdfc,voice_transcript
PharmEasy 400 rupay UPI se kotak se,400,healthcare,upi,paytm,kotak,hinglish_natural
personal loan EMI ₹4708.87 Visa,4708.87,emi,card,,jupiter,english_natural
2015 EMI kat gayi bike loan EMI pe card se,2015,emi,card,,slice,hinglish_natural
grocery vegetables milk bread fruits Rs.4577 paid G Pay,4577,food,upi,gpay,,cue_row
sent money to Arjun R 3800 on Niyo,3800,friends,upi,niyo,hdfc,friends_synthetic
aaj Bajaj Finance EMI pe 179 rupaye kharcha hua CRED se,179,emi,upi,cred,,voice_transcript
aaj Netflix 355 rs. cash me yaar,355,entertainment,cash,,,hinglish_natural
stocks ka invest kar diya 26387 rupees card se SBI card se,26387,investment,card,,sbi,hinglish_natural
mutual fund SIP stocks PPF FD investment Rs.3706 Paytm,3706,investment,upi,paytm,hdfc,cue_row
NEFT/TRANSFER/COIN/,29.39,investment,upi,gpay,,english_natural
office se aate hue library 12770 ₹ naqad,12770,education,cash,,fi,hinglish_natural
29708 Vedantu debit card se,29708,education,card,,slice,hinglish_natural
Apple Music se subscription renew kia 11092 ka card se BOB card se,11092,entertainment,card,,bob,hinglish_natural
TO:GOLD gold.34223@hdfcbank From:RAHULKUMAR (hdfc paytm : user6955@okhdfcbank,2604,investment,upi,paytm,hdfc,ocr_upi
sent money to roommate INR 1421 on gpay,1421,friends,upi,gpay,,friends_synthetic
Just paid INR 13114.56 to IndiGo through GPay,13114.56,travel,upi,gpay,,english_natural
₹42713.99 charged for Flipkart on niyo,42713.99,shopping,upi,niyo,,english_natural
maine 3348 rupaye PharmEasy ko diye card se,3348,healthcare,card,,,voice_transcript
3878 rupees bike loan EMI card Slice account,3878,emi,card,,slice,voice_transcript
309 rupees Airtel recharge Slice,309,utilities,upi,slice,,voice_transcript
PharmEasy pe 3126 ka doctor ko diyee Cred se pay kr diya,3126,healthcare,upi,cred,icici,hinglish_natural
office se aate hue 47113 rupaiye insurance premium UPI se diyee,47113,utilities,upi,jupiter,sbi,hinglish_natural
i did 2529 expense on Myntra using cred,2529,shopping,upi,cred,hdfc,voice_transcript
Used Kotak cash to pay Rs 649 for FreshMenu,649,food,cash,,kotak,english_natural
sent INR 1597 to friend on GPay split bill UPI,1597,friends,upi,gpay,,cue_row
yaar 12883 ₹ kiraya die Bharat Petroleum ko card se pay kia,12883,travel,card,,,hinglish_natural
dopahar ko Spotify pe 298 ka show dekha debit card se,298,entertainment,card,,,hinglish_natural
kal Bajaj Finance EMI pe 188 rupaye ka loan payment kia Phonepe se pay kiyaa,188,emi,upi,phonepe,hdfc,hinglish_natural
AIRTEL RECHARGE INR 2551,2551,utilities,cash,,,english_natural
sent money to Shreya ₹4971 on cash,4971,friends,cash,,,friends_synthetic
Bought Subway for INR 2627 with cred,2627,food,upi,cred,,english_natural
mess ka mangwaya 265 ₹ UPI se,265,food,upi,gpay,,hinglish_natural
school college tuition course books fees Rs.24077 card,24077,education,card,,,cue_row
Divya se transfer kiya 44351 rupaye ka UPI se pay kr diya,44351,friends,upi,gpay,,hinglish_natural
2295 rs loan payment kia home loan EMI pe credit card se HDFC Bank card se,2295,emi,card,,hdfc,hinglish_natural
breakfast snacks chai coffee R 1188 card,1188,food,card,,,cue_row
paid 356 to Goibibo through card,356,travel,card,,,voice_transcript
kal 441 ₹ restaurant Gpay pe,441,food,upi,gpay,,hinglish_natural
4431 ₹ food court UPI se de diye bhai,4431,food,upi,gpay,,hinglish_natural
"INOX 29 Completed 23Jun 2026,3:15 am sbi 7875 UPI transaction ID 9479768854",29,entertainment,upi,bhim,sbi,ocr_upi
FreshMenu pe 42899 ka food order kar diya credit card se ICICI se kata,42899,food,card,,icici,hinglish_natural
auto ka cab liya 729 credit card se,729,travel,card,,fi,hinglish_natural
coaching pe 2686 rupay ka admission kia debit card se,2686,education,card,,,hinglish_natural
hospital me 253 rs. ka checkup karaya Bhim se pay kr diya,253,healthcare,upi,bhim,sbi,hinglish_natural
amazon flipkart myntra online shopping order Rs 137 card,137,shopping,card,,,cue_row
46959 rupees credit card EMI G Pay ICICI account,46959,emi,upi,gpay,icici,voice_transcript
dost bro ko 496 rupaye Cred se bheje,496,friends,upi,cred,,friends_synthetic
Bajaj Finance EMI payment t4598 done via phonepe,4598,emi,upi,phonepe,,english_natural
Box8 ka 4990 rupees ka bill phonepe se pay kiya,4990,food,upi,phonepe,jupiter,voice_transcript
2235 rupees doctor UPI se pay kya zyada ho gaya,2235,healthcare,upi,gpay,rbl,hinglish_natural
HDFC loan 418,418,emi,card,,,english_natural
DMart 3814 PayTM Payment done ICICI Bank 9289,3814,food,upi,paytm,icici,ocr_upi
raat ko 428 rupaiye exam fee card se,428,education,card,,kotak,hinglish_natural
aaj dentist pe 7578 rupaye kharcha hua cash se,7578,healthcare,cash,,,voice_transcript
3626 loan payment kr diya HDFC loan ko card se Bandhan card se bc,3626,emi,card,,bandhan,hinglish_natural
coaching exam preparation study material t1738 gpay,1738,education,upi,gpay,,cue_row
sent 15851 to friend on G Pay split bill UPI,15851,friends,upi,gpay,,cue_row
PharmEasy 2269 rupay UPI se pay kiya hdfc se,2269,healthcare,upi,cred,hdfc,hinglish_natural
4268 rupees metro naqad,4268,travel,cash,,,hinglish_natural
41 rupaiye car loan EMI UPI se pay kia bc,41,emi,upi,slice,,hinglish_natural
28803 rupaiye split kya Arjun ko credit card se Slice wale account se,28803,friends,card,,slice,hinglish_natural
Gaana se game liya 648 rupees ka via Fi Money jupiter se kata,648,entertainment,upi,fi,jupiter,hinglish_natural
abhi Apollo Pharmacy ka test karaya 476 rupay haath se diyee,476,healthcare,cash,,,hinglish_natural
today i spent 15284 on gaming via SLICE,15284,entertainment,upi,slice,,voice_transcript
credit card EMI mein 4285 lag gaye card se bhara,4285,emi,card,,fi,voice_transcript
Bought HDFC loan for INR 206 with Visa,206,emi,card,,,english_natural
"Snapdeal
Net Amount 1184
Paid via CASH",1184,shopping,cash,,canara,ocr_receipt
i paid 4046 rupees for coaching using Slice,4046,education,upi,slice,,voice_transcript
39419 ka hospital bill pay kiya card se Federal Bank se kata,39419,healthcare,card,,federal bank,voice_transcript
diagnostic ka 47199 rupees ka bill Cred se pay kiya,47199,healthcare,upi,cred,,voice_transcript
kal CCD 268 credit card se Yes Bank card se,268,food,card,,yes bank,hinglish_natural
Paid 4070 to Snapdeal G Pay UPI kotak 8877 Done,4070,shopping,upi,gpay,kotak,ocr_upi
electronics clothes shoes accessories purchase 1743 via paytm,1743,shopping,upi,paytm,,cue_row
Apollo Pharmacy ka medicine lia 3800 rupay UPI se die,19544,healthcare,upi,bhim,hdfc,source_hinglish
Train ticket IRCTC INR 13296,13296,travel,card,,,source_english
metro se cab le liya 3438 rupay ka via SLICE hdfc account se,12106,travel,upi,slice,hdfc,source_hinglish
home loan car loan credit card EMI monthly 17392 autopay G Pay,17392,emi,upi,gpay,,cue_row
today i spent 2879 on PharmEasy via GPay from my icici bank,2879,healthcare,upi,gpay,icici,voice_transcript
Shreya ko 4425 transfer kiya PhonePe se,4425,friends,upi,phonepe,,friends_synthetic
568 Lenskart card se pay kya,568,shopping,card,,,hinglish_natural
sent INR 444 to friend on slice split bill UPI,444,friends,upi,slice,,cue_row
mutual fund SIP stocks PPF FD investment 752 Google Pay,752,investment,upi,gpay,indusind,cue_row
Flight ticket booking INR 4564,4564,travel,card,,,source_english
RedBus ka ticket book kiyaa 1972 rs via jupiter,48115,travel,upi,jupiter,,source_hinglish
i did 2585 expense on 1mg using CRED,2585,healthcare,upi,cred,,voice_transcript
maine 33 rupaye MakeMyTrip ko diye phonepe se,33,travel,upi,phonepe,,voice_transcript
hospital 27874 Phone Pe,27874,healthcare,upi,phonepe,kotak,ocr_upi
DishTV ka payment kr diya 258 rupay CRED pe sasta tha,258,utilities,upi,cred,,hinglish_natural
Paid Rs.43 to Coursera Google Pay UPI icici 2928 Done,43,education,upi,gpay,icici,ocr_upi
"BILL
Apollo Pharmacy
INR 3399
CARD
Thank You Visit Again",3399,healthcare,card,,pnb,ocr_receipt
Gpay payment 3632.72 Flipkart Yes Bank 7616 completed,3632.72,shopping,upi,gpay,yes bank,ocr_upi
maine 2954 rupaye Spotify ko diye card se,2954,entertainment,card,,niyo,voice_transcript
electronics clothes shoes accessories purchase t275 via Slice,275,shopping,upi,slice,union bank,cue_row
bhai bhai ko udhar return kiya 22218 rs cash se,22218,friends,cash,,yes bank,friends_synthetic
education loan EMI mein 500 lag gaye card se bhara,500,emi,card,,hdfc,voice_transcript
1957 ka Coursera bill pay kiya G Pay se Niyo se kata,1957,education,upi,gpay,niyo,voice_transcript
TO:EDUCATIONLOANEMI educationloanemi.41737@punjabnationalbankbank From:PRIYASHARMA (Punjab National Bank phonepe : sender5468@okpunjabnationalbankbank,174,emi,upi,phonepe,pnb,ocr_upi
Rs.3955.82 charged for YouTube Premium on Phonepe,3955.82,entertainment,upi,phonepe,,english_natural
Just paid 282.30 to Gaana through credit card,282.30,entertainment,card,,fi,english_natural
Spent 1284.01 on Priya using gpay,1284.01,friends,upi,gpay,,english_natural
Coursera 303 rupaiye cash diy SBI account se,303,education,cash,,sbi,hinglish_natural
3405 rs. dhaba haath se diy,3405,food,cash,,niyo,hinglish_natural
3938 ₹ SonyLIV debit card se,3938,entertainment,card,,icici,hinglish_natural
441 rs. auto naqad,441,travel,cash,,kotak,hinglish_natural
tuition 25818 ₹ credit card se icici card se,25818,education,card,,icici,hinglish_natural
bike loan EMI ka EMI bhar diya 452 rs. debit card se,452,emi,card,,,hinglish_natural
dopahar ko mutual fund 363 rupaye UPI se,363,investment,upi,phonepe,,hinglish_natural
colleague 2735 PhonePe Successful Canara 7165,2735,friends,upi,phonepe,canara,ocr_upi
POS/AMAZON/JUPITER/3332,3520.65,shopping,upi,jupiter,,english_natural
Phonepe payment Rs.3425.27 Ola HDFC 5987 done,3425.27,travel,upi,phonepe,hdfc,ocr_upi
Hotel booking INR 24174,24174,travel,card,,,source_english
Bharat Petroleum ka petrol bhara 288 ₹ cash de diya,288,travel,cash,,,hinglish_natural
Movie ticket booking INR 17925,17925,entertainment,upi,gpay,,source_english
9638 rs. petrol bharra MakeMyTrip ko credit card se,9638,travel,card,,,hinglish_natural
ET Money 398 rs credit card se,398,investment,card,,,hinglish_natural
Faasos ka food order kar diya 726 ₹ NIYO pe,726,food,upi,niyo,,hinglish_natural
"D OLA 2481.19 Completed 23Mar 2026,10:57 pm SBI Bank 7201 UPI transaction ID 147904475153 TO:OLA ola.74297@sbibank Goog1etransaction lD CICAgJjg060823 OPI Phone Pe",2481.19,travel,upi,phonepe,sbi,ocr_upi
"Snapdeal BILL
St: ₹163
CARD approved",163,shopping,card,,,ocr_receipt
Used YES BANK debit card to pay 49019 for Angel One,49019,investment,card,,yes bank,english_natural
sent Rs 1520 to bro on card,1520,friends,card,,hdfc,friends_synthetic
"D NEHA 27441.46 Completed 19Feb 2026,2:45 pm hdfc Bank 4061 UPI transaction ID 7586435830 TO:NEHA neha.86698@hdfcbank Googletransaction lD XYZabc363149 OPI PhonePe",27441.46,friends,upi,phonepe,hdfc,ocr_upi
amazon flipkart myntra online shopping order Rs2003 NIYO,2003,shopping,upi,niyo,,cue_row
gaming se movie dekhi 17477 rupaiye ka phonepe se pay kiyaa,17477,entertainment,upi,phonepe,axis,hinglish_natural
2599 rupees bike loan EMI card se,2599,emi,card,,,hinglish_natural
Mutual fund SIP INR 39358,39358,investment,card,,,source_english
44246.31 NPS,44246.31,investment,upi,fi,fi,english_natural
Payment of Rs 25814 to electricity bill was successful via Cred UPI Ref No 40704190241617 icici Account 8457,25814,utilities,upi,cred,icici,ocr_upi
Pooja me 859 rupees ka split kia UPI se pay kar diya,859,friends,upi,phonepe,,hinglish_natural
netflix spotify hotstar subscription movie show ₹1340 card,1340,entertainment,card,,axis,cue_row
3549 ₹ SIP bharra SIP ko phonepe pe,3549,investment,upi,phonepe,,hinglish_natural
Payment of Rs.28 to petrol pump was successful via Phone Pe UPI Ref No 368530241865 HDFC Bank Account 7452,28,travel,upi,phonepe,hdfc,ocr_upi
aaj Zerodha pe 2631 rupaye kharcha hua GPay se,2631,investment,upi,gpay,,voice_transcript
breakfast snacks chai coffee ?2315 cash,2315,food,cash,,,cue_row
aaj PPF pe 32669 rupaye kharcha hua PayTM se,32669,investment,upi,paytm,,voice_transcript
152 debited from your HDFC account for Amit (Fi UPI),152,friends,upi,fi,hdfc,ocr_upi
Paid Rs86.22 to NPS jupiter UPI ICICI Bank 3721 Completed,86.22,investment,upi,jupiter,icici,ocr_upi
Bought Jio recharge for 3239.07 with phonepe,3239.07,utilities,upi,phonepe,sbi,english_natural
spent 45321 rupees on Spotify via card,45321,entertainment,card,,slice,voice_transcript
subah personal loan EMI me 2691 rs. ka EMI kat gayi credit card se Niyo wale account se,2691,emi,card,,niyo,hinglish_natural
paid 211 to FD through SLICE,211,investment,upi,slice,,voice_transcript
aaj 1133 ₹ saman le liya Flipkart ko debit card se,1133,shopping,card,,kotak,hinglish_natural
Spent Rs4091.69 on Haldirams using cash,4091.69,food,cash,,,english_natural
Reliance Fresh 214,214,food,upi,bhim,,english_natural
"BILL
Airtel recharge
421.76
jupiter
Thank You Visit Again",421.76,utilities,upi,jupiter,,ocr_receipt
₹15989 debited from your hdfc account for friend (Google Pay UPI),15989,friends,upi,gpay,hdfc,ocr_upi
Spent Rs.2241 on insurance premium using phonepe,2241,utilities,upi,phonepe,,english_natural
paid 2304 to water bill through cash from hdfc,2304,utilities,cash,,hdfc,voice_transcript
paid back friend lent money 385 card,385,friends,card,,,cue_row
dopahar ko 16845 buy kar diya market pe credit card se,16845,shopping,card,,hdfc,hinglish_natural
BookMyShow 2015 Jupiter se,2015,entertainment,upi,jupiter,,hinglish_natural
metro 1066 rupaiye debit card se,1066,travel,card,,yes bank,hinglish_natural
Spent Rs.44407 on school fees using debit card,44407,education,card,,,english_natural
255 rupaiye Haldirams haath se diye,874,food,cash,,,source_hinglish
Kuvera me 298 ₹ ka paisa daala debit card se,298,investment,card,,,hinglish_natural
Dominos mein 15942 lag gaye G Pay se bhara,15942,food,upi,gpay,,voice_transcript
medical checkup lab test health insurance Rs2358 card,2358,healthcare,card,,,cue_row
paid 363 to Amazon through CRED from Jupiter,363,shopping,upi,cred,jupiter,voice_transcript
netflix spotify hotstar subscription movie show ?3014 Paytm,3014,entertainment,upi,paytm,,cue_row
sent ₹3394 to friend on NIYO split bill UPI,3394,friends,upi,niyo,federal bank,cue_row
Online course subscription INR 8719,8719,education,upi,paytm,,source_english
Zara 317 ₹ credit card se,317,shopping,card,,,hinglish_natural
i paid 404 rupees for HP Petrol using card,404,travel,card,,,voice_transcript
tuition 46,46,education,cash,,,english_natural
split bill 459 paytm se Pooja ko diya,459,friends,upi,paytm,,friends_synthetic
car loan EMI ₹19076 debit card,19076,emi,card,,,english_natural
Amit payment Rs 2986 done via PayTM,2986,friends,upi,paytm,fi,english_natural
YouTube Premium 51 ₹ credit card se zyada ho gaya,51,entertainment,card,,,hinglish_natural
"D VIRECHARGE 1927 Completed 7Jan 2026,6:41 pm Axis Bank 8837 UPI transaction ID 8287533552620 TO:VIRECHARGE vi recharge.27793@axisbank Goog1etransaction lD XYZabc747811 OPI BHIM",1927,utilities,upi,bhim,axis,ocr_upi
3735 ticket book kya MakeMyTrip pe UPI se,3735,travel,upi,paytm,,hinglish_natural
"eye checkup 971 Completed 24Oct 2025,3:10 am HDFC 1107 UPI transaction ID 4620667298361",971,healthcare,upi,slice,hdfc,ocr_upi
Payment of 269 to Vi recharge was successful via Gpay UPI Ref No 252739767488139 RBL Bank Account 7257,269,utilities,upi,gpay,rbl,ocr_upi
Spent 76.46 on Gaana using Mastercard,76.46,entertainment,card,,hdfc,english_natural
"Rahul 178.69 Completed 26Aug 2025,7:02 am State Bank 8656 UPI transaction ID 5789663680537",178.69,friends,upi,jupiter,sbi,ocr_upi
34938 rupees Chai Point cash NIYO account,34938,food,cash,,niyo,voice_transcript
10345 rs Gaana UPI se,10345,entertainment,upi,niyo,,hinglish_natural
1237 paid to Shreya via Phonepe from sbi,1237,friends,upi,phonepe,sbi,english_natural
₹14839.27 charged for stationery on GPay,14839.27,education,upi,gpay,hdfc,english_natural
351 rupay show dekha gaming ko debit card se,351,entertainment,card,,,hinglish_natural
Bewakoof Rs 311 debited from Fi,311,shopping,card,,fi,english_natural
481 charged for Practo on cash,481,healthcare,cash,,,english_natural
paid back friend lent money INR 3222 Paytm,3222,friends,upi,paytm,,cue_row
"PHARMEASY
Item 1 Rs143
Item 2 Rs.165
Total Rs.4230.95
Bhim",4230.95,healthcare,upi,bhim,axis,ocr_receipt
Payment of ₹15289 to dost was successful via jupiter UPI Ref No 41759164897 axis Account 6571,15289,friends,upi,jupiter,axis,ocr_upi
INOX ₹1332.59 paytm,1332.59,entertainment,upi,paytm,bob,english_natural
electronics clothes shoes accessories purchase INR 3464 via card,3464,shopping,card,,,cue_row
NPS 5758 GPay,5758,investment,upi,gpay,icici,english_natural
70 ka 1mg bill pay kiya cash se,70,healthcare,cash,,,voice_transcript
hospital doctor pharmacy medicine diagnostic Rs.47 Jupiter,47,healthcare,upi,jupiter,,cue_row
school fees mein 464 lag gaye card se bhara,464,education,card,,,voice_transcript
30740 ka eye checkup bill pay kiya SLICE se ICICI se kata,30740,healthcare,upi,slice,icici,voice_transcript
gaming concert event ticket ₹29709 Slice,29709,entertainment,upi,slice,hdfc,cue_row
raat ko rickshaw 2882 rupees cash diye,18752,travel,cash,,,source_hinglish
Paid Rs.414 for YouTube Premium via Mastercard,414,entertainment,card,,fi,english_natural
Rs.43124 paid to Gaana via fi UPI from hdfc Bank ending 2137,43124,entertainment,upi,fi,hdfc,ocr_upi
420 ₹ admission kya college fees ko card se pay kia,420,education,card,,,hinglish_natural
Divya ko 802 transfer kiya Cred se,802,friends,upi,cred,,friends_synthetic
dost Karan ko 144 rupaye paytm se bheje,144,friends,upi,paytm,,friends_synthetic
Rs.6248 debited from your axis account for mall (Slice UPI),6248,shopping,upi,slice,axis,ocr_upi
personal loan installment EMI deduction ₹1388 G Pay,1388,emi,upi,gpay,,cue_row
"Receipt #9359
BSNL
Amount Paid: Rs.23963.00
Mode: G Pay",23963.00,utilities,upi,gpay,,ocr_receipt
gaming concert event ticket Rs.113 card,113,entertainment,card,,,cue_row
4301 rupees shopping kia mall ko card se jupiter wale account se,4301,shopping,card,,jupiter,hinglish_natural
"Receipt #9980
Amazon Prime
Amount Paid: Rs.19184
Mode: Slice",19184,entertainment,upi,slice,,ocr_receipt
Payment of ₹2538.78 to HDFC loan was successful via paytm UPI Ref No 08348098544878 Bandhan Bank Account 1137,2538.78,emi,upi,paytm,bandhan,ocr_upi
IndiGo ka ticket book kia 373 rs debit card se achha deal mila,373,travel,card,,,hinglish_natural
yaar BYJU'S ka course liyaa 11238 rs bhim se pay kr diya Jupiter se kata,11238,education,upi,bhim,jupiter,hinglish_natural
4277 rs Croma card se,4277,shopping,card,,,hinglish_natural
Bought Vedantu for Rs.8124 with SLICE,8124,education,upi,slice,,english_natural
abhi Myntra ka buy kya 3233 rupaye cash me hdfc se,3233,shopping,cash,,hdfc,hinglish_natural
Bought stocks for Rs.170.17 with Slice,170.17,investment,upi,slice,jupiter,english_natural
Bus ticket INR 22422,22422,travel,cash,,,source_english
Biryani Blues me 216 rupees ka kha liya paytm pe,216,food,upi,paytm,yes bank,hinglish_natural
Rs.2566.10 debited from your Kotak account for Divya (PayTM UPI),2566.10,friends,upi,paytm,kotak,ocr_upi
Udemy se course lia 486 rupaye ka naqad,486,education,cash,,,hinglish_natural
"TAX INVOICE
YouTube Premium
Grand Total: R 42952.29
Payment: CASH",42952.29,entertainment,cash,,,ocr_receipt
Udemy 8287 rs via CRED,8287,education,upi,cred,,hinglish_natural
463 rs. game le liya INOX ko cash me,463,entertainment,cash,,,hinglish_natural
stocks 1561.07,1561.07,investment,upi,jupiter,,english_natural
electricity water broadband mobile recharge bill Rs 4774 paytm,4774,utilities,upi,paytm,,cue_row
bhai friend ko udhar return kiya 3803 rs card se,3803,friends,card,,,friends_synthetic
dinner split 4844 rupaye Rohan cash,4844,friends,cash,,icici,friends_synthetic
385 rupaiye stock le liya Coin pe card se pay kar diya,385,investment,card,,,hinglish_natural
paid back friend lent money INR 14952 phonepe,14952,friends,upi,phonepe,,cue_row
Hospital bill INR 32932,32932,healthcare,upi,gpay,,source_english
2722.55 charged for college fees on Mastercard,2722.55,education,card,,bandhan,english_natural
"TAX INVOICE
cafe
Grand Total: Rs 4906.95
Payment: PayTM",4906.95,food,upi,paytm,,ocr_receipt
Paid Rs 1256 to Vedantu gpay UPI Axis 1316 Done,1256,education,upi,gpay,axis,ocr_upi
"TAX INVOICE
BSNL
Grand Total: Rs.30922
Payment: cred",30922,utilities,upi,cred,,ocr_receipt
split bill 398 cash se colleague ko diya,398,friends,cash,,,friends_synthetic
1130 rs. MedPlus naqad,1130,healthcare,cash,,,hinglish_natural
McDonald's ka khana order kia 29669 rupees PhonePe se pay kya,29669,food,upi,phonepe,,hinglish_natural
Spent Rs.384 on Rapido using debit card,384,travel,card,,,english_natural
society maintenance Rs9972 GPay,9972,utilities,upi,gpay,icici,ocr_upi
abhi Bajaj Finance EMI pe 301 rs. ka loan payment kya card se,301,emi,card,,sbi,hinglish_natural
Pizza Hut se food order kiya 279 ka card se pay kiyaa State Bank card se,279,food,card,,sbi,hinglish_natural
crypto 12125 cred,12125,investment,upi,cred,,english_natural
lunch dinner food order swiggy zomato restaurant meal ₹69 Gpay,69,food,upi,gpay,,cue_row
yaar se udhar return kiyaa 3328 rs. ka Gpay se pay kr diya zyada ho gaya,3328,friends,upi,gpay,,hinglish_natural
electricity water broadband mobile recharge bill INR 3955 Google Pay,3955,utilities,upi,gpay,sbi,cue_row
Zerodha 193 Niyo Successful Kotak Mahindra 1432,193,investment,upi,niyo,kotak,ocr_upi
1490 cash Netflix,1490,entertainment,cash,,,english_natural
grocery vegetables milk bread fruits 2049 paid Gpay,2049,food,upi,gpay,,cue_row
"Receipt #3552
restaurant
Amount Paid: ₹9672
Mode: CASH",9672,food,cash,,,ocr_receipt
paid 3404 to Lenskart through cash,3404,healthcare,cash,,,voice_transcript
today i spent 4760 on diagnostic via phonepe,4760,healthcare,upi,phonepe,,voice_transcript
mutual fund SIP stocks PPF FD investment Rs.3649 card,3649,investment,card,,,cue_row
Paid ₹266.15 for gas bill from my Fi Money account via Google Pay,266.15,utilities,upi,gpay,fi,english_natural
INOX 3955 rupaiye via BHIM sasta tha,3955,entertainment,upi,bhim,,hinglish_natural
₹4640 to SonyLIV via card,4640,entertainment,card,,,english_natural
4207 rupees installment die home loan EMI pe card se budget tod diya,4207,emi,card,,,hinglish_natural
Payment of INR 59 to INOX was successful via PayTM UPI Ref No 416993769708632 icici Account 9510,59,entertainment,upi,paytm,icici,ocr_upi
maine 47929 rupaye Apollo Pharmacy ko diye Jupiter se,47929,healthcare,upi,jupiter,,voice_transcript
personal loan EMI se installment diyee 143 rs. ka debit card se,143,emi,card,,,hinglish_natural
netflix spotify hotstar subscription movie show Rs 2785 card,2785,entertainment,card,,,cue_row
Uber pe 8165 ka ride lia card se pay kiya,8165,travel,card,,,hinglish_natural
Pooja 188 debited from Fi,188,friends,upi,niyo,fi,english_natural
stocks 3460,3460,investment,upi,cred,,english_natural
INSURANCE PREMIUM INR 409.89,409.89,utilities,upi,paytm,,english_natural
i did 4045 expense on Ola using card,4045,travel,card,,niyo,voice_transcript
upGrad me 1340 rupaye ka course liya credit card se,1340,education,card,,,hinglish_natural
i paid 273 rupees for Box8 using cash,273,food,cash,,,voice_transcript
Bought personal loan EMI for Rs.238.00 with debit card,238.00,emi,card,,,english_natural
"TAX INVOICE
Burger King
Grand Total: ₹2253
Payment: paytm",2253,food,upi,paytm,,ocr_receipt
aaj Nykaa pe 850 rupaye kharcha hua card se,850,shopping,card,,,voice_transcript
Box8 47,47,food,upi,cred,,english_natural
"Receipt #9751
Bewakoof
Amount Paid: ₹2411.79
Mode: CARD",2411.79,shopping,card,,,ocr_receipt
Payment of Rs 33984.20 to Bharat Petroleum was successful via CRED UPI Ref No 374557663940 sbi Account 2054,33984.20,travel,upi,cred,sbi,ocr_upi
91 rupaiye dentist debit card se,91,healthcare,card,,,hinglish_natural
BSNL se recharge kar diya 933 rupees ka UPI se pay kar diya,933,utilities,upi,paytm,sbi,hinglish_natural
school college tuition course books fees INR 480 card,480,education,card,,idfc,cue_row
Rs.4183.34 charged for Lenskart on Visa,4183.34,healthcare,card,,,english_natural
Paid ₹165 for education loan EMI from my Punjab National Bank account via Mastercard,165,emi,card,,pnb,english_natural
Udemy 46 debit card,46,education,card,,,english_natural
3361 paid to petrol pump via PhonePe UPI from Axis Bank Bank ending 9235,3361,travel,upi,phonepe,axis,ocr_upi
"BILL
Faasos
Rs 305
CASH
Thank You Visit Again",305,food,cash,,icici,ocr_receipt
crypto gold bonds NPS portfolio ₹270 card,270,investment,card,,,cue_row
"electronics store BILL
St: ?4628.97
CARD Approved",4628.97,shopping,card,,yes bank,ocr_receipt
yaar Rs.449.56 Gpay,449.56,friends,upi,gpay,,english_natural
breakfast snacks chai coffee Rs.1708 BHIM,1708,food,upi,bhim,,cue_row
bhai bike loan EMI ka loan payment kiya 21343 rs credit card se Axis Bank wale account se,49475,emi,card,,axis,source_hinglish
dopahar ko FirstCry me 90 rupay ka order kya card se pay kya ICICI Bank account se,90,shopping,card,,icici,hinglish_natural
Paid ₹445 for Apollo Pharmacy via slice,445,healthcare,upi,slice,kotak,english_natural
Spent Rs.44733 on Coin using Visa,44733,investment,card,,,english_natural
bhai home loan EMI ka 10097 rupaye card se de diya,10097,emi,card,,,voice_transcript
2448 cab le liya Bharat Petroleum pe PayTM se pay kiyaa,2448,travel,upi,paytm,,hinglish_natural
Paid 139 for credit card EMI from my HDFC account via paytm,139,emi,upi,paytm,hdfc,english_natural
mutual fund SIP stocks PPF FD investment Rs.44152 Cred,44152,investment,upi,cred,,cue_row
paid 4159 to lab test through cash,4159,healthcare,cash,,,voice_transcript
RedBus pe 104 rupaye ka cab lya haath se de diye bc,104,travel,cash,,,hinglish_natural
bhai CCD ka 4784 rupaye phonepe se de diya,4784,food,upi,phonepe,,voice_transcript
gas bill 32382 ₹ UPI se pay kar diya,32382,utilities,upi,cred,,hinglish_natural
Lenskart 287,287,healthcare,upi,gpay,hdfc,english_natural
Meesho mein 415 lag gaye card se bhara,415,shopping,card,,,voice_transcript
1892 rupay Amit via Paytm,1892,friends,upi,paytm,,hinglish_natural
bhai bhai ko udhar return kiya 16849 rs PayTM se,16849,friends,upi,paytm,,friends_synthetic
"YouTube Premium BILL
St: Rs 3048
CARD APPROVED",3048,entertainment,card,,,ocr_receipt
Used Jupiter debit card to pay ₹21.36 for Croma,21.36,shopping,card,,jupiter,english_natural
"Lenskart
Net Amount 2336.29
Paid via CARD",2336.29,shopping,card,,rbl,ocr_receipt
yaar 1072 rupay recharge kar diya rent pe card se pay kar diya,1072,utilities,card,,,hinglish_natural
Paid bhai Rs.3704 using PayTM,3704,friends,upi,paytm,,english_natural
BSNL pe 27993 rs. ka bill pay kiyaa UPI se pay kar diya,27993,utilities,upi,phonepe,bob,hinglish_natural
diagnostic 1825 rs. UPI se,1825,healthcare,upi,gpay,,hinglish_natural
paid 3453 to Tata CLiQ through card from axis,3453,shopping,card,,axis,voice_transcript
lunch dinner food order swiggy zomato restaurant meal 1716 cash,1716,food,cash,,hdfc,cue_row
spent 2037 rupees on 1mg via niyo,2037,healthcare,upi,niyo,,voice_transcript
paid 2638 to Vi recharge through gpay from slice,2638,utilities,upi,gpay,slice,voice_transcript
1MG INR 1017 YES BANK,1017,healthcare,card,,yes bank,english_natural
"TAX INVOICE
Haldirams
Grand Total: INR 364.52
Payment: CARD",364.52,food,card,,,ocr_receipt
"D NETFLIX 9872 Completed 26Feb 2026,6:02 pm Bank of Baroda Bank 5625 UPI transaction ID 7516748673 TO:NETFLIX netflix.57593@bank of barodabank Goog1etransaction lD CICAgJjg217748 OPI Phone Pe",9872,entertainment,upi,phonepe,bob,ocr_upi
Personal loan installment INR 19923,19923,emi,card,,,source_english
Swiggy 2365 rs UPI se diyee,2365,food,upi,cred,,hinglish_natural
Airtel recharge 33.22 Google Pay Payment done Kotak 4560,33.22,utilities,upi,gpay,kotak,ocr_upi
spent 2227 rupees on Burger King via G Pay,2227,food,upi,gpay,,voice_transcript
kal Groww 1723 rs. card se,1723,investment,card,,icici,hinglish_natural
25426 rs transfer kiyaa Priya pe PayTM pe,25426,friends,upi,paytm,,hinglish_natural
₹3575 paid to car loan EMI via Visa from kotak,3575,emi,card,,kotak,english_natural
Coursera ka course liyaa 3514 GPay se pay kia,3514,education,upi,gpay,,hinglish_natural
stocks se SIP bharra 7285 rs ka card se pay kiyaa State Bank wale account se,7285,investment,card,,sbi,hinglish_natural
Biryani Blues 32619 rs. debit card se,32619,food,card,,axis,hinglish_natural
1533 rupaiye SBI loan card se pay kar diya,1533,emi,card,,,hinglish_natural
i did 25118 expense on ET Money using Cred,25118,investment,upi,cred,,voice_transcript
friend ka transfer kia 192 rs haath se diyee,192,friends,cash,,,hinglish_natural
"TAX INVOICE
Lenskart
Grand Total: 1160
Payment: CARD",1160,healthcare,card,,,ocr_receipt
amazon flipkart myntra online shopping order INR 34404 card,34404,shopping,card,,,cue_row
SonyLIV 21470.44 Cred Successful Kotak Mahindra 3425,21470.44,entertainment,upi,cred,kotak,ocr_upi
146 rupaye rent debit card se,146,utilities,card,,,hinglish_natural
Used Fi debit card to pay 2015 for NPS,2015,investment,card,,fi,english_natural
4351 ₹ test karaya lab test pe cash me,4351,healthcare,cash,,,hinglish_natural
Vedantu payment ?68.65 done via Visa,68.65,education,card,,hdfc,english_natural
219.85 eye checkup,219.85,healthcare,upi,phonepe,hdfc,english_natural
"D CHAIPOINT 371 Completed 24Feb 2026,2:40 pm Canara Bank Bank 2819 UPI transaction ID 21606392318678 TO:CHAIPOINT chai point.24875@canara bankbank Goog1etransaction lD CICAgJjg080238 OPI Jupiter",371,food,upi,jupiter,canara,ocr_upi
Used slice PhonePe to pay 560 for Amazon Prime,560,entertainment,upi,phonepe,slice,english_natural
Paid R 701.88 for bhai via Gpay,701.88,friends,upi,gpay,,english_natural
home loan EMI ka 2754 rupees ka bill card se pay kiya,2754,emi,card,,,voice_transcript
"Snapdeal BILL
St: Rs.71.83
CARD Approved",71.83,shopping,card,,,ocr_receipt
₹22164 to Snapdeal via Slice,22164,shopping,upi,slice,,english_natural
1827 ka Gaana bill pay kiya phonepe se,1827,entertainment,upi,phonepe,,voice_transcript
phonepe payment Rs 372 RedBus axis 4192 completed,372,travel,upi,phonepe,axis,ocr_upi
299 rupaye Bewakoof debit card se,299,shopping,card,,idfc,hinglish_natural
486 rupaiye mall credit card se,486,shopping,card,,,hinglish_natural
Tata Play me 45700 rupay ka bill pay kia via Phone Pe,45700,utilities,upi,phonepe,,hinglish_natural
dopahar ko 363 rs. SonyLIV jupiter pe,363,entertainment,upi,jupiter,,hinglish_natural
"Apollo Pharmacy
Net Amount 383.79
Paid via CASH",383.79,healthcare,cash,,pnb,ocr_receipt
IndiGo pe 138 rupaye ka petrol bhra card se pay kar diya,138,travel,card,,,hinglish_natural
"BSNL BILL
St: 96
Gpay Approved",96,utilities,upi,gpay,yes bank,ocr_receipt
Tata Play Rs.13372.93 Google Pay,13372.93,utilities,upi,gpay,axis,ocr_upi
405 ₹ stock liya Paytm Money ko card se pay kya,405,investment,card,,bob,hinglish_natural
Bewakoof 388 credit card se,388,shopping,card,,,hinglish_natural
2565 ka Meesho bill pay kiya PhonePe se,2565,shopping,upi,phonepe,,voice_transcript
Coursera se fees bhara 4946 rs ka card se pay kiya,4946,education,card,,hdfc,hinglish_natural
456 ka Spotify bill pay kiya card se,456,entertainment,card,,,voice_transcript
bhai Bewakoof ka 111 rupaye gpay se de diya,111,shopping,upi,gpay,,voice_transcript
Bharat Petroleum 34557 Phone Pe Successful Kotak Mahindra 4768,34557,travel,upi,phonepe,kotak,ocr_upi
aaj Udemy ka tuition diy 3639 rupaiye debit card se,3639,education,card,,,hinglish_natural
"BILL
mess
₹34228
GPay
Thank You Visit Again",34228,food,upi,gpay,indusind,ocr_receipt
3825 rupees RedBus card se pay kiya bhai,3825,travel,card,,sbi,hinglish_natural
Amazon purchase INR 49922,49922,shopping,card,,,source_english
concert ka ticket liyaa 24645 ₹ cash me SBI se kata,24645,entertainment,cash,,sbi,hinglish_natural
44585 rupees bro Phone Pe,44585,friends,upi,phonepe,,voice_transcript
Bewakoof ka khareed lia 1957 rupaiye card se,1957,shopping,card,,,hinglish_natural
INR 335.98 debited from your State Bank account for credit card EMI (Paytm UPI),335.98,emi,upi,paytm,sbi,ocr_upi
school college tuition course books fees Rs.877 cash,877,education,cash,,,cue_row
Paid car loan EMI 408 using Visa,408,emi,card,,,english_natural
Coursera ka 19556 rupees ka bill card se pay kiya,19556,education,card,,hdfc,voice_transcript
4396 rupees ET Money slice pe,4396,investment,upi,slice,hdfc,hinglish_natural
Kuvera ₹1904 Cred,1904,investment,upi,cred,sbi,ocr_upi
Paid Myntra INR 3973 using Paytm,3973,shopping,upi,paytm,,english_natural
kal roommate ka paise bheje 17899 rs. credit card se,17899,friends,card,,hdfc,hinglish_natural
Payment of INR 24829 to Snapdeal was successful via Phonepe UPI Ref No 7384315567695 ICICI Account 6069,24829,shopping,upi,phonepe,icici,ocr_upi
aaj Neha pe 14126 rupaye kharcha hua PhonePe se,14126,friends,upi,phonepe,bandhan,voice_transcript
ACT Fibernet ?3882 Cred,3882,utilities,upi,cred,fi,english_natural
t4775 debited from your BOB account for Apollo Pharmacy (Gpay UPI),4775,healthcare,upi,gpay,bob,ocr_upi
kal Shreya 47743 ₹ PayTM pe bc,47743,friends,upi,paytm,,hinglish_natural
i paid 742 rupees for ET Money using card,742,investment,card,,fi,voice_transcript
dopahar ko 299 rs. khareed le liya Nykaa pe card se,299,shopping,card,,,hinglish_natural
"food court BILL
St: Rs 1991.86
Google Pay approved",1991.86,food,upi,gpay,,ocr_receipt
dopahar ko 237 cab liyaa IRCTC pe haath se de diye sbi account se,21048,travel,cash,,sbi,source_hinglish
Used Kotak card to pay ₹326 for library,326,education,card,,kotak,english_natural
Reliance Fresh Rs.3202 cash,3202,food,cash,,slice,english_natural
sent money to bro ₹13772 on PhonePe,13772,friends,upi,phonepe,indusind,friends_synthetic
aaj exam fee se tuition de diya 353 rupay ka credit card se,353,education,card,,hdfc,hinglish_natural
aaj mall se order kiyaa 23399 rupaye ka G Pay se pay kr diya PNB wale account se yaar,23399,shopping,upi,gpay,pnb,hinglish_natural
"Receipt #8471
mobile recharge
Amount Paid: Rs.296
Mode: CARD",296,utilities,card,,,ocr_receipt
electricity water broadband mobile recharge bill Rs 236 Fi Money,236,utilities,upi,fi,,cue_row
college fees me 129 rs. ka tuition diyee cash de diye,129,education,cash,,,hinglish_natural
"TAX INVOICE
Behrouz
Grand Total: 1914.40
Payment: CARD",1914.40,food,card,,,ocr_receipt
maine 41813 rupaye SonyLIV ko diye card se,41813,entertainment,card,,jupiter,voice_transcript
coaching exam preparation study material 4360 phonepe,4360,education,upi,phonepe,,cue_row
stationery ka fees bhra 340 rupaye haath se die,340,education,cash,,,hinglish_natural
i paid 4484 rupees for car loan EMI using card,4484,emi,card,,,voice_transcript
dinner split 305 rupaye bhai PhonePe,305,friends,upi,phonepe,,friends_synthetic
i did 480 expense on Bajaj Finance EMI using bhim,480,emi,upi,bhim,,voice_transcript
ATM/CASH/BANK/150.20,150.20,utilities,upi,paytm,,english_natural
SIP pe 23073 rupay ka SIP bhar diya Google Pay se,23073,investment,upi,gpay,bob,hinglish_natural
POS/RELIANCE DIGITAL/CASH/8115,45726,shopping,cash,,,english_natural
"SPOTIFY
Item 1 INR 75
Item 2 INR 415
Total Rs3806
Cred",3806,entertainment,upi,cred,,ocr_receipt
2661 rs petrol pump debit card se,2661,travel,card,,fi,hinglish_natural
INR 387 to Amit cash UPI,387,friends,cash,,,friends_synthetic
ATM/CASH/BANK/344,344,investment,card,,,english_natural
aaj H&M pe 43368 rupaye kharcha hua card se,43368,shopping,card,,,voice_transcript
3073 rupees exam fee cash diye yaar,3073,education,cash,,niyo,hinglish_natural
₹138.01 paid to Spotify via cash from ICICI,138.01,entertainment,cash,,icici,english_natural
POS/HALDIRAMS/JUPITER/6348,42487.71,food,upi,jupiter,,english_natural
"Gaana BILL
St: Rs4358.61
slice approved",4358.61,entertainment,upi,slice,,ocr_receipt
i did 3706 expense on gold using Google Pay,3706,investment,upi,gpay,,voice_transcript
personal loan installment EMI deduction Rs2739 card,2739,emi,card,,sbi,cue_row
1819 rs kiraya diye rickshaw ko card se,1819,travel,card,,,hinglish_natural
Uber Rs.1542.15 card,1542.15,travel,card,,,english_natural
lunch dinner food order swiggy zomato restaurant meal 4934 cash,4934,food,cash,,,cue_row
236 tuition diyee Vedantu pe card se,236,education,card,,,hinglish_natural
177 rupaye tuition de diya upGrad ko UPI se bhai,177,education,upi,fi,,hinglish_natural
i paid 4227 rupees for society maintenance using cash,4227,utilities,cash,,,voice_transcript
market ka shopping kar diya 25161 rs credit card se,25161,shopping,card,,,hinglish_natural
1317 rupay hospital UPI se,1317,healthcare,upi,jupiter,hdfc,hinglish_natural
Bought Nykaa for INR 1838.94 with Slice,1838.94,shopping,upi,slice,sbi,english_natural
₹10892 paid to Bajaj Finance EMI via bhim from Kotak Mahindra,10892,emi,upi,bhim,kotak,english_natural
mutual fund SIP stocks PPF FD investment 46494 card,46494,investment,card,,,cue_row
263 rs ride liya petrol pump pe UPI se achha deal mila,263,travel,upi,phonepe,hdfc,hinglish_natural
books 71 rupaye haath se diy Bank of Baroda wale account se,71,education,cash,,bob,hinglish_natural
dopahar ko tuition se fees bhara 4748 rs. ka credit card se,4748,education,card,,canara,hinglish_natural
Rs24808.87 charged for JioCinema on Visa,24808.87,entertainment,card,,,english_natural
i paid 2490 rupees for PharmEasy using card,2490,healthcare,card,,,voice_transcript
Payment of Rs.1664.80 to 1mg was successful via Niyo UPI Ref No 286178058138057 Axis Bank Account 5547,1664.80,healthcare,upi,niyo,axis,ocr_upi
271 rs SonyLIV Slice se pay kr diya,271,entertainment,upi,slice,federal bank,hinglish_natural
21586 debited from your HDFC account for bhai (Phone Pe UPI),21586,friends,upi,phonepe,hdfc,ocr_upi
Paid 598.00 to Croma G Pay UPI PNB 6125 Completed,598.00,shopping,upi,gpay,pnb,ocr_upi
subah Groww ka stock le liya 2078 rs via Bhim,29848,investment,upi,bhim,,source_hinglish
Rapido 23728 rupay via Bhim,19311,travel,upi,bhim,,source_hinglish
spent 45 rupees on college fees via card,45,education,card,,,voice_transcript
Payment of INR 188 to Goibibo was successful via Google Pay UPI Ref No 547617275735 Kotak Mahindra Account 8777,188,travel,upi,gpay,kotak,ocr_upi
college fees se admission kiya 315 rs. ka UPI se,315,education,upi,paytm,kotak,hinglish_natural
maine 12798 rupaye PVR ko diye card se,12798,entertainment,card,,,voice_transcript
FreshMenu ka khana order kar diya 49894 rupay cash diy,49894,food,cash,,,hinglish_natural
paid 1697 to Behrouz through card from sbi,1697,food,card,,sbi,voice_transcript
office se aate hue 39875 rupaye fees bhara stationery pe paytm pe RBL Bank wale account se,39875,education,upi,paytm,rbl,hinglish_natural
education loan EMI me 4727 rs. ka loan payment kia Fi se pay kia,4727,emi,upi,fi,hdfc,hinglish_natural
Payment of 49170.95 to bike loan EMI was successful via GPay UPI Ref No 6540800438652 Punjab National Bank Account 8209,49170.95,emi,upi,gpay,pnb,ocr_upi
Lenskart me 4549 ka doctor ko diy UPI se diye HDFC wale account se,4549,healthcare,upi,cred,hdfc,hinglish_natural
Rs.44339.66 to Priya via paytm,44339.66,friends,upi,paytm,,english_natural
Just paid Rs.2483.58 to roommate through paytm,2483.58,friends,upi,paytm,,english_natural
Spent Rs.23747.27 on Flipkart using cash,23747.27,shopping,cash,,,english_natural
PPF contribution INR 9988,9988,investment,upi,cred,hdfc,source_english
education loan EMI me 165 rupay ka installment diy card se sasta tha,165,emi,card,,,hinglish_natural
"BILL
Amazon
Rs102.20
CARD
Thank You Visit Again",102.20,shopping,card,,,ocr_receipt
medical checkup lab test health insurance INR 349 cash,349,healthcare,cash,,,cue_row
"TAX INVOICE
Netflix
Grand Total: Rs3947
Payment: phonepe",3947,entertainment,upi,phonepe,,ocr_receipt
Vikram mein 522 lag gaye cash se bhara,522,friends,cash,,sbi,voice_transcript
books 90.87 niyo Payment done IDFC First 9076,90.87,education,upi,niyo,idfc,ocr_upi
Angel One ka invest kr diya 25518 rupees credit card se bc,25518,investment,card,,,hinglish_natural
phonepe payment ₹108 dost Axis Bank 2957 done,108,friends,upi,phonepe,axis,ocr_upi
Spotify me 4635 rupaiye ka show dekha card se pay kar diya,4635,entertainment,card,,,hinglish_natural
45 checkup karaya Practo pe card se pay kia,45,healthcare,card,,sbi,hinglish_natural
Snapdeal 4859.22 PayTM Successful sbi 9246,4859.22,shopping,upi,paytm,sbi,ocr_upi
education loan EMI se loan payment kr diya 19880 rs ka debit card se,19880,emi,card,,,hinglish_natural
split bill 21398 card se Rohan ko diya,21398,friends,card,,axis,friends_synthetic
EatFit 25473 debit card se,25473,food,card,,jupiter,hinglish_natural
Croma Rs.31 fi,31,shopping,upi,fi,bob,ocr_upi
Paid INR 3618.34 for auto from my ICICI Bank account via Phonepe,3618.34,travel,upi,phonepe,icici,english_natural
BookMyShow ka movie dekhi 486 rupaiye via phonepe,486,entertainment,upi,phonepe,,hinglish_natural
POS/GOLD/DEBIT CARD/5789,632.04,investment,card,,sbi,english_natural
Reliance Digital 72 rupay credit card se SBI account se bohot mehenga,22831,shopping,card,,sbi,source_hinglish
Paid home loan EMI ?441 using debit card,441,emi,card,,,english_natural
3263 Flipkart credit card se,3263,shopping,card,,,hinglish_natural
"Receipt #9774
PharmEasy
Amount Paid: ₹16363
Mode: GPay",16363,healthcare,upi,gpay,sbi,ocr_receipt
NEFT/TRANSFER/CREDIT CARD EMI/,3741,emi,upi,gpay,,english_natural
DMart 46311 rupaye Gpay se pay kia axis account se,46311,food,upi,gpay,axis,hinglish_natural
aaj dentist ka dawai liyaa 37885 rs card se SBI account se,12468,healthcare,card,,sbi,source_hinglish
Cleartrip 118 rupaye UPI se de diye,118,travel,upi,paytm,slice,hinglish_natural
hospital doctor pharmacy medicine diagnostic 122 card,122,healthcare,card,,,cue_row
"SUBWAY RESTAURANT
Total 2883
Cash Received
Change 0.00",2883,food,upi,cred,icici,ocr_receipt
medical checkup lab test health insurance ?22155 Paytm,22155,healthcare,upi,paytm,,cue_row
ghar jaate waqt 47746 ₹ SpiceJet via Jupiter,47746,travel,upi,jupiter,pnb,hinglish_natural
mutual fund SIP stocks PPF FD investment R 4989 card,4989,investment,card,,sbi,cue_row
Jio recharge ka payment kiya 33433 ₹ card se pay kia yaar,33433,utilities,card,,,hinglish_natural
ET Money ka paisa daala 42879 rupaye debit card se,42879,investment,card,,jupiter,hinglish_natural
112 rs EaseMyTrip UPI se pay kia yaar,26497,travel,upi,cred,,source_hinglish
2685 cash petrol pump,2685,travel,cash,,,english_natural
"TAX INVOICE
broadband
Grand Total: 471.23
Payment: Gpay",471.23,utilities,upi,gpay,,ocr_receipt
dopahar ko IndiGo ka petrol bhra 357 rs. Paytm se bc,16317,travel,upi,paytm,,source_hinglish
INOX INR 351.38,351.38,entertainment,card,,,english_natural
Paid Uber Rs 200 using Phone Pe,200,travel,upi,phonepe,,english_natural
Faasos Rs 2389 Mastercard,2389,food,card,,,english_natural
dinner split 11485 rupaye bro Phone Pe,11485,friends,upi,phonepe,sbi,friends_synthetic
Used IDFC debit card to pay Rs.38 for Kuvera,38,investment,card,,idfc,english_natural
"Receipt #3072
Netflix
Amount Paid: INR 22757
Mode: Paytm",22757,entertainment,upi,paytm,pnb,ocr_receipt
paid back friend lent money Rs 4804 cash,4804,friends,cash,,,cue_row
Zara me 28975 rs. ka order kia card se,28975,shopping,card,,,hinglish_natural
100 ka diagnostic bill pay kiya paytm se IDFC First se kata,100,healthcare,upi,paytm,idfc,voice_transcript
CCD ka khana order kya 2177 rs. cash diyee,28642,food,cash,,pnb,source_hinglish
grocery vegetables milk bread fruits 16934 paid jupiter,16934,food,upi,jupiter,,cue_row
concert 494 ₹ credit card se,494,entertainment,card,,,hinglish_natural
1739 rupaiye Ola naqad,1739,travel,cash,,,hinglish_natural
4764 rs. SIP bhar diya SIP pe debit card se YES BANK se,4764,investment,card,,yes bank,hinglish_natural
flatmate rent share 2722 slice Rahul,2722,friends,upi,slice,,friends_synthetic
Amit Rs.24948.95 Fi Money,24948.95,friends,upi,fi,icici,ocr_upi
sent money to roommate 12986 on Slice,12986,friends,upi,slice,,friends_synthetic
269 rupaiye Apple Music haath se die,269,entertainment,cash,,icici,hinglish_natural
₹3946 paid to EaseMyTrip via Fi from Niyo,3946,travel,upi,fi,niyo,english_natural
1935 rupaye Pooja haath se diy,1935,friends,cash,,sbi,hinglish_natural
127 rupay books liyaa Udemy ko UPI se,127,education,upi,paytm,kotak,hinglish_natural
Rahul ₹4625 debited from Jupiter,4625,friends,upi,phonepe,jupiter,english_natural
rent maintenance gas connection 4703 phonepe,4703,utilities,upi,phonepe,,cue_row
293 rs loan payment kia education loan EMI ko credit card se,293,emi,card,,,hinglish_natural
credit card EMI ka EMI kat gayi 1599 rupaiye paytm se,1599,emi,upi,paytm,,hinglish_natural
"D BLINKIT 1916 Completed 10Mar 2026,7:28 pm HDFC Bank 6296 UPI transaction ID 13700174931 TO:BLINKIT blinkit.69114@hdfcbank Googletransaction lD XYZabc730217 OPI Jupiter",1916,food,upi,jupiter,hdfc,ocr_upi
flatmate ka 1988 rupees ka bill GPay se pay kiya,1988,friends,upi,gpay,,voice_transcript
Netflix subscription INR 33127,33127,entertainment,card,,,source_english
"coaching 654 Completed 17Aug 2025,4:21 am HDFC Bank 9410 UPI transaction ID 47324205703659",654,education,upi,gpay,hdfc,ocr_upi
NEFT/TRANSFER/TUITION/,29250.59,education,upi,gpay,,english_natural
₹12886 paid to bike loan EMI via G Pay from icici,12886,emi,upi,gpay,icici,english_natural
3046 ₹ bill bharra broadband ko UPI se,3046,utilities,upi,phonepe,,hinglish_natural
Rs.22772.69 to EaseMyTrip via phonepe HDFC account,22772.69,travel,upi,phonepe,hdfc,english_natural
BSNL ka recharge kar diya 1432 ₹ Google Pay se pay kar diya,1432,utilities,upi,gpay,,hinglish_natural
53 stationery card se pay kiya,53,education,card,,,hinglish_natural
1934 rupees water bill Gpay,1934,utilities,upi,gpay,,voice_transcript
378 rupees Vikram cash,378,friends,cash,,,voice_transcript
market se order kia 184 rupees ka cash me,184,shopping,cash,,,hinglish_natural
Blinkit 20 rs gpay pe,20,food,upi,gpay,,hinglish_natural
raat ko 33377 rs. rent via PhonePe,1840,utilities,upi,phonepe,sbi,source_hinglish
Reliance Fresh ka 2291 rupees ka bill card se pay kiya,2291,food,card,,fi,voice_transcript
paid 4217 to college fees through card,4217,education,card,,,voice_transcript
gas bill pe 21492 rupaye ka bill pay kr diya SLICE pe,21492,utilities,upi,slice,,hinglish_natural
maine 36789 rupaye EaseMyTrip ko diye card se,36789,travel,card,,slice,voice_transcript
₹13650 debited from your SBI account for Amit (Phone Pe UPI),13650,friends,upi,phonepe,sbi,ocr_upi
Air India Rs.290.01 cash,290.01,travel,cash,,,english_natural
gaming se game liya 184 rupees ka credit card se,184,entertainment,card,,,hinglish_natural
grocery vegetables milk bread fruits Rs.11056 paid phonepe,11056,food,upi,phonepe,,cue_row
Ananya ko 8865 transfer kiya gpay se,8865,friends,upi,gpay,,friends_synthetic
ATM/CASH/NIYO/390,390,utilities,upi,gpay,niyo,english_natural
office se aate hue 301 ₹ Angel One card se,301,investment,card,,,hinglish_natural
bro se paise bheje 5166 rs. ka via PhonePe matlab,5166,friends,upi,phonepe,,hinglish_natural
Paid 4132 to yaar Phonepe UPI Indusind Bank 5645 Completed,4132,friends,upi,phonepe,indusind,ocr_upi
Paid Croma ₹451 using Mastercard,451,shopping,card,,,english_natural
"Receipt #4907
EatFit
Amount Paid: ₹2077
Mode: Google Pay",2077,food,upi,gpay,,ocr_receipt
lunch dinner food order swiggy zomato restaurant meal ₹23604 paytm,23604,food,upi,paytm,,cue_row
TO:BOOKS books.67524@yesbankbank From:UTSAVJANA (Yes Bank Phone Pe : sender7938@okyesbankbank,2612,education,upi,phonepe,yes bank,ocr_upi
gas bill pe 42429 ka bill pay kiyaa UPI se pay kr diya,42429,utilities,upi,cred,,hinglish_natural
Bajaj Finance EMI ka loan payment kiyaa 4798 PayTM se pay kar diya,4798,emi,upi,paytm,fi,hinglish_natural
Angel One ka mutual fund kr diya 2991 rs. NIYO se pay kiyaa,38240,investment,upi,niyo,,source_hinglish
Tata Play 47426 rupees Google Pay se,47426,utilities,upi,gpay,,hinglish_natural
today i spent 3334 on HDFC loan via Niyo from my Fi Money bank,3334,emi,upi,niyo,fi,voice_transcript
4722 to colleague G Pay UPI,4722,friends,upi,gpay,,friends_synthetic
"Receipt #1478
Croma
Amount Paid: Rs 727.56
Mode: CARD",727.56,shopping,card,,,ocr_receipt
Paid ₹4856 to Reliance Fresh Niyo UPI Indusind Bank 3677 Successful,4856,food,upi,niyo,indusind,ocr_upi
exam fee ka course le liya 29022 rupees haath se diye,29022,education,cash,,fi,hinglish_natural
Just paid INR 4444 to Bajaj Finance EMI through Mastercard,4444,emi,card,,,english_natural
hospital doctor pharmacy medicine diagnostic INR 377 card,377,healthcare,card,,axis,cue_row
327 rs home loan EMI UPI se,327,emi,upi,phonepe,,hinglish_natural
aaj Tata CLiQ me 24828 rupaiye ka buy kr diya debit card se,24828,shopping,card,,,hinglish_natural
credit card EMI 3924.05 BHIM Successful PNB 9284,3924.05,emi,upi,bhim,pnb,ocr_upi
bhai flatmate ko udhar return kiya 4475 rs cash se,4475,friends,cash,,,friends_synthetic
ACT Fibernet Rs.358 paytm,358,utilities,upi,paytm,,english_natural
sent money to friend t3284 on Google Pay,3284,friends,upi,gpay,,friends_synthetic
petrol diesel fuel Rs.6572 at pump cash,6572,travel,cash,,bob,cue_row
DishTV ka recharge kya 2596 rupaye naqad,2596,utilities,cash,,,hinglish_natural
Air India 2387 Niyo Completed icici 6168,2387,travel,upi,niyo,icici,ocr_upi
TO:GAMING gaming.49807@hdfcbank From:PRIYASHARMA (HDFC fi : sender2374@okhdfcbank,152.45,entertainment,upi,fi,hdfc,ocr_upi
gold me 1600 rs. ka SIP bhra card se,1600,investment,card,,,hinglish_natural
Used Jupiter cash to pay Rs.376 for Udemy,376,education,cash,,jupiter,english_natural
Practo ka medicine lya 3894 rs. cash de diye,3894,healthcare,cash,,,hinglish_natural
Paid JioMart Rs.45977.21 using cash,45977.21,food,cash,,,english_natural
yaar Uber 40418 haath se die,40418,travel,cash,,,hinglish_natural
Unacademy Rs34797 debited from HDFC Bank,34797,education,cash,,hdfc,english_natural
PayTM payment Rs1808 Jio recharge HDFC 1639 done,1808,utilities,upi,paytm,hdfc,ocr_upi
MedPlus 162 rs. card se,162,healthcare,card,,hdfc,hinglish_natural
mutual fund SIP stocks PPF FD investment Rs 1290 phonepe,1290,investment,upi,phonepe,,cue_row
ACT Fibernet ka recharge kia 4810 slice se pay kiya,4810,utilities,upi,slice,,hinglish_natural
raat ko electronics store 275 rupaiye PayTM pe,275,shopping,upi,paytm,,hinglish_natural
1987 ka mobile recharge bill pay kiya Cred se jupiter se kata,1987,utilities,upi,cred,jupiter,voice_transcript
yaar 490 khareed lia Nykaa ko debit card se bohot mehenga,490,shopping,card,,sbi,hinglish_natural
dost Shreya ko 20975 rupaye card se bheje,20975,friends,card,,,friends_synthetic
39816 paid to Netmeds via Mastercard from PNB,39816,healthcare,card,,pnb,english_natural
amazon flipkart myntra online shopping order Rs.23195 card,23195,shopping,card,,,cue_row
electricity water broadband mobile recharge bill Rs482 SLICE,482,utilities,upi,slice,,cue_row
PhonePe payment Rs.34017.87 water bill sbi 7225 done,34017.87,utilities,upi,phonepe,sbi,ocr_upi
Movie ticket booking INR 18567,18567,entertainment,card,,,source_english
Payment of Rs6682.19 to Burger King was successful via gpay UPI Ref No 1075350246 hdfc Account 2206,6682.19,food,upi,gpay,hdfc,ocr_upi
kal 493 rupaiye MakeMyTrip naqad,493,travel,cash,,,hinglish_natural
Paid 1mg ₹3196 using cash,3196,healthcare,cash,,,english_natural
YouTube Premium me 2319 rs ka ticket liyaa UPI se,2319,entertainment,upi,gpay,,hinglish_natural
EatFit se food order kiya 4043 rs. ka UPI se,4043,food,upi,paytm,kotak,hinglish_natural
Unacademy ka books liyaa 28047 rs credit card se SLICE account se,28047,education,card,,slice,hinglish_natural
"Receipt #2133
JioMart
Amount Paid: ?19078
Mode: CASH",19078,food,cash,,indusind,ocr_receipt
Paid ₹608.47 to Jio recharge jupiter UPI State Bank 1509 Done,608.47,utilities,upi,jupiter,sbi,ocr_upi
office se aate hue dentist pe 1887 ka dawai liya SLICE se,1887,healthcare,upi,slice,,hinglish_natural
aaj Zepto 2074 rupaye cash diy,2074,food,cash,,,hinglish_natural
Just paid Rs.1220.39 to Lenskart through Gpay,1220.39,healthcare,upi,gpay,,english_natural
Bought credit card EMI for INR 330 with Visa,330,emi,card,,,english_natural
"BILL
Vi recharge
39695
Google Pay
Thank You Visit Again",39695,utilities,upi,gpay,,ocr_receipt
library se books liya 1882 rupees ka cash de diye,1882,education,cash,,,hinglish_natural
Udemy ka tuition diyee 258 rs debit card se bhai,258,education,card,,,hinglish_natural
doctor 4234 rupaye card se sasta tha,4234,healthcare,card,,axis,hinglish_natural
Paid stationery ₹209 using Mastercard,209,education,card,,,english_natural
Ola ka cab le liya 509 rupaiye UPI se diy,509,travel,upi,phonepe,pnb,hinglish_natural
personal loan installment EMI deduction Rs2336 card,2336,emi,card,,,cue_row
FirstCry se order kar diya 35661 rupaye ka UPI se,35661,shopping,upi,paytm,sbi,hinglish_natural
aaj Gaana 10781 rupaye credit card se,10781,entertainment,card,,,hinglish_natural
bhai me 34 ka paise bheje cash me,34,friends,cash,,,hinglish_natural
maine 143 rupaye rent ko diye G Pay se,143,utilities,upi,gpay,,voice_transcript
"CROMA RESTAURANT
Total 8067
Cash Received
Change 0.00",8067,shopping,card,,,ocr_receipt
Paid 3454 to Haldirams paytm UPI Axis Bank 1937 Successful,3454,food,upi,paytm,axis,ocr_upi
dinner split 586 rupaye Vikram cash,586,friends,cash,,,friends_synthetic
abhi Bharat Petroleum pe 4851 rupaye ka petrol bhra credit card se,4851,travel,card,,,hinglish_natural
Arjun ka split kar diya 20028 rupaiye card se pay kiya,20028,friends,card,,icici,hinglish_natural
Netflix me 243 rs ka show dekha card se pay kiya,243,entertainment,card,,,hinglish_natural
40523 rupaye doctor ko diy eye checkup pe card se pay kr diya,40523,healthcare,card,,hdfc,hinglish_natural
Bought Burger King for ₹19802 with Slice,19802,food,upi,slice,,english_natural
i paid 4002 rupees for Reliance Digital using card,4002,shopping,card,,axis,voice_transcript
dopahar ko HDFC loan ka installment diy 36185 rupaiye UPI se pay kya,36185,emi,upi,bhim,,hinglish_natural
40393 paid to Goibibo via paytm UPI from icici Bank ending 2111,40393,travel,upi,paytm,icici,ocr_upi
mutual fund 2942 Gpay Payment done Punjab National Bank 1375,2942,investment,upi,gpay,pnb,ocr_upi
school fees pe 451 rs. ka admission kr diya haath se diy,451,education,cash,,hdfc,hinglish_natural
Paid Rs 4206 to Udemy jupiter UPI hdfc 6607 Done,4206,education,upi,jupiter,hdfc,ocr_upi
credit card EMI me 44309 rs. ka EMI bhara debit card se,44309,emi,card,,,hinglish_natural
"D MUTUALFUND 367.39 Completed 14Jan 2026,5:07 pm Indusind Bank Bank 3970 UPI transaction ID 27043917983 TO:MUTUALFUND mutual fund.15088@indusind bankbank Soogletransaction lD CICAgJjg110938 OPI Cred",367.39,investment,upi,cred,indusind,ocr_upi
bhai 1mg se test karaya 1756 rupaiye ka cash me,1,healthcare,cash,,,hinglish_natural
Priya 1599 card se,1599,friends,card,,sbi,hinglish_natural
aaj metro pe 25210 rupaye kharcha hua card se,25210,travel,card,,,voice_transcript
colleague ko 453 transfer kiya G Pay se,453,friends,upi,gpay,,friends_synthetic
DishTV pe 461 rupay ka recharge kiya UPI se diy,461,utilities,upi,phonepe,kotak,hinglish_natural
477 debited from your BOB account for Coin (Paytm UPI),477,investment,upi,paytm,bob,ocr_upi
sent Rs 15939 to Rahul on cash,15939,friends,cash,,,friends_synthetic
Paid mall INR 462.19 using Cred from sbi,462.19,shopping,upi,cred,sbi,english_natural
flight booking travel ticket 4926 card,4926,travel,card,,,cue_row
Rs.7007 debited from your sbi account for Flipkart (gpay UPI),7007,shopping,upi,gpay,sbi,ocr_upi
Mobile recharge INR 36285,36285,utilities,upi,gpay,,source_english
4108 rs. CCD UPI se,4108,food,upi,paytm,hdfc,hinglish_natural
bhai Coursera 2547 rs haath se diye sbi se kata,2547,education,cash,,sbi,hinglish_natural
379 ka car loan EMI bill pay kiya card se HDFC Bank se kata,379,emi,card,,hdfc,voice_transcript
Groww 1607 rupaiye UPI se pay kiyaa,1607,investment,upi,gpay,,hinglish_natural
i paid 187 rupees for Zerodha using card,187,investment,card,,,voice_transcript
1209 rupaiye Priya UPI se pay kya,1209,friends,upi,paytm,,hinglish_natural
kal Burger King pe 2203 ka kha liya UPI se pay kia axis se kata,2203,food,upi,jupiter,axis,hinglish_natural
gas bill se bill bharra 45499 ₹ ka Jupiter se pay kiyaa sbi account se yaar,45499,utilities,upi,jupiter,sbi,hinglish_natural
KFC mein 34201 lag gaye PhonePe se bhara,34201,food,upi,phonepe,niyo,voice_transcript
dost Divya ko 3387 rupaye Bhim se bheje,3387,friends,upi,bhim,kotak,friends_synthetic
hospital doctor pharmacy medicine diagnostic Rs.36650 Cred,36650,healthcare,upi,cred,,cue_row
"mall
Net Amount 49454.45
Paid via gpay",49454.45,shopping,upi,gpay,,ocr_receipt
2575 rupay Vi recharge card se pay kar diya,2575,utilities,card,,fi,hinglish_natural
HDFC loan se EMI kat gayi 546 rupaye ka UPI se diy State Bank se kata,546,emi,upi,slice,sbi,hinglish_natural
43897 GPay concert,43897,entertainment,upi,gpay,,english_natural
sent t204 to Pooja on PhonePe,204,friends,upi,phonepe,,friends_synthetic
15388 rupaye stationery card se,15388,education,card,,,hinglish_natural
stocks pe 1203 rupay ka mutual fund kya slice se pay kr diya idfc se,1203,investment,upi,slice,idfc,hinglish_natural
2989 rupaye split kya colleague pe UPI se pay kiyaa,2989,friends,upi,phonepe,,hinglish_natural
dost Shreya ko 4050 rupaye cash se bheje,4050,friends,cash,,,friends_synthetic
Udemy ka fees bharaa 47249 rupaiye UPI se achha deal mila,47249,education,upi,phonepe,,hinglish_natural
bhai Ajio me 4757 rupaye ka saman lia card se,4757,shopping,card,,,hinglish_natural
"MedPlus BILL
St: Rs.917
phonepe approved",917,healthcare,upi,phonepe,,ocr_receipt
BookMyShow pe 19241 ka movie dekhi card se pay kr diya,19241,entertainment,card,,,hinglish_natural
Coursera ka fees bhar diya 24730 naqad Slice card se,24730,education,cash,,slice,hinglish_natural
"Blinkit BILL
St: R 329
CASH APPROVED",329,food,cash,,sbi,ocr_receipt
63 rupaiye Coin card se,32284,investment,card,,icici,source_hinglish
flatmate rent share 2250 cash Divya,2250,friends,cash,,,friends_synthetic
office se aate hue petrol pump se cab liyaa 1778 rupaiye ka card se,1778,travel,card,,,hinglish_natural
i did 4915 expense on lab test using Slice,4915,healthcare,upi,slice,hdfc,voice_transcript
ATM/CASH/STATE BANK/12302.59,12302.59,friends,upi,paytm,sbi,english_natural
i paid 40143 rupees for MedPlus using card,40143,healthcare,card,,,voice_transcript
bike loan EMI payment Rs 22 done via BHIM,22,emi,upi,bhim,sbi,english_natural
Payment of Rs.2464.77 to SonyLIV was successful via phonepe UPI Ref No 9838713556696 sbi Account 9573,2464.77,entertainment,upi,phonepe,sbi,ocr_upi
Paid Snapdeal INR 247 using NIYO,247,shopping,upi,niyo,,english_natural
Payment of ₹1187 to SBI loan was successful via Google Pay UPI Ref No 652297828075 PNB Account 6692,1187,emi,upi,gpay,pnb,ocr_upi
car loan EMI pe 343 ₹ ka EMI bhara SLICE se,343,emi,upi,slice,,hinglish_natural
"Myntra BILL
St: Rs 274.45
CARD approved",274.45,shopping,card,,hdfc,ocr_receipt
4037 ₹ tuition de diya college fees pe debit card se,4037,education,card,,icici,hinglish_natural
subah 497 tuition diyee school fees ko UPI se de diya,497,education,upi,phonepe,,hinglish_natural
Paid Rs.71 for water bill via Cred,71,utilities,upi,cred,,english_natural
433 rupees mangwaya cafe pe UPI se pay kiya Slice wale account se,433,food,upi,phonepe,slice,hinglish_natural
home loan EMI ₹32413 Gpay,32413,emi,upi,gpay,axis,ocr_upi
electricity water broadband mobile recharge bill ₹1389 Google Pay,1389,utilities,upi,gpay,,cue_row
lab test pe 921 ka test karaya naqad,921,healthcare,cash,,slice,hinglish_natural
Amazon ₹30938 cred,30938,shopping,upi,cred,sbi,ocr_upi
subah mall pe 1888 rs. ka buy kya debit card se,1888,shopping,card,,,hinglish_natural
grocery vegetables milk bread fruits Rs 2006 paid Bhim,2006,food,upi,bhim,,cue_row
abhi 102 rupees hospital cash die,102,healthcare,cash,,fi,hinglish_natural
Unacademy ka 2339 rupees ka bill Cred se pay kiya,2339,education,upi,cred,,voice_transcript
aaj IRCTC pe 320 rupaye kharcha hua card se,320,travel,card,,,voice_transcript
rent maintenance gas connection INR 46416 Paytm,46416,utilities,upi,paytm,,cue_row
Ajio mein 360 lag gaye Niyo se bhara,360,shopping,upi,niyo,,voice_transcript
"Receipt #9372
Reliance Fresh
Amount Paid: Rs12502
Mode: CARD",12502,food,card,,,ocr_receipt
friend ka 2948 rupees ka bill slice se pay kiya,2948,friends,upi,slice,,voice_transcript
Arjun 46332 rupaye UPI se de diya SBI se kata yaar,46332,friends,upi,phonepe,sbi,hinglish_natural
dopahar ko broadband 13505 ₹ card se,13505,utilities,card,,icici,hinglish_natural
43707 loan payment kiya credit card EMI pe debit card se Kotak Mahindra card se,43707,emi,card,,kotak,hinglish_natural
netflix spotify hotstar subscription movie show Rs1912 card,1912,entertainment,card,,,cue_row
13972 rs stock le liya SIP ko debit card se,13972,investment,card,,,hinglish_natural
TO:FRIEND friend.92550@sbibank From:UTSAVJANA (sbi Phonepe : sender7949@oksbibank,1428,friends,upi,phonepe,sbi,ocr_upi
bhai 388 rupay cafe card se,388,food,card,,,hinglish_natural
"Receipt #9249
JioMart
Amount Paid: ?3944.54
Mode: CASH",3944.54,food,cash,,,ocr_receipt
rent maintenance gas connection ₹38994 phonepe,38994,utilities,upi,phonepe,kotak,cue_row
"DMART RESTAURANT
Total 129.09
Cash Received
Change 0.00",129.09,food,card,,,ocr_receipt
bhai Gaana ka 40724 rupaye fi se de diya,40724,entertainment,upi,fi,,voice_transcript
gaming concert event ticket Rs.823 card,823,entertainment,card,,,cue_row
1112 shopping kiya Amazon ko UPI se,1112,shopping,upi,gpay,hdfc,hinglish_natural
stationery ?4531 cash,4531,education,cash,,,english_natural
clinic ₹571 debited from hdfc,571,healthcare,upi,slice,hdfc,english_natural
261 rupees recharge kr diya Tata Play pe Niyo pe,261,utilities,upi,niyo,,hinglish_natural
PayTM payment ?29479 eye checkup hdfc 9057 completed,29479,healthcare,upi,paytm,hdfc,ocr_upi
"Myntra
Net Amount 2742.59
Paid via CARD",2742.59,shopping,card,,,ocr_receipt
KFC 4275 rupaye debit card se,4275,food,card,,,hinglish_natural
"BILL
PVR
₹4578.56
CARD
Thank You Visit Again",4578.56,entertainment,card,,,ocr_receipt
sent INR 377 to yaar on CRED,377,friends,upi,cred,,friends_synthetic
dentist 29585.78,29585.78,healthcare,card,,,english_natural
Flipkart ka order kiyaa 432 rupaiye card se pay kiyaa,432,shopping,card,,jupiter,hinglish_natural
"D MOBILERECHARGE 3478 Completed 2Mar 2026,2:18 pm ICICI Bank Bank 9479 UPI transaction ID 036348745126193 TO:MOBILERECHARGE mobile recharge.69006@icici bankbank Goog1etransaction lD CICAgJjg293094 OPI GPay",3478,utilities,upi,gpay,icici,ocr_upi
lab test se checkup karaya 18277 ₹ ka Cred se,18277,healthcare,upi,cred,,hinglish_natural
phonepe payment Rs 485.86 Spotify Yes Bank 9771 completed,485.86,entertainment,upi,phonepe,yes bank,ocr_upi
dinner split 1124 rupaye dost gpay,1124,friends,upi,gpay,,friends_synthetic
broadband ₹1810 niyo,1810,utilities,upi,niyo,,english_natural
bhai 4721 rupaiye H&M fi pe,4721,shopping,upi,fi,,hinglish_natural
Goibibo mein 367 lag gaye cash se bhara,367,travel,cash,,,voice_transcript
subah diagnostic pe 20420 ka dawai lia cash diy,20420,healthcare,cash,,,hinglish_natural
Bought Apple Music for 431.57 with card,431.57,entertainment,card,,,english_natural
sent ₹173 to yaar on card,173,friends,card,,icici,friends_synthetic
bhai rickshaw 4952 ₹ credit card se,4952,travel,card,,sbi,hinglish_natural
netflix spotify hotstar subscription movie show Rs.37780 card,37780,entertainment,card,,,cue_row
Netflix ka ticket le liya 46 rs card se pay kiya,46,entertainment,card,,,hinglish_natural
Payment of ?3095.58 to SBI loan was successful via Paytm UPI Ref No 0807509503 HDFC Bank Account 9829,3095.58,emi,upi,paytm,hdfc,ocr_upi
Spent 135.60 on dentist using gpay,135.60,healthcare,upi,gpay,,english_natural
ghar jaate waqt 1183 Yatra naqad,1183,travel,cash,,fi,hinglish_natural
i paid 2783 rupees for mutual fund using card,2783,investment,card,,niyo,voice_transcript
personal loan installment EMI deduction 4247 PhonePe,4247,emi,upi,phonepe,,cue_row
"Lenskart
Net Amount 52.08
Paid via Phone Pe",52.08,healthcare,upi,phonepe,,ocr_receipt
Unacademy se course liyaa 441 rupaye ka UPI se de diye slice account se,441,education,upi,gpay,slice,hinglish_natural
yaar stocks se mutual fund kar diya 1558 rupay ka card se,1558,investment,card,,,hinglish_natural
UPI/11390938/RELIANCE FRESH/HDFC BANK,1998,food,card,,hdfc,english_natural
Hotstar 2770.23 Fi Money,2770.23,entertainment,upi,paytm,fi,english_natural
TO:DIVYA divya.29006@statebankbank From:AMITSINGH (State Bank Slice : sender4398@okstatebankbank,209.02,friends,upi,slice,sbi,ocr_upi
Divya mein 4636 lag gaye Google Pay se bhara,4636,friends,upi,gpay,,voice_transcript
maine 3163 rupaye IRCTC ko diye cash se,3163,travel,cash,,axis,voice_transcript
Bought crypto for ₹732 with cred,732,investment,upi,cred,,english_natural
flatmate rent share 17133 PayTM Shreya,17133,friends,upi,paytm,,friends_synthetic
"BILL
PharmEasy
₹1213
paytm
Thank You Visit Again",1213,healthcare,upi,paytm,hdfc,ocr_receipt
electricity water broadband mobile recharge bill 2473 card,2473,utilities,card,,indusind,cue_row
rent maintenance gas connection t7172 PayTM,7172,utilities,upi,paytm,,cue_row
"D BURGERKING 4437 Completed 4Jan 2026,1:57 pm HDFC Bank Bank 3314 UPI transaction ID 4988871054840 TO:BURGERKING burger king.45910@hdfc bankbank Soogletransaction lD CICAgJjg866658 OPI GPay",4437,food,upi,gpay,hdfc,ocr_upi
Fixed deposit investment INR 33976,33976,investment,upi,gpay,,source_english
ghar jaate waqt Apollo Pharmacy 3135 rupees card se pay kia,3135,healthcare,card,,fi,hinglish_natural
insurance premium me 4334 ka bill pay kya PayTM pe,4334,utilities,upi,paytm,,hinglish_natural
electronics clothes shoes accessories purchase Rs39708 via phonepe,39708,shopping,upi,phonepe,,cue_row
stationery ka 1756 rupees ka bill PhonePe se pay kiya,1756,education,upi,phonepe,icici,voice_transcript
H&M me 24932 rs. ka shopping kr diya gpay se zyada ho gaya,24932,shopping,upi,gpay,,hinglish_natural
3474 ka dentist bill pay kiya card se ICICI se kata,3474,healthcare,card,,icici,voice_transcript
435 rupees khana order kiyaa EatFit pe paytm se pay kia,435,food,upi,paytm,,hinglish_natural
today i spent 5266 on Yatra via cash from my Axis Bank bank,5266,travel,cash,,axis,voice_transcript
Bought Lenskart for 235 with BHIM,235,shopping,upi,bhim,icici,english_natural
EaseMyTrip me 42500 rs. ka cab liyaa card se,42500,travel,card,,icici,hinglish_natural
upGrad 3612.05 jupiter Successful Canara Bank 1493,3612.05,education,upi,jupiter,canara,ocr_upi
personal loan installment EMI deduction INR 286 G Pay,286,emi,upi,gpay,hdfc,cue_row
t3127 debited from your HDFC Bank account for Snapdeal (Google Pay UPI),3127,shopping,upi,gpay,hdfc,ocr_upi
office se aate hue stocks me 399 rs ka stock le liya Bhim se pay kya SBI se kata,399,investment,upi,bhim,sbi,hinglish_natural
Paid Coursera Rs.4637.99 using cash,4637.99,education,cash,,,english_natural
935 Rohan phonepe se pay kia,935,friends,upi,phonepe,jupiter,hinglish_natural
26367 ka Ananya bill pay kiya card se axis se kata,26367,friends,card,,axis,voice_transcript
bhai Divya ko udhar return kiya 838 rs Paytm se,838,friends,upi,paytm,,friends_synthetic
NEFT/TRANSFER/ET MONEY/IDFC,6860,investment,card,,idfc,english_natural
"D VEDANTU 47198 Completed 4Apr 2026,1:10 pm sbi Bank 3803 UPI transaction ID 334411022013 TO:VEDANTU vedantu.83765@sbibank Soogletransaction lD CICAgJjg092289 OPI Google Pay",47198,education,upi,gpay,sbi,ocr_upi
today i spent 380 on Meesho via GPay,380,shopping,upi,gpay,,voice_transcript
ghar jaate waqt insurance premium 1413 rupaiye cash die ICICI Bank account se,1413,utilities,cash,,icici,hinglish_natural
14302 rupaiye 1mg card se,14302,healthcare,card,,fi,hinglish_natural
INR 41731.05 debited from your icici account for Zerodha (gpay UPI),41731.05,investment,upi,gpay,icici,ocr_upi
YouTube Premium ka 455 rupees ka bill gpay se pay kiya,455,entertainment,upi,gpay,,voice_transcript
43001 debited from your Axis Bank account for HP Petrol (Jupiter UPI),43001,travel,upi,jupiter,axis,ocr_upi
Coursera 1003 paytm Payment done HDFC Bank 8458,1003,education,upi,paytm,hdfc,ocr_upi
285 ka mutual fund bill pay kiya card se,285,investment,card,,,voice_transcript
mutual fund SIP stocks PPF FD investment Rs11175 Bhim,11175,investment,upi,bhim,,cue_row
291 Cred bro,291,friends,upi,cred,icici,english_natural
382 market credit card se,382,shopping,card,,,hinglish_natural
26313 rupaiye Arjun UPI se,26313,friends,upi,cred,pnb,hinglish_natural
Neha mein 4571 lag gaye PayTM se bhara,4571,friends,upi,paytm,icici,voice_transcript
Paid Rs 39533 to water bill Bhim UPI sbi 3669 Done,39533,utilities,upi,bhim,sbi,ocr_upi
1554 rs. Airtel recharge via Slice budget tod diya,1554,utilities,upi,slice,jupiter,hinglish_natural
Paid INR 156.35 to Amazon Prime G Pay UPI HDFC Bank 2610 Successful,156.35,entertainment,upi,gpay,hdfc,ocr_upi
Paid colleague 80 using cash,80,friends,cash,,,english_natural
subah education loan EMI me 3641 rs ka EMI bhar diya Paytm pe,3641,emi,upi,paytm,,hinglish_natural
raat ko 188 rupay stationery card se,188,education,card,,,hinglish_natural
Rs.41166 paid to MakeMyTrip via paytm UPI from Yes Bank Bank ending 6446,41166,travel,upi,paytm,yes bank,ocr_upi
raat ko Unacademy se tuition die 4106 rupees ka via Niyo budget tod diya,4106,education,upi,niyo,,hinglish_natural
lab test 142 rs cash me hdfc account se,9473,healthcare,cash,,hdfc,source_hinglish
spent 343 rupees on home loan EMI via card,343,emi,card,,,voice_transcript
"D NETMEDS 2632 Completed 17Mar 2026,5:46 pm HDFC Bank 5352 UPI transaction ID 94731978878533 TO:NETMEDS netmeds.83947@hdfcbank Googletransaction lD XYZabc237117 OPI GPay",2632,healthcare,upi,gpay,hdfc,ocr_upi
home loan EMI 12985 Mastercard,12985,emi,card,,,english_natural
gaming concert event ticket Rs.3345 card,3345,entertainment,card,,,cue_row
Movie ticket booking INR 42375,42375,entertainment,upi,cred,,source_english
330 rs kha liya Zepto pe haath se diye yaar,330,food,cash,,niyo,hinglish_natural
gas bill ka 389 rupees ka bill bhim se pay kiya,389,utilities,upi,bhim,,voice_transcript
aaj Myntra me 57 rupay ka saman liyaa card se NIYO se,57,shopping,card,,niyo,hinglish_natural
Ola 3563 rupaye via cred,3563,travel,upi,cred,,hinglish_natural
Rs.56.18 to cafe via card,56.18,food,card,,,english_natural
324 rupees EMI bharra SBI loan ko card se zyada ho gaya,324,emi,card,,,hinglish_natural
Just paid Rs.13654.88 to Cleartrip through cash,13654.88,travel,cash,,jupiter,english_natural
Ajio ka saman lia 18936 rupay UPI se pay kia,18936,shopping,upi,gpay,axis,hinglish_natural
today i spent 2303 on Kuvera via card,2303,investment,card,,,voice_transcript
"Myntra
Net Amount 4069.25
Paid via CARD",4069.25,shopping,card,,hdfc,ocr_receipt
EaseMyTrip ka ride le liya 29148 rupaiye PayTM pe,29148,travel,upi,paytm,,hinglish_natural
maine 377 rupaye insurance premium ko diye phonepe se,377,utilities,upi,phonepe,niyo,voice_transcript
4696 gaming card se pay kiya,4696,entertainment,card,,,hinglish_natural
gaming concert event ticket Rs.365 Phonepe,365,entertainment,upi,phonepe,hdfc,cue_row
Mutual fund SIP INR 32642,32642,investment,card,,,source_english
583 charged for rickshaw on cash,583,travel,cash,,,english_natural
"Nykaa BILL
St: Rs 200
CARD approved",200,shopping,card,,sbi,ocr_receipt
i did 4926 expense on MedPlus using Cred,4926,healthcare,upi,cred,,voice_transcript
3888 ₹ loan payment kr diya personal loan EMI pe G Pay se,3888,emi,upi,gpay,sbi,hinglish_natural
"BILL
Netflix
₹419
G Pay
Thank You Visit Again",419,entertainment,upi,gpay,,ocr_receipt
"society maintenance BILL
St: 424
CARD APPROVED",424,utilities,card,,sbi,ocr_receipt
dinner split 2715 rupaye Vikram G Pay,2715,friends,upi,gpay,,friends_synthetic
canteen me 42189 rupaye ka khana order kiya Slice se,42189,food,upi,slice,slice,hinglish_natural
4893 PharmEasy,4893,healthcare,upi,paytm,yes bank,english_natural
subah INOX se movie dekhi 1798 ₹ ka UPI se,1798,entertainment,upi,bhim,kotak,hinglish_natural
home loan car loan credit card EMI monthly ₹14574 autopay gpay,14574,emi,upi,gpay,,cue_row
Used Fi card to pay Rs 474.34 for SBI loan,474.34,emi,card,,fi,english_natural
today i spent 370 on Netmeds via Bhim,370,healthcare,upi,bhim,,voice_transcript
gaming concert event ticket Rs 47855 card,47855,entertainment,card,,,cue_row
Rs.4688.80 debited from your HDFC Bank account for stocks (PhonePe UPI),4688.80,investment,upi,phonepe,hdfc,ocr_upi
abhi car loan EMI pe 14539 rs ka EMI kat gayi card se pay kiya matlab,14539,emi,card,,,hinglish_natural
₹4707 charged for PharmEasy on Phone Pe,4707,healthcare,upi,phonepe,,english_natural
Rs.3574 to Netflix via card,3574,entertainment,card,,,english_natural
bhai 41 rupaiye colleague UPI se de diya,41,friends,upi,phonepe,union bank,hinglish_natural
crypto gold bonds NPS portfolio Rs.4767 card,4767,investment,card,,,cue_row
335 ₹ show dekha YouTube Premium pe via PayTM,49655,entertainment,upi,paytm,,source_hinglish
27769 gaming Jupiter se pay kiyaa,27769,entertainment,upi,jupiter,,hinglish_natural
Just paid Rs.1751.33 to market through gpay,1751.33,shopping,upi,gpay,,english_natural
367 rupay DishTV UPI se pay kar diya,367,utilities,upi,gpay,niyo,hinglish_natural
3212 rupay ride lia rickshaw ko Phone Pe pe Fi Money card se,3212,travel,upi,phonepe,fi,hinglish_natural
sent money to Shreya ₹6250 on cash,6250,friends,cash,,,friends_synthetic
i paid 458 rupees for friend using Phone Pe,458,friends,upi,phonepe,canara,voice_transcript
McDonald's 4214 rs naqad,4214,food,cash,,,hinglish_natural
lunch dinner food order swiggy zomato restaurant meal Rs486 GPay,486,food,upi,gpay,icici,cue_row
paid friend Rs 5951 via BHIM,5951,friends,upi,bhim,sbi,friends_synthetic
Lenskart pe 39 ka test karaya UPI se pay kya,39,healthcare,upi,paytm,,hinglish_natural
subah 22112 rupees auto card se,22112,travel,card,,indusind,hinglish_natural
39802 Zomato haath se diy bohot mehenga,39802,food,cash,,,hinglish_natural
yaar 49467 rupees BSNL G Pay se,40346,utilities,upi,gpay,,source_hinglish
Paid INR 3500 for mutual fund via Mastercard,3500,investment,card,,,english_natural
ghar jaate waqt Box8 16697 rupaiye debit card se,8,food,card,,,hinglish_natural
Rs44457 paid to bro via paytm UPI from Punjab National Bank Bank ending 8415,44457,friends,upi,paytm,pnb,ocr_upi
paytm payment Rs19215 Snapdeal hdfc 2612 done,19215,shopping,upi,paytm,hdfc,ocr_upi
YouTube Premium 31932 rs debit card se sasta tha,31932,entertainment,card,,,hinglish_natural
INR 1147 charged for tuition on Mastercard,1147,education,card,,fi,english_natural
40313 rupees Apple Music card,40313,entertainment,card,,,voice_transcript
"D APPLEMUSIC 836 Completed 13Feb 2026,3:46 pm sbi Bank 9699 UPI transaction ID 6239265724 TO:APPLEMUSIC apple music.43594@sbibank Googletransaction lD CICAgJjg077442 OPI jupiter",836,entertainment,upi,jupiter,sbi,ocr_upi
Vedantu ka books lia 56 rupay gpay pe,56,education,upi,gpay,,hinglish_natural
BigBasket 117.39 Fi Money,117.39,food,upi,fi,hdfc,ocr_upi
398 rs split kiya bhai ko via cred Federal Bank card se,398,friends,upi,cred,federal bank,hinglish_natural
Used Punjab National Bank PhonePe to pay Rs.969 for Behrouz,969,food,upi,phonepe,pnb,english_natural
electricity bill ka recharge kia 44650 rs. Phone Pe pe,44650,utilities,upi,phonepe,,hinglish_natural
Bought BigBasket for ₹415.80 with gpay,415.80,food,upi,gpay,,english_natural
"TAX INVOICE
Reliance Digital
Grand Total: Rs 140.89
Payment: CARD",140.89,shopping,card,,,ocr_receipt
"BILL
gas bill
₹26607.82
CARD
Thank You Visit Again",26607.82,utilities,card,,,ocr_receipt
maine 23524 rupaye school fees ko diye G Pay se,23524,education,upi,gpay,,voice_transcript
Bike loan EMI INR 22440,22440,emi,card,,sbi,source_english
medical checkup lab test health insurance Rs2548 card,2548,healthcare,card,,,cue_row
lunch dinner food order swiggy zomato restaurant meal 25122 card,25122,food,card,,,cue_row
i did 4763 expense on personal loan EMI using Gpay,4763,emi,upi,gpay,niyo,voice_transcript
water bill payment 41205 done via GPay,41205,utilities,upi,gpay,,english_natural
Bewakoof 2773 debit card se,2773,shopping,card,,,hinglish_natural
sent ₹227 to dost on cred,227,friends,upi,cred,,friends_synthetic
bhai FreshMenu me 3139 rupaye ka food order kya cred se pay kya,3139,food,upi,cred,icici,hinglish_natural
2118 ₹ paise bheje Pooja ko phonepe se,2118,friends,upi,phonepe,,hinglish_natural
230 rupees clinic cash de diya bhai,230,healthcare,cash,,,hinglish_natural
450 paid to INOX via PayTM UPI from Union Bank Bank ending 9521,450,entertainment,upi,paytm,union bank,ocr_upi
1133 ₹ cab liya auto ko naqad,1133,travel,cash,,,hinglish_natural
Hotstar ?2758 debited from icici,2758,entertainment,card,,icici,english_natural
Paid 4385.54 for Burger King via Paytm,4385.54,food,upi,paytm,,english_natural
rent maintenance gas connection 867 PayTM,867,utilities,upi,paytm,,cue_row
crypto ka stock le liya 423 rupees UPI se de diye,423,investment,upi,gpay,,hinglish_natural
Croma 38890 Slice,38890,shopping,upi,slice,yes bank,ocr_upi
maine 6799 rupaye credit card EMI ko diye card se,6799,emi,card,,,voice_transcript
UPI/24216447/ACT FIBERNET/HDFC,7781,utilities,upi,niyo,hdfc,english_natural
lunch dinner food order swiggy zomato restaurant meal Rs 969 cash,969,food,cash,,,cue_row
1mg t1292 slice,1292,healthcare,upi,slice,axis,ocr_upi
Paid concert ₹10496 using gpay from slice,10496,entertainment,upi,gpay,slice,english_natural
medical checkup lab test health insurance 4078 cash,4078,healthcare,cash,,,cue_row
"SONYLIV RESTAURANT
Total 3537
Cash Received
Change 0.00",3537,entertainment,upi,phonepe,,ocr_receipt
bhai ₹147 cash,147,friends,cash,,,english_natural
office se aate hue college fees ka books liya 3701 UPI se die,3701,education,upi,paytm,,hinglish_natural
Gpay payment 4387.97 ET Money sbi 8448 completed,4387.97,investment,upi,gpay,sbi,ocr_upi
ghar jaate waqt Rapido se petrol bhara 1714 ka UPI se diye NIYO se kata,1714,travel,upi,phonepe,niyo,hinglish_natural
Cleartrip se petrol bhra 2077 ₹ ka cash diyee,2077,travel,cash,,hdfc,hinglish_natural
rent ka 195 rupees ka bill CRED se pay kiya,195,utilities,upi,cred,,voice_transcript
sent money to yaar t258 on paytm,258,friends,upi,paytm,,friends_synthetic
electricity water broadband mobile recharge bill R 49506 Jupiter,49506,utilities,upi,jupiter,,cue_row
2671 rs. recharge kar diya insurance premium ko card se,2671,utilities,card,,kotak,hinglish_natural
Paytm Money me 724 rs. ka SIP bharra debit card se,724,investment,card,,,hinglish_natural
dopahar ko college fees 4038 rupaiye card se HDFC card se,4038,education,card,,hdfc,hinglish_natural
Paid Dunkin Rs3827 using cash,3827,food,cash,,,english_natural
dopahar ko MakeMyTrip se ride lya 28050 rupaye ka Slice pe,28050,travel,upi,slice,,hinglish_natural
Rs 3973 to Arjun cash UPI,3973,friends,cash,,,friends_synthetic
water bill me 264 ₹ ka recharge kar diya debit card se,264,utilities,card,,,hinglish_natural
"BILL
PharmEasy
Rs 279
paytm
Thank You Visit Again",279,healthcare,upi,paytm,,ocr_receipt
106 rs. Netmeds cash me,106,healthcare,cash,,yes bank,hinglish_natural
1228 rs fees bharra library pe UPI se pay kiyaa,34118,education,upi,phonepe,,source_hinglish
ET Money mein 249 lag gaye card se bhara,249,investment,card,,hdfc,voice_transcript
Paid Rs 1026.05 for BSNL via card,1026.05,utilities,card,,slice,english_natural
i did 130 expense on PVR using cred,130,entertainment,upi,cred,federal bank,voice_transcript
393 cash Neha,393,friends,cash,,icici,english_natural
"SOCIETY MAINTENANCE RESTAURANT
Total 2790
Cash Received
Change 0.00",2790,utilities,upi,gpay,,ocr_receipt
132 rs paisa daala Groww pe Fi Money pe,132,investment,upi,fi,slice,hinglish_natural
Paid ₹182 to Neha Phonepe UPI icici 5871 Successful,182,friends,upi,phonepe,icici,ocr_upi
i paid 367 rupees for JioCinema using cash,367,entertainment,cash,,hdfc,voice_transcript
4169 rupees saman lia mall ko debit card se,4169,shopping,card,,,hinglish_natural
raat ko Jio recharge ka bill pay kiya 479 paytm se,479,utilities,upi,paytm,indusind,hinglish_natural
TO:HOTSTAR hotstar.76113@axisbankbank From:RAHULKUMAR (Axis Bank Jupiter : user2508@okaxisbankbank,40008,entertainment,upi,jupiter,axis,ocr_upi
sent Rs2613 to friend on card split bill UPI,2613,friends,card,,icici,cue_row
FD 237 rs. UPI se pay kiyaa bohot mehenga,237,investment,upi,paytm,,hinglish_natural
Jio recharge ka bill bhar diya 23600 rupees debit card se,23600,utilities,card,,,hinglish_natural
Amit payment Rs36930.45 done via bhim,36930.45,friends,upi,bhim,,english_natural
Bought Apollo Pharmacy for 908 with SLICE,908,healthcare,upi,slice,,english_natural
Spent INR 13065 on Reliance Fresh using paytm,13065,food,upi,paytm,,english_natural
books pe 1093 rs. ka admission kia Paytm se pay kia Jupiter se,1093,education,upi,paytm,jupiter,hinglish_natural
Spent Rs.164 on Hotstar using cash,164,entertainment,cash,,,english_natural
Netflix subscription INR 5045,5045,entertainment,card,,,source_english
Netmeds ka 4075 rupees ka bill gpay se pay kiya,4075,healthcare,upi,gpay,,voice_transcript
Paid INR 299.89 for auto via credit card,299.89,travel,card,,,english_natural
Neha Rs 28698.23 debited from Bandhan Bank,28698.23,friends,upi,paytm,bandhan,english_natural
Gpay payment 296 ET Money kotak 8422 done,296,investment,upi,gpay,kotak,ocr_upi
3883 ka Apollo Pharmacy bill pay kiya card se State Bank se kata,3883,healthcare,card,,sbi,voice_transcript
"GAS BILL RESTAURANT
Total 3504
Cash Received
Change 0.00",3504,utilities,upi,phonepe,sbi,ocr_receipt
home loan car loan credit card EMI monthly 4499 autopay paytm,4499,emi,upi,paytm,,cue_row
yaar 336 rupaiye Myntra card se pay kiyaa,336,shopping,card,,fi,hinglish_natural
Bought JioCinema for Rs.3529.98 with GPay,3529.98,entertainment,upi,gpay,,english_natural
coaching exam preparation study material Rs 346 gpay,346,education,upi,gpay,,cue_row
Bought Vedantu for Rs 126.81 with Google Pay,126.81,education,upi,gpay,niyo,english_natural
McDonald's 23095,23095,food,cash,,axis,english_natural
abhi auto ka ticket book kiya 25416 rupees card se,25416,travel,card,,,hinglish_natural
clinic 253 rupay Phonepe se jupiter wale account se,253,healthcare,upi,phonepe,jupiter,hinglish_natural
PVR mein 25 lag gaye Phonepe se bhara,25,entertainment,upi,phonepe,hdfc,voice_transcript
Fixed deposit investment INR 15181,15181,investment,upi,gpay,,source_english
personal loan EMI me 340 rupay ka EMI kat gayi card se Jupiter account se,340,emi,card,,jupiter,hinglish_natural
stocks Rs.662 Visa,662,investment,card,,,english_natural
25243 rupaiye transfer kar diya Rohan ko PhonePe se,25243,friends,upi,phonepe,,hinglish_natural
netflix spotify hotstar subscription movie show t76 PayTM,76,entertainment,upi,paytm,sbi,cue_row
stocks me 2148 rs. ka stock lya card se pay kr diya ICICI se,2148,investment,card,,icici,hinglish_natural
Rohan ka 2663 rupees ka bill gpay se pay kiya,2663,friends,upi,gpay,,voice_transcript
ghar jaate waqt roommate pe 14308 rupaye ka paise bheje PhonePe pe,14308,friends,upi,phonepe,,hinglish_natural
office se aate hue personal loan EMI ka EMI bharaa 21700 ₹ UPI se,21700,emi,upi,bhim,hdfc,hinglish_natural
t1697 to Divya cred UPI,1697,friends,upi,cred,,friends_synthetic
hospital doctor pharmacy medicine diagnostic INR 1324 cash,1324,healthcare,cash,,indusind,cue_row
Bajaj Finance EMI 10399 Phone Pe Payment done Bandhan 2798,10399,emi,upi,phonepe,bandhan,ocr_upi
Divya ko 7134 transfer kiya cash se,7134,friends,cash,,,friends_synthetic
aaj personal loan EMI pe 4242 ka EMI bharra debit card se,4242,emi,card,,,hinglish_natural
split bill 384 Jupiter se roommate ko diya,384,friends,upi,jupiter,icici,friends_synthetic
2154 rupaye ticket lya SonyLIV pe UPI se de diya,2154,entertainment,upi,cred,union bank,hinglish_natural
flight booking travel ticket 3632 cash,3632,travel,cash,,,cue_row
Hotstar ka game lia 17670 debit card se,17670,entertainment,card,,,hinglish_natural
"D DOCTOR 169 Completed 12Mar 2026,4:25 pm BOB Bank 5386 UPI transaction ID 74818731785 TO:DOCTOR doctor.27672@bobbank Goog1etransaction lD XYZabc428468 OPI G Pay",169,healthcare,upi,gpay,bob,ocr_upi
paid back friend lent money ₹1463 cash,1463,friends,cash,,,cue_row
sent money to flatmate Rs 274 on Bhim,274,friends,upi,bhim,,friends_synthetic
medical checkup lab test health insurance Rs.1951 card,1951,healthcare,card,,,cue_row
Hotstar me 237 rupaye ka movie dekhi UPI se diy,237,entertainment,upi,paytm,,hinglish_natural
4480 to rent via debit card,4480,utilities,card,,,english_natural
18491 rs. mutual fund UPI se,18491,investment,upi,gpay,icici,hinglish_natural
Paid Chai Point ₹185.73 using cash from YES BANK,185.73,food,cash,,yes bank,english_natural
bhai 2162 rupay show dekha Hotstar ko UPI se die,2162,entertainment,upi,jupiter,,hinglish_natural
Spent ₹1755 on Unacademy using PhonePe,1755,education,upi,phonepe,axis,english_natural
maine 24005 rupaye Apple Music ko diye card se,24005,entertainment,card,,slice,voice_transcript
"BILL
Snapdeal
₹281
CARD
Thank You Visit Again",281,shopping,card,,sbi,ocr_receipt
kal EaseMyTrip se kiraya die 4483 rs. ka card se,4483,travel,card,,icici,hinglish_natural
"JIOMART RESTAURANT
Total 39571
Cash Received
Change 0.00",39571,food,upi,phonepe,,ocr_receipt
NPS mein 1717 lag gaye card se bhara,1717,investment,card,,,voice_transcript
Zara 13632 rs credit card se,28164,shopping,card,,,source_hinglish
personal loan installment EMI deduction Rs 2703 card,2703,emi,card,,sbi,cue_row
flatmate rent share 2292 Cred Amit,2292,friends,upi,cred,,friends_synthetic
flatmate 386 ₹ UPI se pay kiya,386,friends,upi,paytm,,hinglish_natural
Practo se medicine liya 4204 rupay ka debit card se,4204,healthcare,card,,,hinglish_natural
"Receipt #1279
Apollo Pharmacy
Amount Paid: ₹23727
Mode: Phone Pe",23727,healthcare,upi,phonepe,,ocr_receipt
home loan EMI ₹148.30 debited from slice,148.30,emi,upi,gpay,slice,english_natural
lunch dinner food order swiggy zomato restaurant meal Rs.2079 Phonepe,2079,food,upi,phonepe,icici,cue_row
30051 Zee5 credit card se,30051,entertainment,card,,icici,hinglish_natural
uber ola cab ride airport train ticket Rs.5434 Phonepe,5434,travel,upi,phonepe,,cue_row
split bill 16269 cash se bhai ko diya,16269,friends,cash,,,friends_synthetic
TO:SOCIETYMAINTENANCE societymaintenance.12835@sbibank From:PRIYASHARMA (sbi niyo : sender3259@oksbibank,3977.95,utilities,upi,niyo,sbi,ocr_upi
society maintenance ₹2029 credit card,2029,utilities,card,,,english_natural
paid 19998 to Bajaj Finance EMI through card,19998,emi,card,,,voice_transcript
yaar 53 rupees mobile recharge UPI se,53,utilities,upi,fi,,hinglish_natural
Divya 4518 idfc,4518,friends,cash,,idfc,english_natural
5049 to Ananya card UPI,5049,friends,card,,,friends_synthetic
Bought Netflix for 23252.29 with Mastercard,23252.29,entertainment,card,,,english_natural
mess se khana order kya 367 rupaye ka UPI se matlab,367,food,upi,jupiter,,hinglish_natural
bhai bro ko udhar return kiya 1036 rs cash se,1036,friends,cash,,,friends_synthetic
360 rs car loan EMI card se pay kar diya,360,emi,card,,hdfc,hinglish_natural
personal loan EMI 4934 rupay card se pay kr diya Jupiter se,4934,emi,card,,jupiter,hinglish_natural
bhai Zepto ka 21649 rupaye paytm se de diya,21649,food,upi,paytm,,voice_transcript
"gaming
Net Amount 1843.32
Paid via Paytm",1843.32,entertainment,upi,paytm,axis,ocr_receipt
office se aate hue 4309 rupaye yaar gpay pe,4309,friends,upi,gpay,hdfc,hinglish_natural
today i spent 2046 on Angel One via slice,2046,investment,upi,slice,,voice_transcript
ghar jaate waqt YouTube Premium ka movie dekhi 4317 card se pay kiya,41654,entertainment,card,,,source_hinglish
"TAX INVOICE
Myntra
Grand Total: Rs25925
Payment: CARD",25925,shopping,card,,,ocr_receipt
NPS INR 31691.86 debited from Kotak Mahindra,31691.86,investment,card,,kotak,english_natural
"D AIRINDIA 3399 Completed 6Jan 2026,6:36 pm Axis Bank 8225 UPI transaction ID 071627854742 TO:AIRINDIA air india.84910@axisbank Soogletransaction lD XYZabc895842 OPI phonepe",3399,travel,upi,phonepe,axis,ocr_upi
abhi Starbucks 366 ₹ Paytm pe,366,food,upi,paytm,,hinglish_natural
netflix spotify hotstar subscription movie show Rs 26606 bhim,26606,entertainment,upi,bhim,,cue_row
Hotstar 1643.70 paytm,1643.70,entertainment,upi,paytm,axis,english_natural
aaj gas bill pe 1337 rupaye kharcha hua PayTM se,1337,utilities,upi,paytm,,voice_transcript
kal Lenskart 2295 rupees Paytm se pay kr diya,2295,shopping,upi,paytm,,hinglish_natural
bhai Unacademy ka 455 rupaye cash se de diya,455,education,cash,,,voice_transcript
H&M mein 199 lag gaye card se bhara,199,shopping,card,,hdfc,voice_transcript
363 rs. Airtel recharge UPI se,363,utilities,upi,phonepe,,hinglish_natural
394.85 charged for IndiGo on PayTM,394.85,travel,upi,paytm,,english_natural
ghar jaate waqt 2399 rs. home loan EMI UPI se pay kar diya,31518,emi,upi,paytm,,source_hinglish
aaj market pe 3726 rupaye kharcha hua cash se,3726,shopping,cash,,sbi,voice_transcript
insurance premium 323 icici,323,utilities,cash,,icici,english_natural
HDFC loan se EMI kat gayi 910 rupees ka debit card se,910,emi,card,,jupiter,hinglish_natural
insurance premium 2434,2434,utilities,upi,phonepe,,english_natural
₹366 paid to Dunkin via Gpay UPI from sbi Bank ending 1206,366,food,upi,gpay,sbi,ocr_upi
niyo payment Rs.4337 MedPlus Axis Bank 1403 done,4337,healthcare,upi,niyo,axis,ocr_upi
SonyLIV se show dekha 183 rs. ka cash me,183,entertainment,cash,,sbi,hinglish_natural
Priya INR 314 Bhim,314,friends,upi,bhim,sbi,ocr_upi
29.28 Netflix,29.28,entertainment,card,,icici,english_natural
"DOCTOR
Item 1 ₹343
Item 2 268
Total 409.63
Paytm",409.63,healthcare,upi,paytm,icici,ocr_receipt
abhi Netmeds se test karaya 1412 rs. ka card se pay kar diya,1412,healthcare,card,,,hinglish_natural
PPF se invest kya 34113 rs ka card se pay kya,34113,investment,card,,,hinglish_natural
today i spent 505 on NPS via card,505,investment,card,,,voice_transcript
Nykaa 4189 rupees Cred se slice se,4189,shopping,upi,cred,slice,hinglish_natural
spent 10957 rupees on Unacademy via phonepe,10957,education,upi,phonepe,,voice_transcript
Bajaj Finance EMI 456 rs UPI se pay kiya,456,emi,upi,niyo,,hinglish_natural
"ACT FIBERNET
Item 1 INR 394
Item 2 Rs.226
Total Rs.9522
Cred",9522,utilities,upi,cred,,ocr_receipt
Rs 447 debited from your hdfc account for McDonald's (Paytm UPI),447,food,upi,paytm,hdfc,ocr_upi
86 rupaiye ticket book kiya HP Petrol ko G Pay se pay kiya matlab,86,travel,upi,gpay,sbi,hinglish_natural
46569.63 debit card school fees,46569.63,education,card,,,english_natural
bhai Myntra ka 11491 rupaye card se de diya,11491,shopping,card,,,voice_transcript
Rs.43553.95 paid to mobile recharge via Paytm UPI from PNB Bank ending 7541,43553.95,utilities,upi,paytm,pnb,ocr_upi
bhai IndiGo ka 2188 rupaye SLICE se de diya,2188,travel,upi,slice,,voice_transcript
PPF ka 61 rupees ka bill card se pay kiya,61,investment,card,,icici,voice_transcript
Paid Rs1657 to 1mg slice UPI Kotak Mahindra 3779 Done,1657,healthcare,upi,slice,kotak,ocr_upi
school fees 364 HDFC,364,education,upi,gpay,hdfc,english_natural
bhai Kuvera ka 23313 rupaye Google Pay se de diya,23313,investment,upi,gpay,,voice_transcript
Just paid INR 9455 to FirstCry through PayTM,9455,shopping,upi,paytm,,english_natural
1mg pe 415 rupees ka test karaya Jupiter pe matlab,5169,healthcare,upi,jupiter,,source_hinglish
electricity water broadband mobile recharge bill Rs 2899 PayTM,2899,utilities,upi,paytm,,cue_row
129 EatFit,129,food,card,,hdfc,english_natural
"TAX INVOICE
Dominos
Grand Total: Rs23279
Payment: CARD",23279,food,card,,,ocr_receipt
coaching ka books liyaa 4194 rupees cash diyee HDFC wale account se,4194,education,cash,,hdfc,hinglish_natural
Rs28976 to Zara via Visa,28976,shopping,card,,,english_natural
flatmate ko 288 transfer kiya cash se,288,friends,cash,,sbi,friends_synthetic
294 broadband,294,utilities,upi,paytm,hdfc,english_natural
TO:BOOKMYSHOW bookmyshow.18871@kotakmahindrabank From:AMITSINGH (Kotak Mahindra PhonePe : sender6234@okkotakmahindrabank,141.79,entertainment,upi,phonepe,kotak,ocr_upi
2372 rupees HDFC loan card,2372,emi,card,,,voice_transcript
RedBus me 3529 rupaiye ka ride liya card se,3529,travel,card,,,hinglish_natural
₹486 to RedBus via PhonePe,486,travel,upi,phonepe,,english_natural
TO:STATIONERY stationery.61273@hdfcbank From:RAHULKUMAR (hdfc Paytm : sender3186@okhdfcbank,2246,education,upi,paytm,hdfc,ocr_upi
MakeMyTrip se ride liyaa 3965 rs. ka credit card se,3965,travel,card,,,hinglish_natural
"BILL
Amazon
INR 44977
CARD
Thank You Visit Again",44977,shopping,card,,,ocr_receipt
TO:LIBRARY library.54856@hdfcbank From:AMITSINGH (hdfc gpay : user7622@okhdfcbank,169.02,education,upi,gpay,hdfc,ocr_upi
"BILL
clinic
361.95
CASH
Thank You Visit Again",361.95,healthcare,cash,,kotak,ocr_receipt
aaj education loan EMI pe 2686 rupaye kharcha hua slice se,2686,emi,upi,slice,hdfc,voice_transcript
Paid Rs.3706 for Ananya via CRED,3706,friends,upi,cred,hdfc,english_natural
Practo ka checkup karaya 57 rupaye card se,57,healthcare,card,,sbi,hinglish_natural
Home loan EMI INR 20444,20444,emi,upi,fi,,source_english
gaming 57 rs. debit card se axis se,57,entertainment,card,,axis,hinglish_natural
BookMyShow se game lia 127 ka card se pay kya HDFC Bank card se bohot mehenga,127,entertainment,card,,hdfc,hinglish_natural
yaar 442 rupay order kya Tata CLiQ pe SLICE se pay kr diya,442,shopping,upi,slice,hdfc,hinglish_natural
INR 3392 paid to DMart via PhonePe from NIYO,3392,food,upi,phonepe,niyo,english_natural
t4485 paid to mutual fund via SLICE from HDFC Bank,4485,investment,upi,slice,hdfc,english_natural
gold mein 2867 lag gaye Paytm se bhara,2867,investment,upi,paytm,,voice_transcript
Neha ko 346 transfer kiya cash se,346,friends,cash,,,friends_synthetic
TO:TUITION tuition.32629@pnbbank From:UTSAVJANA (PNB paytm : sender2309@okpnbbank,4770,education,upi,paytm,pnb,ocr_upi
NEFT/TRANSFER/IRCTC/,42641.98,travel,upi,phonepe,,english_natural
maine 36540 rupaye rent ko diye card se,36540,utilities,card,,,voice_transcript
2405 rs. coaching cash me yaar,2405,education,cash,,hdfc,hinglish_natural
FD 437 rupay Google Pay pe,437,investment,upi,gpay,,hinglish_natural
438 debit card Myntra,438,shopping,card,,,english_natural
Apple Music ka 34 rupees ka bill card se pay kiya,34,entertainment,card,,,voice_transcript
paid 1044 to BookMyShow through Paytm from slice,1044,entertainment,upi,paytm,slice,voice_transcript
Ananya INR 2387 bhim,2387,friends,upi,bhim,,english_natural
aaj gaming pe 1671 rupaye kharcha hua Google Pay se,1671,entertainment,upi,gpay,,voice_transcript
Rs177 paid to upGrad via Bhim UPI from icici Bank ending 8911,177,education,upi,bhim,icici,ocr_upi
Zepto 2446 rupaye UPI se die,2446,food,upi,fi,,hinglish_natural
dost ko 1428 transfer kiya phonepe se,1428,friends,upi,phonepe,,friends_synthetic
BSNL Rs.1555 Paytm,1555,utilities,upi,paytm,niyo,english_natural
home loan car loan credit card EMI monthly 9056 autopay Slice,9056,emi,upi,slice,,cue_row
Kuvera payment Rs.489 done via Gpay,489,investment,upi,gpay,icici,english_natural
education loan EMI me 191 ₹ ka EMI kat gayi BHIM pe,191,emi,upi,bhim,,hinglish_natural
Rs.29 paid to Apollo Pharmacy via cash from Niyo,29,healthcare,cash,,niyo,english_natural
spent 4004 rupees on KFC via card,4004,food,card,,fi,voice_transcript
crypto ka 4998 rupees ka bill PayTM se pay kiya,4998,investment,upi,paytm,axis,voice_transcript
BSNL pe 35162 rs ka bill pay kia via Jupiter,35162,utilities,upi,jupiter,,hinglish_natural
"1mg 43777 Completed 27Jul 2026,8:40 am Bank of Baroda 3831 UPI transaction ID 9780399346",43777,healthcare,upi,jupiter,bob,ocr_upi
205 ka rickshaw bill pay kiya card se,205,travel,card,,,voice_transcript
coaching exam preparation study material ₹417 G Pay,417,education,upi,gpay,,cue_row
bhai Rahul ko udhar return kiya 67 rs slice se,67,friends,upi,slice,,friends_synthetic
HP Petrol ka petrol bhra 9890 rupay G Pay se pay kar diya,9890,travel,upi,gpay,,hinglish_natural
diagnostic 1927 rs. credit card se State Bank account se,1927,healthcare,card,,sbi,hinglish_natural
home loan car loan credit card EMI monthly 1085 autopay card,1085,emi,card,,hdfc,cue_row
aaj exam fee pe 352 rupaye kharcha hua paytm se,352,education,upi,paytm,hdfc,voice_transcript
TO:SUBWAY subway.31656@unionbankbank From:UTSAVJANA (Union Bank phonepe : user8225@okunionbankbank,40,food,upi,phonepe,union bank,ocr_upi
Just paid Rs 4647.51 to Pooja through Phonepe,4647.51,friends,upi,phonepe,,english_natural
Rs 4236.31 to clinic via GPay HDFC Bank account,4236.31,healthcare,upi,gpay,hdfc,english_natural
Lenskart 1358 rs card se pay kr diya,1358,healthcare,card,,sbi,hinglish_natural
"LENSKART RESTAURANT
Total 474
Cash Received
Change 0.00",474,healthcare,card,,,ocr_receipt
Vi recharge 3172.81,3172.81,utilities,upi,slice,,english_natural
1mg 3165 debit card,3165,healthcare,card,,,english_natural
food court ₹3225 BHIM,3225,food,upi,bhim,sbi,ocr_upi
958 rupees food order kiya Starbucks pe cash diyee sasta tha,958,food,cash,,,hinglish_natural
BSNL se payment kia 2431 rs. ka UPI se de diya,48438,utilities,upi,gpay,,source_hinglish
paid Rohan t3520 via Gpay,3520,friends,upi,gpay,,friends_synthetic
subah auto 1330 rs debit card se bc,1330,travel,card,,,hinglish_natural
Uber pe 65 rs. ka ride lia card se pay kya bohot mehenga,65,travel,card,,,hinglish_natural
aaj 2437 rupees bill pay kar diya Tata Play ko UPI se slice card se yaar,2437,utilities,upi,cred,slice,hinglish_natural
"BILL
Practo
₹976
PhonePe
Thank You Visit Again",976,healthcare,upi,phonepe,,ocr_receipt
"TAX INVOICE
hospital
Grand Total: INR 2160
Payment: CASH",2160,healthcare,cash,,,ocr_receipt
grocery vegetables milk bread fruits Rs.46702 paid cash,46702,food,cash,,icici,cue_row
friend ka 4989 rupees ka bill jupiter se pay kiya,4989,friends,upi,jupiter,,voice_transcript
paid 255 to Yatra through cash,255,travel,cash,,,voice_transcript
i paid 32283 rupees for Ajio using cash,32283,shopping,cash,,,voice_transcript
"Receipt #1425
electronics store
Amount Paid: INR 1241
Mode: GPay",1241,shopping,upi,gpay,hdfc,ocr_receipt
"FreshMenu BILL
St: INR 8704.49
G Pay approved",8704.49,food,upi,gpay,,ocr_receipt
maine 402 rupaye PharmEasy ko diye card se,402,healthcare,card,,,voice_transcript
gaming concert event ticket Rs3826 Slice,3826,entertainment,upi,slice,,cue_row
aaj Netmeds pe 249 rupaye kharcha hua paytm se,249,healthcare,upi,paytm,,voice_transcript
maine 480 rupaye Practo ko diye card se,480,healthcare,card,,,voice_transcript
Rs.2641.62 paid to Burger King via Paytm UPI from PNB Bank ending 7313,2641.62,food,upi,paytm,pnb,ocr_upi
4585 rupees petrol pump cash IndusInd account,4585,travel,cash,,indusind,voice_transcript
doctor me 250 rupay ka dawai liya naqad ICICI wale account se,250,healthcare,cash,,icici,hinglish_natural
TO:SNAPDEAL snapdeal.95118@hdfcbank From:RAHULKUMAR (HDFC cred : user3022@okhdfcbank,436,shopping,upi,cred,hdfc,ocr_upi
"TAX INVOICE
INOX
Grand Total: ₹13273.80
Payment: CARD",13273.80,entertainment,card,,icici,ocr_receipt
mess ₹39379 debited from Bank of Baroda,39379,food,upi,gpay,bob,english_natural
Rs.635 to Bharat Petroleum via CRED,635,travel,upi,cred,,english_natural
gas bill 24213 ₹ via paytm,24213,utilities,upi,paytm,,hinglish_natural
40848 rs books le liya upGrad pe UPI se pay kiyaa,40848,education,upi,gpay,,hinglish_natural
subah SBI loan 3186 rs credit card se bc,3186,emi,card,,,hinglish_natural
DishTV 360.40 Cred,360.40,utilities,upi,cred,,english_natural
paid 282 to HP Petrol through card from ICICI,282,travel,card,,icici,voice_transcript
i paid 24367 rupees for Kuvera using phonepe,24367,investment,upi,phonepe,,voice_transcript
Payment of Rs.1529.50 to Myntra was successful via bhim UPI Ref No 69090148975 sbi Account 8718,1529.50,shopping,upi,bhim,sbi,ocr_upi
spent 874 rupees on Divya via cash,874,friends,cash,,,voice_transcript
KFC ka food order kr diya 467 rupaye niyo se,467,food,upi,niyo,jupiter,hinglish_natural
raat ko bike loan EMI se loan payment kar diya 343 ka card se,343,emi,card,,,hinglish_natural
Neha ko 390 transfer kiya G Pay se,390,friends,upi,gpay,,friends_synthetic
Paytm Money Rs4360 debited from Fi,4360,investment,card,,fi,english_natural
"D BIKELOANEMI 1971 Completed 17Mar 2026,7:05 pm SBI Bank 2712 UPI transaction ID 9712444338285 TO:BIKELOANEMI bike loan emi.46954@sbibank Googletransaction lD CICAgJjg627158 OPI PhonePe",1971,emi,upi,phonepe,sbi,ocr_upi
9606 ₹ college fees Google Pay pe,9606,education,upi,gpay,,hinglish_natural
IndiGo payment t1413.71 done via card,1413.71,travel,card,,,english_natural
"TAX INVOICE
rent
Grand Total: ₹2209.96
Payment: Jupiter",2209.96,utilities,upi,jupiter,,ocr_receipt
Spent ₹1471 on YouTube Premium using Phonepe,1471,entertainment,upi,phonepe,,english_natural
kal Indian Oil 3847 ₹ cash me,3847,travel,cash,,,hinglish_natural
DishTV 16749 rupaye CRED pe,16749,utilities,upi,cred,,hinglish_natural
Doctor consultation INR 9473,9473,healthcare,cash,,hdfc,source_english
i did 385 expense on Jio recharge using cash,385,utilities,cash,,,voice_transcript
raat ko 4282 rupaiye concert UPI se pay kia,4282,entertainment,upi,jupiter,,hinglish_natural
bhai Karan ko udhar return kiya 9399 rs card se,9399,friends,card,,,friends_synthetic
"BILL
Practo
45740
Phonepe
Thank You Visit Again",45740,healthcare,upi,phonepe,,ocr_receipt
concert ka subscription renew kia 10285 rs. credit card se,10285,entertainment,card,,,hinglish_natural
bhai Bajaj Finance EMI ka 19129 rupaye card se de diya,19129,emi,card,,fi,voice_transcript
bhai Priya ko udhar return kiya 20375 rs cash se,20375,friends,cash,,,friends_synthetic
paid 1790 to Lenskart through card,1790,healthcare,card,,,voice_transcript
crypto gold bonds NPS portfolio R 163 GPay,163,investment,upi,gpay,,cue_row
27739 rs split kr diya Ananya ko UPI se diyee matlab,27739,friends,upi,slice,,hinglish_natural
Bhim payment Rs 439 Jio recharge Federal Bank 3280 completed,439,utilities,upi,bhim,federal bank,ocr_upi
kal 4049 rupees school fees card se,4049,education,card,,,hinglish_natural
PPF ka invest kiya 21465 rupaye UPI se pay kiya,21465,investment,upi,gpay,,hinglish_natural
bhai Vikram ko udhar return kiya 474 rs niyo se,474,friends,upi,niyo,,friends_synthetic
rent maintenance gas connection Rs348 niyo,348,utilities,upi,niyo,sbi,cue_row
Bought INOX for ₹497 with Mastercard,497,entertainment,card,,hdfc,english_natural
t49658.38 debited from your SBI account for gaming (Phone Pe UPI),49658.38,entertainment,upi,phonepe,sbi,ocr_upi
FreshMenu Rs5995 paytm,5995,food,upi,paytm,,english_natural
Rohan payment Rs2476.87 done via G Pay,2476.87,friends,upi,gpay,,english_natural
Bharat Petroleum ₹3261.80 debited from PNB,3261.80,travel,cash,,pnb,english_natural
"SOCIETY MAINTENANCE
Item 1 ₹256
Item 2 456
Total ₹1897
CARD",1897,utilities,card,,,ocr_receipt
INR 25380.41 paid to Zerodha via phonepe UPI from HDFC Bank ending 7155,25380.41,investment,upi,phonepe,hdfc,ocr_upi
Rs450.77 paid to DMart via cash from HDFC Bank,450.77,food,cash,,hdfc,english_natural
maine 139 rupaye Goibibo ko diye card se,139,travel,card,,,voice_transcript
grocery vegetables milk bread fruits t4838 paid Paytm,4838,food,upi,paytm,,cue_row
electronics clothes shoes accessories purchase 3905 via card,3905,shopping,card,,,cue_row
home loan car loan credit card EMI monthly Rs.1987 autopay paytm,1987,emi,upi,paytm,,cue_row
kal water bill 185 rupaiye debit card se,42371,utilities,card,,,source_hinglish
aaj clinic pe 2036 rupaye kharcha hua card se,2036,healthcare,card,,niyo,voice_transcript
POS/SONYLIV/DEBIT CARD/5087,2190,entertainment,card,,,english_natural
paid Vikram 24037 via jupiter,24037,friends,upi,jupiter,,friends_synthetic
Bought Zara for R 262 with Gpay,262,shopping,upi,gpay,kotak,english_natural
ATM/CASH/BANK/204.70,204.70,food,card,,,english_natural
Bought Vikram for Rs.88 with cash,88,friends,cash,,,english_natural
Nature's Basket pe 4458 rupaye ka mangwaya GPay se pay kiya,4458,food,upi,gpay,kotak,hinglish_natural
4390 rupaye mall card se,4390,shopping,card,,,hinglish_natural
Paid ₹3643 for Vedantu via Visa,3643,education,card,,,english_natural
4762 rs EMI bhar diya bike loan EMI pe UPI se,4762,emi,upi,paytm,,hinglish_natural
amazon flipkart myntra online shopping order Rs.273 paytm,273,shopping,upi,paytm,,cue_row
"D PERSONALLOANEMI 7556.02 Completed 28Apr 2026,7:29 pm idfc Bank 8123 UPI transaction ID 5646983633209 TO:PERSONALLOANEMI personal loan emi.46992@idfcbank Goog1etransaction lD CICAgJjg853199 OPI GPay",7556.02,emi,upi,gpay,idfc,ocr_upi
personal loan EMI Rs10236.42 gpay,10236.42,emi,upi,gpay,icici,ocr_upi
college fees mein 269 lag gaye PayTM se bhara,269,education,upi,paytm,,voice_transcript
Spent ₹3175 on personal loan EMI using Paytm,3175,emi,upi,paytm,,english_natural
285 rupees diagnostic card se,285,healthcare,card,,canara,hinglish_natural
"D SBILOAN 15712.87 Completed 4Feb 2026,2:09 pm SBI Bank 2789 UPI transaction ID 470997341350 TO:SBILOAN sbi loan.54829@sbibank Googletransaction lD CICAgJjg647186 OPI phonepe",15712.87,emi,upi,phonepe,sbi,ocr_upi
Paid Unacademy 291 using Visa,291,education,card,,,english_natural
ghar jaate waqt canteen 385 ₹ haath se de diya jupiter account se,385,food,cash,,jupiter,hinglish_natural
Amazon 405 rupaye paytm se,405,shopping,upi,paytm,,hinglish_natural
Paytm Money ka invest kya 308 ₹ UPI se de diya Yes Bank wale account se,308,investment,upi,slice,yes bank,hinglish_natural
Jio recharge INR 2798 debited from Fi Money,2798,utilities,cash,,fi,english_natural
bhai Divya ko udhar return kiya 3281 rs paytm se,3281,friends,upi,paytm,icici,friends_synthetic
880 rs SIP UPI se,880,investment,upi,phonepe,,hinglish_natural
"D MYNTRA 4895.23 Completed 8Jan 2026,11:57 pm sbi Bank 1408 UPI transaction ID 00161832152 TO:MYNTRA myntra.84545@sbibank Soogletransaction lD CICAgJjg416643 OPI Phonepe",4895.23,shopping,upi,phonepe,sbi,ocr_upi
Payment of Rs.30375.54 to exam fee was successful via cred UPI Ref No 8971277672710 State Bank Account 9657,30375.54,education,upi,cred,sbi,ocr_upi
kal Meesho 24293 rupay card se pay kiyaa Slice se,24293,shopping,card,,slice,hinglish_natural
Reliance Digital me 2932 rupaiye ka saman lia via G Pay bc,2932,shopping,upi,gpay,,hinglish_natural
clinic mein 18189 lag gaye card se bhara,18189,healthcare,card,,slice,voice_transcript
BookMyShow se ticket liyaa 2447 rupaiye ka debit card se Axis card se,2447,entertainment,card,,axis,hinglish_natural
"BILL
mall
INR 3656
CASH
Thank You Visit Again",3656,shopping,cash,,,ocr_receipt
₹241 to Karan cash UPI,241,friends,cash,,,friends_synthetic
HDFC loan 27081 rupaiye debit card se,27081,emi,card,,,hinglish_natural
dopahar ko Nature's Basket ka khana khaaya 96 rupees naqad IDFC account se,96,food,cash,,idfc,hinglish_natural
Burger King me 335 rupaiye ka khana order kiyaa UPI se diye,335,food,upi,slice,,hinglish_natural
INR 3498 paid to FirstCry via Visa from Jupiter,3498,shopping,card,,jupiter,english_natural
2110 rs khareed lia Lenskart pe cash die,2110,shopping,cash,,,hinglish_natural
Paid Rs9891.74 for Amazon via Mastercard,9891.74,shopping,card,,,english_natural
ghar jaate waqt 4817 rupaye Hotstar PayTM se pay kr diya,494,entertainment,upi,paytm,sbi,source_hinglish
cafe ka 88 rupees ka bill paytm se pay kiya,88,food,upi,paytm,,voice_transcript
3242 ₹ Uber Google Pay se pay kiya,3242,travel,upi,gpay,,hinglish_natural
home loan car loan credit card EMI monthly INR 484 autopay GPay,484,emi,upi,gpay,hdfc,cue_row
medical checkup lab test health insurance ₹48654 cred,48654,healthcare,upi,cred,,cue_row
Paid Rs.17143 to bro Jupiter UPI ICICI 6931 Successful,17143,friends,upi,jupiter,icici,ocr_upi
crypto gold bonds NPS portfolio INR 40819 Google Pay,40819,investment,upi,gpay,,cue_row
i paid 192 rupees for 1mg using G Pay,192,healthcare,upi,gpay,icici,voice_transcript
INR 3987.58 paid to mall via Jupiter UPI from HDFC Bank Bank ending 7550,3987.58,shopping,upi,jupiter,hdfc,ocr_upi
Online course subscription INR 46594,46594,education,card,,,source_english
Ananya ko 4511 transfer kiya phonepe se,4511,friends,upi,phonepe,,friends_synthetic
"D ZARA 328 Completed 26Apr 2026,9:46 pm Bank of Baroda Bank 3440 UPI transaction ID 8970794720 TO:ZARA zara.54960@bank of barodabank Soogletransaction lD CICAgJjg775086 OPI Google Pay",328,shopping,upi,gpay,bob,ocr_upi
sent 76 to friend on Phonepe,76,friends,upi,phonepe,hdfc,friends_synthetic
1606 rupees installment de diya personal loan EMI ko card se,1606,emi,card,,,hinglish_natural
Yatra ₹2309.33 debited from HDFC Bank,2309.33,travel,cash,,hdfc,english_natural
dopahar ko 479 rupaiye buy kia Zara pe card se pay kiyaa,479,shopping,card,,,hinglish_natural
medical checkup lab test health insurance t24399 GPay,24399,healthcare,upi,gpay,icici,cue_row
dentist 28418.31 gpay,28418.31,healthcare,upi,gpay,pnb,ocr_upi
i paid 12680 rupees for Amit using gpay,12680,friends,upi,gpay,,voice_transcript
raat ko 2792 rs. fees bhara tuition pe debit card se,2792,education,card,,,hinglish_natural
mutual fund SIP stocks PPF FD investment INR 112 BHIM,112,investment,upi,bhim,hdfc,cue_row
Payment of INR 1230.53 to HDFC loan was successful via Slice UPI Ref No 42315306108 icici Account 9378,1230.53,emi,upi,slice,icici,ocr_upi
"BILL
CCD
R 4874
CARD
Thank You Visit Again",4874,food,card,,idfc,ocr_receipt
"TAX INVOICE
society maintenance
Grand Total: ₹29119
Payment: CASH",29119,utilities,cash,,icici,ocr_receipt
TATA CLIQ INR 289,289,shopping,upi,niyo,,english_natural
bhai Udemy 2631 rupaiye Google Pay se,2631,education,upi,gpay,kotak,hinglish_natural
"Receipt #5406
JioCinema
Amount Paid: Rs 32121
Mode: CARD",32121,entertainment,card,,,ocr_receipt
"DUNKIN RESTAURANT
Total 42021
Cash Received
Change 0.00",42021,food,upi,paytm,,ocr_receipt
upGrad ka course lia 46900 cash diyee ICICI Bank se,46900,education,cash,,icici,hinglish_natural
paid 1707 to Rapido through card from hdfc,1707,travel,card,,hdfc,voice_transcript
43373 EatFit,43373,food,upi,phonepe,hdfc,english_natural
raat ko 8750 rupay Karan cash diy,8750,friends,cash,,slice,hinglish_natural
APPLE MUSIC INR 339 SBI,339,entertainment,upi,slice,sbi,english_natural
2254 rs medicine liyaa Practo ko PayTM se icici wale account se,2254,healthcare,upi,paytm,icici,hinglish_natural
Myntra se order kya 2068 ₹ ka card se,2068,shopping,card,,,hinglish_natural
car loan EMI ₹4560.11 Bhim,4560.11,emi,upi,bhim,axis,ocr_upi
spent 4821 rupees on mobile recharge via Paytm,4821,utilities,upi,paytm,,voice_transcript
tuition pe 2459 rs. ka course le liya cash diy,2459,education,cash,,axis,hinglish_natural
clinic Rs.204 gpay,204,healthcare,upi,gpay,hdfc,ocr_upi
subah 1550 auto debit card se,1550,travel,card,,,hinglish_natural
t2473 paid to Tata CLiQ via paytm UPI from hdfc Bank ending 5311,2473,shopping,upi,paytm,hdfc,ocr_upi
JioMart 1314.54 G Pay Payment done hdfc 6122,1314.54,food,upi,gpay,hdfc,ocr_upi
Vedantu pe 3772 rupaye ka course liyaa cash me State Bank card se,3772,education,cash,,sbi,hinglish_natural
"broadband
Net Amount 2267
Paid via G Pay",2267,utilities,upi,gpay,hdfc,ocr_receipt
dinner split 360 rupaye Rahul Paytm,360,friends,upi,paytm,canara,friends_synthetic
Kuvera ka mutual fund kiya 857 rupaye UPI se de diya,857,investment,upi,gpay,,hinglish_natural
SIP INR 90.28 BANK OF BARODA,90.28,investment,card,,bob,english_natural
hospital doctor pharmacy medicine diagnostic ₹23644 card,23644,healthcare,card,,sbi,cue_row
3999 ka Biryani Blues bill pay kiya cash se sbi se kata,3999,food,cash,,sbi,voice_transcript
3944 rs. paisa daala ET Money pe UPI se pay kr diya Niyo card se matlab,3944,investment,upi,gpay,niyo,hinglish_natural
"ACT FIBERNET
Item 1 143
Item 2 262
Total 213
slice",213,utilities,upi,slice,,ocr_receipt
bhai FirstCry ka 3642 rupaye card se de diya,3642,shopping,card,,axis,voice_transcript
4898 ka Uber bill pay kiya Slice se,4898,travel,upi,slice,,voice_transcript
Payment of Rs 131 to Coin was successful via bhim UPI Ref No 88296071357 Bank of Baroda Account 3824,131,investment,upi,bhim,bob,ocr_upi
society maintenance 498.03 GPay Successful hdfc 9684,498.03,utilities,upi,gpay,hdfc,ocr_upi
279 rupaiye paisa daala mutual fund pe UPI se diy,279,investment,upi,slice,icici,hinglish_natural
abhi 35 rs mutual fund Fi Money pe,35,investment,upi,fi,idfc,hinglish_natural
NEFT/TRANSFER/BAJAJ FINANCE EMI/AXIS BANK,20571.41,emi,card,,axis,english_natural
HP Petrol 1241,1241,travel,upi,paytm,,english_natural
raat ko market pe 11772 rs. ka order kar diya via Gpay,11772,shopping,upi,gpay,,hinglish_natural
"insurance premium
Net Amount 500.13
Paid via CARD",500.13,utilities,card,,hdfc,ocr_receipt
mobile recharge 4086 rupaiye UPI se diyee zyada ho gaya,4086,utilities,upi,gpay,,hinglish_natural
Spent t275.80 on MedPlus using jupiter,275.80,healthcare,upi,jupiter,,english_natural
bhai friend ko udhar return kiya 183 rs SLICE se,183,friends,upi,slice,,friends_synthetic
t6070 to Karan card UPI,6070,friends,card,,,friends_synthetic
subah 27 rupees EatFit credit card se,27,food,card,,hdfc,hinglish_natural
339 ₹ EMI bhara credit card EMI ko card se pay kia,339,emi,card,,hdfc,hinglish_natural
stationery 32456 Gpay Payment done icici 7386,32456,education,upi,gpay,icici,ocr_upi
INOX me 472 rupay ka game liya credit card se,472,entertainment,card,,,hinglish_natural
spent 3550 rupees on SonyLIV via Google Pay,3550,entertainment,upi,gpay,icici,voice_transcript
i paid 455 rupees for Karan using G Pay,455,friends,upi,gpay,,voice_transcript
Payment of 1068.94 to diagnostic was successful via jupiter UPI Ref No 1320406322362 SBI Account 8631,1068.94,healthcare,upi,jupiter,sbi,ocr_upi
Bharat Petroleum ka cab lia 1216 rupay cash me,17249,travel,cash,,sbi,source_hinglish
Unacademy ka books le liya 26231 rupees haath se diyee,26231,education,cash,,,hinglish_natural
47990 rupaye subscription renew kiyaa Amazon Prime pe debit card se ICICI Bank account se,47990,entertainment,card,,icici,hinglish_natural
3332 ka Zerodha bill pay kiya GPay se Fi Money se kata,3332,investment,upi,gpay,fi,voice_transcript
Used PNB credit card to pay ?126 for IndiGo,126,travel,card,,pnb,english_natural
dinner split 496 rupaye Divya cash,496,friends,cash,,,friends_synthetic
652 dentist,652,healthcare,cash,,,english_natural
bro ka 804 rupees ka bill Google Pay se pay kiya,804,friends,upi,gpay,hdfc,voice_transcript
office se aate hue books se admission kr diya 16549 rs. ka fi pe,16549,education,upi,fi,,hinglish_natural
maine 296 rupaye rickshaw ko diye paytm se,296,travel,upi,paytm,sbi,voice_transcript
₹709 to JioMart via gpay,709,food,upi,gpay,,english_natural
Internet recharge INR 30520,30520,utilities,upi,gpay,,source_english
INR 2702 to FD via debit card,2702,investment,card,,,english_natural
ATM/CASH/NIYO/242,242,healthcare,upi,niyo,niyo,english_natural
office se aate hue bro se udhar return kiyaa 244 ₹ ka cash me,244,friends,cash,,,hinglish_natural
Netmeds 3971 rs. card se pay kar diya Axis account se bohot mehenga,3971,healthcare,card,,axis,hinglish_natural
26368 ka personal loan EMI bill pay kiya card se,26368,emi,card,,,voice_transcript
ATM/CASH/YES BANK/4182,4182,travel,card,,yes bank,english_natural
Paid Practo 440.32 using Slice from Jupiter,440.32,healthcare,upi,slice,jupiter,english_natural
coaching t288 PayTM,288,education,upi,paytm,axis,ocr_upi
yaar 40390 rs Neha naqad,40390,friends,cash,,,hinglish_natural
2739 rupees society maintenance Slice,2739,utilities,upi,slice,,voice_transcript
2129 to bro via Gpay,2129,friends,upi,gpay,,english_natural
NEFT/TRANSFER/PVR/,449.55,entertainment,upi,paytm,,english_natural
"D CARLOANEMI 1684 Completed 15Feb 2026,7:16 pm hdfc Bank 8119 UPI transaction ID 9419743627 TO:CARLOANEMI car loan emi.20984@hdfcbank Soogletransaction lD CICAgJjg714591 OPI Slice",1684,emi,upi,slice,hdfc,ocr_upi
2158 rupaiye kiraya diyee Indian Oil ko cash me,2158,travel,cash,,fi,hinglish_natural
gaming concert event ticket 3263 card,3263,entertainment,card,,,cue_row
abhi FirstCry pe 3471 rupay ka order kiyaa cash diye,3471,shopping,cash,,,hinglish_natural
spent 48563 rupees on Bajaj Finance EMI via Bhim,48563,emi,upi,bhim,,voice_transcript
Vi recharge 3656 Phonepe,3656,utilities,upi,phonepe,sbi,ocr_upi
30816 rupees HDFC loan card slice account,30816,emi,card,,slice,voice_transcript
subah 2243 rupees Biryani Blues UPI se diy,2243,food,upi,cred,,hinglish_natural
bro ko 272 transfer kiya card se,272,friends,card,,,friends_synthetic
Hotstar se ticket liyaa 2886 rupay ka credit card se HDFC Bank card se,2886,entertainment,card,,hdfc,hinglish_natural
SonyLIV me 3586 rupay ka game liyaa debit card se,3586,entertainment,card,,,hinglish_natural
paid Rohan Rs.306 via phonepe,306,friends,upi,phonepe,,friends_synthetic
Groww pe 742 rs ka stock lia UPI se bc,742,investment,upi,phonepe,,hinglish_natural
3511 rs bill pay kiya insurance premium ko card se pay kar diya,3511,utilities,card,,,hinglish_natural
sent 404 to Rahul on card,404,friends,card,,,friends_synthetic
₹32043 debited from your hdfc account for Practo (PhonePe UPI),32043,healthcare,upi,phonepe,hdfc,ocr_upi
flatmate rent share 170 slice Arjun,170,friends,upi,slice,,friends_synthetic
paid 408 to ET Money through PhonePe from SBI,408,investment,upi,phonepe,sbi,voice_transcript
mutual fund 27 PayTM Completed Axis 2218,27,investment,upi,paytm,axis,ocr_upi
"Vi recharge BILL
St: ₹20642
CASH approved",20642,utilities,cash,,sbi,ocr_receipt
spent 681 rupees on broadband via cash,681,utilities,cash,,,voice_transcript
Bought Box8 for Rs 18011 with Jupiter,18011,food,upi,jupiter,,english_natural
"BILL
doctor
3845
Phone Pe
Thank You Visit Again",3845,healthcare,upi,phonepe,,ocr_receipt
Spent INR 1662 on gaming using Visa,1662,entertainment,card,,,english_natural
lunch dinner food order swiggy zomato restaurant meal 1460 paytm,1460,food,upi,paytm,,cue_row
i did 479 expense on FD using Google Pay,479,investment,upi,gpay,,voice_transcript
t469.17 charged for PharmEasy on cash,469.17,healthcare,cash,,,english_natural
"D GAANA 131 Completed 25Jan 2026,5:16 pm State Bank Bank 2691 UPI transaction ID 608197140834695 TO:GAANA gaana.44552@state bankbank Googletransaction lD XYZabc609580 OPI GPay",131,entertainment,upi,gpay,sbi,ocr_upi
453 PharmEasy,453,healthcare,upi,phonepe,fi,english_natural
electricity bill Rs.1772.78 cash,1772.78,utilities,cash,,federal bank,english_natural
Zepto Rs.279 slice,279,food,upi,slice,kotak,ocr_upi
society maintenance 8803 rs cash me,8803,utilities,cash,,slice,hinglish_natural
Just paid Rs.168.17 to Angel One through paytm,168.17,investment,upi,paytm,,english_natural
sent Rs 462 to Amit on card,462,friends,card,,,friends_synthetic
Medical test charges INR 31280,31280,healthcare,card,,,source_english
Payment of 304 to diagnostic was successful via Slice UPI Ref No 278680704235731 PNB Account 7247,304,healthcare,upi,slice,pnb,ocr_upi
2897 rupaye Flipkart UPI se pay kya,2897,shopping,upi,fi,,hinglish_natural
lunch dinner food order swiggy zomato restaurant meal 2091 G Pay,2091,food,upi,gpay,union bank,cue_row
coaching ka books liyaa 468 rupees debit card se,468,education,card,,,hinglish_natural
school fees payment ₹25600 done via card,25600,education,card,,,english_natural
Paid Rs 1659 for Vedantu from my hdfc account via card,1659,education,card,,hdfc,english_natural
Amazon 262 Cred Successful State Bank 3203,262,shopping,upi,cred,sbi,ocr_upi
school college tuition course books fees 4774 card,4774,education,card,,,cue_row
423 rupaiye HDFC loan UPI se pay kia,423,emi,upi,slice,yes bank,hinglish_natural
rickshaw ka ride le liya 262 rs. cash diyee,262,travel,cash,,,hinglish_natural
i paid 2753 rupees for EaseMyTrip using Paytm,2753,travel,upi,paytm,,voice_transcript
i did 690 expense on exam fee using Gpay,690,education,upi,gpay,,voice_transcript
Priya ko 11295 transfer kiya Paytm se,11295,friends,upi,paytm,,friends_synthetic
Priya mein 211 lag gaye phonepe se bhara,211,friends,upi,phonepe,,voice_transcript
1688 library,1688,education,upi,phonepe,,english_natural
hospital ka dawai lya 1454 rs UPI se pay kiya,1454,healthcare,upi,paytm,,hinglish_natural
hospital doctor pharmacy medicine diagnostic Rs 275 Cred,275,healthcare,upi,cred,,cue_row
"BILL
Dunkin
₹3011.24
CASH
Thank You Visit Again",3011.24,food,cash,,sbi,ocr_receipt
"HDFC loan 237 Completed 11Sep 2025,9:38 am ICICI 6137 UPI transaction ID 621894179575",237,emi,upi,bhim,icici,ocr_upi
school college tuition course books fees ₹974 card,974,education,card,,,cue_row
bike loan EMI Rs 142.94 debited from Fi,142.94,emi,upi,cred,fi,english_natural
aaj Unacademy pe 940 rupaye kharcha hua card se,940,education,card,,,voice_transcript
home loan EMI Rs 2794 Phone Pe,2794,emi,upi,phonepe,,english_natural
INOX 892 cash me,892,entertainment,cash,,,hinglish_natural
friend me 24672 rs. ka split kiyaa UPI se,24672,friends,upi,slice,,hinglish_natural
30 rupees BYJU'S card Punjab National Bank account,30,education,card,,pnb,voice_transcript
sent money to Arjun R 418 on niyo,418,friends,upi,niyo,,friends_synthetic
cafe mein 277 lag gaye Paytm se bhara,277,food,upi,paytm,,voice_transcript
Rs 132.27 paid to BSNL via Fi from ICICI,132.27,utilities,upi,fi,icici,english_natural
Spotify pe 2000 rupees ka subscription renew kia CRED se pay kr diya Jupiter account se,2000,entertainment,upi,cred,jupiter,hinglish_natural
raat ko 421 rupaye Biryani Blues card se,421,food,card,,pnb,hinglish_natural
home loan car loan credit card EMI monthly ₹30393 autopay card,30393,emi,card,,,cue_row
netflix spotify hotstar subscription movie show t10921 card,10921,entertainment,card,,,cue_row
Paid 318 for Paytm Money from my YES BANK account via card,318,investment,card,,yes bank,english_natural
Nykaa ka buy kiyaa 81 rupaiye card se,81,shopping,card,,niyo,hinglish_natural
496 ka Nykaa bill pay kiya Fi Money se Union Bank se kata,496,shopping,upi,fi,union bank,voice_transcript
NPS 260 ₹ UPI se,260,investment,upi,niyo,indusind,hinglish_natural
diagnostic 49885.90,49885.90,healthcare,card,,,english_natural
INR 3182 charged for McDonald's on Mastercard,3182,food,card,,hdfc,english_natural
TO:ELECTRONICSSTORE electronicsstore.88048@hdfcbankbank From:AMITSINGH (HDFC Bank G Pay : sender1420@okhdfcbankbank,410,shopping,upi,gpay,hdfc,ocr_upi
Mobile recharge INR 20130,20130,utilities,upi,slice,kotak,source_english
23 debited from your Kotak Mahindra account for Groww (Cred UPI),23,investment,upi,cred,kotak,ocr_upi
Spent 23046 on college fees using Visa,23046,education,card,,,english_natural
"EATFIT
Item 1 Rs171
Item 2 Rs159
Total ₹45566
CARD",45566,food,card,,hdfc,ocr_receipt
394 rs. Airtel recharge Google Pay se,394,utilities,upi,gpay,niyo,hinglish_natural
"TAX INVOICE
mess
Grand Total: ₹3778.52
Payment: niyo",3778.52,food,upi,niyo,,ocr_receipt
"society maintenance BILL
St: INR 2729
PayTM Approved",2729,utilities,upi,paytm,,ocr_receipt
Train ticket IRCTC INR 49758,49758,travel,upi,phonepe,,source_english
TO:PRIYA priya.49724@yesbankbank From:UTSAVJANA (YES BANK G Pay : sender9104@okyesbankbank,4095,friends,upi,gpay,yes bank,ocr_upi
1927.53 charged for Netflix on credit card,1927.53,entertainment,card,,sbi,english_natural
Paid hospital ₹48005.62 using cash from jupiter,48005.62,healthcare,cash,,jupiter,english_natural
Paid 6461 for FirstCry from my sbi account via debit card,6461,shopping,card,,sbi,english_natural
"TAX INVOICE
concert
Grand Total: Rs81.15
Payment: SLICE",81.15,entertainment,upi,slice,icici,ocr_receipt
"D BIKELOANEMI 256 Completed 2Feb 2026,3:48 pm ICICI Bank 5347 UPI transaction ID 83587474412404 TO:BIKELOANEMI bike loan emi.42290@icicibank Goog1etransaction lD XYZabc883351 OPI Niyo",256,emi,upi,niyo,icici,ocr_upi
DishTV 25038 Fi Money,25038,utilities,upi,slice,fi,english_natural
Paid college fees Rs22 using cash,22,education,cash,,,english_natural
45318 rs. exam fee haath se diyee,45318,education,cash,,niyo,hinglish_natural
"SBI loan 1919 Completed 28Jun 2026,8:45 am ICICI Bank 1693 UPI transaction ID 80792660940",1919,emi,upi,cred,icici,ocr_upi
Vedantu ₹164 SLICE,164,education,upi,slice,sbi,english_natural
SBI loan 18947 debited from axis,18947,emi,upi,phonepe,axis,english_natural
aaj hospital pe 753 rupaye kharcha hua paytm se,753,healthcare,upi,paytm,hdfc,voice_transcript
Paid 309 for SpiceJet from my SBI account via cash,309,travel,cash,,sbi,english_natural
2075 rupees shopping kya H&M pe UPI se yaar,45940,shopping,upi,cred,,source_hinglish
Bought car loan EMI for 123 with debit card,123,emi,card,,sbi,english_natural
RedBus me 71 rupaiye ka ticket book kiyaa UPI se pay kya,71,travel,upi,cred,,hinglish_natural
dopahar ko 267 rupaye shopping kr diya Myntra ko card se,267,shopping,card,,icici,hinglish_natural
"SONYLIV
Item 1 62
Item 2 Rs.352
Total Rs.271
CARD",271,entertainment,card,,,ocr_receipt
mutual fund SIP stocks PPF FD investment ₹93 Paytm,93,investment,upi,paytm,,cue_row
67 Kuvera debit card se,67,investment,card,,,hinglish_natural
flight booking travel ticket Rs23 cash,23,travel,cash,,,cue_row
49516 rs game liya PVR ko Paytm se pay kiyaa,49516,entertainment,upi,paytm,,hinglish_natural
aaj Chai Point me 12921 ka kha liya via phonepe,12921,food,upi,phonepe,hdfc,hinglish_natural
411.15 books,411.15,education,card,,yes bank,english_natural
"D HDFCLOAN 3845.13 Completed 10Mar 2026,11:08 pm sbi Bank 6149 UPI transaction ID 1294435400 TO:HDFCLOAN hdfc loan.67224@sbibank Soogletransaction lD CICAgJjg748819 OPI PhonePe",3845.13,emi,upi,phonepe,sbi,ocr_upi
"PharmEasy BILL
St: INR 31275
CARD Approved",31275,healthcare,card,,,ocr_receipt
maine 15694 rupaye BYJU'S ko diye cash se,15694,education,cash,,,voice_transcript
Rapido mein 336 lag gaye cash se bhara,336,travel,cash,,,voice_transcript
"TAX INVOICE
Snapdeal
Grand Total: t47107.02
Payment: CARD",47107.02,shopping,card,,,ocr_receipt
Netmeds ₹2529.98 cash,2529.98,healthcare,cash,,,english_natural
i did 3418 expense on coaching using niyo,3418,education,upi,niyo,sbi,voice_transcript
BEWAKOOF INR 46,46,shopping,cash,,,english_natural
POS/BOOKS/CASH/4084,4519,education,cash,,niyo,english_natural
electricity water broadband mobile recharge bill R 25471 Paytm,25471,utilities,upi,paytm,,cue_row
260 ka Kuvera bill pay kiya gpay se,260,investment,upi,gpay,,voice_transcript
Zee5 443.43 Kotak Mahindra,443.43,entertainment,upi,phonepe,kotak,english_natural
Spent ₹3152 on EaseMyTrip using credit card,3152,travel,card,,axis,english_natural
Coursera 202 Mastercard,202,education,card,,,english_natural
breakfast snacks chai coffee ₹172 Phone Pe,172,food,upi,phonepe,,cue_row
spent 51 rupees on colleague via gpay,51,friends,upi,gpay,,voice_transcript
Library fee INR 29029,29029,education,upi,paytm,,source_english
2569 rs. FreshMenu haath se die,2569,food,cash,,icici,hinglish_natural
sent money to bhai Rs.94 on PhonePe,94,friends,upi,phonepe,,friends_synthetic
Blinkit 3999 ₹ G Pay pe matlab,3999,food,upi,gpay,indusind,hinglish_natural
47 rupees Angel One paytm,47,investment,upi,paytm,,voice_transcript
ACT Fibernet se bill pay kiyaa 2973 rs. ka card se pay kiya,2973,utilities,card,,jupiter,hinglish_natural
Spent ₹4560.82 on coaching using cred,4560.82,education,upi,cred,niyo,english_natural
Kuvera ka stock lya 39048 rupees debit card se achha deal mila,39048,investment,card,,,hinglish_natural
ET Money ?3355 card,3355,investment,card,,federal bank,english_natural
UPI/74685100/FRESHMENU/BANK,4943.57,food,upi,slice,,english_natural
Gaana pe 4357 ka movie dekhi card se pay kiyaa,4357,entertainment,card,,,hinglish_natural
274.58 GPay DMart,274.58,food,upi,gpay,,english_natural
Bewakoof Rs.377 SLICE,377,shopping,upi,slice,icici,ocr_upi
Amazon Prime ka game lia 470 UPI se achha deal mila,470,entertainment,upi,paytm,jupiter,hinglish_natural
Just paid Rs.485 to Bajaj Finance EMI through debit card,485,emi,card,,,english_natural
medical checkup lab test health insurance INR 13077 cash,13077,healthcare,cash,,axis,cue_row
3825 rupees Practo UPI se diy bc,3825,healthcare,upi,gpay,hdfc,hinglish_natural
aaj Kuvera 46031 debit card se,46031,investment,card,,,hinglish_natural
bhai 2862 rupay cab liya HP Petrol pe UPI se pay kar diya,2862,travel,upi,gpay,,hinglish_natural
"TAX INVOICE
H&M
Grand Total: INR 3028
Payment: CARD",3028,shopping,card,,,ocr_receipt
3163 rupaiye buy kar diya Ajio pe via Jupiter,3163,shopping,upi,jupiter,,hinglish_natural
109 college fees card se pay kia,109,education,card,,pnb,hinglish_natural
sent ₹6037 to friend on Bhim split bill UPI,6037,friends,upi,bhim,,cue_row
3110 rupay JioMart card se pay kr diya,3110,food,card,,,hinglish_natural
254 rs movie dekhi Spotify pe debit card se Jupiter wale account se,254,entertainment,card,,jupiter,hinglish_natural
Paid crypto 1061 using Visa,1061,investment,card,,,english_natural
Just paid ₹348.73 to Apollo Pharmacy through credit card,348.73,healthcare,card,,hdfc,english_natural
1738 to Karan cash UPI,1738,friends,cash,,,friends_synthetic
restaurant se khana khya 4794 rupaye ka via Phonepe,4794,food,upi,phonepe,sbi,hinglish_natural
HP Petrol mein 147 lag gaye cash se bhara,147,travel,cash,,,voice_transcript
amazon flipkart myntra online shopping order Rs21154 Niyo,21154,shopping,upi,niyo,,cue_row
mall 4047 UPI se de diya,15291,shopping,upi,gpay,axis,source_hinglish
ATM/CASH/BANK/4813,4813,healthcare,cash,,,english_natural
abhi 2583 rs Amazon haath se de diya,2583,shopping,cash,,icici,hinglish_natural
mutual fund SIP stocks PPF FD investment Rs.35741 card,35741,investment,card,,icici,cue_row
SIP payment INR 234.55 done via debit card,234.55,investment,card,,niyo,english_natural
Paid Rs.49044.60 for SBI loan via Paytm,49044.60,emi,upi,paytm,jupiter,english_natural
Payment of Rs41337.89 to lab test was successful via CRED UPI Ref No 6102811117 Axis Account 1869,41337.89,healthcare,upi,cred,axis,ocr_upi
UPI/84897759/CAR LOAN EMI/BANK,168,emi,card,,,english_natural
Bought Zomato for Rs3526.80 with jupiter,3526.80,food,upi,jupiter,,english_natural
Used Fi Money cash to pay t1283 for Nature's Basket,1283,food,cash,,fi,english_natural
Paid Rs.39704.68 to Nature's Basket Google Pay UPI HDFC Bank 1191 Done,39704.68,food,upi,gpay,hdfc,ocr_upi
Neha ka split kar diya 110 rs. UPI se pay kia,110,friends,upi,paytm,,hinglish_natural
Gaana 45240 card se pay kr diya,45240,entertainment,card,,,hinglish_natural
Vi recharge 28342 Google Pay Completed PNB 8704,28342,utilities,upi,gpay,pnb,ocr_upi
Paid SpiceJet Rs.18061 using cash,18061,travel,cash,,,english_natural
paid back friend lent money Rs.3106 cash,3106,friends,cash,,,cue_row
sent t3492 to flatmate on cash,3492,friends,cash,,,friends_synthetic
amazon flipkart myntra online shopping order Rs 37050 G Pay,37050,shopping,upi,gpay,,cue_row
home loan car loan credit card EMI monthly R 71 autopay Paytm,71,emi,upi,paytm,,cue_row
MakeMyTrip pe 304 ₹ ka petrol bhra PayTM se,304,travel,upi,paytm,,hinglish_natural
TO:CHAIPOINT chaipoint.66403@punjabnationalbankbank From:UTSAVJANA (Punjab National Bank GPay : sender4561@okpunjabnationalbankbank,17223,food,upi,gpay,pnb,ocr_upi
FD 134,134,investment,card,,,english_natural
SBI LOAN INR 2695.56 ICICI,2695.56,emi,card,,icici,english_natural
Unacademy ka fees bharaa 478 rupaiye card se,478,education,card,,,hinglish_natural
"D BHARATPETROLEUM 3747.25 Completed 24Feb 2026,9:15 pm HDFC Bank 8872 UPI transaction ID 7961207959709 TO:BHARATPETROLEUM bharat petroleum.35344@hdfcbank Soogletransaction lD CICAgJjg181843 OPI Bhim",3747.25,travel,upi,bhim,hdfc,ocr_upi
Paid Rs5317.02 for eye checkup via paytm,5317.02,healthcare,upi,paytm,,english_natural
TO:EDUCATIONLOANEMI educationloanemi.78619@federalbankbank From:RAHULKUMAR (Federal Bank cred : sender9834@okfederalbankbank,21729,emi,upi,cred,federal bank,ocr_upi
Reliance Fresh pe 21 rs ka food order kia UPI se pay kiyaa Fi Money card se,21,food,upi,jupiter,fi,hinglish_natural
college fees 1537 paytm se,1537,education,upi,paytm,,hinglish_natural
MUTUAL FUND INR 274 AXIS BANK,274,investment,upi,gpay,axis,english_natural
concert pe 2901 rupees ka ticket lya card se,2901,entertainment,card,,hdfc,hinglish_natural
clinic ka 3424 rupees ka bill Paytm se pay kiya,3424,healthcare,upi,paytm,,voice_transcript
Paid ₹25 for RedBus via debit card,25,travel,card,,,english_natural
Online course subscription INR 38439,38439,education,cash,,,source_english
SonyLIV me 4187 ₹ ka movie dekhi card se pay kiya,4187,entertainment,card,,niyo,hinglish_natural
yaar Vikram ka udhar return kiyaa 7705 rupay UPI se pay kia ICICI card se budget tod diya,7705,friends,upi,paytm,icici,hinglish_natural
Hospital bill INR 47829,47829,healthcare,upi,gpay,,source_english
i paid 4725 rupees for JioCinema using cash,4725,entertainment,cash,,,voice_transcript
sent Rs.104 to Amit on Cred,104,friends,upi,cred,,friends_synthetic
446 rs. EMI bhara home loan EMI ko debit card se,446,emi,card,,fi,hinglish_natural
159 rs. installment diye Bajaj Finance EMI pe card se bhai,159,emi,card,,,hinglish_natural
FD me 253 rs. ka mutual fund kiya UPI se diy icici se,253,investment,upi,cred,icici,hinglish_natural
Chai Point se kha liya 3229 rs. ka UPI se,3229,food,upi,gpay,,hinglish_natural
paid 36657 to car loan EMI through card,36657,emi,card,,,voice_transcript
2254 rupees diagnostic Cred,2254,healthcare,upi,cred,,voice_transcript
medical checkup lab test health insurance ₹392 cash,392,healthcare,cash,,,cue_row
raat ko Zerodha 48253 card se bc,48253,investment,card,,hdfc,hinglish_natural
Payment of ₹22007.51 to upGrad was successful via Fi UPI Ref No 58366824063 IDFC Account 7967,22007.51,education,upi,fi,idfc,ocr_upi
tuition se course lya 1743 ka CRED se pay kiya,1743,education,upi,cred,,hinglish_natural
aaj H&M pe 2519 rupaye kharcha hua card se,2519,shopping,card,,,voice_transcript
ghar jaate waqt 2981 rs coaching UPI se,2981,education,upi,paytm,,hinglish_natural
Lenskart 156 ₹ UPI se pay kiya,156,healthcare,upi,phonepe,,hinglish_natural
electricity water broadband mobile recharge bill Rs 32910 GPay,32910,utilities,upi,gpay,,cue_row
1773 rupay recharge kiya Jio recharge ko credit card se,1773,utilities,card,,,hinglish_natural
Spent 2757 on clinic using Paytm,2757,healthcare,upi,paytm,,english_natural
kal Amazon Prime me 31691 rs. ka game lia UPI se de diya,31691,entertainment,upi,phonepe,,hinglish_natural
20684 to INOX via Mastercard,20684,entertainment,card,,,english_natural
30980 roommate cash diye,30980,friends,cash,,canara,hinglish_natural
ghar jaate waqt JioCinema pe 13094 ₹ ka game lya Phonepe pe zyada ho gaya,13094,entertainment,upi,phonepe,,hinglish_natural
flatmate rent share 389 cash Rohan,389,friends,cash,,,friends_synthetic
gas bill 4820 rupees naqad,46401,utilities,cash,,,source_hinglish
Netmeds se dawai le liya 367 ₹ ka UPI se ICICI se kata matlab,367,healthcare,upi,paytm,icici,hinglish_natural
Apple Music se subscription renew kia 16065 rupaiye ka card se pay kr diya,17749,entertainment,card,,,source_hinglish
diagnostic ka dawai liya 1179 UPI se de diya,21596,healthcare,upi,phonepe,,source_hinglish
split bill 203 card se bro ko diya,203,friends,card,,idfc,friends_synthetic
INR 2032 debited from your HDFC Bank account for Zomato (fi UPI),2032,food,upi,fi,hdfc,ocr_upi
Just paid t39134 to auto through Mastercard,39134,travel,card,,,english_natural
Starbucks 4525 credit card se,4525,food,card,,kotak,hinglish_natural
aaj Ola 2838 rupees naqad,2838,travel,cash,,,hinglish_natural
KFC 373 credit card,373,food,card,,,english_natural
Snapdeal ka 37097 rupees ka bill Paytm se pay kiya,37097,shopping,upi,paytm,,voice_transcript
"FAASOS
Item 1 ₹102
Item 2 ₹366
Total 92.40
PayTM",92.40,food,upi,paytm,,ocr_receipt
Paid Rs.314.91 to DMart Google Pay UPI Bandhan Bank 1032 Done,314.91,food,upi,gpay,bandhan,ocr_upi
maine 426 rupaye Ananya ko diye gpay se,426,friends,upi,gpay,,voice_transcript
3076 gas bill,3076,utilities,cash,,,english_natural
dost colleague ko 4502 rupaye gpay se bheje,4502,friends,upi,gpay,,friends_synthetic
Ajio mein 1076 lag gaye card se bhara,1076,shopping,card,,,voice_transcript
sent 194 to friend on Phone Pe split bill UPI,194,friends,upi,phonepe,,cue_row
NIYO payment ₹4159 stocks SBI 7537 successful,4159,investment,upi,niyo,sbi,ocr_upi
sent Rs.4723 to friend on PayTM split bill UPI,4723,friends,upi,paytm,,cue_row
436 Phone Pe Bajaj Finance EMI,436,emi,upi,phonepe,,english_natural
UPI/61847196/LENSKART/ICICI,11138,healthcare,card,,icici,english_natural
Myntra Rs226 Jupiter,226,shopping,upi,jupiter,,english_natural
"DIAGNOSTIC RESTAURANT
Total 3147.08
Cash Received
Change 0.00",3147.08,healthcare,card,,,ocr_receipt
office se aate hue 1151 rupaye subscription renew kia Netflix pe card se,1151,entertainment,card,,,hinglish_natural
"Receipt #2227
Bewakoof
Amount Paid: 1603
Mode: PhonePe",1603,shopping,upi,phonepe,icici,ocr_receipt
Bewakoof me 46200 rs ka shopping kar diya UPI se pay kar diya,46200,shopping,upi,phonepe,,hinglish_natural
2018 rupay exam fee UPI se,2018,education,upi,gpay,sbi,hinglish_natural
roommate 4574 ₹ gpay se pay kar diya matlab,4574,friends,upi,gpay,fi,hinglish_natural
"personal loan EMI 35312.15 Completed 4Jan 2025,7:15 am ICICI 2520 UPI transaction ID 1990739488",35312.15,emi,upi,paytm,icici,ocr_upi
₹7757.07 charged for friend on G Pay,7757.07,friends,upi,gpay,,english_natural
"D HOTSTAR 107.65 Completed 27Feb 2026,3:45 pm Axis Bank 6246 UPI transaction ID 32723442416 TO:HOTSTAR hotstar.17589@axisbank Goog1etransaction lD CICAgJjg814899 OPI paytm",107.65,entertainment,upi,paytm,axis,ocr_upi
IRCTC pe 32108 rupay ka cab lya gpay se,32108,travel,upi,gpay,,hinglish_natural
cred payment Rs.368 SonyLIV icici 1460 successful,368,entertainment,upi,cred,icici,ocr_upi
bike loan EMI se installment diyee 17365 rupaye ka card se,17365,emi,card,,,hinglish_natural
4320 rupees flatmate Paytm,4320,friends,upi,paytm,,voice_transcript
Payment of ₹1650 to roommate was successful via bhim UPI Ref No 759596274233412 State Bank Account 6948,1650,friends,upi,bhim,sbi,ocr_upi
dost dost ko 12864 rupaye BHIM se bheje,12864,friends,upi,bhim,,friends_synthetic
Amazon payment 242.70 done via GPay,242.70,shopping,upi,gpay,hdfc,english_natural
Tata Play 94,94,utilities,upi,gpay,,english_natural
Ola cab INR 26683,26683,travel,cash,,,source_english
908 rupaiye colleague UPI se,908,friends,upi,bhim,,hinglish_natural
Bharat Petroleum se cab lia 642 rupaiye ka credit card se,642,travel,card,,,hinglish_natural
Gaana 3359,3359,entertainment,card,,,english_natural
aaj IRCTC pe 1740 rupaye kharcha hua cash se,1740,travel,cash,,,voice_transcript
aaj market pe 28007 rupaye kharcha hua Gpay se,28007,shopping,upi,gpay,,voice_transcript
broadband se payment kiya 2835 rupaye ka haath se de diye,2835,utilities,cash,,,hinglish_natural
Lenskart 39827.07,39827.07,healthcare,upi,jupiter,,english_natural
sent 2538 to Divya on card,2538,friends,card,,,friends_synthetic
H&M 9877.51,9877.51,shopping,card,,,english_natural
"CCD
Net Amount 441
Paid via SLICE",441,food,upi,slice,hdfc,ocr_receipt
CCD 339 rs naqad,339,food,cash,,,hinglish_natural
dost colleague ko 344 rupaye Cred se bheje,344,friends,upi,cred,,friends_synthetic
3645 rs transfer kiya friend pe UPI se diye sasta tha,3645,friends,upi,phonepe,,hinglish_natural
Vikram 414 ₹ CRED se,414,friends,upi,cred,,hinglish_natural
7488 ka Chai Point bill pay kiya SLICE se,7488,food,upi,slice,,voice_transcript
roommate se split kar diya 2956 ka UPI se pay kia,2956,friends,upi,phonepe,icici,hinglish_natural
office se aate hue Ola 4715 rupees GPay se pay kiyaa,4715,travel,upi,gpay,,hinglish_natural
bhai Dominos ka 388 rupaye card se de diya,388,food,card,,,voice_transcript
electricity water broadband mobile recharge bill Rs.257 Slice,257,utilities,upi,slice,,cue_row
?41371 charged for books on PhonePe,41371,education,upi,phonepe,,english_natural
Behrouz 4836 rupaiye UPI se pay kr diya,4836,food,upi,slice,,hinglish_natural
paid Neha ₹423 via Jupiter,423,friends,upi,jupiter,,friends_synthetic
bhai 49799 rupees eye checkup cash me,49799,healthcare,cash,,axis,hinglish_natural
325 rupaiye stock liyaa PPF ko UPI se bc,325,investment,upi,gpay,icici,hinglish_natural
Gpay payment ?275 ET Money Axis 4937 done,275,investment,upi,gpay,axis,ocr_upi
2267 rs. Tata Play UPI se de diye,2267,utilities,upi,gpay,,hinglish_natural
school college tuition course books fees 260 jupiter,260,education,upi,jupiter,,cue_row
lunch dinner food order swiggy zomato restaurant meal 310 cash,310,food,cash,,,cue_row
"BARBEQUE NATION RESTAURANT
Total 25553
Cash Received
Change 0.00",25553,food,cash,,,ocr_receipt
"gaming
Net Amount 172.08
Paid via Gpay",172.08,entertainment,upi,gpay,,ocr_receipt
yaar Amazon se saman le liya 2179 rupees ka debit card se,2179,shopping,card,,,hinglish_natural
market 24666 rupaye via phonepe,24666,shopping,upi,phonepe,,hinglish_natural
5054 ka upGrad bill pay kiya card se,5054,education,card,,,voice_transcript
Payment of Rs.68 to Flipkart was successful via G Pay UPI Ref No 62492151569 State Bank Account 4893,68,shopping,upi,gpay,sbi,ocr_upi
petrol pump ka ticket book kiyaa 193 rupaye debit card se,193,travel,card,,,hinglish_natural
FD mein 3913 lag gaye NIYO se bhara,3913,investment,upi,niyo,,voice_transcript
Zee5 ka game lia 448 haath se de diya icici account se,5,entertainment,cash,,icici,hinglish_natural
4246 ka Amazon Prime bill pay kiya cash se HDFC Bank se kata,4246,entertainment,cash,,hdfc,voice_transcript
car loan EMI 36625 rs. UPI se diye sasta tha,36625,emi,upi,gpay,,hinglish_natural
Mobile recharge INR 49627,49627,utilities,card,,axis,source_english
aaj Yatra 20033 rupay via Phonepe,20033,travel,upi,phonepe,canara,hinglish_natural
Bought upGrad for 1984.41 with bhim,1984.41,education,upi,bhim,,english_natural
raat ko Paytm Money ka stock lya 64 rupay card se pay kiya BOB se kata,64,investment,card,,bob,hinglish_natural
gold ka stock liyaa 3102 rs. card se pay kiya,3102,investment,card,,,hinglish_natural
265 rupay bill bharra water bill pe G Pay se,265,utilities,upi,gpay,yes bank,hinglish_natural
ATM/CASH/BANK/22785.38,22785.38,shopping,upi,slice,,english_natural
sent ₹1173 to friend on SLICE split bill UPI,1173,friends,upi,slice,,cue_row
t23532 to Divya PhonePe UPI,23532,friends,upi,phonepe,,friends_synthetic
178 rupay Divya UPI se bhai,178,friends,upi,jupiter,,hinglish_natural
aaj concert ka subscription renew kia 3392 rupaiye card se pay kiyaa,3392,entertainment,card,,hdfc,hinglish_natural
rent maintenance gas connection Rs 323 Fi Money,323,utilities,upi,fi,sbi,cue_row
Bought BookMyShow for 4011 with card,4011,entertainment,card,,,english_natural
Rs.285 to dost paytm UPI,285,friends,upi,paytm,,friends_synthetic
amazon flipkart myntra online shopping order ?4286 Phonepe,4286,shopping,upi,phonepe,pnb,cue_row
phonepe payment Rs2733 eye checkup Axis 8139 done,2733,healthcare,upi,phonepe,axis,ocr_upi
Zee5 ka movie dekhi 42 rs via Gpay HDFC Bank se kata,5,entertainment,upi,gpay,hdfc,hinglish_natural
bhai Neha ko udhar return kiya 249 rs card se,249,friends,card,,,friends_synthetic
ACT Fibernet 287.93,287.93,utilities,upi,phonepe,,english_natural
327 credit card Ananya,327,friends,card,,,english_natural
Rahul ko 23269 transfer kiya phonepe se,23269,friends,upi,phonepe,,friends_synthetic
dost 3073 rs PhonePe se,3073,friends,upi,phonepe,,hinglish_natural
paid 1241 to library through card,1241,education,card,,,voice_transcript
"BILL
SonyLIV
3949.40
CARD
Thank You Visit Again",3949.40,entertainment,card,,,ocr_receipt
dinner split 1891 rupaye Rohan cash,1891,friends,cash,,,friends_synthetic
UPI/79194017/OLA/BANK,98.47,travel,cash,,,english_natural
maine 660 rupaye bro ko diye Fi se,660,friends,upi,fi,,voice_transcript
2729 ₹ ticket le liya INOX ko credit card se,2729,entertainment,card,,,hinglish_natural
Hotstar se subscription renew kiya 297 rupees ka card se matlab,297,entertainment,card,,,hinglish_natural
Myntra 40525.49 GPay Payment done State Bank 9681,40525.49,shopping,upi,gpay,sbi,ocr_upi
Rs.374 to yaar card UPI,374,friends,card,,,friends_synthetic
school college tuition course books fees ₹4685 Gpay,4685,education,upi,gpay,,cue_row
aaj mutual fund se stock lia 162 ₹ ka debit card se,41878,investment,card,,canara,source_hinglish
NEFT/TRANSFER/CREDIT CARD EMI/JUPITER,424,emi,upi,gpay,jupiter,english_natural
FirstCry ka saman lya 4743 rs. UPI se pay kia yaar,4743,shopping,upi,slice,,hinglish_natural
Paid 1655 to personal loan EMI cred UPI axis 9713 Successful,1655,emi,upi,cred,axis,ocr_upi
mall 5894 rupaiye debit card se yaar,5894,shopping,card,,,hinglish_natural
INR 285 charged for MakeMyTrip on fi,285,travel,upi,fi,,english_natural
ghar jaate waqt CCD ka food order kia 1711 rupay UPI se diy,1711,food,upi,phonepe,,hinglish_natural
24653.04 Visa mall,24653.04,shopping,card,,indusind,english_natural
maine 162 rupaye metro ko diye card se,162,travel,card,,,voice_transcript
Ola cab INR 39480,39480,travel,upi,paytm,,source_english
credit card EMI 4809,4809,emi,upi,paytm,,english_natural
bhai broadband ka 25000 rupaye card se de diya,25000,utilities,card,,,voice_transcript
Payment of Rs.2324 to HP Petrol was successful via paytm UPI Ref No 4502405377290 Kotak Mahindra Account 6793,2324,travel,upi,paytm,kotak,ocr_upi
304 rupaye EMI bhar diya home loan EMI pe slice pe,4320,emi,upi,slice,,source_hinglish
Snapdeal 446 rupay GPay se zyada ho gaya,446,shopping,upi,gpay,,hinglish_natural
Bajaj Finance EMI se loan payment kia 1314 rupees ka debit card se HDFC wale account se,1314,emi,card,,hdfc,hinglish_natural
netflix spotify hotstar subscription movie show Rs15368 Paytm,15368,entertainment,upi,paytm,,cue_row
Just paid Rs.3423 to Vi recharge through paytm,3423,utilities,upi,paytm,,english_natural
2403 ka petrol pump bill pay kiya card se,2403,travel,card,,,voice_transcript
bhai car loan EMI ka 486 rupaye card se de diya,486,emi,card,,fi,voice_transcript
8732.72 to Rapido via Mastercard,8732.72,travel,card,,,english_natural
yaar Chai Point se khana order kiyaa 4762 rupees ka UPI se matlab,4762,food,upi,fi,,hinglish_natural
aaj 39 rupees order kya Meesho ko Paytm se,39,shopping,upi,paytm,,hinglish_natural
Zara 127 rupees debit card se bc,127,shopping,card,,,hinglish_natural
kal Tata Play pe 24009 rs. ka payment kya debit card se,24009,utilities,card,,sbi,hinglish_natural
H&M 14892 ₹ debit card se,14892,shopping,card,,,hinglish_natural
"Dunkin
Net Amount 96
Paid via CASH",96,food,cash,,,ocr_receipt
amazon flipkart myntra online shopping order ₹432 cash,432,shopping,cash,,pnb,cue_row
GPay payment 125.80 Coin axis 6797 successful,125.80,investment,upi,gpay,axis,ocr_upi
dost Divya ko 495 rupaye slice se bheje,495,friends,upi,slice,,friends_synthetic
Spent ?4592 on FirstCry using card,4592,shopping,card,,,english_natural
sent money to Shreya ₹200 on Gpay,200,friends,upi,gpay,,friends_synthetic
Payment of 3841.88 to CCD was successful via Niyo UPI Ref No 1188203806958 Kotak Mahindra Account 3086,3841.88,food,upi,niyo,kotak,ocr_upi
"D HOMELOANEMI 34932 Completed 12Mar 2026,3:42 pm PNB Bank 2206 UPI transaction ID 676787905411 TO:HOMELOANEMI home loan emi.65496@pnbbank Goog1etransaction lD XYZabc115340 OPI Gpay",34932,emi,upi,gpay,pnb,ocr_upi
3340 home loan EMI,3340,emi,card,,,english_natural
Netmeds ₹35005 debited from HDFC,35005,healthcare,upi,paytm,hdfc,english_natural
2269 rupees ride liya petrol pump ko haath se diye ICICI Bank card se bhai,2269,travel,cash,,icici,hinglish_natural
?21467.13 to Priya via PhonePe,21467.13,friends,upi,phonepe,,english_natural
Paid eye checkup Rs 687 using cash,687,healthcare,cash,,,english_natural
Airtel recharge se bill bhara 326 rupay ka UPI se de diya,326,utilities,upi,paytm,,hinglish_natural
home loan EMI ₹17897 Google Pay,17897,emi,upi,gpay,hdfc,ocr_upi
15397 ka Zerodha bill pay kiya phonepe se,15397,investment,upi,phonepe,,voice_transcript
electricity bill ka recharge kar diya 446 rupees UPI se pay kar diya,9725,utilities,upi,cred,,source_hinglish
subah 1640 rupees Apollo Pharmacy UPI se pay kya,1640,healthcare,upi,cred,jupiter,hinglish_natural
YouTube Premium Rs4749 GPay,4749,entertainment,upi,gpay,bandhan,ocr_upi
Spent 1304.39 on dentist using Bhim,1304.39,healthcare,upi,bhim,,english_natural
books ka admission kr diya 23961 debit card se,39601,education,card,,,source_hinglish
dinner split 6967 rupaye Karan CRED,6967,friends,upi,cred,,friends_synthetic
Behrouz se khana order kr diya 27157 rs. ka debit card se,27157,food,card,,,hinglish_natural
560.57 Uber,560.57,travel,cash,,,english_natural
₹1332 to Ananya gpay UPI,1332,friends,upi,gpay,,friends_synthetic
Rohan Rs458 GPay,458,friends,upi,gpay,idfc,ocr_upi
Payment of Rs.1078.25 to Angel One was successful via Slice UPI Ref No 666291362153944 Federal Bank Account 6084,1078.25,investment,upi,slice,federal bank,ocr_upi
dost bhai ko 478 rupaye Google Pay se bheje,478,friends,upi,gpay,,friends_synthetic
₹870.84 paid to Subway via Jupiter UPI from Axis Bank Bank ending 2107,870.84,food,upi,jupiter,axis,ocr_upi
mutual fund se SIP bhra 4389 rupees ka debit card se,4389,investment,card,,,hinglish_natural
Bought Snapdeal for 2387 with Mastercard,2387,shopping,card,,,english_natural
1525 rs. books lya exam fee pe haath se die budget tod diya,1525,education,cash,,indusind,hinglish_natural
TO:STATIONERY stationery.25178@hdfcbankbank From:AMITSINGH (HDFC Bank Phone Pe : sender3638@okhdfcbankbank,392,education,upi,phonepe,hdfc,ocr_upi
PharmEasy ka doctor ko die 2331 naqad,2331,healthcare,cash,,,hinglish_natural
paid back friend lent money Rs41761 Phonepe,41761,friends,upi,phonepe,,cue_row
Zara payment ₹226 done via card,226,shopping,card,,,english_natural
Indian Oil ₹475 GPay,475,travel,upi,gpay,sbi,ocr_upi
"APOLLO PHARMACY
Item 1 ₹382
Item 2 484
Total ₹1138
CARD",1138,healthcare,card,,hdfc,ocr_receipt
Rs.3184 charged for Amazon on Mastercard,3184,shopping,card,,sbi,english_natural
48150 rupees hospital card,48150,healthcare,card,,,voice_transcript
₹19998 to Karan card UPI,19998,friends,card,,,friends_synthetic
Unacademy mein 2356 lag gaye PayTM se bhara,2356,education,upi,paytm,sbi,voice_transcript
Bought RedBus for R 328 with debit card,328,travel,card,,,english_natural
3609 rs cab liyaa Rapido pe credit card se,3609,travel,card,,icici,hinglish_natural
medical checkup lab test health insurance ₹45936 Phonepe,45936,healthcare,upi,phonepe,,cue_row
Spent ₹4827 on Priya using Cred,4827,friends,upi,cred,,english_natural
dopahar ko Coin se invest kr diya 45243 rs ka UPI se,45243,investment,upi,gpay,,hinglish_natural
NEFT/TRANSFER/LENSKART/YES BANK,48442.13,shopping,card,,yes bank,english_natural
ghar jaate waqt INOX pe 279 rupay ka subscription renew kar diya G Pay se Axis se kata,279,entertainment,upi,gpay,axis,hinglish_natural
Used icici credit card to pay Rs 6914 for stocks,6914,investment,card,,icici,english_natural
kal petrol pump me 1197 ka ride lia naqad hdfc se kata zyada ho gaya,1197,travel,cash,,hdfc,hinglish_natural
bike loan EMI 207,207,emi,card,,jupiter,english_natural
Goibibo Rs.45887 cash,45887,travel,cash,,niyo,english_natural
UPI/04680883/MYNTRA/BANK OF BARODA,351,shopping,card,,bob,english_natural
Rs.4277 to restaurant via Google Pay,4277,food,upi,gpay,,english_natural
netflix spotify hotstar subscription movie show ₹1856 card,1856,entertainment,card,,,cue_row
PharmEasy Rs3168.44 cred,3168.44,healthcare,upi,cred,hdfc,ocr_upi
ghar jaate waqt dentist se medicine lia 1254 rs. ka haath se diy,1254,healthcare,cash,,sbi,hinglish_natural
Myntra ka buy kya 2412 rupaiye card se,2412,shopping,card,,idfc,hinglish_natural
Payment of Rs.923 to Reliance Digital was successful via G Pay UPI Ref No 612805439132 sbi Account 1021,923,shopping,upi,gpay,sbi,ocr_upi
electronics clothes shoes accessories purchase INR 164 via card,164,shopping,card,,,cue_row
kal rickshaw 1323 rs. credit card se,1323,travel,card,,,hinglish_natural
flatmate rent share 13405 gpay Arjun,13405,friends,upi,gpay,yes bank,friends_synthetic
credit card EMI payment ?4140.55 done via card,4140.55,emi,card,,,english_natural
2638 rs. Karan card se pay kia,2638,friends,card,,kotak,hinglish_natural
Used Jupiter Mastercard to pay 15565 for dentist,15565,healthcare,card,,jupiter,english_natural
"Receipt #3535
society maintenance
Amount Paid: ₹2617.97
Mode: CASH",2617.97,utilities,cash,,,ocr_receipt
bhai 1536 rupaiye Groww UPI se pay kia,1536,investment,upi,gpay,,hinglish_natural
school fees ka course lia 325 rupees gpay pe,35740,education,upi,gpay,,source_hinglish
amazon flipkart myntra online shopping order ₹46810 bhim,46810,shopping,upi,bhim,,cue_row
Flipkart order INR 43137,43137,shopping,card,,hdfc,source_english
Just paid t489.57 to Rahul through jupiter,489.57,friends,upi,jupiter,,english_natural
29255 ka mess bill pay kiya phonepe se,29255,food,upi,phonepe,,voice_transcript
71 movie dekhi Gaana ko card se HDFC account se,71,entertainment,card,,hdfc,hinglish_natural
paid 2473 to Apollo Pharmacy through GPay from Fi Money,2473,healthcare,upi,gpay,fi,voice_transcript
Paid t2253.63 for Spotify from my sbi account via jupiter,2253.63,entertainment,upi,jupiter,sbi,english_natural
?32818 charged for concert on cash,32818,entertainment,cash,,,english_natural
sent money to yaar Rs.443 on cash,443,friends,cash,,,friends_synthetic
Neha se paise bheje 4722 rupaiye ka jupiter pe,4722,friends,upi,jupiter,,hinglish_natural
market 127 cash me sbi account se,127,shopping,cash,,sbi,hinglish_natural
concert ka game liya 431 rupaiye CRED pe,431,entertainment,upi,cred,,hinglish_natural
Paid Rs.463 for KFC via Phone Pe,463,food,upi,phonepe,,english_natural
raat ko colleague pe 42941 rupaiye ka dost ko diy gpay se,42941,friends,upi,gpay,,hinglish_natural
Bought insurance premium for Rs201 with G Pay,201,utilities,upi,gpay,kotak,english_natural
"CHAI POINT
Item 1 Rs487
Item 2 453
Total 1868.50
CARD",1868.50,food,card,,icici,ocr_receipt
Used NIYO card to pay INR 1861 for market,1861,shopping,card,,niyo,english_natural
"D PHARMEASY 236.88 Completed 19Jan 2026,5:36 pm Punjab National Bank Bank 7075 UPI transaction ID 6519017499383 TO:PHARMEASY pharmeasy.70664@punjab national bankbank Goog1etransaction lD XYZabc570847 OPI G Pay",236.88,healthcare,upi,gpay,pnb,ocr_upi
broadband me 44767 rupees ka bill pay kr diya PayTM pe,44767,utilities,upi,paytm,,hinglish_natural
"society maintenance
Net Amount 4157.43
Paid via CARD",4157.43,utilities,card,,,ocr_receipt
Personal loan installment INR 22328,22328,emi,upi,phonepe,,source_english
"BILL
Reliance Digital
t23047
CARD
Thank You Visit Again",23047,shopping,card,,,ocr_receipt
Paid Rs403.69 to personal loan EMI gpay UPI SBI 2462 Completed,403.69,emi,upi,gpay,sbi,ocr_upi
slice payment ₹38708 Reliance Digital kotak 3534 completed,38708,shopping,upi,slice,kotak,ocr_upi
maine 2030 rupaye electronics store ko diye cash se,2030,shopping,cash,,,voice_transcript
2019 debited from your ICICI Bank account for Rapido (Paytm UPI),2019,travel,upi,paytm,icici,ocr_upi
Bought Uber for INR 352.24 with cash,352.24,travel,cash,,axis,english_natural
Stock purchase INR 37299,37299,investment,card,,,source_english
RedBus se ticket book kia 324 ka card se pay kia Fi Money account se,324,travel,card,,fi,hinglish_natural
ghar jaate waqt Bharat Petroleum se cab le liya 25519 rupaye ka cash die,25519,travel,cash,,,hinglish_natural
"Swiggy 534 Completed 18Aug 2025,10:48 am ICICI 1707 UPI transaction ID 299906396773",534,food,upi,jupiter,icici,ocr_upi
maine 127 rupaye bike loan EMI ko diye GPay se,127,emi,upi,gpay,,voice_transcript
abhi NPS 2226 rupaye card se pay kar diya,2226,investment,card,,,hinglish_natural
"MEESHO
Item 1 Rs.352
Item 2 97
Total 4207
CARD",4207,shopping,card,,,ocr_receipt
school college tuition course books fees Rs4577 Phonepe,4577,education,upi,phonepe,pnb,cue_row
Paid Rs 365 for SIP from my SBI account via Visa,365,investment,card,,sbi,english_natural
"TAX INVOICE
doctor
Grand Total: 132
Payment: GPay",132,healthcare,upi,gpay,,ocr_receipt
Lenskart se checkup karaya 27 rs ka UPI se pay kya,27,healthcare,upi,cred,,hinglish_natural
BYJU'S payment 485.13 done via Visa,485.13,education,card,,,english_natural
personal loan EMI se installment de diye 378 rupaye ka Phonepe se pay kiyaa State Bank se,378,emi,upi,phonepe,sbi,hinglish_natural
458 rupees invest kia Paytm Money pe UPI se pay kya State Bank card se,458,investment,upi,gpay,sbi,hinglish_natural
maine 137 rupaye Tata CLiQ ko diye card se,137,shopping,card,,,voice_transcript
sent INR 31959 to friend on Phone Pe split bill UPI,31959,friends,upi,phonepe,,cue_row
Bought Bajaj Finance EMI for Rs.349 with credit card,349,emi,card,,,english_natural
aaj SIP me 17482 rupaye ka invest kar diya card se pay kia achha deal mila,17482,investment,card,,,hinglish_natural
Rs.1416 charged for dost on cred,1416,friends,upi,cred,,english_natural
electricity water broadband mobile recharge bill R 878 Paytm,878,utilities,upi,paytm,,cue_row
315 doctor ko de diye clinic ko SLICE pe Canara Bank card se,315,healthcare,upi,slice,canara,hinglish_natural
"Receipt #9030
ACT Fibernet
Amount Paid: 368
Mode: CASH",368,utilities,cash,,,ocr_receipt
paid dost ₹270 via cash,270,friends,cash,,,friends_synthetic
1119 rupaiye BookMyShow card se pay kia,1119,entertainment,card,,,hinglish_natural
Rs294.00 paid to water bill via SLICE from icici,294.00,utilities,upi,slice,icici,english_natural
Rs119.13 debited from your Federal Bank account for SIP (PhonePe UPI),119.13,investment,upi,phonepe,federal bank,ocr_upi
Just paid Rs.4461 to MedPlus through card,4461,healthcare,card,,,english_natural
electronics store ka saman liyaa 1018 rs. credit card se,1018,shopping,card,,,hinglish_natural
TO:MESS mess.51838@icicibank From:RAHULKUMAR (icici Phonepe : sender1179@okicicibank,1808,food,upi,phonepe,icici,ocr_upi
paid 2513 to Netmeds through card,2513,healthcare,card,,,voice_transcript
"D AMAZONPRIME 104.39 Completed 19Feb 2026,5:30 pm Axis Bank 4633 UPI transaction ID 4995232537742 TO:AMAZONPRIME amazon prime.30665@axisbank Goog1etransaction lD XYZabc164843 OPI Cred",104.39,entertainment,upi,cred,axis,ocr_upi
Jio recharge payment ₹78 done via NIYO,78,utilities,upi,niyo,,english_natural
"Receipt #1381
Netflix
Amount Paid: Rs257
Mode: cred",257,entertainment,upi,cred,,ocr_receipt
Electricity bill payment INR 35065,35065,utilities,upi,paytm,,source_english
Paytm payment 8374 Air India HDFC Bank 1517 done,8374,travel,upi,paytm,hdfc,ocr_upi
Amazon Prime ka ticket liyaa 32015 rupaye UPI se,32015,entertainment,upi,phonepe,,hinglish_natural
sent R 3269 to friend on Slice split bill UPI,3269,friends,upi,slice,,cue_row
"JioCinema
Net Amount 3631.93
Paid via jupiter",3631.93,entertainment,upi,jupiter,,ocr_receipt
grocery vegetables milk bread fruits 21611 paid Paytm,21611,food,upi,paytm,,cue_row
i did 4435 expense on metro using card,4435,travel,card,,jupiter,voice_transcript
stationery ka tuition diy 132 rupees UPI se PNB se kata bc,16165,education,upi,bhim,pnb,source_hinglish
"DishTV
Net Amount 432
Paid via G Pay",432,utilities,upi,gpay,yes bank,ocr_receipt
personal loan installment EMI deduction ₹151 card,151,emi,card,,,cue_row
bhai friend ko udhar return kiya 4525 rs Jupiter se,4525,friends,upi,jupiter,,friends_synthetic
NPS 1863 Phonepe se pay kar diya,1863,investment,upi,phonepe,,hinglish_natural
NPS mein 3218 lag gaye niyo se bhara,3218,investment,upi,niyo,hdfc,voice_transcript
subah 241 rupees test karaya eye checkup ko card se,241,healthcare,card,,,hinglish_natural
NEFT/TRANSFER/MARKET/BOB,42.08,shopping,upi,jupiter,bob,english_natural
raat ko 4001 ₹ subscription renew kya Amazon Prime pe cash me,2705,entertainment,cash,,hdfc,source_hinglish
Pooja Rs.399 cash,399,friends,cash,,,english_natural
1974 rupaiye car loan EMI UPI se pay kia,1974,emi,upi,paytm,,hinglish_natural
1757 Bharat Petroleum,1757,travel,card,,,english_natural
ACT Fibernet ka bill bhra 27031 rupaye UPI se pay kya,27031,utilities,upi,gpay,,hinglish_natural
aaj NPS pe 2794 rupaye kharcha hua card se,2794,investment,card,,,voice_transcript
12639 rs SBI loan PayTM se pay kar diya,12639,emi,upi,paytm,hdfc,hinglish_natural
abhi Apollo Pharmacy 390 rs. via phonepe,390,healthcare,upi,phonepe,,hinglish_natural
office se aate hue Lenskart se saman le liya 2460 rs ka card se pay kr diya,2460,shopping,card,,,hinglish_natural
Ajio t4165 credit card,4165,shopping,card,,,english_natural
friend mein 43018 lag gaye jupiter se bhara,43018,friends,upi,jupiter,,voice_transcript
Stock purchase INR 34012,34012,investment,card,,kotak,source_english
Priya ko 14496 transfer kiya phonepe se,14496,friends,upi,phonepe,,friends_synthetic
3606 rupees Apollo Pharmacy card,3606,healthcare,card,,,voice_transcript
1394 rs. ET Money UPI se pay kia,1394,investment,upi,cred,,hinglish_natural
Swiggy 41.86,41.86,food,card,,,english_natural
spent 156 rupees on Indian Oil via G Pay,156,travel,upi,gpay,,voice_transcript
BSNL 40733 rupees card se pay kr diya,40733,utilities,card,,niyo,hinglish_natural
i did 1391 expense on personal loan EMI using card,1391,emi,card,,,voice_transcript
3716 rs SBI loan UPI se,3716,emi,upi,gpay,,hinglish_natural
SpiceJet ₹156 credit card,156,travel,card,,,english_natural
Pharmacy medicine purchase INR 2701,2701,healthcare,upi,paytm,,source_english
Rs.159 to Coin via Google Pay,159,investment,upi,gpay,,english_natural
3167 rupaiye Reliance Digital card se pay kiya budget tod diya,3167,shopping,card,,,hinglish_natural
i paid 327 rupees for yaar using Phone Pe,327,friends,upi,phonepe,slice,voice_transcript
935.38 CRED tuition,935.38,education,upi,cred,,english_natural
"SUBWAY RESTAURANT
Total 42850
Cash Received
Change 0.00",42850,food,upi,cred,,ocr_receipt
"D MYNTRA 1134.76 Completed 25Mar 2026,4:26 pm idfc Bank 2613 UPI transaction ID 0670769670 TO:MYNTRA myntra.34264@idfcbank Googletransaction lD CICAgJjg717732 OPI GPay",1134.76,shopping,upi,gpay,idfc,ocr_upi
"D BOX8 3634 Completed 27Jan 2026,7:38 pm Federal Bank Bank 3183 UPI transaction ID 521109531615 TO:BOX8 box8.60114@federal bankbank Googletransaction lD XYZabc859713 OPI Phonepe",3634,food,upi,phonepe,federal bank,ocr_upi
bhai EatFit pe 2588 rupay ka khana kha liya credit card se,2588,food,card,,,hinglish_natural
bhai 3124 rs food order kiyaa Subway pe via bhim,3124,food,upi,bhim,niyo,hinglish_natural
Ajio 2909 Jupiter,2909,shopping,card,,jupiter,english_natural
Bought SBI loan for 15634.96 with phonepe,15634.96,emi,upi,phonepe,,english_natural
Airtel recharge ka bill pay kya 3760 rs. Phone Pe pe Jupiter se kata,3760,utilities,upi,phonepe,jupiter,hinglish_natural
crypto gold bonds NPS portfolio INR 3541 gpay,3541,investment,upi,gpay,,cue_row
Paid Rs 32347 for Uber via PayTM,32347,travel,upi,paytm,,english_natural
Lenskart pe 36565 rupaiye ka khareed lya credit card se,36565,shopping,card,,,hinglish_natural
41954 rupees payment kya DishTV pe UPI se de diya,41954,utilities,upi,bhim,,hinglish_natural
Bharat Petroleum 282.90 HDFC Bank,282.90,travel,card,,hdfc,english_natural
bike loan EMI 4642 rs card se pay kar diya,4642,emi,card,,,hinglish_natural
Paid 3950.70 for auto from my State Bank account via PayTM,3950.70,travel,upi,paytm,sbi,english_natural
bhai Vikram 69 ₹ via Fi ICICI Bank se,69,friends,upi,fi,icici,hinglish_natural
2927 debited from your Axis account for rent (Bhim UPI),2927,utilities,upi,bhim,axis,ocr_upi
spent 1935 rupees on Rohan via Phonepe,1935,friends,upi,phonepe,,voice_transcript
Barbeque Nation Rs 4431 SLICE,4431,food,upi,slice,,english_natural
4559 rupaye books haath se de diye,4559,education,cash,,,hinglish_natural
maine 499 rupaye home loan EMI ko diye card se,499,emi,card,,,voice_transcript
uber ola cab ride airport train ticket ₹306 Gpay,306,travel,upi,gpay,union bank,cue_row
car loan EMI t130 card,130,emi,card,,,english_natural
netflix spotify hotstar subscription movie show ₹40255 Phone Pe,40255,entertainment,upi,phonepe,,cue_row
Spent INR 337.37 on car loan EMI using Visa,337.37,emi,card,,,english_natural
paid roommate ₹16473 via card,16473,friends,card,,sbi,friends_synthetic
"water bill BILL
St: Rs 845.41
CARD approved",845.41,utilities,card,,,ocr_receipt
PharmEasy se dawai le liya 19236 rs. ka card se pay kar diya,19236,healthcare,card,,,hinglish_natural
sent Rs.42747 to friend on card split bill UPI,42747,friends,card,,,cue_row
yaar rent se bill bhar diya 16073 rupaye ka UPI se diyee Niyo account se,16073,utilities,upi,paytm,niyo,hinglish_natural
bhai 1mg ka 4291 rupaye cash se de diya,4291,healthcare,cash,,,voice_transcript
1mg 3321 rupaye via bhim,1,healthcare,upi,bhim,sbi,hinglish_natural
Paid ₹3400.80 for Netmeds from my ICICI Bank account via credit card,3400.80,healthcare,card,,icici,english_natural
flatmate rent share 11303 cash roommate,11303,friends,cash,,,friends_synthetic
electricity water broadband mobile recharge bill Rs.457 cash,457,utilities,cash,,,cue_row
bhai crypto ka mutual fund kiyaa 1383 rupaye gpay se pay kar diya,1383,investment,upi,gpay,,hinglish_natural
BYJU'S 20712 cash,20712,education,cash,,,english_natural
Car loan EMI INR 29107,29107,emi,card,,,source_english
"Netmeds BILL
St: ₹35390
CARD approved",35390,healthcare,card,,sbi,ocr_receipt
today i spent 37480 on personal loan EMI via card,37480,emi,card,,,voice_transcript
NEFT/TRANSFER/UPGRAD/,3188,education,upi,slice,,english_natural
24676 ₹ dawai lya Practo pe credit card se,6863,healthcare,card,,,source_hinglish
Personal loan installment INR 12499,12499,emi,card,,yes bank,source_english
school college tuition course books fees ₹3934 card,3934,education,card,,,cue_row
4182 rupaiye Tata Play haath se diye achha deal mila,4182,utilities,cash,,sbi,hinglish_natural
Medical test charges INR 5169,5169,healthcare,upi,jupiter,,source_english
619.81 mutual fund,619.81,investment,upi,gpay,,english_natural
car loan EMI ka EMI bharaa 135 rupaye card se sasta tha,135,emi,card,,,hinglish_natural
flatmate ka 40696 rupees ka bill GPay se pay kiya,40696,friends,upi,gpay,hdfc,voice_transcript
bhai Neha ko udhar return kiya 390 rs Jupiter se,390,friends,upi,jupiter,,friends_synthetic
DishTV 162 ICICI,162,utilities,upi,phonepe,icici,english_natural
jupiter payment Rs3004 bike loan EMI Canara Bank 8812 successful,3004,emi,upi,jupiter,canara,ocr_upi
SBI loan 480 rupaiye UPI se diyee,480,emi,upi,niyo,,hinglish_natural
gaming concert event ticket Rs.26475 PhonePe,26475,entertainment,upi,phonepe,,cue_row
"Lenskart BILL
St: R 496
CARD APPROVED",496,healthcare,card,,,ocr_receipt
i paid 824 rupees for PharmEasy using Slice,824,healthcare,upi,slice,,voice_transcript
1mg ₹175 slice,175,healthcare,upi,slice,hdfc,ocr_upi
i did 48986 expense on HDFC loan using card,48986,emi,card,,,voice_transcript
coaching 498 Bhim Payment done sbi 7999,498,education,upi,bhim,sbi,ocr_upi
SonyLIV se game le liya 4389 rupaye ka debit card se,4389,entertainment,card,,niyo,hinglish_natural
NPS se paisa daala 22748 ₹ ka card se bohot mehenga,22748,investment,card,,,hinglish_natural
48452 ka eye checkup bill pay kiya cash se,48452,healthcare,cash,,,voice_transcript
Vedantu 280 Paytm Completed PNB 1522,280,education,upi,paytm,pnb,ocr_upi
medical checkup lab test health insurance Rs.122 card,122,healthcare,card,,,cue_row
maine 330 rupaye personal loan EMI ko diye card se,330,emi,card,,canara,voice_transcript
Bought ACT Fibernet for Rs 22206.31 with jupiter,22206.31,utilities,upi,jupiter,,english_natural
gaming concert event ticket ₹3439 card,3439,entertainment,card,,,cue_row
POS/TUITION/VISA/9714,2635,education,card,,,english_natural
NEFT/TRANSFER/METRO/HDFC,3316.85,travel,upi,cred,hdfc,english_natural
Box8 se khana order kar diya 109 rs. ka credit card se HDFC Bank se,8,food,card,,hdfc,hinglish_natural
Paid Practo 4526 using jupiter,4526,healthcare,upi,jupiter,,english_natural
NEFT/TRANSFER/COURSERA/SBI,17009,education,upi,gpay,sbi,english_natural
abhi diagnostic se medicine lia 51 rs. ka via PhonePe sasta tha,47452,healthcare,upi,phonepe,,source_hinglish
Rs 2804 charged for gold on Niyo,2804,investment,upi,niyo,,english_natural
3962 insurance premium UPI se pay kia,3962,utilities,upi,cred,icici,hinglish_natural
Bought canteen for ₹353 with Gpay,353,food,upi,gpay,,english_natural
Paid Rs.221 to car loan EMI PayTM UPI axis 3234 Successful,221,emi,upi,paytm,axis,ocr_upi
Paid ₹2758.55 to Practo CRED UPI sbi 6802 Completed,2758.55,healthcare,upi,cred,sbi,ocr_upi
458 rupay show dekha Spotify ko card se pay kya,458,entertainment,card,,,hinglish_natural
Ajio mein 5089 lag gaye Phone Pe se bhara,5089,shopping,upi,phonepe,slice,voice_transcript
Used hdfc Mastercard to pay ₹781 for home loan EMI,781,emi,card,,hdfc,english_natural
"Receipt #7229
Lenskart
Amount Paid: Rs.4545
Mode: CARD",4545,shopping,card,,pnb,ocr_receipt
6364 card Goibibo,6364,travel,card,,icici,english_natural
"food court
Net Amount 417.28
Paid via CARD",417.28,food,card,,icici,ocr_receipt
Paytm Money se mutual fund kia 35799 rs ka card se icici card se bhai,35799,investment,card,,icici,hinglish_natural
360 rupees gold card,360,investment,card,,,voice_transcript
Ola ka kiraya diye 12423 debit card se budget tod diya,12423,travel,card,,niyo,hinglish_natural
petrol pump ka petrol bhara 331 rupaiye UPI se pay kr diya,331,travel,upi,jupiter,,hinglish_natural
Payment of Rs.3337 to Burger King was successful via PhonePe UPI Ref No 93862918793 HDFC Account 6869,3337,food,upi,phonepe,hdfc,ocr_upi
Paid Rs 273.57 for stationery from my jupiter account via Mastercard,273.57,education,card,,jupiter,english_natural
INR 259.94 to dentist via debit card,259.94,healthcare,card,,,english_natural
flatmate rent share 2564 Google Pay Shreya,2564,friends,upi,gpay,,friends_synthetic
petrol diesel fuel ₹48334 at pump cash,48334,travel,cash,,icici,cue_row
132 Cred metro,132,travel,upi,cred,,english_natural
JioMart 86.18,86.18,food,upi,bhim,jupiter,english_natural
aaj 107 rupaye Groww UPI se pay kiyaa,107,investment,upi,paytm,,hinglish_natural
water bill 40602 rupees debit card se,40602,utilities,card,,,hinglish_natural
ATM/CASH/NIYO/2596,2596,travel,upi,phonepe,niyo,english_natural
TO:FRIEND friend.40137@hdfcbankbank From:AMITSINGH (HDFC Bank G Pay : user4418@okhdfcbankbank,4132,friends,upi,gpay,hdfc,ocr_upi
Stock purchase INR 30481,30481,investment,card,,,source_english
Uber se ticket book kiyaa 1752 rupaye ka UPI se pay kiyaa,1752,travel,upi,gpay,,hinglish_natural
Barbeque Nation se kha liya 4429 ₹ ka Gpay pe SBI card se,4429,food,upi,gpay,sbi,hinglish_natural
Ananya se dost ko die 47081 rs ka PayTM pe HDFC se kata yaar,47081,friends,upi,paytm,hdfc,hinglish_natural
40661 rupees show dekha Amazon Prime ko debit card se,40661,entertainment,card,,,hinglish_natural
school college tuition course books fees INR 12016 Bhim,12016,education,upi,bhim,icici,cue_row
stationery se fees bharaa 4780 rs ka cash diye,4780,education,cash,,,hinglish_natural
SonyLIV 261 UPI se,261,entertainment,upi,slice,,hinglish_natural
Paid Rs.9454.97 to BSNL PhonePe UPI HDFC 3742 Completed,9454.97,utilities,upi,phonepe,hdfc,ocr_upi
Paid ?2929.28 for Tata CLiQ from my ICICI account via CRED,2929.28,shopping,upi,cred,icici,english_natural
INR 4245 to Divya Bhim UPI,4245,friends,upi,bhim,icici,friends_synthetic
Vedantu pe 3650 rs ka fees bharaa UPI se icici se,3650,education,upi,slice,icici,hinglish_natural
Coursera 4378 rupees debit card se,4378,education,card,,hdfc,hinglish_natural
flatmate rent share 2460 cash Divya,2460,friends,cash,,,friends_synthetic
Bought Netflix for ₹3488 with Niyo,3488,entertainment,upi,niyo,,english_natural
157 rickshaw Phonepe se,10826,travel,upi,phonepe,hdfc,source_hinglish
i paid 21 rupees for Behrouz using card,21,food,card,,,voice_transcript
Divya 3271.46 paytm,3271.46,friends,upi,paytm,union bank,english_natural
Air India 37651.08,37651.08,travel,card,,,english_natural
NEFT/TRANSFER/PPF/,20019,investment,upi,paytm,,english_natural
office se aate hue car loan EMI 357 rupees card se pay kiyaa matlab,357,emi,card,,,hinglish_natural
Vedantu 27107 Gpay Completed Kotak 2715,27107,education,upi,gpay,kotak,ocr_upi
Bought Nature's Basket for INR 3920.62 with gpay,3920.62,food,upi,gpay,,english_natural
258 rupay personal loan EMI UPI se die,258,emi,upi,jupiter,icici,hinglish_natural
Paid INR 4767 for exam fee from my Canara account via Niyo,4767,education,upi,niyo,canara,english_natural
raat ko Rohan se udhar return kiyaa 1389 ka Fi se pay kiyaa,1389,friends,upi,fi,fi,hinglish_natural
today i spent 13719 on credit card EMI via card,13719,emi,card,,,voice_transcript
"FAASOS RESTAURANT
Total 327
Cash Received
Change 0.00",327,food,upi,cred,,ocr_receipt
Rs373.97 debited from your RBL Bank account for NPS (Google Pay UPI),373.97,investment,upi,gpay,rbl,ocr_upi
2311 rupees Nykaa card se pay kia,2311,shopping,card,,,hinglish_natural
restaurant se mangwaya 1312 rs. ka UPI se,1312,food,upi,cred,,hinglish_natural
kal Swiggy me 48025 ₹ ka kha liya haath se de diya,48025,food,cash,,icici,hinglish_natural
701.46 paid to Zepto via PhonePe UPI from Federal Bank Bank ending 1765,701.46,food,upi,phonepe,federal bank,ocr_upi
stationery 2441,2441,education,card,,,english_natural
maine 20788 rupaye HDFC loan ko diye card se,20788,emi,card,,,voice_transcript
yaar gas bill 170 rs UPI se,170,utilities,upi,paytm,,hinglish_natural
maine 18140 rupaye yaar ko diye cred se,18140,friends,upi,cred,niyo,voice_transcript
147 rupaiye Gaana via Phonepe,147,entertainment,upi,phonepe,axis,hinglish_natural
₹3093.86 paid to diagnostic via jupiter UPI from hdfc Bank ending 7338,3093.86,healthcare,upi,jupiter,hdfc,ocr_upi
aaj Amazon pe 288 rupaye kharcha hua Gpay se,288,shopping,upi,gpay,sbi,voice_transcript
NEFT/TRANSFER/FOOD COURT/PUNJAB NATIONAL BANK,42410,food,upi,gpay,pnb,english_natural
"Receipt #8595
dentist
Amount Paid: Rs.20167.24
Mode: paytm",20167.24,healthcare,upi,paytm,hdfc,ocr_receipt
maine 474 rupaye Bajaj Finance EMI ko diye card se,474,emi,card,,,voice_transcript
1546 rupaye buy kiya market ko debit card se sbi se kata yaar,1546,shopping,card,,sbi,hinglish_natural
"D ROOMMATE 2647 Completed 9Jan 2026,12:39 pm HDFC Bank Bank 7970 UPI transaction ID 3417810907 TO:ROOMMATE roommate.24585@hdfc bankbank Goog1etransaction lD XYZabc145149 OPI Phonepe",2647,friends,upi,phonepe,hdfc,ocr_upi
kal IRCTC se cab liyaa 2034 rupees ka cash me Canara Bank wale account se budget tod diya,2034,travel,cash,,canara,hinglish_natural
2872 bill bharra mobile recharge ko card se pay kar diya,2872,utilities,card,,,hinglish_natural
Paid 41018 to rent bhim UPI axis 8349 Successful,41018,utilities,upi,bhim,axis,ocr_upi
Bought crypto for 2375.64 with bhim,2375.64,investment,upi,bhim,jupiter,english_natural
society maintenance mein 3881 lag gaye card se bhara,3881,utilities,card,,,voice_transcript
dhaba ₹504 card,504,food,card,,fi,english_natural
Paid ?3373.57 to dentist Fi UPI HDFC Bank 7339 Done,3373.57,healthcare,upi,fi,hdfc,ocr_upi
aaj SonyLIV pe 4363 rupaye kharcha hua card se,4363,entertainment,card,,,voice_transcript
sent ?419 to friend on cred split bill UPI,419,friends,upi,cred,,cue_row
paid bro ₹2680 via Gpay,2680,friends,upi,gpay,,friends_synthetic
Biryani Blues se kha liya 550 rupaiye ka naqad axis se kata matlab,550,food,cash,,axis,hinglish_natural
dinner split 231 rupaye yaar Gpay,231,friends,upi,gpay,sbi,friends_synthetic
3454 rupay EMI kat gayi home loan EMI pe debit card se,3454,emi,card,,,hinglish_natural
ET Money ?4770.38 debited from HDFC Bank,4770.38,investment,card,,hdfc,english_natural
Paid society maintenance 260.22 using Visa,260.22,utilities,card,,,english_natural
market mein 288 lag gaye card se bhara,288,shopping,card,,,voice_transcript
personal loan installment EMI deduction 342 card,342,emi,card,,,cue_row
subah clinic se doctor ko diy 38417 rupaiye ka card se bohot mehenga,4436,healthcare,card,,,source_hinglish
netflix spotify hotstar subscription movie show ?3837 PhonePe,3837,entertainment,upi,phonepe,,cue_row
"ZEE5 RESTAURANT
Total 552.28
Cash Received
Change 0.00",552.28,entertainment,upi,gpay,,ocr_receipt
home loan car loan credit card EMI monthly Rs.17315 autopay card,17315,emi,card,,,cue_row
3904 electricity bill UPI se,3904,utilities,upi,jupiter,,hinglish_natural
EaseMyTrip se petrol bhar diya 95 rupaiye ka cash me,95,travel,cash,,,hinglish_natural
H&M pe 565 rupaye ka shopping kia card se,18986,shopping,card,,,source_hinglish
sent 1497 to roommate on PhonePe,1497,friends,upi,phonepe,,friends_synthetic
"AIRTEL RECHARGE
Item 1 Rs.341
Item 2 Rs.488
Total Rs.38.50
CARD",38.50,utilities,card,,kotak,ocr_receipt
yaar Vedantu ka course liya 453 rs. card se pay kr diya,453,education,card,,hdfc,hinglish_natural
Rs.528 to bhai Slice UPI,528,friends,upi,slice,,friends_synthetic
aaj HP Petrol pe 3188 rupaye kharcha hua Cred se,3188,travel,upi,cred,,voice_transcript
Just paid ₹349.75 to stocks through Gpay,349.75,investment,upi,gpay,axis,english_natural
POS/FLIPKART/MASTERCARD/5109,40316,shopping,card,,bob,english_natural
44325 credit card Bajaj Finance EMI,44325,emi,card,,,english_natural
electronics clothes shoes accessories purchase 72 via card,72,shopping,card,,sbi,cue_row
PhonePe payment ₹10394 DMart Punjab National Bank 6918 completed,10394,food,upi,phonepe,pnb,ocr_upi
personal loan EMI se installment diy 90 rs ka via jupiter,90,emi,upi,jupiter,,hinglish_natural
grocery vegetables milk bread fruits 1511 paid GPay,1511,food,upi,gpay,,cue_row
stocks 245 ₹ Cred se pay kya,245,investment,upi,cred,,hinglish_natural
INR 857 to Lenskart via credit card,857,shopping,card,,,english_natural
home loan car loan credit card EMI monthly ₹9462 autopay Google Pay,9462,emi,upi,gpay,,cue_row
spent 4328 rupees on credit card EMI via card,4328,emi,card,,,voice_transcript
Spent Rs 130.88 on lab test using Slice,130.88,healthcare,upi,slice,icici,english_natural
aaj tuition ka admission kya 6673 cash me IDFC wale account se,6673,education,cash,,idfc,hinglish_natural
Uber 279 rupaiye Bhim se,279,travel,upi,bhim,,hinglish_natural
39667 charged for JioCinema on credit card,39667,entertainment,card,,axis,english_natural
raat ko clinic pe 45306 ka test karaya SLICE se pay kia,45306,healthcare,upi,slice,,hinglish_natural
₹30829.46 charged for Bewakoof on Visa,30829.46,shopping,card,,,english_natural
Apollo Pharmacy Rs4029 GPay,4029,healthcare,upi,gpay,icici,ocr_upi
4052 ka Myntra bill pay kiya card se axis se kata,4052,shopping,card,,axis,voice_transcript
"APOLLO PHARMACY
Item 1 Rs245
Item 2 ?410
Total ₹47641
G Pay",47641,healthcare,upi,gpay,,ocr_receipt
Paid gaming 159 using card from Union Bank,159,entertainment,card,,union bank,english_natural
bhai roommate ko udhar return kiya 198 rs cash se,198,friends,cash,,,friends_synthetic
2923 rupay Coin card se achha deal mila,2923,investment,card,,idfc,hinglish_natural
home loan EMI se installment diyee 26478 ₹ ka credit card se,26478,emi,card,,,hinglish_natural
ATM/CASH/STATE BANK/320.36,320.36,investment,card,,sbi,english_natural
ACT Fibernet me 46765 rs ka bill bhra paytm se,46765,utilities,upi,paytm,,hinglish_natural
Paid Rs 48235 for Bajaj Finance EMI via card,48235,emi,card,,,english_natural
upGrad ka 16408 rupees ka bill card se pay kiya,16408,education,card,,,voice_transcript
Tata CLiQ mein 114 lag gaye cred se bhara,114,shopping,upi,cred,icici,voice_transcript
amazon flipkart myntra online shopping order R 37877 Google Pay,37877,shopping,upi,gpay,,cue_row
yaar Barbeque Nation me 806 ka kha liya naqad,19434,food,cash,,,source_hinglish
"CROMA
Item 1 t339
Item 2 INR 163
Total Rs1791.52
CARD",1791.52,shopping,card,,sbi,ocr_receipt
abhi Spotify me 24599 rupaye ka movie dekhi via Cred bhai,24599,entertainment,upi,cred,yes bank,hinglish_natural
TO:GOLD gold.68660@hdfcbankbank From:AMITSINGH (HDFC Bank phonepe : sender8515@okhdfcbankbank,216.72,investment,upi,phonepe,hdfc,ocr_upi
Zee5 ka movie dekhi 2064 rupees via Slice,5,entertainment,upi,slice,sbi,hinglish_natural
kal 6702 ₹ buy kia Amazon ko card se pay kiyaa,6702,shopping,card,,,hinglish_natural
office se aate hue market 333 rupay UPI se pay kr diya,333,shopping,upi,bhim,,hinglish_natural
45142.03 diagnostic,45142.03,healthcare,upi,slice,axis,english_natural
ghar jaate waqt 2917 rupaye Bharat Petroleum Gpay se,2917,travel,upi,gpay,,hinglish_natural
Medical test charges INR 25038,25038,healthcare,card,,pnb,source_english
4281 rupay loan payment kiyaa car loan EMI ko credit card se,4281,emi,card,,niyo,hinglish_natural
1680 rupees eye checkup card se,1680,healthcare,card,,federal bank,hinglish_natural
broadband Rs.301 debited from Punjab National Bank,301,utilities,upi,slice,pnb,english_natural
mobile recharge Rs35174 debited from YES BANK,35174,utilities,upi,cred,yes bank,english_natural
lab test Rs.32655 phonepe,32655,healthcare,upi,phonepe,,english_natural
bhai Airtel recharge ka 25053 rupaye cred se de diya,25053,utilities,upi,cred,slice,voice_transcript
?11875 to Karan cash UPI,11875,friends,cash,,axis,friends_synthetic
breakfast snacks chai coffee ₹317 SLICE,317,food,upi,slice,,cue_row
tuition ka fees bhra 47246 ₹ cred se pay kiya yaar,47246,education,upi,cred,,hinglish_natural
Paid Rs 3770.77 for PVR via PayTM,3770.77,entertainment,upi,paytm,,english_natural
gas bill ₹154.17 Google Pay,154.17,utilities,upi,gpay,,english_natural
MakeMyTrip 4747 rs cash die,4747,travel,cash,,,hinglish_natural
subah SBI loan se EMI kat gayi 919 rupay ka via cred Slice se kata,919,emi,upi,cred,slice,hinglish_natural
flatmate ko 72 transfer kiya card se,72,friends,card,,kotak,friends_synthetic
"Airtel recharge BILL
St: ₹102
SLICE approved",102,utilities,upi,slice,,ocr_receipt
?46550 charged for Coursera on Phonepe,46550,education,upi,phonepe,hdfc,english_natural
117 rs bike loan EMI UPI se pay kiyaa,117,emi,upi,niyo,,hinglish_natural
Bought Zee5 for ₹31502.00 with cash,31502.00,entertainment,cash,,,english_natural
credit card EMI ka loan payment kr diya 1205 rs. via PhonePe,1205,emi,upi,phonepe,,hinglish_natural
aaj Zerodha se paisa daala 8773 rupaiye ka UPI se pay kar diya,8773,investment,upi,cred,,hinglish_natural
Paytm Money 1978 fi,1978,investment,upi,fi,,english_natural
"D CONCERT 418.57 Completed 11Jan 2026,9:18 pm PNB Bank 7694 UPI transaction ID 891728645518814 TO:CONCERT concert.98817@pnbbank Soogletransaction lD CICAgJjg328291 OPI cred",418.57,entertainment,upi,cred,pnb,ocr_upi
₹273 to FirstCry via debit card,273,shopping,card,,,english_natural
TO:AIRTELRECHARGE airtelrecharge.55145@hdfcbank From:UTSAVJANA (HDFC PhonePe : sender1868@okhdfcbank,11056,utilities,upi,phonepe,hdfc,ocr_upi
mutual fund SIP stocks PPF FD investment Rs2172 card,2172,investment,card,,,cue_row
crypto gold bonds NPS portfolio Rs4153 Phone Pe,4153,investment,upi,phonepe,,cue_row
electricity water broadband mobile recharge bill 262 cash,262,utilities,cash,,sbi,cue_row
3069 HDFC loan card se pay kar diya,3069,emi,card,,,hinglish_natural
Payment of 753.24 to flatmate was successful via CRED UPI Ref No 89980907504331 Bank of Baroda Account 5652,753.24,friends,upi,cred,bob,ocr_upi
"Receipt #9209
diagnostic
Amount Paid: 298.23
Mode: PayTM",298.23,healthcare,upi,paytm,,ocr_receipt
personal loan EMI ka EMI kat gayi 320 rupees card se pay kia,320,emi,card,,,hinglish_natural
PAYTM MONEY INR 442 HDFC,442,investment,upi,phonepe,hdfc,english_natural
dopahar ko cafe pe 25200 rupaye ka food order kiya Paytm se,25200,food,upi,paytm,pnb,hinglish_natural
mall 988.27,988.27,shopping,card,,,english_natural
"D PRIYA 437 Completed 12Jan 2026,4:28 pm SBI Bank 8360 UPI transaction ID 233554992086 TO:PRIYA priya.70779@sbibank Goog1etransaction lD XYZabc193344 OPI Phone Pe",437,friends,upi,phonepe,sbi,ocr_upi
amazon flipkart myntra online shopping order 27733 card,27733,shopping,card,,,cue_row
i did 1913 expense on Rapido using Niyo,1913,travel,upi,niyo,,voice_transcript
152 NPS,152,investment,upi,slice,fi,english_natural
9598 PharmEasy via Google Pay,9598,healthcare,upi,gpay,hdfc,hinglish_natural
"FD 467.66 Completed 11May 2025,8:51 pm sbi 3523 UPI transaction ID 9064764059044",467.66,investment,upi,cred,sbi,ocr_upi
school college tuition course books fees ₹165 cash,165,education,cash,,bob,cue_row
Paid Zara 34098 using debit card,34098,shopping,card,,,english_natural
upGrad 446 RBL,446,education,upi,phonepe,rbl,english_natural
"BILL
H&M
1073.21
Phone Pe
Thank You Visit Again",1073.21,shopping,upi,phonepe,icici,ocr_receipt
eye checkup pe 264 rupay ka medicine lya debit card se,264,healthcare,card,,,hinglish_natural
crypto gold bonds NPS portfolio INR 3133 card,3133,investment,card,,,cue_row
sent ₹373 to bhai on fi,373,friends,upi,fi,,friends_synthetic
market payment Rs 26618 done via Slice,26618,shopping,upi,slice,,english_natural
Rs 55 paid to lab test via Gpay UPI from Federal Bank Bank ending 2093,55,healthcare,upi,gpay,federal bank,ocr_upi
paid 260 to lab test through PhonePe,260,healthcare,upi,phonepe,,voice_transcript
Spent INR 15499 on exam fee using credit card,15499,education,card,,,english_natural
yaar college fees ka tuition diye 1716 ₹ UPI se pay kiya,1716,education,upi,fi,,hinglish_natural
"D PRIYA 755 Completed 11Apr 2026,7:45 pm ICICI Bank Bank 9516 UPI transaction ID 1966679399 TO:PRIYA priya.34548@icici bankbank Googletransaction lD CICAgJjg079890 OPI NIYO",755,friends,upi,niyo,icici,ocr_upi
Burger King ka food order kia 405 rupees cash die,405,food,cash,,,hinglish_natural
subah Coin ka mutual fund kr diya 9434 ₹ credit card se Yes Bank account se yaar,9434,investment,card,,yes bank,hinglish_natural
24296 rs. recharge kiya DishTV pe card se pay kiya yaar,24296,utilities,card,,,hinglish_natural
APOLLO PHARMACY INR 3698.12 JUPITER,3698.12,healthcare,upi,gpay,jupiter,english_natural
NEFT/TRANSFER/JIOCINEMA/,3991.00,entertainment,upi,gpay,,english_natural
spent 4521 rupees on Bajaj Finance EMI via card,4521,emi,card,,,voice_transcript
flatmate rent share 370 cred colleague,370,friends,upi,cred,pnb,friends_synthetic
TO:OLA ola.55439@kotakbank From:RAHULKUMAR (kotak Phonepe : sender6314@okkotakbank,4114.62,travel,upi,phonepe,kotak,ocr_upi
496.27 to Coursera via cred axis account,496.27,education,upi,cred,axis,english_natural
42383 ₹ mutual fund kiyaa stocks pe Paytm pe matlab,42383,investment,upi,paytm,pnb,hinglish_natural
sent money to Karan INR 4660 on cred,4660,friends,upi,cred,,friends_synthetic
Rs 31151.37 paid to Rahul via G Pay UPI from SBI Bank ending 6579,31151.37,friends,upi,gpay,sbi,ocr_upi
Karan se udhar return kia 1341 rupaiye ka phonepe pe ICICI Bank card se bc,1341,friends,upi,phonepe,icici,hinglish_natural
Airtel recharge payment ₹16485 done via Cred,16485,utilities,upi,cred,,english_natural
553 rupees market card,553,shopping,card,,,voice_transcript
aaj Dunkin pe 4838 rupaye kharcha hua G Pay se,4838,food,upi,gpay,,voice_transcript
Hotstar ka game lya 5000 rs UPI se diyee icici se kata,5000,entertainment,upi,paytm,icici,hinglish_natural
Udemy 39403 GPay Payment done sbi 8306,39403,education,upi,gpay,sbi,ocr_upi
CRED payment ₹2792 dentist SBI 6640 done,2792,healthcare,upi,cred,sbi,ocr_upi
Ola cab INR 1590,1590,travel,card,,,source_english
bhai dost ka 22862 rupaye Cred se de diya,22862,friends,upi,cred,,voice_transcript
"NPS 4653.71 Completed 8Jun 2026,8:47 pm State Bank 9456 UPI transaction ID 1564058734",4653.71,investment,upi,phonepe,sbi,ocr_upi
₹261 to SBI loan via card,261,emi,card,,,english_natural
split bill 2999 cash se Ananya ko diya,2999,friends,cash,,,friends_synthetic
hospital me 3438 rs ka test karaya haath se de diya,3438,healthcare,cash,,hdfc,hinglish_natural
290 EMI kat gayi home loan EMI pe PayTM pe Fi Money account se,290,emi,upi,paytm,fi,hinglish_natural
POS/ACT FIBERNET/PAYTM/1334,49770.71,utilities,upi,paytm,bandhan,english_natural
today i spent 32 on Rohan via phonepe from my Axis Bank bank,32,friends,upi,phonepe,axis,voice_transcript
1824 ka Coin bill pay kiya card se,1824,investment,card,,,voice_transcript
ACT Fibernet se bill pay kr diya 24572 rs ka UPI se diy SLICE se,24572,utilities,upi,phonepe,slice,hinglish_natural
UPI/16176906/CONCERT/BANK,4461,entertainment,upi,niyo,,english_natural
DishTV ka recharge kr diya 425 phonepe pe,425,utilities,upi,phonepe,,hinglish_natural
flatmate rent share 16089 cash Pooja,16089,friends,cash,,,friends_synthetic
water bill 492 rupees phonepe pe HDFC Bank wale account se,492,utilities,upi,phonepe,hdfc,hinglish_natural
"Apollo Pharmacy BILL
St: 30490.08
PayTM Approved",30490.08,healthcare,upi,paytm,,ocr_receipt
bhai stationery se course le liya 3878 rupees ka cash die,3878,education,cash,,,hinglish_natural
35556 rupaiye loan payment kar diya credit card EMI pe card se,35556,emi,card,,kotak,hinglish_natural
Rs 143 paid to Myntra via gpay from icici,143,shopping,upi,gpay,icici,english_natural
electronics store 22916 debited from SBI,22916,shopping,cash,,sbi,english_natural
"SNAPDEAL RESTAURANT
Total 296
Cash Received
Change 0.00",296,shopping,upi,gpay,,ocr_receipt
164 rupees Zerodha card,164,investment,card,,,voice_transcript
9708 slice Goibibo,9708,travel,upi,slice,,english_natural
Coin 2470 rupay card se,2470,investment,card,,,hinglish_natural
flatmate rent share 1435 paytm yaar,1435,friends,upi,paytm,,friends_synthetic
Bajaj Finance EMI se loan payment kar diya 2601 rupees ka card se pay kar diya ICICI Bank card se,2601,emi,card,,icici,hinglish_natural
Just paid INR 41627 to Tata CLiQ through Mastercard,41627,shopping,card,,,english_natural
PharmEasy ka dawai liya 1693 rs UPI se pay kiyaa Fi wale account se bhai,1693,healthcare,upi,paytm,fi,hinglish_natural
17587 Box8 card se pay kiya bohot mehenga,17587,food,card,,,hinglish_natural
bhai dost ko udhar return kiya 1377 rs GPay se,1377,friends,upi,gpay,,friends_synthetic
sent Rs214 to Priya on cash,214,friends,cash,,bob,friends_synthetic
BookMyShow ₹4575 SLICE,4575,entertainment,upi,slice,,english_natural
UPI/41331651/HOSPITAL/HDFC,44,healthcare,card,,hdfc,english_natural
grocery vegetables milk bread fruits Rs34861 paid phonepe,34861,food,upi,phonepe,,cue_row
bhai Vi recharge se recharge kia 178 ka credit card se,178,utilities,card,,,hinglish_natural
25674 rs JioMart UPI se diyee,25674,food,upi,gpay,hdfc,hinglish_natural
Rahul se transfer kar diya 3216 rupees ka cash diye,3216,friends,cash,,,hinglish_natural
"Receipt #9102
Lenskart
Amount Paid: Rs45225
Mode: GPay",45225,shopping,upi,gpay,yes bank,ocr_receipt
Just paid ₹440 to IndiGo through jupiter,440,travel,upi,jupiter,,english_natural
today i spent 311 on Ajio via card,311,shopping,card,,,voice_transcript
dopahar ko mutual fund pe 93 rupaiye ka SIP bharra Phone Pe pe SLICE se,93,investment,upi,phonepe,slice,hinglish_natural
personal loan EMI pe 455 ₹ ka loan payment kiyaa debit card se jupiter account se,455,emi,card,,jupiter,hinglish_natural
3739.09 to Kuvera via cred,3739.09,investment,upi,cred,,english_natural
market ka shopping kya 125 rupees card se pay kia,125,shopping,card,,,hinglish_natural
BigBasket 16882 rupaiye haath se de diya,16882,food,cash,,,hinglish_natural
3065 rupees rent NIYO,3065,utilities,upi,niyo,,voice_transcript
library mein 374 lag gaye Cred se bhara,374,education,upi,cred,,voice_transcript
NEFT/TRANSFER/ET MONEY/,4040,investment,upi,bhim,,english_natural
Reliance Fresh mein 41839 lag gaye cash se bhara,41839,food,cash,,,voice_transcript
Netmeds pe 317 rupaiye ka dawai le liya debit card se,317,healthcare,card,,,hinglish_natural
?2025.45 charged for roommate on GPay,2025.45,friends,upi,gpay,,english_natural
water bill 1279 PhonePe,1279,utilities,upi,phonepe,hdfc,english_natural
clinic 3602 rupaiye card se pay kr diya,3602,healthcare,card,,,hinglish_natural
"JIOCINEMA RESTAURANT
Total 29198
Cash Received
Change 0.00",29198,entertainment,upi,cred,,ocr_receipt
Electricity bill payment INR 41780,41780,utilities,card,,pnb,source_english
"BSNL
Item 1 t431
Item 2 ₹449
Total Rs1360.84
Fi",1360.84,utilities,upi,fi,,ocr_receipt
229 DishTV Phone Pe se,229,utilities,upi,phonepe,fi,hinglish_natural
Coursera pe 48710 rupaiye ka admission kia PhonePe se RBL Bank wale account se achha deal mila,48710,education,upi,phonepe,rbl,hinglish_natural
Paid INR 16388 for Priya via Phonepe,16388,friends,upi,phonepe,,english_natural
coaching exam preparation study material ₹38733 SLICE,38733,education,upi,slice,,cue_row
Paid Udemy Rs.451.55 using cash,451.55,education,cash,,,english_natural
petrol diesel fuel Rs 31967 at pump cash,31967,travel,cash,,hdfc,cue_row
i did 618 expense on library using card,618,education,card,,,voice_transcript
"BILL
Netmeds
Rs 246.44
PhonePe
Thank You Visit Again",246.44,healthcare,upi,phonepe,,ocr_receipt
"TAX INVOICE
society maintenance
Grand Total: ₹1327
Payment: paytm",1327,utilities,upi,paytm,,ocr_receipt
INR 3707 paid to Zepto via Slice from kotak,3707,food,upi,slice,kotak,english_natural
TO:ZEPTO zepto.27882@bobbank From:UTSAVJANA (BOB slice : sender9183@okbobbank,3893.15,food,upi,slice,bob,ocr_upi
flatmate rent share 1468 card colleague,1468,friends,card,,,friends_synthetic
canteen se khana order kiyaa 2381 rs. ka cash me SBI se kata bohot mehenga,2381,food,cash,,sbi,hinglish_natural
INR 35353 paid to MakeMyTrip via jupiter UPI from HDFC Bank Bank ending 2568,35353,travel,upi,jupiter,hdfc,ocr_upi
Biryani Blues payment 4370 done via PayTM,4370,food,upi,paytm,,english_natural
aaj 235 ₹ kha liya Subway ko haath se diye,235,food,cash,,,hinglish_natural
aaj Hotstar pe 42548 ka movie dekhi credit card se NIYO wale account se,42548,entertainment,card,,niyo,hinglish_natural
4638.71 paid to JioMart via Phone Pe UPI from State Bank Bank ending 2126,4638.71,food,upi,phonepe,sbi,ocr_upi
spent 3718 rupees on mobile recharge via Fi,3718,utilities,upi,fi,axis,voice_transcript
Payment of ₹37 to Angel One was successful via SLICE UPI Ref No 682110231038086 HDFC Account 5035,37,investment,upi,slice,hdfc,ocr_upi
medical checkup lab test health insurance ?25 cash,25,healthcare,cash,,hdfc,cue_row
i paid 332 rupees for Reliance Fresh using G Pay,332,food,upi,gpay,,voice_transcript
14510 cash Lenskart,14510,healthcare,cash,,,english_natural
Groww se mutual fund kya 50 rs ka Google Pay se,50,investment,upi,gpay,pnb,hinglish_natural
2651 rs. YouTube Premium card se,2651,entertainment,card,,,hinglish_natural
451 rupay FirstCry Gpay pe,451,shopping,upi,gpay,,hinglish_natural
Bought RedBus for ₹67 with Visa,67,travel,card,,,english_natural
"dentist 4973 Completed 22Sep 2025,1:45 pm Axis Bank 2608 UPI transaction ID 587242274966529",4973,healthcare,upi,cred,axis,ocr_upi
medical checkup lab test health insurance ₹486 card,486,healthcare,card,,,cue_row
ATM/CASH/HDFC/32,32,emi,upi,phonepe,hdfc,english_natural
Bought Apollo Pharmacy for INR 10339 with debit card,10339,healthcare,card,,,english_natural
Spotify se movie dekhi 44611 ka Gpay se Slice se kata,44611,entertainment,upi,gpay,slice,hinglish_natural
office se aate hue stationery se books liya 54 rupees ka card se pay kia IDFC First account se,54,education,card,,idfc,hinglish_natural
FD 3263.73 Google Pay Completed Federal Bank 7385,3263.73,investment,upi,gpay,federal bank,ocr_upi
ghar jaate waqt Subway 13576 rupay Cred se,13576,food,upi,cred,sbi,hinglish_natural
i did 343 expense on BSNL using card,343,utilities,card,,,voice_transcript
973 rupees mobile recharge Cred,973,utilities,upi,cred,,voice_transcript
aaj education loan EMI 37098 rs. debit card se budget tod diya,37098,emi,card,,,hinglish_natural
21022 ka Paytm Money bill pay kiya card se,21022,investment,card,,,voice_transcript
Paid Rs.1346 for bike loan EMI via debit card,1346,emi,card,,sbi,english_natural
Spotify 34428 rs. Paytm se pay kia,34428,entertainment,upi,paytm,,hinglish_natural
dopahar ko canteen pe 345 rs ka khana khaaya Jupiter pe HDFC Bank card se,345,food,upi,jupiter,hdfc,hinglish_natural
1508 rupaiye PVR GPay se,2809,entertainment,upi,gpay,sbi,source_hinglish
lunch dinner food order swiggy zomato restaurant meal 3018 NIYO,3018,food,upi,niyo,,cue_row
broadband 39631 ₹ PhonePe pe,39631,utilities,upi,phonepe,,hinglish_natural
Zerodha se SIP bhar diya 370 rupaye ka via SLICE,370,investment,upi,slice,sbi,hinglish_natural
"TATA CLIQ
Item 1 Rs360
Item 2 310
Total INR 177.77
CASH",177.77,shopping,cash,,,ocr_receipt
Air India 26404 rs. paytm se pay kya,26404,travel,upi,paytm,,hinglish_natural
school college tuition course books fees Rs 41139 Paytm,41139,education,upi,paytm,,cue_row
t4477 paid to Amit via Paytm UPI from sbi Bank ending 5063,4477,friends,upi,paytm,sbi,ocr_upi
aaj IRCTC pe 834 rupaye kharcha hua GPay se,834,travel,upi,gpay,,voice_transcript
lab test 12109 rupees via bhim,12109,healthcare,upi,bhim,,hinglish_natural
split bill 6682 PhonePe se Divya ko diya,6682,friends,upi,phonepe,,friends_synthetic
t37157 charged for Jio recharge on PayTM,37157,utilities,upi,paytm,pnb,english_natural
paid 377 to Tata CLiQ through card,377,shopping,card,,,voice_transcript
IRCTC se ride liyaa 41280 rupaye ka credit card se zyada ho gaya,41280,travel,card,,,hinglish_natural
dost colleague ko 4646 rupaye Fi Money se bheje,4646,friends,upi,fi,,friends_synthetic
TO:AMAZONPRIME amazonprime.42693@bankofbarodabank From:UTSAVJANA (Bank of Baroda paytm : user3713@okbankofbarodabank,1184,entertainment,upi,paytm,bob,ocr_upi
Paid Rs36790 for Amit from my hdfc account via NIYO,36790,friends,upi,niyo,hdfc,english_natural
books 199 Gpay Completed State Bank 4418,199,education,upi,gpay,sbi,ocr_upi
Bought dhaba for 988 with phonepe,988,food,upi,phonepe,,english_natural
Apple Music 1288 rupaiye UPI se die,1288,entertainment,upi,jupiter,axis,hinglish_natural
Just paid Rs.291 to auto through cash,291,travel,cash,,,english_natural
sent Rs.224 to bhai on SLICE,224,friends,upi,slice,,friends_synthetic
SBI loan payment Rs.36555 done via debit card,36555,emi,card,,sbi,english_natural
Amit ko 1431 transfer kiya Phone Pe se,1431,friends,upi,phonepe,icici,friends_synthetic
dost roommate ko 15952 rupaye Gpay se bheje,15952,friends,upi,gpay,,friends_synthetic
"BSNL
Item 1 365
Item 2 Rs 435
Total ₹2446
paytm",2446,utilities,upi,paytm,,ocr_receipt
56 rupaiye paise bheje roommate ko Slice pe,56,friends,upi,slice,,hinglish_natural
metro 20283 rupees card se,20283,travel,card,,,hinglish_natural
"D UNACADEMY 411.80 Completed 17Apr 2026,7:46 pm ICICI Bank 4053 UPI transaction ID 7274600341 TO:UNACADEMY unacademy.10007@icicibank Googletransaction lD CICAgJjg703517 OPI paytm",411.80,education,upi,paytm,icici,ocr_upi
Rs.335 to Udemy via Visa sbi account,335,education,card,,sbi,english_natural
Vikram ka dost ko de diya 4849 rupaye jupiter pe,4849,friends,upi,jupiter,axis,hinglish_natural
raat ko 3688 rupaiye Indian Oil paytm pe,3688,travel,upi,paytm,hdfc,hinglish_natural
NEFT/TRANSFER/ARJUN/HDFC BANK,4127.33,friends,cash,,hdfc,english_natural
2270 ka Burger King bill pay kiya gpay se,2270,food,upi,gpay,,voice_transcript
i paid 32917 rupees for gold using Jupiter,32917,investment,upi,jupiter,,voice_transcript
"D PHARMEASY 472 Completed 6Apr 2026,2:46 pm Kotak Mahindra Bank 6644 UPI transaction ID 36769519491 TO:PHARMEASY pharmeasy.85177@kotak mahindrabank Goog1etransaction lD XYZabc481915 OPI Fi",472,healthcare,upi,fi,kotak,ocr_upi
hospital 391 debited from Canara,391,healthcare,upi,gpay,canara,english_natural
?4502.71 paid to FD via Mastercard from ICICI,4502.71,investment,card,,icici,english_natural
Used Kotak Mahindra debit card to pay Rs.4758 for Coin,4758,investment,card,,kotak,english_natural
Divya pe 244 rs. ka paise bheje Bhim pe Axis Bank wale account se,244,friends,upi,bhim,axis,hinglish_natural
"PharmEasy
Net Amount 2803
Paid via CARD",2803,healthcare,card,,,ocr_receipt
Clothing store bill INR 29471,29471,shopping,upi,paytm,sbi,source_english
"gaming BILL
St: Rs.2301
CARD APPROVED",2301,entertainment,card,,,ocr_receipt
Online course subscription INR 2192,2192,education,upi,paytm,,source_english
Spent Rs18295 on Lenskart using Phone Pe,18295,shopping,upi,phonepe,,english_natural
Paid Rs4565.18 to eye checkup Jupiter UPI ICICI 2553 Successful,4565.18,healthcare,upi,jupiter,icici,ocr_upi
mutual fund SIP stocks PPF FD investment 4026 Niyo,4026,investment,upi,niyo,,cue_row
Snapdeal payment 3456 done via credit card,3456,shopping,card,,,english_natural
uber ola cab ride airport train ticket 224 cash,224,travel,cash,,,cue_row
home loan EMI 3089 rupees card se,12499,emi,card,,yes bank,source_hinglish
Kuvera se paisa daala 7466 rupay ka card se,7466,investment,card,,,hinglish_natural
2774.57 restaurant,2774.57,food,cash,,,english_natural
raat ko coaching ka course lya 104 rupees card se pay kia,104,education,card,,jupiter,hinglish_natural
dopahar ko mobile recharge ka bill bharaa 51 rupaiye slice pe,51,utilities,upi,slice,,hinglish_natural
mutual fund SIP stocks PPF FD investment INR 8848 Phone Pe,8848,investment,upi,phonepe,,cue_row
lab test ka medicine le liya 349 rs CRED se,349,healthcare,upi,cred,,hinglish_natural
Pharmacy medicine purchase INR 6863,6863,healthcare,card,,,source_english
canteen 276 rs. UPI se,276,food,upi,cred,,hinglish_natural
stocks se stock lia 3130 rupaiye ka debit card se bc,3130,investment,card,,sbi,hinglish_natural
Paid ₹4842 for roommate via Phone Pe,4842,friends,upi,phonepe,hdfc,english_natural
gaming concert event ticket Rs 2091 card,2091,entertainment,card,,idfc,cue_row
raat ko NPS pe 497 ka invest kiyaa Phone Pe se,497,investment,upi,phonepe,,hinglish_natural
130 cash Rohan,130,friends,cash,,,english_natural
college fees 34536.95 credit card,34536.95,education,card,,,english_natural
rent maintenance gas connection Rs.2364 Cred,2364,utilities,upi,cred,,cue_row
Rs.907 charged for Starbucks on cred,907,food,upi,cred,fi,english_natural
TO:BEWAKOOF bewakoof.37250@icicibankbank From:RAHULKUMAR (ICICI Bank Google Pay : sender6970@okicicibankbank,42828,shopping,upi,gpay,icici,ocr_upi
paid Divya Rs 3491 via cash,3491,friends,cash,,,friends_synthetic
"BILL
Amazon Prime
1644.65
G Pay
Thank You Visit Again",1644.65,entertainment,upi,gpay,,ocr_receipt
Concert ticket INR 7898,7898,entertainment,upi,jupiter,kotak,source_english
crypto gold bonds NPS portfolio 1045 CRED,1045,investment,upi,cred,,cue_row
flight booking travel ticket 230 Google Pay,230,travel,upi,gpay,,cue_row
books ka course lya 306 rs. naqad,306,education,cash,,icici,hinglish_natural
UPI/01716021/PRACTO/BANK,238.17,healthcare,cash,,,english_natural
MedPlus ka medicine liya 4950 rs UPI se de diya,4950,healthcare,upi,phonepe,,hinglish_natural
32696 rupaye installment de diye Bajaj Finance EMI ko debit card se,32696,emi,card,,,hinglish_natural
DMart Rs.1177.09 gpay,1177.09,food,upi,gpay,,english_natural
Spotify ka movie dekhi 40259 ₹ cash diy SBI card se,40259,entertainment,cash,,sbi,hinglish_natural
2740 rupees stationery cash me,2740,education,cash,,,hinglish_natural
school college tuition course books fees ?4253 paytm,4253,education,upi,paytm,axis,cue_row
EaseMyTrip ₹44 cash,44,travel,cash,,sbi,english_natural
POS/BOOKMYSHOW/CRED/7662,11518.68,entertainment,upi,cred,,english_natural
yaar mein 47633 lag gaye cash se bhara,47633,friends,cash,,sbi,voice_transcript
breakfast snacks chai coffee ₹1276 G Pay,1276,food,upi,gpay,,cue_row
paid 337 to doctor through cash,337,healthcare,cash,,,voice_transcript
Movie ticket booking INR 30543,30543,entertainment,cash,,,source_english
bhai crypto ka 2217 rupaye card se de diya,2217,investment,card,,,voice_transcript
INR 462 debited from your Kotak Mahindra account for Angel One (Phonepe UPI),462,investment,upi,phonepe,kotak,ocr_upi
39764 ka broadband bill pay kiya PayTM se HDFC Bank se kata,39764,utilities,upi,paytm,hdfc,voice_transcript
paid back friend lent money Rs.184 jupiter,184,friends,upi,jupiter,,cue_row
Lenskart ka 49906 rupees ka bill Google Pay se pay kiya,49906,healthcare,upi,gpay,,voice_transcript
Paid Practo ₹24844.43 using G Pay,24844.43,healthcare,upi,gpay,,english_natural
Spent INR 40805 on hospital using SLICE,40805,healthcare,upi,slice,,english_natural
aaj exam fee me 225 rupees ka tuition de diya cash me,225,education,cash,,,hinglish_natural
paid 292 to dost through GPay,292,friends,upi,gpay,,voice_transcript
paid 25 to tuition through card,25,education,card,,,voice_transcript
"SPOTIFY RESTAURANT
Total 408
Cash Received
Change 0.00",408,entertainment,card,,,ocr_receipt
Swiggy order INR 25051,25051,food,upi,paytm,,source_english
crypto gold bonds NPS portfolio Rs 9659 card,9659,investment,card,,,cue_row
Uber ride INR 2106,2106,travel,card,,,source_english
"MOBILE RECHARGE RESTAURANT
Total 4736.07
Cash Received
Change 0.00",4736.07,utilities,upi,niyo,,ocr_receipt
gold me 4697 rupees ka stock liyaa debit card se,4697,investment,card,,,hinglish_natural
Amazon Prime me 2187 rs. ka show dekha UPI se de diya,2187,entertainment,upi,phonepe,,hinglish_natural
47543 ₹ paisa daala NPS pe card se,47543,investment,card,,,hinglish_natural
UPI/83161433/NATURE'S BASKET/BANK,2863,food,upi,phonepe,,english_natural
2045 rs. kiraya diye metro ko credit card se,2045,travel,card,,,hinglish_natural
bhai Amit ko udhar return kiya 2150 rs cash se,2150,friends,cash,,,friends_synthetic
dinner split 3687 rupaye yaar GPay,3687,friends,upi,gpay,,friends_synthetic
paid back friend lent money ₹1752 cash,1752,friends,cash,,,cue_row
Mutual fund SIP INR 25033,25033,investment,card,,,source_english
2552 ka gold bill pay kiya card se NIYO se kata,2552,investment,card,,niyo,voice_transcript
59 rupaiye SBI loan via gpay,59,emi,upi,gpay,kotak,hinglish_natural
Uber ride INR 48006,48006,travel,cash,,axis,source_english
"DENTIST
Item 1 Rs.174
Item 2 ?414
Total 9820.53
paytm",9820.53,healthcare,upi,paytm,,ocr_receipt
276 ₹ Practo card se,276,healthcare,card,,,hinglish_natural
Uber payment Rs 13944 done via Mastercard,13944,travel,card,,,english_natural
Paid t472 for mobile recharge via debit card,472,utilities,card,,niyo,english_natural
INR 317.24 paid to mutual fund via Phonepe UPI from State Bank Bank ending 2329,317.24,investment,upi,phonepe,sbi,ocr_upi
crypto gold bonds NPS portfolio Rs.2319 Gpay,2319,investment,upi,gpay,kotak,cue_row
Personal loan installment INR 40228,40228,emi,upi,cred,hdfc,source_english
₹27458.93 paid to Vi recharge via PhonePe from icici,27458.93,utilities,upi,phonepe,icici,english_natural
sent Rs.485 to Arjun on cred,485,friends,upi,cred,,friends_synthetic
"hospital BILL
St: 1273.90
CARD APPROVED",1273.90,healthcare,card,,axis,ocr_receipt
mutual fund SIP stocks PPF FD investment Rs4146 Phonepe,4146,investment,upi,phonepe,,cue_row
"doctor
Net Amount 1553
Paid via Phonepe",1553,healthcare,upi,phonepe,sbi,ocr_receipt
₹90 to Shreya card UPI,90,friends,card,,,friends_synthetic
466 debited from your Kotak Mahindra account for Groww (Cred UPI),466,investment,upi,cred,kotak,ocr_upi
KFC INR 54 ICICI,54,food,upi,paytm,icici,english_natural
Rs.23 charged for upGrad on Phonepe,23,education,upi,phonepe,,english_natural
paid 2860 to Zee5 through GPay,2860,entertainment,upi,gpay,,voice_transcript
4919 phonepe Swiggy,4919,food,upi,phonepe,,english_natural
Apple Music ka show dekha 42434 credit card se,42434,entertainment,card,,,hinglish_natural
397 Zee5,397,entertainment,upi,phonepe,,english_natural
Unacademy 357.31,357.31,education,card,,,english_natural
dost flatmate ko 22693 rupaye paytm se bheje,22693,friends,upi,paytm,,friends_synthetic
lab test se checkup karaya 2057 ₹ ka cash diyee,2057,healthcare,cash,,hdfc,hinglish_natural
"BILL
diagnostic
31202.79
Gpay
Thank You Visit Again",31202.79,healthcare,upi,gpay,,ocr_receipt
spent 311 rupees on society maintenance via Gpay,311,utilities,upi,gpay,,voice_transcript
UPI/40219528/AJIO/BANK,26299,shopping,card,,,english_natural
Paid Rs15438.77 for Chai Point via SLICE,15438.77,food,upi,slice,icici,english_natural
Bought SonyLIV for 200.22 with Phone Pe,200.22,entertainment,upi,phonepe,,english_natural
electricity water broadband mobile recharge bill Rs 269 cash,269,utilities,cash,,,cue_row
Electricity bill payment INR 16812,16812,utilities,upi,phonepe,kotak,source_english
12886 rupees Coursera haath se de diye budget tod diya,12886,education,cash,,slice,hinglish_natural
"Receipt #1731
PVR
Amount Paid: 4346
Mode: CARD",4346,entertainment,card,,sbi,ocr_receipt
"Receipt #2598
Apollo Pharmacy
Amount Paid: Rs.3704.32
Mode: CARD",3704.32,healthcare,card,,,ocr_receipt
Uber 27 rs haath se de diya kotak wale account se,27,travel,cash,,kotak,hinglish_natural
"RENT
Item 1 124
Item 2 89
Total Rs.47703.07
SLICE",47703.07,utilities,upi,slice,hdfc,ocr_receipt
Bought books for ?125 with gpay,125,education,upi,gpay,,english_natural
HDFC loan payment Rs 31583.91 done via Mastercard,31583.91,emi,card,,axis,english_natural
bhai Karan ko udhar return kiya 4263 rs cash se,4263,friends,cash,,,friends_synthetic
yaar 25153 payment kia broadband ko cash diyee,25153,utilities,cash,,,hinglish_natural
Cafe coffee INR 12376,12376,food,upi,slice,,source_english
ghar jaate waqt 30025 rupay Zerodha card se bhai,30025,investment,card,,sbi,hinglish_natural
"D LIBRARY 24106.39 Completed 27Feb 2026,6:34 pm Union Bank Bank 9635 UPI transaction ID 235526373380617 TO:LIBRARY library.72753@union bankbank Goog1etransaction lD CICAgJjg381006 OPI gpay",24106.39,education,upi,gpay,union bank,ocr_upi
Cleartrip mein 4238 lag gaye card se bhara,4238,travel,card,,,voice_transcript
TO:EASEMYTRIP easemytrip.66213@kotakbank From:UTSAVJANA (kotak Paytm : user9531@okkotakbank,6292.59,travel,upi,paytm,kotak,ocr_upi
Coin se invest kya 3811 ka credit card se,3811,investment,card,,,hinglish_natural
Just paid t310 to FD through Jupiter,310,investment,upi,jupiter,,english_natural
"TAX INVOICE
JioCinema
Grand Total: Rs497
Payment: PayTM",497,entertainment,upi,paytm,,ocr_receipt
Rs 4830 to HDFC loan via Mastercard,4830,emi,card,,,english_natural
today i spent 247 on rent via fi,247,utilities,upi,fi,,voice_transcript
yaar Zerodha ka stock lia 498 rupay credit card se,498,investment,card,,,hinglish_natural
Zee5 mein 1190 lag gaye G Pay se bhara,1190,entertainment,upi,gpay,,voice_transcript
stationery 2320,2320,education,card,,,english_natural
"NETFLIX RESTAURANT
Total 598
Cash Received
Change 0.00",598,entertainment,upi,phonepe,,ocr_receipt
car loan EMI me 4468 rupay ka EMI bharra card se pay kr diya,4468,emi,card,,,hinglish_natural
maine 18207 rupaye Zomato ko diye Phonepe se,18207,food,upi,phonepe,,voice_transcript
maine 2585 rupaye coaching ko diye Phone Pe se,2585,education,upi,phonepe,,voice_transcript
Hotstar 103 rs. card se zyada ho gaya,103,entertainment,card,,,hinglish_natural
Rs.2157 paid to Swiggy via Google Pay UPI from idfc Bank ending 3784,2157,food,upi,gpay,idfc,ocr_upi
bhai coaching 212 rupay card se pay kr diya,212,education,card,,,hinglish_natural
Phone Pe payment 184 bhai HDFC Bank 5788 successful,184,friends,upi,phonepe,hdfc,ocr_upi
gas bill pe 1727 ka recharge kya Phone Pe se pay kr diya Kotak Mahindra card se,16812,utilities,upi,phonepe,kotak,source_hinglish
BYJU'S ka course liyaa 1974 cred se,1974,education,upi,cred,sbi,hinglish_natural
dopahar ko 3015 rupaye CCD Phonepe se pay kia,12488,food,upi,phonepe,icici,source_hinglish
"MedPlus
Net Amount 27997
Paid via CARD",27997,healthcare,card,,hdfc,ocr_receipt
1518 rupaye flatmate card se,1518,friends,card,,,hinglish_natural
dost dost ko 225 rupaye Bhim se bheje,225,friends,upi,bhim,,friends_synthetic
"LENSKART
Item 1 ₹284
Item 2 Rs 94
Total ₹223
CARD",223,healthcare,card,,,ocr_receipt
split bill 11145 card se Arjun ko diya,11145,friends,card,,,friends_synthetic
uber ola cab ride airport train ticket t220 card,220,travel,card,,,cue_row
i paid 4308 rupees for dost using BHIM,4308,friends,upi,bhim,,voice_transcript
i did 39254 expense on Paytm Money using card,39254,investment,card,,,voice_transcript
spent 2516 rupees on SBI loan via card,2516,emi,card,,,voice_transcript
rent 4772 rs BHIM se pay kr diya,4772,utilities,upi,bhim,,hinglish_natural
1770 rupees flatmate UPI se,1770,friends,upi,phonepe,,hinglish_natural
"TAX INVOICE
society maintenance
Grand Total: Rs.19257
Payment: paytm",19257,utilities,upi,paytm,,ocr_receipt
stationery 14884 Bhim Payment done Axis Bank 4724,14884,education,upi,bhim,axis,ocr_upi
Online shopping payment INR 1586,1586,shopping,card,,federal bank,source_english
PVR 974 ₹ PhonePe se,974,entertainment,upi,phonepe,,hinglish_natural
abhi 722 ₹ Uber naqad,722,travel,cash,,,hinglish_natural
Groww ka 3925 rupees ka bill card se pay kiya,3925,investment,card,,pnb,voice_transcript
2713 ₹ Udemy credit card se,2713,education,card,,jupiter,hinglish_natural
SBI loan se loan payment kya 42926 rs ka debit card se,42926,emi,card,,,hinglish_natural
grocery vegetables milk bread fruits Rs.3067 paid cash,3067,food,cash,,,cue_row
Spent INR 4869 on Angel One using card,4869,investment,card,,,english_natural
208 debited from your axis account for Amit (Slice UPI),208,friends,upi,slice,axis,ocr_upi
Payment of Rs 259 to stationery was successful via Fi Money UPI Ref No 59662432449959 hdfc Account 2802,259,education,upi,fi,hdfc,ocr_upi
dost se transfer kiya 55 rupees ka gpay pe,55,friends,upi,gpay,fi,hinglish_natural
car loan EMI 4595 Paytm Completed hdfc 6400,4595,emi,upi,paytm,hdfc,ocr_upi
split bill 20879 slice se Rohan ko diya,20879,friends,upi,slice,,friends_synthetic
CCD 283.72 cash,283.72,food,cash,,icici,english_natural
"Airtel recharge
Net Amount 17229
Paid via CARD",17229,utilities,card,,,ocr_receipt
aaj mutual fund se stock liyaa 29274 ka Phone Pe pe,29274,investment,upi,phonepe,,hinglish_natural
Uber 2292 rupaiye UPI se ICICI Bank se kata,2292,travel,upi,fi,icici,hinglish_natural
mall ka khareed lya 42845 rs UPI se pay kia,42845,shopping,upi,paytm,bandhan,hinglish_natural
Rs.3915 paid to Ananya via G Pay UPI from ICICI Bank ending 2292,3915,friends,upi,gpay,icici,ocr_upi
credit card EMI payment Rs4391 done via Jupiter,4391,emi,upi,jupiter,,english_natural
books 234 rs. UPI se pay kiya,234,education,upi,jupiter,sbi,hinglish_natural
Paid Rs3517 for Bajaj Finance EMI via debit card,3517,emi,card,,,english_natural
car loan EMI mein 9553 lag gaye BHIM se bhara,9553,emi,upi,bhim,fi,voice_transcript
Tata Play Rs 45399.88 debited from Slice,45399.88,utilities,upi,gpay,slice,english_natural
37 rupees Pooja CRED,37,friends,upi,cred,,voice_transcript
Udemy payment ₹648 done via credit card,648,education,card,,,english_natural
"D AMIT 3185 Completed 2Jan 2026,2:42 pm Bank of Baroda Bank 9519 UPI transaction ID 53905321596 TO:AMIT amit.35622@bank of barodabank Googletransaction lD CICAgJjg024517 OPI gpay",3185,friends,upi,gpay,bob,ocr_upi
dopahar ko 3433 rupees SIP bharra ET Money pe PayTM pe,3433,investment,upi,paytm,,hinglish_natural
4047 rupaiye bill bhra electricity bill pe G Pay pe,4047,utilities,upi,gpay,,hinglish_natural
office se aate hue education loan EMI se installment diy 102 rs. ka debit card se,102,emi,card,,,hinglish_natural
Bought EaseMyTrip for Rs 454 with Bhim,454,travel,upi,bhim,,english_natural
POS/BIKE LOAN EMI/PHONEPE/3725,1410,emi,upi,phonepe,sbi,english_natural
flight booking travel ticket Rs34579 card,34579,travel,card,,,cue_row
H&M ka saman liyaa 4567 ₹ via Gpay,4567,shopping,upi,gpay,,hinglish_natural
uber ola cab ride airport train ticket ₹53 card,53,travel,card,,icici,cue_row
PharmEasy se doctor ko de diya 294 rupaye ka naqad,294,healthcare,cash,,axis,hinglish_natural
dost ₹37801 debited from State Bank,37801,friends,upi,phonepe,sbi,english_natural
"Cleartrip 449 Completed 4Jan 2025,7:42 am YES BANK 7243 UPI transaction ID 90004219989",449,travel,upi,paytm,yes bank,ocr_upi
Paid Dunkin ₹27699 using cash,27699,food,cash,,,english_natural
Karan se dost ko de diya 25 rs. ka via Gpay,25,friends,upi,gpay,,hinglish_natural
diagnostic pe 46263 rupaiye ka test karaya via GPay,17345,healthcare,upi,gpay,,source_hinglish
mutual fund Rs.365 debited from jupiter,365,investment,upi,gpay,jupiter,english_natural
3351.34 Paytm Money,3351.34,investment,upi,gpay,,english_natural
personal loan installment EMI deduction 155 card,155,emi,card,,icici,cue_row
education loan EMI pe 28894 rupaye ka EMI bharra credit card se,28894,emi,card,,,hinglish_natural
flatmate rent share 15849 card Neha,15849,friends,card,,kotak,friends_synthetic
paid 21729 to 1mg through cash from ICICI,21729,healthcare,cash,,icici,voice_transcript
aaj Apollo Pharmacy 436 rupees UPI se pay kia,436,healthcare,upi,paytm,,hinglish_natural
"MEESHO RESTAURANT
Total 348
Cash Received
Change 0.00",348,shopping,upi,cred,axis,ocr_receipt
"BILL
DMart
22113
Fi Money
Thank You Visit Again",22113,food,upi,fi,icici,ocr_receipt
Spent Rs 28974 on ACT Fibernet using cred,28974,utilities,upi,cred,kotak,english_natural
mutual fund SIP stocks PPF FD investment Rs.26703 Phone Pe,26703,investment,upi,phonepe,,cue_row
gaming concert event ticket ₹3509 card,3509,entertainment,card,,,cue_row
"D CLINIC 407 Completed 5Feb 2026,11:58 pm HDFC Bank Bank 6976 UPI transaction ID 14493289557918 TO:CLINIC clinic.98349@hdfc bankbank Soogletransaction lD XYZabc378512 OPI Slice",407,healthcare,upi,slice,hdfc,ocr_upi
petrol pump 3134 cash,3134,travel,cash,,,english_natural
Behrouz pe 350 rupaye ka khana kha liya debit card se ICICI Bank wale account se,350,food,card,,icici,hinglish_natural
INR 23839 charged for bike loan EMI on Mastercard,23839,emi,card,,niyo,english_natural
rent 3282.51 G Pay,3282.51,utilities,upi,gpay,yes bank,ocr_upi
Lunch at hotel INR 654,654,food,upi,paytm,yes bank,source_english
"D DIVYA 50.38 Completed 5Feb 2026,9:09 pm Federal Bank Bank 1344 UPI transaction ID 88161371958807 TO:DIVYA divya.39587@federal bankbank Soogletransaction lD XYZabc463554 OPI jupiter",50.38,friends,upi,jupiter,federal bank,ocr_upi
Spent Rs.4114 on MedPlus using PhonePe,4114,healthcare,upi,phonepe,,english_natural
school college tuition course books fees t229 card,229,education,card,,,cue_row
Chai Point Rs374 G Pay,374,food,upi,gpay,slice,english_natural
personal loan EMI pe 17936 ka EMI bhar diya card se,17936,emi,card,,,hinglish_natural
split bill 3499 PhonePe se Neha ko diya,3499,friends,upi,phonepe,icici,friends_synthetic
slice payment R 472 Zerodha BOB 2156 done,472,investment,upi,slice,bob,ocr_upi
Bought Vikram for Rs 4483 with cash,4483,friends,cash,,niyo,english_natural
1856 rs bill pay kiyaa gas bill pe UPI se diy,1856,utilities,upi,phonepe,,hinglish_natural
aaj EatFit pe 27389 rupaye kharcha hua card se,27389,food,card,,,voice_transcript
kal 19640 rupaiye installment diye credit card EMI ko card se pay kiya,19640,emi,card,,,hinglish_natural
"AMAZON
Item 1 R 428
Item 2 Rs 494
Total Rs 450
CARD",450,shopping,card,,,ocr_receipt
Paid R 4318 for FD from my SBI account via Mastercard,4318,investment,card,,sbi,english_natural
INR 19610.75 paid to BookMyShow via Fi UPI from ICICI Bank ending 7532,19610.75,entertainment,upi,fi,icici,ocr_upi
UPI/36650714/PETROL PUMP/BANK,1424,travel,card,,,english_natural
346 to Blinkit via paytm,346,food,upi,paytm,,english_natural
POS/PHARMEASY/CARD/4661,46689,healthcare,card,,niyo,english_natural
Myntra me 13998 rupaye ka saman le liya Jupiter pe HDFC Bank wale account se,13998,shopping,upi,jupiter,hdfc,hinglish_natural
i paid 3303 rupees for personal loan EMI using card,3303,emi,card,,icici,voice_transcript
"MEDPLUS RESTAURANT
Total 2263
Cash Received
Change 0.00",2263,healthcare,card,,,ocr_receipt
156 ka Bajaj Finance EMI bill pay kiya card se,156,emi,card,,,voice_transcript
ATM/CASH/KOTAK/458,458,education,upi,phonepe,kotak,english_natural
maine 252 rupaye BigBasket ko diye cash se,252,food,cash,,,voice_transcript
school college tuition course books fees ₹374 card,374,education,card,,,cue_row
Tata CLiQ se buy kar diya 448 rupay ka UPI se pay kr diya,448,shopping,upi,paytm,,hinglish_natural
Used HDFC Mastercard to pay ₹936.07 for car loan EMI,936.07,emi,card,,hdfc,english_natural
dentist se medicine liyaa 491 rupaye ka Jupiter pe slice card se,491,healthcare,upi,jupiter,slice,hinglish_natural
library ka fees bharaa 1367 rupay naqad,1367,education,cash,,,hinglish_natural
paid back friend lent money 199 card,199,friends,card,,,cue_row
PhonePe payment ₹145 Tata Play State Bank 9961 successful,145,utilities,upi,phonepe,sbi,ocr_upi
"SWIGGY RESTAURANT
Total 15365.41
Cash Received
Change 0.00",15365.41,food,cash,,,ocr_receipt
"BILL
eye checkup
4431.10
CARD
Thank You Visit Again",4431.10,healthcare,card,,pnb,ocr_receipt
aaj Behrouz pe 39012 rupaye kharcha hua card se,39012,food,card,,sbi,voice_transcript
₹446 paid to PVR via CRED from Fi Money,446,entertainment,upi,cred,fi,english_natural
40007 rupay shopping kya Myntra ko card se pay kia,40007,shopping,card,,,hinglish_natural
4895.71 paid to Croma via Paytm UPI from sbi Bank ending 8906,4895.71,shopping,upi,paytm,sbi,ocr_upi
Spent Rs 17965 on Hotstar using Visa,17965,entertainment,card,,,english_natural
FirstCry pe 9352 ₹ ka khareed lya card se,9352,shopping,card,,,hinglish_natural
103 ka Jio recharge bill pay kiya GPay se,103,utilities,upi,gpay,,voice_transcript
gaming concert event ticket 21234 Gpay,21234,entertainment,upi,gpay,,cue_row
Paid gaming INR 4016.73 using Slice,4016.73,entertainment,upi,slice,,english_natural
subah DishTV 3677 rupaye UPI se pay kr diya,3677,utilities,upi,gpay,,hinglish_natural
"MEESHO
Item 1 Rs.441
Item 2 t385
Total 39705.01
PhonePe",39705.01,shopping,upi,phonepe,,ocr_receipt
yaar Goibibo me 382 rs ka ride le liya UPI se pay kiya axis se,6168,travel,upi,paytm,axis,source_hinglish
Coursera 26241 ₹ naqad bohot mehenga,26241,education,cash,,,hinglish_natural
972 charged for Meesho on Visa,972,shopping,card,,,english_natural
Vi recharge INR 13829 phonepe,13829,utilities,upi,phonepe,axis,ocr_upi
Rs.1745 to flatmate card UPI,1745,friends,card,,,friends_synthetic
"Zepto
Net Amount 222
Paid via CASH",222,food,cash,,,ocr_receipt
i paid 374 rupees for JioMart using cash,374,food,cash,,,voice_transcript
BAJAJ FINANCE EMI INR 177,177,emi,card,,,english_natural
Just paid 239 to Rohan through Paytm,239,friends,upi,paytm,,english_natural
Karan Rs 173.45 Gpay,173.45,friends,upi,gpay,,english_natural
i did 3329 expense on water bill using gpay,3329,utilities,upi,gpay,,voice_transcript
2882 shopping kr diya Snapdeal pe UPI se,2882,shopping,upi,jupiter,sbi,hinglish_natural
paid 463 to FreshMenu through card,463,food,card,,,voice_transcript
43570 rs khana order kiyaa FreshMenu pe Paytm se budget tod diya,43570,food,upi,paytm,,hinglish_natural
aaj diagnostic se dawai liya 215 rupaye ka UPI se icici se kata bc,215,healthcare,upi,paytm,icici,hinglish_natural
"CLINIC RESTAURANT
Total 262
Cash Received
Change 0.00",262,healthcare,card,,sbi,ocr_receipt
Priya pe 3742 rupay ka udhar return kar diya phonepe pe axis account se,3742,friends,upi,phonepe,axis,hinglish_natural
FirstCry pe 28628 ₹ ka shopping kiyaa card se pay kiyaa,28628,shopping,card,,,hinglish_natural
paid 3626 to Paytm Money through Google Pay from Union Bank,3626,investment,upi,gpay,union bank,voice_transcript
"D TUITION 481 Completed 13Apr 2026,6:39 pm sbi Bank 9413 UPI transaction ID 818272913675 TO:TUITION tuition.89517@sbibank Soogletransaction lD XYZabc491532 OPI phonepe",481,education,upi,phonepe,sbi,ocr_upi
"ET Money 21511 Completed 12Mar 2026,8:14 pm hdfc 7214 UPI transaction ID 98503083892449",21511,investment,upi,jupiter,hdfc,ocr_upi
Spotify Rs372 debited from hdfc,372,entertainment,upi,paytm,hdfc,english_natural
personal loan EMI payment 991.66 done via Mastercard,991.66,emi,card,,hdfc,english_natural
kal 3116 rupaye khana khya canteen ko UPI se diye,3116,food,upi,gpay,,hinglish_natural
subah Ananya se udhar return kya 27293 rupay ka haath se diye,27293,friends,cash,,,hinglish_natural
crypto ka SIP bhara 638 rupaye G Pay se,638,investment,upi,gpay,,hinglish_natural
kal college fees 4682 via paytm,4682,education,upi,paytm,sbi,hinglish_natural
education loan EMI payment 157.09 done via card,157.09,emi,card,,,english_natural
1932 rs bill bhra ACT Fibernet pe Phonepe se pay kr diya,1932,utilities,upi,phonepe,,hinglish_natural
Paid roommate INR 821 using Fi Money,821,friends,upi,fi,,english_natural
i did 161 expense on Zomato using Google Pay,161,food,upi,gpay,rbl,voice_transcript
Paid Rs.286.71 to Paytm Money Phonepe UPI State Bank 1002 Successful,286.71,investment,upi,phonepe,sbi,ocr_upi
Spent 149 on Zerodha using Phonepe,149,investment,upi,phonepe,,english_natural
Amazon se khareed liya 290 rupay ka UPI se de diye Canara wale account se matlab,290,shopping,upi,cred,canara,hinglish_natural
459 game liyaa Zee5 ko UPI se pay kia Jupiter se kata,459,entertainment,upi,gpay,jupiter,hinglish_natural
"BILL
doctor
Rs.255
Gpay
Thank You Visit Again",255,healthcare,upi,gpay,,ocr_receipt
Paid INR 196.64 for yaar from my PNB account via Phone Pe,196.64,friends,upi,phonepe,pnb,english_natural
Concert ticket INR 48592,48592,entertainment,card,,icici,source_english
today i spent 1027 on Practo via Phonepe from my YES BANK bank,1027,healthcare,upi,phonepe,yes bank,voice_transcript
dost Shreya ko 406 rupaye Jupiter se bheje,406,friends,upi,jupiter,,friends_synthetic
Payment of ₹693 to YouTube Premium was successful via PhonePe UPI Ref No 525888582124023 YES BANK Account 7162,693,entertainment,upi,phonepe,yes bank,ocr_upi
bhai Rahul ka 22775 rupaye gpay se de diya,22775,friends,upi,gpay,fi,voice_transcript
ghar jaate waqt 441 rupaye Airtel recharge via CRED,441,utilities,upi,cred,,hinglish_natural
Used axis credit card to pay INR 30476 for NPS,30476,investment,card,,axis,english_natural
Paid INR 1320.01 for Apollo Pharmacy via Jupiter,1320.01,healthcare,upi,jupiter,,english_natural
sent money to Priya ₹3827 on PayTM,3827,friends,upi,paytm,,friends_synthetic
medical checkup lab test health insurance ₹477 Phonepe,477,healthcare,upi,phonepe,,cue_row
MedPlus pe 228 ₹ ka medicine lya haath se de diya,228,healthcare,cash,,,hinglish_natural
Paid Rs 9436 for credit card EMI via Google Pay,9436,emi,upi,gpay,,english_natural
aaj SIP pe 38380 rupaye kharcha hua GPay se,38380,investment,upi,gpay,,voice_transcript
dopahar ko 214 rupees shopping kya market pe UPI se de diye,214,shopping,upi,phonepe,icici,hinglish_natural
personal loan EMI 27736 rupaye UPI se bhai,27736,emi,upi,phonepe,,hinglish_natural
12647 books liyaa Vedantu ko naqad,12647,education,cash,,,hinglish_natural
Paid Rs 41159.75 to food court GPay UPI HDFC 5783 Done,41159.75,food,upi,gpay,hdfc,ocr_upi
2752 rs IndiGo card se pay kya,4564,travel,card,,,source_hinglish
dinner split 4293 rupaye flatmate PayTM,4293,friends,upi,paytm,,friends_synthetic
Just paid 29857.56 to BigBasket through Cred,29857.56,food,upi,cred,,english_natural
bhai Pooja ko udhar return kiya 3999 rs cred se,3999,friends,upi,cred,,friends_synthetic
yaar ET Money se paisa daala 2678 rupaiye ka UPI se pay kiyaa,2678,investment,upi,phonepe,,hinglish_natural
Mutual fund SIP INR 41777,41777,investment,upi,cred,,source_english
"McDonald's 137 Completed 9Nov 2026,9:12 pm HDFC 1085 UPI transaction ID 41507652335",137,food,upi,phonepe,hdfc,ocr_upi
flatmate rent share 20699 Jupiter bro,20699,friends,upi,jupiter,,friends_synthetic
INR 16646.75 charged for Goibibo on jupiter,16646.75,travel,upi,jupiter,,english_natural
ET Money se invest kar diya 2681 rs ka card se pay kiya,2681,investment,card,,,hinglish_natural
Bharat Petroleum se cab lya 2635 rupaiye ka credit card se,2635,travel,card,,,hinglish_natural
1910 rupees khana khayaa Behrouz ko naqad matlab,1910,food,cash,,,hinglish_natural
651.56 debited from your Bandhan account for Air India (jupiter UPI),651.56,travel,upi,jupiter,bandhan,ocr_upi
40993 rupees installment diy car loan EMI ko credit card se,40993,emi,card,,,hinglish_natural
gaming concert event ticket Rs 859 card,859,entertainment,card,,,cue_row
SONYLIV INR 436.91,436.91,entertainment,cash,,,english_natural
"ELECTRICITY BILL
Item 1 Rs 342
Item 2 Rs.340
Total ₹268
gpay",268,utilities,upi,gpay,,ocr_receipt
market 47 card,47,shopping,card,,kotak,english_natural
hospital doctor pharmacy medicine diagnostic 45 GPay,45,healthcare,upi,gpay,,cue_row
split bill 995 GPay se friend ko diya,995,friends,upi,gpay,,friends_synthetic
insurance premium 31 rs. credit card se SBI wale account se,31,utilities,card,,sbi,hinglish_natural
Just paid ₹2753.39 to SIP through BHIM,2753.39,investment,upi,bhim,,english_natural
bro ko 7289 transfer kiya cash se,7289,friends,cash,,,friends_synthetic
paid 147 to Tata CLiQ through card,147,shopping,card,,,voice_transcript
subah MedPlus ka doctor ko diye 38008 rupaye debit card se,38008,healthcare,card,,,hinglish_natural
19014 rupees dawai lya 1mg ko phonepe pe,19014,healthcare,upi,phonepe,sbi,hinglish_natural
ghar jaate waqt Indian Oil 9320 rs. credit card se,9320,travel,card,,yes bank,hinglish_natural
aaj 6641 rs. show dekha Amazon Prime pe credit card se SLICE se,6641,entertainment,card,,slice,hinglish_natural
"SBI loan 19729.12 Completed 4Jul 2026,4:13 am Kotak 5481 UPI transaction ID 93373617984",19729.12,emi,upi,slice,kotak,ocr_upi
Spent ₹438.54 on Goibibo using SLICE,438.54,travel,upi,slice,,english_natural
ghar jaate waqt Nature's Basket se khana khayaa 471 ka card se pay kiya,471,food,card,,,hinglish_natural
POS/YAAR/PHONEPE/1048,389.80,friends,upi,phonepe,kotak,english_natural
Just paid Rs 20587 to Reliance Fresh through Google Pay,20587,food,upi,gpay,,english_natural
Amit pe 4484 rupees ka transfer kr diya card se bhai,4484,friends,card,,hdfc,hinglish_natural
auto ka 1152 rupees ka bill card se pay kiya,1152,travel,card,,yes bank,voice_transcript
mutual fund SIP stocks PPF FD investment Rs.1462 Paytm,1462,investment,upi,paytm,,cue_row
raat ko Cleartrip me 39030 rs ka ride liya card se Canara Bank card se,39030,travel,card,,canara,hinglish_natural
aaj Coursera pe 1540 rupaye kharcha hua card se,1540,education,card,,,voice_transcript
Rs.11636 debited from your idfc account for Snapdeal (Cred UPI),11636,shopping,upi,cred,idfc,ocr_upi
2730 paid to H&M via jupiter UPI from icici Bank ending 7569,2730,shopping,upi,jupiter,icici,ocr_upi
electricity bill ka bill bhar diya 439 rs. credit card se Fi card se,439,utilities,card,,fi,hinglish_natural
"Nature's Basket BILL
St: 284.90
gpay Approved",284.90,food,upi,gpay,bob,ocr_receipt
₹3247.63 to electricity bill via credit card hdfc account,3247.63,utilities,card,,hdfc,english_natural
Neha pe 631 rs. ka dost ko diyee via CRED,631,friends,upi,cred,,hinglish_natural
Paid t2841 for personal loan EMI via debit card,2841,emi,card,,,english_natural
yaar Zomato 49278 rupees SLICE se pay kia State Bank wale account se,49278,food,upi,slice,sbi,hinglish_natural
paid 3051 to bike loan EMI through card from ICICI,3051,emi,card,,icici,voice_transcript
Spent INR 39757.94 on broadband using CRED,39757.94,utilities,upi,cred,,english_natural
TO:AIRTELRECHARGE airtelrecharge.62354@hdfcbankbank From:AMITSINGH (HDFC Bank Phonepe : sender6634@okhdfcbankbank,4279,utilities,upi,phonepe,hdfc,ocr_upi
concert ka game liyaa 137 credit card se,137,entertainment,card,,,hinglish_natural
"Starbucks 4093 Completed 26Mar 2025,1:45 am sbi 1685 UPI transaction ID 678869512705702",4093,food,upi,gpay,sbi,ocr_upi
broadband INR 319 Gpay,319,utilities,upi,gpay,,english_natural
Just paid 1056 to Apollo Pharmacy through cred,1056,healthcare,upi,cred,,english_natural
471.82 Apple Music,471.82,entertainment,upi,phonepe,bob,english_natural
"water bill
Net Amount 22792
Paid via Phonepe",22792,utilities,upi,phonepe,,ocr_receipt
dhaba mein 4113 lag gaye cash se bhara,4113,food,cash,,,voice_transcript
bhai Rohan ko udhar return kiya 375 rs cred se,375,friends,upi,cred,kotak,friends_synthetic
POS/BYJU'S/GPAY/5845,30920.24,education,upi,gpay,,english_natural
ET MONEY INR 20739,20739,investment,card,,,english_natural
MedPlus se doctor ko diy 3078 rupees ka UPI se diye,47042,healthcare,upi,gpay,,source_hinglish
"RELIANCE DIGITAL
Item 1 368
Item 2 Rs.477
Total ₹13534.35
cred",13534.35,shopping,upi,cred,,ocr_receipt
Spent Rs4953.91 on Coursera using cash,4953.91,education,cash,,,english_natural
subah Bajaj Finance EMI se loan payment kar diya 3584 ₹ ka credit card se matlab,3584,emi,card,,,hinglish_natural
"TAX INVOICE
MedPlus
Grand Total: Rs196
Payment: gpay",196,healthcare,upi,gpay,,ocr_receipt
gas bill Rs.2789.38 gpay,2789.38,utilities,upi,gpay,idfc,ocr_upi
paid 47155 to MakeMyTrip through cash from Kotak Mahindra,47155,travel,cash,,kotak,voice_transcript
dinner split 405 rupaye Priya G Pay,405,friends,upi,gpay,,friends_synthetic
Paid 21764.50 for Airtel recharge via SLICE,21764.50,utilities,upi,slice,,english_natural
sent money to Pooja Rs20443 on Phonepe,20443,friends,upi,phonepe,,friends_synthetic
"D SWIGGY 4051.80 Completed 18Apr 2026,1:45 pm icici Bank 6357 UPI transaction ID 94266036698027 TO:SWIGGY swiggy.67039@icicibank Goog1etransaction lD XYZabc829435 OPI CRED",4051.80,food,upi,cred,icici,ocr_upi
1510 rs HP Petrol cash me bc,1510,travel,cash,,,hinglish_natural
TO:PERSONALLOANEMI personalloanemi.60923@axisbank From:PRIYASHARMA (Axis GPay : sender4676@okaxisbank,1832,emi,upi,gpay,axis,ocr_upi
"AJIO
Item 1 Rs.169
Item 2 INR 110
Total 1881
CARD",1881,shopping,card,,,ocr_receipt
i did 43632 expense on mutual fund using card,43632,investment,card,,,voice_transcript
Coursera 364.64,364.64,education,card,,axis,english_natural
4203 rupaye college fees card se,4203,education,card,,kotak,hinglish_natural
i paid 20468 rupees for roommate using Phonepe,20468,friends,upi,phonepe,icici,voice_transcript
Paid Rs.4755 for school fees from my Kotak account via cash,4755,education,cash,,kotak,english_natural
Zomato dinner INR 9587,9587,food,upi,gpay,,source_english
Bought Groww for 37847 with PhonePe,37847,investment,upi,phonepe,,english_natural
Rs 43470 paid to HDFC loan via jupiter UPI from HDFC Bank ending 6705,43470,emi,upi,jupiter,hdfc,ocr_upi
INR 314 debited from your Punjab National Bank account for FD (Phonepe UPI),314,investment,upi,phonepe,pnb,ocr_upi
Cafe coffee INR 38072,38072,food,cash,,axis,source_english
IndiGo payment ₹4372 done via Mastercard,4372,travel,card,,,english_natural
raat ko stationery se tuition die 119 rupaiye ka card se,119,education,card,,,hinglish_natural
Jio recharge ka bill pay kya 4904 card se,4904,utilities,card,,,hinglish_natural
sent money to Vikram 260 on jupiter,260,friends,upi,jupiter,,friends_synthetic
dhaba 1963 Jupiter se icici card se,1963,food,upi,jupiter,icici,hinglish_natural
Paid Nykaa Rs20532 using credit card,20532,shopping,card,,,english_natural
aaj IRCTC pe 148 rs ka cab lia cash diye,148,travel,cash,,icici,hinglish_natural
Kuvera payment ₹34627.16 done via Mastercard,34627.16,investment,card,,axis,english_natural
Payment of 90 to hospital was successful via CRED UPI Ref No 45962239724 BOB Account 7479,90,healthcare,upi,cred,bob,ocr_upi
"eye checkup
Net Amount 1102
Paid via CARD",1102,healthcare,card,,sbi,ocr_receipt
Bought ET Money for 2764.27 with card,2764.27,investment,card,,hdfc,english_natural
paid back friend lent money Rs.11620 Cred,11620,friends,upi,cred,,cue_row
paid 11128 to bike loan EMI through card from SBI,11128,emi,card,,sbi,voice_transcript
flatmate rent share 272 PayTM flatmate,272,friends,upi,paytm,icici,friends_synthetic
mobile recharge 30096 Visa,30096,utilities,card,,kotak,english_natural
INOX 15889.20 cash,15889.20,entertainment,cash,,hdfc,english_natural
226 rs. lab test UPI se,226,healthcare,upi,gpay,,hinglish_natural
i paid 3876 rupees for Rapido using card,3876,travel,card,,jupiter,voice_transcript
22553 ka market bill pay kiya G Pay se,22553,shopping,upi,gpay,,voice_transcript
dopahar ko college fees me 2667 ka admission kr diya UPI se Axis Bank card se bc,2667,education,upi,paytm,axis,hinglish_natural
paid Vikram Rs.151 via cash,151,friends,cash,,,friends_synthetic
spent 15810 rupees on BookMyShow via Phonepe,15810,entertainment,upi,phonepe,,voice_transcript
Payment of INR 37070 to Apple Music was successful via Google Pay UPI Ref No 726970727908 Canara Bank Account 4784,37070,entertainment,upi,gpay,canara,ocr_upi
Uber 46576 Slice,46576,travel,upi,gpay,slice,english_natural
Just paid ₹62 to Bajaj Finance EMI through card,62,emi,card,,,english_natural
Just paid 302.79 to Meesho through GPay,302.79,shopping,upi,gpay,,english_natural
mutual fund SIP stocks PPF FD investment INR 2530 card,2530,investment,card,,,cue_row
"1MG RESTAURANT
Total 3544
Cash Received
Change 0.00",3544,healthcare,cash,,,ocr_receipt
flight booking travel ticket R 7965 card,7965,travel,card,,,cue_row
36425 ka crypto bill pay kiya Gpay se,36425,investment,upi,gpay,,voice_transcript
Bought Snapdeal for Rs2884.28 with credit card,2884.28,shopping,card,,slice,english_natural
coaching exam preparation study material Rs.2821 card,2821,education,card,,,cue_row
INR 24 paid to gaming via jupiter UPI from axis Bank ending 9158,24,entertainment,upi,jupiter,axis,ocr_upi
1988 rs bike loan EMI GPay se pay kr diya,1988,emi,upi,gpay,jupiter,hinglish_natural
school college tuition course books fees ₹14393 G Pay,14393,education,upi,gpay,,cue_row
11910 rupees Reliance Digital UPI se pay kya,11910,shopping,upi,gpay,,hinglish_natural
car loan EMI 2999 debit card se,2999,emi,card,,slice,hinglish_natural
Paid JioCinema INR 36239.07 using debit card from Federal Bank,36239.07,entertainment,card,,federal bank,english_natural
Just paid Rs.2266.96 to Karan through Mastercard,2266.96,friends,card,,,english_natural
dopahar ko personal loan EMI me 46884 rs ka loan payment kar diya credit card se icici wale account se,46884,emi,card,,icici,hinglish_natural
Tata CLiQ 78 Phonepe pe,78,shopping,upi,phonepe,,hinglish_natural
2089 rupees Apollo Pharmacy PhonePe,2089,healthcare,upi,phonepe,,voice_transcript
netflix spotify hotstar subscription movie show ₹3640 Bhim,3640,entertainment,upi,bhim,,cue_row
MedPlus ka doctor ko diye 25625 rupees G Pay se pay kya,22871,healthcare,upi,gpay,bob,source_hinglish
HDFC loan ka loan payment kar diya 330 UPI se pay kar diya ICICI wale account se,330,emi,upi,cred,icici,hinglish_natural
restaurant 4250 rupaiye GPay se pay kar diya,4250,food,upi,gpay,,hinglish_natural
lunch dinner food order swiggy zomato restaurant meal ₹1530 cash,1530,food,cash,,,cue_row
"TAX INVOICE
hospital
Grand Total: Rs 3524
Payment: CASH",3524,healthcare,cash,,,ocr_receipt
electricity water broadband mobile recharge bill INR 14587 card,14587,utilities,card,,hdfc,cue_row
125 rupaiye Snapdeal UPI se,125,shopping,upi,bhim,yes bank,hinglish_natural
KFC me 109 rupees ka khana order kar diya naqad kotak account se,109,food,cash,,kotak,hinglish_natural
"clinic BILL
St: t29238.15
Niyo APPROVED",29238.15,healthcare,upi,niyo,,ocr_receipt
Rs.8058.87 debited from your Bank of Baroda account for clinic (Cred UPI),8058.87,healthcare,upi,cred,bob,ocr_upi
crypto gold bonds NPS portfolio Rs 39933 card,39933,investment,card,,,cue_row
Neha 1510 phonepe Completed HDFC 7772,1510,friends,upi,phonepe,hdfc,ocr_upi
226 rs. movie dekhi JioCinema pe credit card se,226,entertainment,card,,,hinglish_natural
books 2550 hdfc,2550,education,card,,hdfc,english_natural
444 rupaiye Faasos UPI se diye,444,food,upi,gpay,,hinglish_natural
Paid Nykaa Rs.5543.44 using Fi from NIYO,5543.44,shopping,upi,fi,niyo,english_natural
i paid 3245 rupees for Haldirams using card,3245,food,card,,,voice_transcript
abhi 12299 rs canteen debit card se,12299,food,card,,,hinglish_natural
"RENT RESTAURANT
Total 11855
Cash Received
Change 0.00",11855,utilities,upi,bhim,,ocr_receipt
Blinkit ka khana khayaa 2283 ₹ Jupiter se pay kiyaa,2283,food,upi,jupiter,,hinglish_natural
Payment of Rs 1202 to Spotify was successful via phonepe UPI Ref No 0727787659 State Bank Account 4881,1202,entertainment,upi,phonepe,sbi,ocr_upi
yaar Nykaa ka buy kya 2079 rupay UPI se,2079,shopping,upi,phonepe,icici,hinglish_natural
394 rupay YouTube Premium card se pay kiya,394,entertainment,card,,,hinglish_natural
"BILL
Croma
INR 773
Niyo
Thank You Visit Again",773,shopping,upi,niyo,,ocr_receipt
home loan car loan credit card EMI monthly t9494 autopay card,9494,emi,card,,,cue_row
Unacademy Rs 2000 SLICE,2000,education,upi,slice,hdfc,ocr_upi
Amazon ₹1389.63 debited from BOB,1389.63,shopping,upi,paytm,bob,english_natural
ghar jaate waqt society maintenance pe 18971 ka bill bhara UPI se,18971,utilities,upi,paytm,,hinglish_natural
dinner split 311 rupaye flatmate Google Pay,311,friends,upi,gpay,,friends_synthetic
5441 rupay Bajaj Finance EMI credit card se,5441,emi,card,,hdfc,hinglish_natural
Zepto ₹108.57 phonepe,108.57,food,upi,phonepe,kotak,ocr_upi
Bhim payment 3170 ACT Fibernet HDFC Bank 3184 done,3170,utilities,upi,bhim,hdfc,ocr_upi
i did 389 expense on IRCTC using cash,389,travel,cash,,,voice_transcript
Karan 142 haath se diyee,142,friends,cash,,slice,hinglish_natural
Burger King ₹1713.57 paytm,1713.57,food,upi,paytm,pnb,ocr_upi
Airtel recharge se payment kr diya 27312 ₹ ka CRED pe,27312,utilities,upi,cred,,hinglish_natural
sent money to roommate Rs.96 on Phonepe,96,friends,upi,phonepe,,friends_synthetic
Yatra Rs.2904.65 debited from SBI,2904.65,travel,card,,sbi,english_natural
aaj crypto pe 1005 rupaye kharcha hua card se,1005,investment,card,,niyo,voice_transcript
"BILL
MedPlus
Rs 328
CASH
Thank You Visit Again",328,healthcare,cash,,,ocr_receipt
personal loan EMI 13571 debited from jupiter,13571,emi,upi,gpay,jupiter,english_natural
petrol diesel fuel Rs.29941 at pump card,29941,travel,card,,,cue_row
Amazon 253 rupaye UPI se,253,shopping,upi,gpay,,hinglish_natural
ATM/CASH/HDFC/3645,3645,food,upi,phonepe,hdfc,english_natural
Yatra me 197 rs. ka kiraya de diye naqad HDFC Bank se,197,travel,cash,,hdfc,hinglish_natural
abhi IndiGo me 184 rupay ka petrol bharaa naqad yaar,184,travel,cash,,jupiter,hinglish_natural
Goibibo se ride liyaa 29468 rs ka credit card se,29468,travel,card,,,hinglish_natural
Paid ₹348.98 for exam fee via debit card,348.98,education,card,,hdfc,english_natural
bhai BYJU'S ka 277 rupaye card se de diya,277,education,card,,,voice_transcript
BYJU'S 4329 card se,4329,education,card,,,hinglish_natural
Paid Rs.38571 for Amazon Prime via jupiter,38571,entertainment,upi,jupiter,hdfc,english_natural
dentist 4132 Paytm,4132,healthcare,upi,paytm,fi,english_natural
raat ko Faasos ka mangwaya 4928 rs UPI se pay kar diya,4928,food,upi,gpay,,hinglish_natural
"DUNKIN RESTAURANT
Total 494
Cash Received
Change 0.00",494,food,upi,gpay,hdfc,ocr_receipt
dopahar ko Shreya me 24325 rupaye ka udhar return kr diya Slice se matlab,24325,friends,upi,slice,,hinglish_natural
bhai 1mg ka 2212 rupaye Phonepe se de diya,2212,healthcare,upi,phonepe,bob,voice_transcript
NEFT/TRANSFER/RAPIDO/SLICE,72,travel,upi,gpay,slice,english_natural
BookMyShow 4843.63 cash,4843.63,entertainment,cash,,,english_natural
"PIZZA HUT RESTAURANT
Total 38608.71
Cash Received
Change 0.00",38608.71,food,card,,,ocr_receipt
bike loan EMI t83.29 card,83.29,emi,card,,icici,english_natural
Just paid 2542 to Biryani Blues through Gpay,2542,food,upi,gpay,,english_natural
₹3668 paid to Bajaj Finance EMI via Paytm UPI from icici Bank ending 2022,3668,emi,upi,paytm,icici,ocr_upi
433 rupees PPF Paytm,433,investment,upi,paytm,,voice_transcript
4572 ticket book kiyaa Air India pe UPI se pay kiyaa Axis Bank wale account se,4572,travel,upi,gpay,axis,hinglish_natural
FreshMenu 23290 rupaye UPI se,23290,food,upi,bhim,fi,hinglish_natural
Cafe coffee INR 4397,4397,food,upi,cred,hdfc,source_english
i did 161 expense on Vi recharge using Bhim,161,utilities,upi,bhim,,voice_transcript
Used HDFC Bank Mastercard to pay ₹4023.09 for clinic,4023.09,healthcare,card,,hdfc,english_natural
Dominos ka khana khaaya 3891 rupaye UPI se,3891,food,upi,gpay,,hinglish_natural
SonyLIV ₹15472 CRED,15472,entertainment,upi,cred,hdfc,ocr_upi
grocery vegetables milk bread fruits R 3140 paid card,3140,food,card,,,cue_row
86 paise bheje flatmate pe UPI se Bank of Baroda account se,86,friends,upi,paytm,bob,hinglish_natural
"Receipt #8486
McDonald's
Amount Paid: INR 84.51
Mode: CASH",84.51,food,cash,,,ocr_receipt
UPI/61368122/INDIGO/BANK,3092.72,travel,cash,,,english_natural
home loan EMI 1395 rupaiye card se,1395,emi,card,,,hinglish_natural
yaar 2241 rupaiye YouTube Premium card se pay kr diya,2241,entertainment,card,,axis,hinglish_natural
Just paid 180.50 to Lenskart through Visa,180.50,healthcare,card,,,english_natural
school college tuition course books fees ₹4385 GPay,4385,education,upi,gpay,,cue_row
Rs2797.65 charged for Barbeque Nation on card,2797.65,food,card,,icici,english_natural
306 ka HDFC loan bill pay kiya card se,306,emi,card,,,voice_transcript
3926 rs. order kia Croma ko debit card se yaar,3926,shopping,card,,,hinglish_natural
Dominos pe 491 rs ka mangwaya via Jupiter,20997,food,upi,jupiter,,source_hinglish
"BILL
Behrouz
Rs 4887
CARD
Thank You Visit Again",4887,food,card,,,ocr_receipt
Bought broadband for ₹36233 with PayTM,36233,utilities,upi,paytm,,english_natural
yaar Nature's Basket 3742 Jupiter se,3742,food,upi,jupiter,hdfc,hinglish_natural
"Receipt #9078
Reliance Fresh
Amount Paid: Rs 3909.89
Mode: CASH",3909.89,food,cash,,,ocr_receipt
restaurant se khana khaya 17576 rs. ka cash diy,17576,food,cash,,,hinglish_natural
dhaba se khana khya 2638 rupaiye ka via Phone Pe,2638,food,upi,phonepe,,hinglish_natural
office se aate hue flatmate se transfer kr diya 25359 rupaye ka UPI se diyee,25359,friends,upi,fi,hdfc,hinglish_natural
Car loan EMI INR 26884,26884,emi,upi,gpay,,source_english
mutual fund SIP stocks PPF FD investment ₹4439 card,4439,investment,card,,,cue_row
bhai Groww ka 472 rupaye card se de diya,472,investment,card,,,voice_transcript
Spent 493 on Amazon Prime using Visa,493,entertainment,card,,,english_natural
POS/BHARAT PETROLEUM/PHONEPE/9511,1516.18,travel,upi,phonepe,,english_natural
i paid 2982 rupees for BYJU'S using Fi,2982,education,upi,fi,,voice_transcript
maine 316 rupaye Tata Play ko diye Paytm se,316,utilities,upi,paytm,fi,voice_transcript
"friend 49.27 Completed 10Mar 2025,3:31 pm ICICI 8336 UPI transaction ID 88118592063041",49.27,friends,upi,gpay,icici,ocr_upi
abhi dhaba pe 4266 ka khana order kia slice se,4266,food,upi,slice,yes bank,hinglish_natural
dopahar ko FD pe 485 rs. ka invest kiya Slice pe,485,investment,upi,slice,fi,hinglish_natural
split bill 424 cred se Amit ko diya,424,friends,upi,cred,,friends_synthetic
gaming concert event ticket INR 4135 cash,4135,entertainment,cash,,,cue_row
₹47826 to Vikram via SLICE sbi account,47826,friends,upi,slice,sbi,english_natural
TO:MYNTRA myntra.56682@sbibank From:UTSAVJANA (SBI PayTM : user9450@oksbibank,408,shopping,upi,paytm,sbi,ocr_upi
2805 hospital,2805,healthcare,upi,cred,hdfc,english_natural
school fees ka fees bhar diya 3373 haath se de diye bc,3373,education,cash,,,hinglish_natural
2947 mangwaya dhaba pe via Google Pay,2947,food,upi,gpay,,hinglish_natural
i paid 7716 rupees for Ajio using card,7716,shopping,card,,,voice_transcript
₹5134.81 to 1mg via GPay,5134.81,healthcare,upi,gpay,,english_natural
split bill 581 slice se Karan ko diya,581,friends,upi,slice,,friends_synthetic
ghar jaate waqt friend ka dost ko diy 2543 rupaye UPI se,2543,friends,upi,fi,,hinglish_natural
upGrad me 9309 rupaiye ka books lia card se SBI wale account se,9309,education,card,,sbi,hinglish_natural
bhai mutual fund ka 1394 rupaye card se de diya,1394,investment,card,,hdfc,voice_transcript
188 rupees Yatra PayTM hdfc account,188,travel,upi,paytm,hdfc,voice_transcript
aaj 3418 rupees transfer kr diya flatmate ko haath se diye,3418,friends,cash,,,hinglish_natural
398 rs. Paytm Money Phonepe se pay kia,398,investment,upi,phonepe,hdfc,hinglish_natural
Barbeque Nation ka 4245 rupees ka bill cash se pay kiya,4245,food,cash,,,voice_transcript
spent 244 rupees on Coin via Phone Pe,244,investment,upi,phonepe,icici,voice_transcript
auto 23522 card se pay kya,23522,travel,card,,,hinglish_natural
ghar jaate waqt exam fee ka tuition die 223 rupaiye UPI se,34963,education,upi,paytm,,source_hinglish
lab test me 374 rs. ka medicine le liya card se,374,healthcare,card,,,hinglish_natural
PayTM payment Rs1969 Coin Kotak 7561 successful,1969,investment,upi,paytm,kotak,ocr_upi
i paid 222 rupees for dentist using cash,222,healthcare,cash,,,voice_transcript
bike loan EMI se EMI kat gayi 3547 rupees ka debit card se,3547,emi,card,,,hinglish_natural
"CROMA RESTAURANT
Total 802
Cash Received
Change 0.00",802,shopping,upi,phonepe,,ocr_receipt
Dominos mein 36211 lag gaye SLICE se bhara,36211,food,upi,slice,slice,voice_transcript
HDFC loan se installment de diya 25391 rupees ka card se pay kiyaa,25391,emi,card,,,hinglish_natural
JioCinema pe 499 rs ka game liya UPI se diy,499,entertainment,upi,bhim,,hinglish_natural
maine 375 rupaye canteen ko diye cash se,375,food,cash,,,voice_transcript
petrol pump 3174,3174,travel,upi,slice,,english_natural
Payment of Rs 4774 to bike loan EMI was successful via Gpay UPI Ref No 812681793008 axis Account 5113,4774,emi,upi,gpay,axis,ocr_upi
aaj Neha pe 3783 rupaye kharcha hua Google Pay se,3783,friends,upi,gpay,hdfc,voice_transcript
Unacademy ?45338.75 Phone Pe,45338.75,education,upi,phonepe,kotak,ocr_upi
2539 rupaiye order kiyaa Bewakoof ko gpay se pay kya,2539,shopping,upi,gpay,,hinglish_natural
hospital ka checkup karaya 523 ₹ debit card se matlab,523,healthcare,card,,,hinglish_natural
INR 28138.90 paid to MedPlus via phonepe UPI from sbi Bank ending 3598,28138.90,healthcare,upi,phonepe,sbi,ocr_upi
"Chai Point 25 Completed 13Jul 2026,1:56 pm Axis Bank 3721 UPI transaction ID 53123443584981",25,food,upi,cred,axis,ocr_upi
aaj Airtel recharge 227 rupees UPI se,35489,utilities,upi,gpay,,source_hinglish
abhi 434 ₹ invest kya Zerodha ko UPI se pay kia,434,investment,upi,bhim,,hinglish_natural
bhai ka dost ko die 2943 rupaiye Phone Pe se,2943,friends,upi,phonepe,,hinglish_natural
lunch dinner food order swiggy zomato restaurant meal ₹506 cash,506,food,cash,,,cue_row
"Box8 BILL
St: Rs 389.49
Bhim Approved",389.49,food,upi,bhim,hdfc,ocr_receipt
"BILL
water bill
INR 34117
Paytm
Thank You Visit Again",34117,utilities,upi,paytm,canara,ocr_receipt
POS/RAHUL/PAYTM/7791,143.61,friends,upi,paytm,pnb,english_natural
NEFT/TRANSFER/NPS/,331,investment,upi,phonepe,,english_natural
Bajaj Finance EMI pe 300 ₹ ka EMI kat gayi card se,300,emi,card,,,hinglish_natural
2920 rupay flatmate UPI se,2920,friends,upi,phonepe,,hinglish_natural
UPI/14517579/DENTIST/KOTAK,207,healthcare,upi,slice,kotak,english_natural
3703 ka roommate bill pay kiya jupiter se,3703,friends,upi,jupiter,,voice_transcript
Flipkart order INR 33697,33697,shopping,cash,,hdfc,source_english
PPF contribution INR 36799,36799,investment,card,,,source_english
stocks Rs 414 debit card,414,investment,card,,,english_natural
rent maintenance gas connection ?4426 cash,4426,utilities,cash,,,cue_row
bhai EaseMyTrip ka 3669 rupaye phonepe se de diya,3669,travel,upi,phonepe,fi,voice_transcript
4838 Meesho,4838,shopping,cash,,,english_natural
mutual fund SIP stocks PPF FD investment Rs450 slice,450,investment,upi,slice,,cue_row
Restaurant bill INR 24997,24997,food,card,,,source_english
sent money to Amit t14934 on Gpay,14934,friends,upi,gpay,,friends_synthetic
personal loan installment EMI deduction t1751 card,1751,emi,card,,,cue_row
Udemy se tuition diyee 230 rupaye ka card se pay kr diya bohot mehenga,230,education,card,,,hinglish_natural
Snapdeal me 314 rs. ka buy kiya Cred se,22046,shopping,upi,cred,yes bank,source_hinglish
"FirstCry 66 Completed 5Jan 2026,6:38 pm SBI 4854 UPI transaction ID 14106794332",66,shopping,upi,gpay,sbi,ocr_upi
food court pe 159 rupees ka khana khya UPI se,159,food,upi,phonepe,bob,hinglish_natural
Bike loan EMI INR 24571,24571,emi,card,,,source_english
aaj Snapdeal pe 9909 rupaye kharcha hua card se,9909,shopping,card,,,voice_transcript
TO:UNACADEMY unacademy.53850@hdfcbank From:AMITSINGH (HDFC PayTM : sender4562@okhdfcbank,2651,education,upi,paytm,hdfc,ocr_upi
sent INR 44189 to friend on cash split bill UPI,44189,friends,cash,,,cue_row
medical checkup lab test health insurance Rs.4938 Slice,4938,healthcare,upi,slice,,cue_row
abhi 396 ₹ Spotify UPI se de diya,396,entertainment,upi,phonepe,union bank,hinglish_natural
kal Ola 4752 rupees haath se de diye,4752,travel,cash,,,hinglish_natural
coaching pe 4458 rupaiye ka fees bharra UPI se die HDFC wale account se,4458,education,upi,gpay,hdfc,hinglish_natural
UPI/68724353/FLIPKART/BANK,3000,shopping,cash,,,english_natural
paid Amit 479 via Phonepe,479,friends,upi,phonepe,,friends_synthetic
subah 23135 ₹ Lenskart card se,23135,healthcare,card,,,hinglish_natural
"BILL
restaurant
Rs338
Phone Pe
Thank You Visit Again",338,food,upi,phonepe,,ocr_receipt
"Receipt #3067
MedPlus
Amount Paid: Rs92
Mode: CASH",92,healthcare,cash,,,ocr_receipt
1078 rs education loan EMI debit card se achha deal mila,1078,emi,card,,,hinglish_natural
Paid Rs 4738 to Bewakoof Phonepe UPI Yes Bank 6500 Completed,4738,shopping,upi,phonepe,yes bank,ocr_upi
bhai 47440 rupay installment diye home loan EMI pe card se HDFC Bank card se,35906,emi,card,,hdfc,source_hinglish
ghar jaate waqt 3409 rs split kya colleague ko G Pay se icici wale account se bc,3409,friends,upi,gpay,icici,hinglish_natural
office se aate hue 3304 rupay test karaya diagnostic ko fi se,3304,healthcare,upi,fi,,hinglish_natural
"Myntra
Net Amount 28208.90
Paid via paytm",28208.90,shopping,upi,paytm,,ocr_receipt
Ananya ka udhar return kar diya 2992 rs haath se die,2992,friends,cash,,,hinglish_natural
raat ko Blinkit se khana order kiya 18171 rupaye ka paytm se pay kiyaa,18171,food,upi,paytm,,hinglish_natural
bhai dost ko udhar return kiya 2844 rs Paytm se,2844,friends,upi,paytm,,friends_synthetic
Paid market ₹39143 using Mastercard,39143,shopping,card,,,english_natural
Blinkit 2297 Fi Successful SBI 1206,2297,food,upi,fi,sbi,ocr_upi
gaming se movie dekhi 16962 rs ka G Pay se pay kr diya,16962,entertainment,upi,gpay,,hinglish_natural
library 1062 rupaiye cash me Slice se,1062,education,cash,,slice,hinglish_natural
society maintenance R 40495.96 paytm,40495.96,utilities,upi,paytm,slice,english_natural
2918 kiraya de diya Goibibo ko cash diye,2918,travel,cash,,,hinglish_natural
electronics clothes shoes accessories purchase 10967 via card,10967,shopping,card,,,cue_row
spent 457 rupees on tuition via Paytm,457,education,upi,paytm,,voice_transcript
SonyLIV se movie dekhi 2868 rs ka via niyo,2868,entertainment,upi,niyo,,hinglish_natural
Spotify 39784 CRED,39784,entertainment,upi,cred,hdfc,ocr_upi
Paid Rs 417 for Zee5 via Mastercard,417,entertainment,card,,,english_natural
Divya ka 44316 rupees ka bill G Pay se pay kiya,44316,friends,upi,gpay,icici,voice_transcript
Phone Pe payment ₹14280.14 Lenskart PNB 1358 completed,14280.14,shopping,upi,phonepe,pnb,ocr_upi
paid 273 to 1mg through gpay,273,healthcare,upi,gpay,,voice_transcript
435 SonyLIV card se pay kr diya,435,entertainment,card,,,hinglish_natural
spent 35 rupees on college fees via cash,35,education,cash,,,voice_transcript
Paid 2527 for Udemy from my SBI account via credit card,2527,education,card,,sbi,english_natural
Movie ticket booking INR 2852,2852,entertainment,upi,gpay,kotak,source_english
"D EYECHECKUP 41146 Completed 14Feb 2026,6:05 pm kotak Bank 7597 UPI transaction ID 77276905559 TO:EYECHECKUP eye checkup.11462@kotakbank Goog1etransaction lD XYZabc831034 OPI Google Pay",41146,healthcare,upi,gpay,kotak,ocr_upi
mobile recharge Rs49639.09 PhonePe,49639.09,utilities,upi,phonepe,,english_natural
250 rupees KFC UPI se pay kiya bohot mehenga,250,food,upi,gpay,,hinglish_natural
Lenskart payment 357.25 done via cash,357.25,healthcare,cash,,,english_natural
"YOUTUBE PREMIUM
Item 1 220
Item 2 ₹461
Total Rs.32453
CARD",32453,entertainment,card,,,ocr_receipt
"MESS
Item 1 289
Item 2 ₹297
Total Rs 177
CASH",177,food,cash,,,ocr_receipt
"D ROHAN 47276 Completed 17Feb 2026,1:26 pm HDFC Bank 5942 UPI transaction ID 562009832736 TO:ROHAN rohan.58245@hdfcbank Soogletransaction lD CICAgJjg725205 OPI gpay",47276,friends,upi,gpay,hdfc,ocr_upi
tuition 449 rupaiye via Google Pay,449,education,upi,gpay,,hinglish_natural
flight booking travel ticket Rs4133 card,4133,travel,card,,sbi,cue_row
flatmate rent share 318 Slice Rohan,318,friends,upi,slice,,friends_synthetic
1144 Ola,1144,travel,upi,phonepe,,english_natural
AMAZON PRIME INR 424 FI,424,entertainment,card,,fi,english_natural
Neha pe 4002 rupaye ka paise bheje UPI se HDFC se,4002,friends,upi,gpay,hdfc,hinglish_natural
crypto ka SIP bharaa 334 rupaiye PayTM se HDFC wale account se,12211,investment,upi,paytm,hdfc,source_hinglish
spent 264 rupees on BYJU'S via card,264,education,card,,,voice_transcript
gpay payment ?4778 Myntra sbi 6705 done,4778,shopping,upi,gpay,sbi,ocr_upi
Just paid Rs 281.37 to BYJU'S through Visa,281.37,education,card,,,english_natural
Payment of Rs 2736 to RedBus was successful via cred UPI Ref No 5600762282128 State Bank Account 1294,2736,travel,upi,cred,sbi,ocr_upi
Apollo Pharmacy se dawai lya 30865 ka card se,30865,healthcare,card,,,hinglish_natural
abhi Hotstar 298 rupaye cash diyee HDFC Bank se,298,entertainment,cash,,hdfc,hinglish_natural
POS/LENSKART/CRED/8277,1189.95,healthcare,upi,cred,kotak,english_natural
grocery vegetables milk bread fruits Rs.460 paid niyo,460,food,upi,niyo,,cue_row
gaming 76 rs. slice pe,7731,entertainment,upi,slice,,source_hinglish
"D MARKET 842 Completed 10Feb 2026,4:58 pm HDFC Bank 7925 UPI transaction ID 63554690336 TO:MARKET market.83745@hdfcbank Goog1etransaction lD CICAgJjg057197 OPI Bhim",842,shopping,upi,bhim,hdfc,ocr_upi
NEFT/TRANSFER/LAB TEST/STATE BANK,2973.81,healthcare,upi,phonepe,sbi,english_natural
TO:CANTEEN canteen.79278@axisbank From:RAHULKUMAR (axis PhonePe : user8649@okaxisbank,4320,food,upi,phonepe,axis,ocr_upi
maine 170 rupaye EatFit ko diye cash se,170,food,cash,,sbi,voice_transcript
272 ₹ EMI kat gayi personal loan EMI pe credit card se IndusInd se kata,272,emi,card,,indusind,hinglish_natural
Paytm Money mein 41985 lag gaye CRED se bhara,41985,investment,upi,cred,fi,voice_transcript
Bajaj Finance EMI ka 362 rupees ka bill CRED se pay kiya,362,emi,upi,cred,jupiter,voice_transcript
spent 528 rupees on EaseMyTrip via card,528,travel,card,,,voice_transcript
Shreya me 426 rs. ka dost ko de diye via PhonePe sbi se kata matlab,426,friends,upi,phonepe,sbi,hinglish_natural
UPI/61183239/ROHAN/BANK,1670,friends,upi,paytm,,english_natural
split bill 2461 Paytm se roommate ko diya,2461,friends,upi,paytm,,friends_synthetic
concert ka ticket le liya 874 rs. card se pay kiyaa,874,entertainment,card,,slice,hinglish_natural
MedPlus payment ₹40195 done via cash,40195,healthcare,cash,,,english_natural
1483 cash Air India,1483,travel,cash,,,english_natural
Tata CLiQ ka khareed liyaa 3857 rupaye credit card se,3857,shopping,card,,,hinglish_natural
netflix spotify hotstar subscription movie show Rs.188 PayTM,188,entertainment,upi,paytm,,cue_row
Hotel booking INR 20442,20442,travel,card,,,source_english
dopahar ko 3224 rs ticket liya Apple Music ko card se Canara Bank card se,24591,entertainment,card,,canara,source_hinglish
"Receipt #7955
gas bill
Amount Paid: 3736
Mode: cred",3736,utilities,upi,cred,sbi,ocr_receipt
Rs 22621.88 charged for Zerodha on credit card,22621.88,investment,card,,,english_natural
sent money to Neha Rs 3972 on Paytm,3972,friends,upi,paytm,kotak,friends_synthetic
dinner split 15320 rupaye Ananya cred,15320,friends,upi,cred,hdfc,friends_synthetic
today i spent 4476 on bro via cash,4476,friends,cash,,,voice_transcript
coaching 381 Paytm Completed ICICI Bank 8518,381,education,upi,paytm,icici,ocr_upi
Uber ka kiraya de diye 2832 rupay UPI se pay kya,45055,travel,upi,gpay,,source_hinglish
Just paid Rs 807 to Behrouz through credit card,807,food,card,,,english_natural
CCD 48 rs cash diyee,48,food,cash,,,hinglish_natural
mall 428 rupay UPI se diyee,428,shopping,upi,cred,niyo,hinglish_natural
rent pe 275 rupees ka payment kia UPI se diy,37326,utilities,upi,paytm,,source_hinglish
bhai Behrouz ka 371 rupaye Google Pay se de diya,371,food,upi,gpay,,voice_transcript
₹8468.38 paid to coaching via PayTM UPI from sbi Bank ending 6389,8468.38,education,upi,paytm,sbi,ocr_upi
"dhaba
Net Amount 184
Paid via CARD",184,food,card,,,ocr_receipt
"ACT FIBERNET
Item 1 267
Item 2 332
Total Rs 42422
G Pay",42422,utilities,upi,gpay,,ocr_receipt
canteen ka food order kia 3428 Gpay pe,3428,food,upi,gpay,,hinglish_natural
i did 483 expense on gold using Slice,483,investment,upi,slice,,voice_transcript
today i spent 439 on metro via CRED from my Bandhan bank,439,travel,upi,cred,bandhan,voice_transcript
4007 Lenskart,4007,shopping,card,,,english_natural
roommate ka udhar return kiya 1410 rupay via PayTM,1410,friends,upi,paytm,,hinglish_natural
Paid Kuvera Rs 1724.74 using Mastercard,1724.74,investment,card,,,english_natural
"PharmEasy
Net Amount 3111
Paid via paytm",3111,healthcare,upi,paytm,,ocr_receipt
i did 105 expense on personal loan EMI using Slice,105,emi,upi,slice,,voice_transcript
aaj EaseMyTrip pe 318 rupaye kharcha hua cash se,318,travel,cash,,bob,voice_transcript
spent 2899 rupees on Bewakoof via gpay,2899,shopping,upi,gpay,,voice_transcript
aaj bike loan EMI 28524 rs UPI se de diya,28524,emi,upi,phonepe,,hinglish_natural
petrol diesel fuel 3219 at pump card,3219,travel,card,,,cue_row
"ZARA
Item 1 ₹362
Item 2 Rs.98
Total Rs 22.01
G Pay",22.01,shopping,upi,gpay,,ocr_receipt
restaurant 3228 ₹ Google Pay pe,3228,food,upi,gpay,,hinglish_natural
ATM/CASH/YES BANK/4023,4023,education,card,,yes bank,english_natural
Paid t1759 for tuition via credit card,1759,education,card,,,english_natural
mutual fund SIP stocks PPF FD investment ₹4957 card,4957,investment,card,,,cue_row
raat ko 4999 rupaye SIP bharaa Kuvera ko UPI se pay kiyaa,4999,investment,upi,jupiter,,hinglish_natural
spent 3572 rupees on INOX via card,3572,entertainment,card,,idfc,voice_transcript
Payment of Rs 1352 to education loan EMI was successful via PhonePe UPI Ref No 575629433916867 axis Account 1567,1352,emi,upi,phonepe,axis,ocr_upi
breakfast snacks chai coffee Rs.961 Cred,961,food,upi,cred,,cue_row
BYJU'S se admission kar diya 1094 rs. ka via Cred,1094,education,upi,cred,,hinglish_natural
"LAB TEST RESTAURANT
Total 40631
Cash Received
Change 0.00",40631,healthcare,card,,,ocr_receipt
12902 ka Tata Play bill pay kiya card se Fi se kata,12902,utilities,card,,fi,voice_transcript
office se aate hue 24363 rupaye books lya college fees pe debit card se,24363,education,card,,,hinglish_natural
"Lenskart
Net Amount 28062.65
Paid via CASH",28062.65,shopping,cash,,idfc,ocr_receipt
i did 43671 expense on Rohan using Phone Pe,43671,friends,upi,phonepe,,voice_transcript
college fees ka admission kr diya 494 rs. naqad,494,education,cash,,,hinglish_natural
school college tuition course books fees INR 990 card,990,education,card,,,cue_row
Medical test charges INR 14034,14034,healthcare,upi,gpay,,source_english
sent money to yaar Rs.968 on slice,968,friends,upi,slice,,friends_synthetic
Rohan 23303,23303,friends,upi,phonepe,,english_natural
"YOUTUBE PREMIUM RESTAURANT
Total 1750
Cash Received
Change 0.00",1750,entertainment,card,,icici,ocr_receipt
Groww 377 debited from IDFC First,377,investment,card,,idfc,english_natural
Goibibo mein 334 lag gaye cash se bhara,334,travel,cash,,,voice_transcript
PPF contribution INR 41050,41050,investment,upi,gpay,axis,source_english
Gaana pe 1794 rupay ka show dekha naqad slice se kata,1794,entertainment,cash,,slice,hinglish_natural
Vedantu ka course lia 15284 rupees via Paytm,15284,education,upi,paytm,,hinglish_natural
Rohan ka udhar return kiyaa 3394 rs UPI se pay kia matlab,3394,friends,upi,phonepe,jupiter,hinglish_natural
eye checkup se doctor ko diye 2137 ka G Pay pe,2137,healthcare,upi,gpay,,hinglish_natural
Paid INR 18473 to mess Jupiter UPI Kotak 7334 Successful,18473,food,upi,jupiter,kotak,ocr_upi
BigBasket 3265 rupees debit card se,3265,food,card,,niyo,hinglish_natural
breakfast snacks chai coffee 14777 PayTM,14777,food,upi,paytm,,cue_row
"society maintenance BILL
St: Rs264
Google Pay APPROVED",264,utilities,upi,gpay,,ocr_receipt
spent 3912 rupees on Kuvera via card,3912,investment,card,,,voice_transcript
Bharat Petroleum 234,234,travel,cash,,,english_natural
4789 BHIM gas bill,4789,utilities,upi,bhim,,english_natural
SonyLIV 3383 UPI se,3383,entertainment,upi,fi,,hinglish_natural
Hotel booking INR 18691,18691,travel,upi,phonepe,,source_english
water bill 23 Gpay Completed hdfc 9301,23,utilities,upi,gpay,hdfc,ocr_upi
Rapido 294.68 gpay Payment done Kotak Mahindra 6055,294.68,travel,upi,gpay,kotak,ocr_upi
mutual fund ka 4456 rupees ka bill Phone Pe se pay kiya,4456,investment,upi,phonepe,,voice_transcript
spent 1931 rupees on Apollo Pharmacy via cash,1931,healthcare,cash,,,voice_transcript
Rs4748.32 to upGrad via Slice,4748.32,education,upi,slice,,english_natural
rent 433.86 cash,433.86,utilities,cash,,,english_natural
today i spent 155 on hospital via cash from my IDFC First bank,155,healthcare,cash,,idfc,voice_transcript
office se aate hue broadband 527 rupay Gpay se,527,utilities,upi,gpay,sbi,hinglish_natural
Netflix mein 1089 lag gaye card se bhara,1089,entertainment,card,,,voice_transcript
15795 rupay Cleartrip debit card se,15795,travel,card,,fi,hinglish_natural
hospital doctor pharmacy medicine diagnostic ₹18908 Jupiter,18908,healthcare,upi,jupiter,,cue_row
Paid Rs 225 for Croma from my axis account via Mastercard,225,shopping,card,,axis,english_natural
doctor ka medicine liya 3091 ₹ card se pay kr diya,3091,healthcare,card,,,hinglish_natural
2324 rupaiye transfer kar diya colleague pe naqad,2324,friends,cash,,jupiter,hinglish_natural
i did 345 expense on Udemy using cash,345,education,cash,,,voice_transcript
gaming concert event ticket ₹185 card,185,entertainment,card,,,cue_row
"Receipt #8138
KFC
Amount Paid: Rs2990
Mode: Phonepe",2990,food,upi,phonepe,,ocr_receipt
Paid Rs141 for MedPlus from my Axis Bank account via Slice,141,healthcare,upi,slice,axis,english_natural
4220 ka society maintenance bill pay kiya PayTM se,4220,utilities,upi,paytm,,voice_transcript
"TAX INVOICE
Pizza Hut
Grand Total: Rs.88
Payment: Slice",88,food,upi,slice,,ocr_receipt
crypto se stock liya 33111 rupaye ka UPI se Bank of Baroda wale account se,33111,investment,upi,gpay,bob,hinglish_natural
college fees 224 UPI se de diya,224,education,upi,jupiter,,hinglish_natural
34552.95 paid to Indian Oil via GPay UPI from hdfc Bank ending 5343,34552.95,travel,upi,gpay,hdfc,ocr_upi
metro mein 31678 lag gaye cash se bhara,31678,travel,cash,,sbi,voice_transcript
"D STOCKS 7920 Completed 26Mar 2026,9:14 pm State Bank Bank 5512 UPI transaction ID 60483182118148 TO:STOCKS stocks.58865@state bankbank Soogletransaction lD XYZabc879963 OPI cred",7920,investment,upi,cred,sbi,ocr_upi
"SPOTIFY RESTAURANT
Total 887
Cash Received
Change 0.00",887,entertainment,upi,slice,sbi,ocr_receipt
?341 charged for Lenskart on Visa,341,shopping,card,,,english_natural
Used hdfc Phone Pe to pay INR 4798.10 for yaar,4798.10,friends,upi,phonepe,hdfc,english_natural
kal Arjun se paise bheje 17150 rupay ka jupiter se,17150,friends,upi,jupiter,,hinglish_natural
abhi dost ka split kr diya 32 haath se de diya,32,friends,cash,,axis,hinglish_natural
colleague ka dost ko die 9813 ₹ Jupiter se BOB card se,9813,friends,upi,jupiter,bob,hinglish_natural
Payment of Rs.380.15 to Amazon Prime was successful via Google Pay UPI Ref No 87245040941 SBI Account 7116,380.15,entertainment,upi,gpay,sbi,ocr_upi
"D LABTEST 336.27 Completed 26Apr 2026,6:18 pm State Bank Bank 4222 UPI transaction ID 97791782200810 TO:LABTEST lab test.13952@state bankbank Soogletransaction lD XYZabc866906 OPI PayTM",336.27,healthcare,upi,paytm,sbi,ocr_upi
25215 cash Barbeque Nation,25215,food,cash,,,english_natural
stationery 98.18 Mastercard,98.18,education,card,,,english_natural
doctor ₹4197 cash,4197,healthcare,cash,,,english_natural
₹1671 debited from your hdfc account for restaurant (Bhim UPI),1671,food,upi,bhim,hdfc,ocr_upi
maine 20370 rupaye exam fee ko diye card se,20370,education,card,,,voice_transcript
crypto ka SIP bharaa 4897 rupees card se,4897,investment,card,,niyo,hinglish_natural
petrol pump me 38929 rupaye ka ride lia UPI se pay kar diya Federal Bank wale account se,38929,travel,upi,gpay,federal bank,hinglish_natural
1722 Kuvera,1722,investment,upi,gpay,sbi,english_natural
PPF payment Rs26342 done via Visa,26342,investment,card,,,english_natural
IRCTC me 39914 rupees ka kiraya diy UPI se pay kya,39914,travel,upi,phonepe,,hinglish_natural
doctor payment INR 977 done via credit card,977,healthcare,card,,,english_natural
Apple Music ₹208.62 BHIM,208.62,entertainment,upi,bhim,union bank,english_natural
paid 1186 to exam fee through CRED,1186,education,upi,cred,,voice_transcript
2218 rupees YouTube Premium card,2218,entertainment,card,,,voice_transcript
"Gaana
Net Amount 26850.24
Paid via CASH",26850.24,entertainment,cash,,,ocr_receipt
i did 48271 expense on PVR using card,48271,entertainment,card,,,voice_transcript
home loan EMI pe 461 ₹ ka EMI kat gayi card se SLICE se kata,461,emi,card,,slice,hinglish_natural
"H&M 321 Completed 19Aug 2026,9:51 pm YES BANK 7748 UPI transaction ID 004450729629",321,shopping,upi,phonepe,yes bank,ocr_upi
25537 rupaiye bill pay kiyaa Vi recharge pe Jupiter pe Niyo account se,25537,utilities,upi,jupiter,niyo,hinglish_natural
Unacademy 1468,1468,education,card,,,english_natural
home loan car loan credit card EMI monthly 338 autopay card,338,emi,card,,,cue_row
Clothing store bill INR 41776,41776,shopping,card,,,source_english
"Receipt #4721
1mg
Amount Paid: Rs222.59
Mode: CARD",222.59,healthcare,card,,,ocr_receipt
Spent Rs.132 on SBI loan using card,132,emi,card,,sbi,english_natural
3673 rs Paytm Money credit card se bc,3673,investment,card,,,hinglish_natural
1400 ₹ FD card se,1400,investment,card,,icici,hinglish_natural
aaj Shreya ka udhar return kr diya 4705 rupaiye UPI se,4705,friends,upi,phonepe,,hinglish_natural
abhi dost se transfer kiyaa 44449 rs. ka via Slice,44449,friends,upi,slice,,hinglish_natural
flatmate mein 2144 lag gaye Gpay se bhara,2144,friends,upi,gpay,,voice_transcript
Payment of Rs.2874 to crypto was successful via Paytm UPI Ref No 290450573266305 PNB Account 9059,2874,investment,upi,paytm,pnb,ocr_upi
"gas bill
Net Amount 309
Paid via CARD",309,utilities,card,,hdfc,ocr_receipt
328 rs fees bharra college fees ko credit card se BOB card se zyada ho gaya,328,education,card,,bob,hinglish_natural
abhi 456 rupaiye installment de diye education loan EMI pe card se bc,10558,emi,card,,,source_hinglish
bike loan EMI 259 rupaye credit card se,259,emi,card,,,hinglish_natural
office se aate hue Karan ka transfer kiyaa 559 rs. G Pay se pay kiyaa,559,friends,upi,gpay,,hinglish_natural
ATM/CASH/BANK/479.65,479.65,entertainment,cash,,,english_natural
Flight ticket booking INR 46319,46319,travel,upi,paytm,,source_english
MakeMyTrip 217,217,travel,cash,,,english_natural
maine 250 rupaye YouTube Premium ko diye card se,250,entertainment,card,,sbi,voice_transcript
22358.13 Visa restaurant,22358.13,food,card,,icici,english_natural
863 rupaiye bill pay kiyaa Vi recharge pe haath se die,863,utilities,cash,,sbi,hinglish_natural
SBI loan ₹40032 phonepe,40032,emi,upi,phonepe,icici,ocr_upi
medical checkup lab test health insurance Rs.15886 slice,15886,healthcare,upi,slice,,cue_row
abhi 11574 rupaiye EMI kat gayi car loan EMI pe credit card se,11574,emi,card,,,hinglish_natural
BSNL ka payment kar diya 844 rupay UPI se pay kya kotak account se,844,utilities,upi,phonepe,kotak,hinglish_natural
397 ₹ khana khaaya restaurant pe phonepe pe,397,food,upi,phonepe,icici,hinglish_natural
subah 41754 rs. dost ko diyee Divya pe cash me,41754,friends,cash,,,hinglish_natural
226 eye checkup,226,healthcare,upi,phonepe,,english_natural
dopahar ko Paytm Money se paisa daala 1908 rupaye ka card se pay kya,1908,investment,card,,union bank,hinglish_natural
CAR LOAN EMI INR 2649,2649,emi,upi,phonepe,,english_natural
171 paid to gaming via gpay UPI from sbi Bank ending 8457,171,entertainment,upi,gpay,sbi,ocr_upi
grocery vegetables milk bread fruits ?87 paid Bhim,87,food,upi,bhim,,cue_row
paid 70 to stationery through card,70,education,card,,,voice_transcript
Paid ET Money INR 2408 using PhonePe from icici,2408,investment,upi,phonepe,icici,english_natural
flight booking travel ticket 49005 slice,49005,travel,upi,slice,,cue_row
maine 4151 rupaye home loan EMI ko diye card se,4151,emi,card,,sbi,voice_transcript
today i spent 186 on Zee5 via paytm from my Slice bank,186,entertainment,upi,paytm,slice,voice_transcript
dost ka udhar return kiyaa 3039 rupaye via Phonepe,3039,friends,upi,phonepe,fi,hinglish_natural
paytm payment ₹7109.30 JioCinema hdfc 1529 completed,7109.30,entertainment,upi,paytm,hdfc,ocr_upi
flatmate ko 116 transfer kiya BHIM se,116,friends,upi,bhim,,friends_synthetic
flatmate Rs1582 Cred,1582,friends,upi,cred,hdfc,ocr_upi
2273 credit card bike loan EMI,2273,emi,card,,,english_natural
17075 ₹ bill bharaa insurance premium pe UPI se,17075,utilities,upi,phonepe,niyo,hinglish_natural
Rs23594.64 to Apollo Pharmacy via credit card,23594.64,healthcare,card,,,english_natural
Zee5 298 card,298,entertainment,card,,,english_natural
Gaana payment 14444 done via PhonePe,14444,entertainment,upi,phonepe,,english_natural
Snapdeal 1721 credit card se,18454,shopping,card,,icici,source_hinglish
flight booking travel ticket Rs 48890 cash,48890,travel,cash,,,cue_row
Zara Rs 291.91 Jupiter,291.91,shopping,upi,jupiter,,english_natural
ET Money ka stock liyaa 104 rupay debit card se budget tod diya,104,investment,card,,fi,hinglish_natural
sent ?2408 to Ananya on paytm,2408,friends,upi,paytm,yes bank,friends_synthetic
Paid Rs3792.79 to Neha gpay UPI ICICI 5073 Completed,3792.79,friends,upi,gpay,icici,ocr_upi
sent money to bhai ₹4202 on cash,4202,friends,cash,,,friends_synthetic
i paid 4227 rupees for restaurant using GPay,4227,food,upi,gpay,kotak,voice_transcript
Gas bill payment INR 22211,22211,utilities,upi,gpay,icici,source_english
"TAX INVOICE
doctor
Grand Total: Rs.10158
Payment: Paytm",10158,healthcare,upi,paytm,,ocr_receipt
5416 rupaiye YouTube Premium credit card se yaar,5416,entertainment,card,,axis,hinglish_natural
bhai Paytm Money ka 4394 rupaye Google Pay se de diya,4394,investment,upi,gpay,,voice_transcript
breakfast snacks chai coffee Rs 328 card,328,food,card,,icici,cue_row
Goibibo se ticket book kiya 403 rs ka haath se diyee,403,travel,cash,,bandhan,hinglish_natural
raat ko lab test se dawai lia 307 ka card se pay kiyaa,307,healthcare,card,,axis,hinglish_natural
Subway ka 3116 rupees ka bill cash se pay kiya,3116,food,cash,,hdfc,voice_transcript
personal loan installment EMI deduction ₹3608 Cred,3608,emi,upi,cred,kotak,cue_row
"Rohan 293 Completed 15Oct 2026,7:31 pm SBI 6688 UPI transaction ID 769120135834229",293,friends,upi,gpay,sbi,ocr_upi
flatmate rent share 4088 PayTM Rahul,4088,friends,upi,paytm,pnb,friends_synthetic
1990 rupaye recharge kr diya mobile recharge ko SLICE se,1990,utilities,upi,slice,,hinglish_natural
Apollo Pharmacy me 2547 rupay ka test karaya haath se diye sasta tha,2547,healthcare,cash,,,hinglish_natural
Nykaa payment ₹425.65 done via cash,425.65,shopping,cash,,,english_natural
4907 ET Money,4907,investment,card,,,english_natural
home loan car loan credit card EMI monthly R 3485 autopay card,3485,emi,card,,,cue_row
phonepe payment Rs420.67 mall hdfc 4361 successful,420.67,shopping,upi,phonepe,hdfc,ocr_upi
"Vikram 2981 Completed 19Feb 2025,8:05 am HDFC 4153 UPI transaction ID 37900027363793",2981,friends,upi,paytm,hdfc,ocr_upi
sent ₹692 to friend on PhonePe split bill UPI,692,friends,upi,phonepe,,cue_row
12718 to yaar Gpay UPI,12718,friends,upi,gpay,,friends_synthetic
"BILL
market
Rs163
Gpay
Thank You Visit Again",163,shopping,upi,gpay,,ocr_receipt
electronics clothes shoes accessories purchase Rs.4810 via card,4810,shopping,card,,,cue_row
Shreya se split kar diya 3653 rupaiye ka cash me,3653,friends,cash,,,hinglish_natural
TO:COLLEAGUE colleague.52371@icicibank From:AMITSINGH (icici jupiter : user3192@okicicibank,4396,friends,upi,jupiter,icici,ocr_upi
₹4314 charged for dentist on slice,4314,healthcare,upi,slice,,english_natural
₹36051 debited from your Kotak Mahindra account for HDFC loan (gpay UPI),36051,emi,upi,gpay,kotak,ocr_upi
1949 rs MedPlus gpay pe,1949,healthcare,upi,gpay,,hinglish_natural
ATM/CASH/BANK/3019,3019,emi,upi,slice,,english_natural
today i spent 7699 on mutual fund via slice from my Federal Bank bank,7699,investment,upi,slice,federal bank,voice_transcript
"Receipt #8431
Netmeds
Amount Paid: 2974
Mode: CASH",2974,healthcare,cash,,,ocr_receipt
Used Federal Bank GPay to pay Rs 345 for Groww,345,investment,upi,gpay,federal bank,english_natural
4476 rupaiye JioCinema card se pay kiya,4476,entertainment,card,,,hinglish_natural
market ka shopping kiyaa 71 rupaye UPI se pay kar diya,71,shopping,upi,slice,,hinglish_natural
raat ko college fees ka admission kr diya 2845 rupay naqad,2845,education,cash,,pnb,hinglish_natural
abhi Jio recharge me 4550 rupaye ka recharge kya via Phone Pe zyada ho gaya,4550,utilities,upi,phonepe,,hinglish_natural
crypto Rs 1426 credit card,1426,investment,card,,,english_natural
niyo payment Rs.12726.34 Vedantu Punjab National Bank 6757 successful,12726.34,education,upi,niyo,pnb,ocr_upi
kal Bewakoof ka buy kiyaa 34092 rupaye via slice,34092,shopping,upi,slice,,hinglish_natural
Paid concert ₹304.79 using slice from Fi Money,304.79,entertainment,upi,slice,fi,english_natural
Mobile recharge INR 21746,21746,utilities,upi,phonepe,,source_english
bhai se transfer kr diya 4731 rupay ka GPay se pay kiyaa icici se kata sasta tha,4731,friends,upi,gpay,icici,hinglish_natural
INR 345 paid to Priya via Jupiter UPI from Axis Bank ending 8250,345,friends,upi,jupiter,axis,ocr_upi
"BILL
Dominos
36338
CASH
Thank You Visit Again",36338,food,cash,,bandhan,ocr_receipt
electricity water broadband mobile recharge bill 3062 G Pay,3062,utilities,upi,gpay,,cue_row
Paid car loan EMI Rs45429 using cred,45429,emi,upi,cred,,english_natural
9539 rupay concert card se,9539,entertainment,card,,indusind,hinglish_natural
medical checkup lab test health insurance INR 1643 Phonepe,1643,healthcare,upi,phonepe,,cue_row
38208 rupay mangwaya mess ko cash me,38208,food,cash,,,hinglish_natural
maine 386 rupaye Rahul ko diye cash se,386,friends,cash,,,voice_transcript
flight booking travel ticket Rs3542 cash,3542,travel,cash,,,cue_row
dopahar ko 2654 ₹ installment de diye education loan EMI ko card se pay kiyaa,45326,emi,card,,axis,source_hinglish
2961 rupaye broadband niyo pe,2961,utilities,upi,niyo,,hinglish_natural
Zee5 ka 3760 rupees ka bill slice se pay kiya,3760,entertainment,upi,slice,,voice_transcript
₹484.90 charged for Ola on paytm,484.90,travel,upi,paytm,,english_natural
raat ko Barbeque Nation 33217 rupees cash de diye,33217,food,cash,,,hinglish_natural
Bought Amazon Prime for ₹217 with card,217,entertainment,card,,,english_natural
Starbucks 259.21 paytm,259.21,food,upi,paytm,hdfc,english_natural
kal Priya ka transfer kiya 43295 rs Google Pay se,43295,friends,upi,gpay,sbi,hinglish_natural
436.94 Behrouz,436.94,food,upi,paytm,pnb,english_natural
3027.74 books,3027.74,education,cash,,hdfc,english_natural
Paid Practo Rs 24664.43 using Mastercard,24664.43,healthcare,card,,,english_natural
Netmeds se checkup karaya 22950 ka via SLICE,22950,healthcare,upi,slice,,hinglish_natural
ghar jaate waqt roommate 230 rs. paytm se pay kya,230,friends,upi,paytm,,hinglish_natural
1738 rupees Coin paytm se bc,1738,investment,upi,paytm,,hinglish_natural
Angel One pe 224 rs. ka SIP bharaa via Gpay,224,investment,upi,gpay,,hinglish_natural
office se aate hue Vi recharge me 27 rs ka bill bhar diya Jupiter pe,27,utilities,upi,jupiter,,hinglish_natural
dopahar ko crypto pe 483 rupay ka mutual fund kiyaa card se,483,investment,card,,,hinglish_natural
G Pay payment ₹53 Divya hdfc 1733 completed,53,friends,upi,gpay,hdfc,ocr_upi
98 gpay Priya,98,friends,upi,gpay,,english_natural
SBI loan me 20511 rupaye ka EMI kat gayi credit card se,20511,emi,card,,,hinglish_natural
college fees 486 rupees Fi se pay kiyaa,486,education,upi,fi,,hinglish_natural
coaching exam preparation study material Rs.472 Phone Pe,472,education,upi,phonepe,,cue_row
Spotify payment INR 9515.86 done via card,9515.86,entertainment,card,,,english_natural
Cleartrip pe 1241 ka ticket book kiya credit card se zyada ho gaya,1241,travel,card,,,hinglish_natural
FD 2952 rs. card se ICICI se kata,2952,investment,card,,icici,hinglish_natural
dinner split 386 rupaye Amit PayTM,386,friends,upi,paytm,sbi,friends_synthetic
Jio recharge se payment kr diya 465 rs. ka card se pay kr diya sasta tha,465,utilities,card,,,hinglish_natural
Rs.258 debited from your hdfc account for Chai Point (Paytm UPI),258,food,upi,paytm,hdfc,ocr_upi
90 rupees Uber PayTM HDFC Bank account,90,travel,upi,paytm,hdfc,voice_transcript
Uber pe 14041 ₹ ka cab liyaa cash diyee icici se kata,14041,travel,cash,,icici,hinglish_natural
Spent Rs43138 on Pooja using Fi,43138,friends,upi,fi,slice,english_natural
yaar friend ka dost ko diye 14856 ₹ credit card se,14856,friends,card,,bob,hinglish_natural
Paid Coursera Rs 3943 using card,3943,education,card,,,english_natural
i paid 239 rupees for Vedantu using card,239,education,card,,hdfc,voice_transcript
"Receipt #9273
Lenskart
Amount Paid: t1111.44
Mode: CARD",1111.44,shopping,card,,,ocr_receipt
MakeMyTrip ka ride liyaa 2547 rupees card se,2547,travel,card,,,hinglish_natural
Just paid INR 7779 to Bewakoof through slice,7779,shopping,upi,slice,sbi,english_natural
344 rupaiye Swiggy cash diyee,344,food,cash,,,hinglish_natural
home loan car loan credit card EMI monthly Rs42183 autopay card,42183,emi,card,,,cue_row
metro 20502 Visa,20502,travel,card,,,english_natural
flight booking travel ticket INR 350 cash,350,travel,cash,,,cue_row
4848 rupaiye gold PayTM se sasta tha,4848,investment,upi,paytm,,hinglish_natural
mutual fund se stock liyaa 4633 rupay ka phonepe se Axis se,4633,investment,upi,phonepe,axis,hinglish_natural
47381 PharmEasy,47381,healthcare,upi,slice,sbi,english_natural
"MYNTRA RESTAURANT
Total 3742
Cash Received
Change 0.00",3742,shopping,cash,,,ocr_receipt
Chai Point pe 20243 ka mangwaya Paytm se pay kr diya SLICE se,20243,food,upi,paytm,slice,hinglish_natural
i paid 170 rupees for Zee5 using card,170,entertainment,card,,,voice_transcript
today i spent 282 on ET Money via card,282,investment,card,,,voice_transcript
IRCTC se petrol bhra 153 rupaiye ka cash diy,153,travel,cash,,,hinglish_natural
"broadband 38206 Completed 28Dec 2026,3:30 am Kotak Mahindra 1146 UPI transaction ID 83965489433805",38206,utilities,upi,cred,kotak,ocr_upi
personal loan installment EMI deduction R 41292 card,41292,emi,card,,icici,cue_row
maine 38 rupaye flatmate ko diye PhonePe se,38,friends,upi,phonepe,,voice_transcript
aaj personal loan EMI pe 275 rupaye kharcha hua card se,275,emi,card,,,voice_transcript
"NETMEDS
Item 1 Rs.375
Item 2 Rs 422
Total Rs285
CARD",285,healthcare,card,,,ocr_receipt
split bill 1804 Paytm se dost ko diya,1804,friends,upi,paytm,,friends_synthetic
medical checkup lab test health insurance Rs.382 card,382,healthcare,card,,hdfc,cue_row
mutual fund SIP stocks PPF FD investment 28664 Phone Pe,28664,investment,upi,phonepe,,cue_row
mutual fund SIP stocks PPF FD investment Rs.2285 card,2285,investment,card,,,cue_row
paid 1391 to Apple Music through card from SBI,1391,entertainment,card,,sbi,voice_transcript
₹4394 paid to school fees via Google Pay UPI from HDFC Bank ending 1856,4394,education,upi,gpay,hdfc,ocr_upi
stationery me 984 rupaiye ka course le liya card se pay kr diya,984,education,card,,,hinglish_natural
Rs6551 charged for Airtel recharge on card,6551,utilities,card,,,english_natural
"Lenskart
Net Amount 109
Paid via CARD",109,shopping,card,,,ocr_receipt
Bought library for INR 2211 with card,2211,education,card,,,english_natural
colleague ko 381 transfer kiya card se,381,friends,card,,,friends_synthetic
Vi recharge 8892.22 gpay,8892.22,utilities,upi,gpay,,english_natural
"YouTube Premium
Net Amount 229
Paid via CARD",229,entertainment,card,,,ocr_receipt
kal 21 Starbucks haath se diy,21,food,cash,,,hinglish_natural
ghar jaate waqt Bharat Petroleum 1919 ₹ credit card se,1919,travel,card,,,hinglish_natural
Rs.166.97 to broadband via jupiter,166.97,utilities,upi,jupiter,,english_natural
aaj Apple Music pe 23686 rupaye kharcha hua CRED se,23686,entertainment,upi,cred,,voice_transcript
Rs.46247 to bro via G Pay,46247,friends,upi,gpay,,english_natural
"D UDEMY 4532.58 Completed 11Mar 2026,7:54 pm SBI Bank 3703 UPI transaction ID 36602352179 TO:UDEMY udemy.96195@sbibank Soogletransaction lD CICAgJjg828913 OPI Slice",4532.58,education,upi,slice,sbi,ocr_upi
UPI/42874907/NATURE'S BASKET/BANK,206.80,food,upi,phonepe,,english_natural
372 Slice Barbeque Nation,372,food,upi,slice,,english_natural
Paid INR 10627 for Zee5 via credit card,10627,entertainment,card,,,english_natural
maine 164 rupaye concert ko diye PayTM se,164,entertainment,upi,paytm,,voice_transcript
"clinic BILL
St: ?105.92
Fi Money approved",105.92,healthcare,upi,fi,hdfc,ocr_receipt
college fees INR 665.77 debited from jupiter,665.77,education,card,,jupiter,english_natural
Burger King se khana khaya 3737 rupaiye ka card se Bandhan Bank card se,3737,food,card,,bandhan,hinglish_natural
bhai 3838 ₹ fees bhra college fees pe cash diy,3838,education,cash,,,hinglish_natural
TO:SCHOOLFEES schoolfees.99421@icicibankbank From:AMITSINGH (ICICI Bank phonepe : sender2361@okicicibankbank,35537.76,education,upi,phonepe,icici,ocr_upi
Spent INR 762 on lab test using cash,762,healthcare,cash,,canara,english_natural
yaar Groww se invest kar diya 3258 rs. ka card se pay kiya,3258,investment,card,,sbi,hinglish_natural
"D SBILOAN 2396 Completed 22Jan 2026,5:03 pm HDFC Bank 5937 UPI transaction ID 69631555800 TO:SBILOAN sbi loan.75978@hdfcbank Googletransaction lD XYZabc575131 OPI Cred",2396,emi,upi,cred,hdfc,ocr_upi
sent money to Vikram ₹268 on card,268,friends,card,,,friends_synthetic
3679 rupay Bajaj Finance EMI GPay pe,3679,emi,upi,gpay,axis,hinglish_natural
aaj Amazon Prime pe 482 rupaye kharcha hua card se,482,entertainment,card,,,voice_transcript
aaj water bill se payment kr diya 45525 rupay ka cash me,45525,utilities,cash,,hdfc,hinglish_natural
i paid 11420 rupees for SBI loan using card,11420,emi,card,,,voice_transcript
mess 1685 rupay UPI se pay kar diya sasta tha,1685,food,upi,phonepe,,hinglish_natural
insurance premium 482 Paytm Successful HDFC Bank 6378,482,utilities,upi,paytm,hdfc,ocr_upi
paid 134 to bike loan EMI through card,134,emi,card,,,voice_transcript
1133 rupees Vi recharge card,1133,utilities,card,,,voice_transcript
bhai Ananya ka 24 rupaye cash se de diya,24,friends,cash,,,voice_transcript
3055.74 HP Petrol,3055.74,travel,card,,,english_natural
maine 26679 rupaye Udemy ko diye card se,26679,education,card,,,voice_transcript
Used jupiter cash to pay ₹4529 for Bharat Petroleum,4529,travel,cash,,jupiter,english_natural
3824 rupees paisa daala FD ko card se pay kr diya achha deal mila,3824,investment,card,,,hinglish_natural
Gaana se show dekha 3200 ₹ ka naqad,3200,entertainment,cash,,,hinglish_natural
paid 26147 to crypto through GPay from HDFC Bank,26147,investment,upi,gpay,hdfc,voice_transcript
coaching exam preparation study material ₹268 cash,268,education,cash,,,cue_row
Bought MakeMyTrip for 3486 with Mastercard,3486,travel,card,,,english_natural
JioMart se food order kya 1011 rupaiye ka haath se diye,1011,food,cash,,hdfc,hinglish_natural
i did 1529 expense on college fees using Phonepe,1529,education,upi,phonepe,niyo,voice_transcript
4407 ka Snapdeal bill pay kiya card se ICICI se kata,4407,shopping,card,,icici,voice_transcript
TO:PETROLPUMP petrolpump.47895@hdfcbankbank From:AMITSINGH (HDFC Bank SLICE : sender6218@okhdfcbankbank,32405,travel,upi,slice,hdfc,ocr_upi
"BILL
Dominos
423
CASH
Thank You Visit Again",423,food,cash,,,ocr_receipt
UPI/00965327/GOLD/BANK,20762,investment,card,,,english_natural
today i spent 40235 on clinic via PayTM from my Jupiter bank,40235,healthcare,upi,paytm,jupiter,voice_transcript
"LAB TEST
Item 1 Rs 329
Item 2 229
Total 3362
Phonepe",3362,healthcare,upi,phonepe,,ocr_receipt
doctor ₹1691 Gpay,1691,healthcare,upi,gpay,icici,english_natural
Paid ₹452.18 for IndiGo via GPay,452.18,travel,upi,gpay,,english_natural
DishTV se bill bhra 48596 rupees ka CRED pe kotak wale account se,48596,utilities,upi,cred,kotak,hinglish_natural
"Amazon 28131 Completed 22Oct 2025,8:13 am ICICI 1858 UPI transaction ID 52892570267218",28131,shopping,upi,phonepe,icici,ocr_upi
TO:MEESHO meesho.66203@statebankbank From:RAHULKUMAR (State Bank G Pay : user1430@okstatebankbank,23118,shopping,upi,gpay,sbi,ocr_upi
Rapido se ride lia 288 ₹ ka haath se die,288,travel,cash,,,hinglish_natural
paid Shreya Rs4308 via cash,4308,friends,cash,,,friends_synthetic
yaar Nykaa 1606 UPI se,1606,shopping,upi,gpay,icici,hinglish_natural
TO:CHAIPOINT chaipoint.46243@hdfcbank From:UTSAVJANA (HDFC cred : user1879@okhdfcbank,4475.24,food,upi,cred,hdfc,ocr_upi
Paid 25098 to Reliance Fresh PhonePe UPI Kotak 6899 Completed,25098,food,upi,phonepe,kotak,ocr_upi
Jio recharge 28003 credit card se,28003,utilities,card,,,hinglish_natural
personal loan installment EMI deduction Rs.4289 card,4289,emi,card,,,cue_row
grocery vegetables milk bread fruits ₹4020 paid cash,4020,food,cash,,,cue_row
1371 ₹ Yatra UPI se die,1371,travel,upi,cred,,hinglish_natural
today i spent 3521 on clinic via cash,3521,healthcare,cash,,,voice_transcript
"Snapdeal
Net Amount 69
Paid via CASH",69,shopping,cash,,,ocr_receipt
INR 247 to JioCinema via Gpay,247,entertainment,upi,gpay,,english_natural
office se aate hue 1mg ka doctor ko diyee 217 rupaiye card se pay kr diya Bank of Baroda se,1,healthcare,card,,bob,hinglish_natural
Yatra ka 142 rupees ka bill card se pay kiya,142,travel,card,,,voice_transcript
maine 21282 rupaye Lenskart ko diye card se,21282,shopping,card,,,voice_transcript
aaj electronics store pe 32 rupaye kharcha hua card se,32,shopping,card,,,voice_transcript
home loan car loan credit card EMI monthly 4720 autopay card,4720,emi,card,,,cue_row
Spent INR 1093 on Lenskart using cred,1093,healthcare,upi,cred,,english_natural
POS/SCHOOL FEES/CREDIT CARD/2880,1720.53,education,card,,sbi,english_natural
electricity water broadband mobile recharge bill ₹84 Gpay,84,utilities,upi,gpay,,cue_row
i did 9503 expense on Coin using card,9503,investment,card,,,voice_transcript
spent 1432 rupees on Tata CLiQ via slice,1432,shopping,upi,slice,,voice_transcript
"BILL
lab test
?89.96
jupiter
Thank You Visit Again",89.96,healthcare,upi,jupiter,,ocr_receipt
sent Rs 1415 to Shreya on GPay,1415,friends,upi,gpay,,friends_synthetic
Ananya ka udhar return kr diya 472 cash me,472,friends,cash,,,hinglish_natural
Netflix subscription INR 27752,27752,entertainment,card,,,source_english
sent INR 1066 to Arjun on cash,1066,friends,cash,,,friends_synthetic
4299 rupees doctor naqad,4299,healthcare,cash,,,hinglish_natural
yaar KFC se khana khaaya 4199 rupees ka via GPay,4199,food,upi,gpay,sbi,hinglish_natural
maine 6082 rupaye EaseMyTrip ko diye card se,6082,travel,card,,,voice_transcript
"PVR BILL
St: R 37039
CASH Approved",37039,entertainment,cash,,icici,ocr_receipt
394 debited from your Kotak account for SIP (PhonePe UPI),394,investment,upi,phonepe,kotak,ocr_upi
HP Petrol 25705 rupaiye paytm se,25705,travel,upi,paytm,,hinglish_natural
Lenskart me 2825 rs. ka test karaya UPI se,39512,healthcare,upi,paytm,,source_hinglish
Payment of Rs.1030.31 to upGrad was successful via gpay UPI Ref No 56515822309476 sbi Account 4541,1030.31,education,upi,gpay,sbi,ocr_upi
aaj Zepto pe 43730 rupaye kharcha hua card se,43730,food,card,,,voice_transcript
1982.42 stationery,1982.42,education,card,,,english_natural
dost yaar ko 617 rupaye Paytm se bheje,617,friends,upi,paytm,,friends_synthetic
4195 ₹ medicine lia eye checkup ko CRED se pay kia,4195,healthcare,upi,cred,axis,hinglish_natural
Shreya 1539 rupees haath se diy yaar,1539,friends,cash,,hdfc,hinglish_natural
EaseMyTrip ka ticket book kar diya 26526 rs. debit card se,26526,travel,card,,,hinglish_natural
462 rs. tuition de diya BYJU'S ko card se,462,education,card,,hdfc,hinglish_natural
2963 ₹ HP Petrol phonepe se pay kia,2963,travel,upi,phonepe,pnb,hinglish_natural
₹706 charged for BookMyShow on Google Pay,706,entertainment,upi,gpay,,english_natural
"FIRSTCRY
Item 1 ₹246
Item 2 Rs333
Total Rs.3664.68
CARD",3664.68,shopping,card,,axis,ocr_receipt
dopahar ko 626 Subway UPI se diye,626,food,upi,slice,,hinglish_natural
Spotify ka movie dekhi 2722 rupaye UPI se de diye,2722,entertainment,upi,cred,,hinglish_natural
education loan EMI ₹1185 Paytm,1185,emi,upi,paytm,canara,ocr_upi
dost Priya ko 1976 rupaye card se bheje,1976,friends,card,,,friends_synthetic
Swiggy se food order kar diya 45855 rupees ka haath se de diya,45855,food,cash,,,hinglish_natural
bhai SIP se SIP bhara 29297 ₹ ka credit card se SLICE wale account se,29297,investment,card,,slice,hinglish_natural
39622 rupees payment kr diya Airtel recharge pe via Paytm,39622,utilities,upi,paytm,kotak,hinglish_natural
Rapido pe 481 rs ka ride lia haath se de diye,481,travel,cash,,hdfc,hinglish_natural
Paid Rs4303 for Apple Music via Mastercard,4303,entertainment,card,,niyo,english_natural
Bought bro for INR 300.61 with Paytm,300.61,friends,upi,paytm,,english_natural
INOX ka ticket le liya 457 rupaiye debit card se,457,entertainment,card,,,hinglish_natural
dopahar ko 384 rs. saman lia Croma ko Jupiter se pay kar diya,384,shopping,upi,jupiter,,hinglish_natural
concert me 410 ₹ ka show dekha cash me,410,entertainment,cash,,,hinglish_natural
i paid 207 rupees for electricity bill using CRED,207,utilities,upi,cred,,voice_transcript
lunch dinner food order swiggy zomato restaurant meal Rs 124 Google Pay,124,food,upi,gpay,,cue_row
379 rupees credit card EMI Paytm se pay kar diya budget tod diya,1351,emi,upi,paytm,,source_hinglish
books se books liya 253 rs. ka GPay se pay kiyaa slice card se,253,education,upi,gpay,slice,hinglish_natural
ghar jaate waqt rent pe 2054 rupees ka payment kya UPI se diy,2054,utilities,upi,paytm,union bank,hinglish_natural
PVR ₹37343 cred,37343,entertainment,upi,cred,,english_natural
roommate ko 439 transfer kiya cash se,439,friends,cash,,,friends_synthetic
uber ola cab ride airport train ticket INR 269 cash,269,travel,cash,,,cue_row
car loan EMI ₹663 Google Pay,663,emi,upi,gpay,kotak,ocr_upi
Used Axis PhonePe to pay ₹283.58 for clinic,283.58,healthcare,upi,phonepe,axis,english_natural
dopahar ko 16655 rupaiye Uber card se pay kya bhai,16655,travel,card,,,hinglish_natural
home loan EMI pe 3435 rupees ka loan payment kia debit card se SBI se kata bc,3435,emi,card,,sbi,hinglish_natural
Rs 393 debited from your hdfc account for HDFC loan (Slice UPI),393,emi,upi,slice,hdfc,ocr_upi
Spent ₹47 on books using Visa,47,education,card,,jupiter,english_natural
sent money to Rohan Rs4891 on Cred,4891,friends,upi,cred,,friends_synthetic
diagnostic 368.07 Visa,368.07,healthcare,card,,,english_natural
TO:EASEMYTRIP easemytrip.20559@sbibank From:AMITSINGH (sbi Bhim : user5624@oksbibank,305,travel,upi,bhim,sbi,ocr_upi
45876 rupees INOX cred,45876,entertainment,upi,cred,,voice_transcript
"TATA CLIQ
Item 1 Rs293
Item 2 Rs 374
Total 1255
CASH",1255,shopping,cash,,,ocr_receipt
67 PayTM society maintenance,67,utilities,upi,paytm,idfc,english_natural
2136 ka Bharat Petroleum bill pay kiya cash se,2136,travel,cash,,,voice_transcript
College fees payment INR 48851,48851,education,card,,,source_english
323 rupaiye loan payment kiya personal loan EMI pe UPI se hdfc account se,323,emi,upi,phonepe,hdfc,hinglish_natural
Ola 3081 rupaiye card se,3081,travel,card,,,hinglish_natural
office se aate hue 493 rupees admission kiya coaching ko UPI se de diya,493,education,upi,slice,,hinglish_natural
netflix spotify hotstar subscription movie show ₹21217 bhim,21217,entertainment,upi,bhim,,cue_row
₹41128.32 paid to canteen via gpay from kotak,41128.32,food,upi,gpay,kotak,english_natural
Zee5 mein 4161 lag gaye card se bhara,4161,entertainment,card,,,voice_transcript
1201 rs invest kar diya ET Money pe credit card se,1201,investment,card,,fi,hinglish_natural
Payment of 27112.93 to home loan EMI was successful via Google Pay UPI Ref No 24429515384 HDFC Account 5285,27112.93,emi,upi,gpay,hdfc,ocr_upi
i did 34305 expense on rickshaw using card,34305,travel,card,,,voice_transcript
dopahar ko tuition pe 1215 rs. ka fees bhar diya UPI se,1215,education,upi,slice,jupiter,hinglish_natural
"water bill BILL
St: Rs.42097
fi APPROVED",42097,utilities,upi,fi,,ocr_receipt
Arjun ka udhar return kiya 15603 UPI se,15603,friends,upi,phonepe,,hinglish_natural
Groww ka SIP bhara 300 rupees via Slice,300,investment,upi,slice,,hinglish_natural
DMart ka 41513 rupees ka bill cash se pay kiya,41513,food,cash,,hdfc,voice_transcript
electronics store me 3541 rupees ka order kia card se,3541,shopping,card,,sbi,hinglish_natural
9772 rupaiye bill pay kr diya DishTV ko Phonepe se pay kr diya,9772,utilities,upi,phonepe,,hinglish_natural
4032 ka tuition bill pay kiya Cred se,4032,education,upi,cred,,voice_transcript
Burger King 111 rupaiye UPI se die,111,food,upi,niyo,,hinglish_natural
personal loan EMI t357 Mastercard,357,emi,card,,sbi,english_natural
bhai Neha ka 1640 rupaye G Pay se de diya,1640,friends,upi,gpay,indusind,voice_transcript
Paid Rs 1552 for stationery from my Fi account via credit card,1552,education,card,,fi,english_natural
218 rupay gas bill UPI se,218,utilities,upi,fi,bob,hinglish_natural
ghar jaate waqt dentist 294 rupees UPI se diye Niyo wale account se,294,healthcare,upi,fi,niyo,hinglish_natural
personal loan EMI mein 676 lag gaye card se bhara,676,emi,card,,slice,voice_transcript
260 rupay Bharat Petroleum via BHIM,260,travel,upi,bhim,fi,hinglish_natural
29861 rs canteen bhim pe,29861,food,upi,bhim,hdfc,hinglish_natural
453 rupees Priya CRED,453,friends,upi,cred,,voice_transcript
flatmate rent share 368 phonepe flatmate,368,friends,upi,phonepe,,friends_synthetic
ATM/CASH/HDFC/4288.76,4288.76,healthcare,upi,gpay,hdfc,english_natural
Slice payment ₹1884.21 dost Punjab National Bank 2098 successful,1884.21,friends,upi,slice,pnb,ocr_upi
abhi 1mg pe 21668 rupees ka doctor ko diye credit card se,1,healthcare,card,,sbi,hinglish_natural
bhai 1770 rs lab test card se zyada ho gaya,1770,healthcare,card,,,hinglish_natural
coaching exam preparation study material R 2444 card,2444,education,card,,,cue_row
Just paid ₹291 to Arjun through PhonePe,291,friends,upi,phonepe,,english_natural
Angel One se SIP bharra 3949 rs. ka card se,3949,investment,card,,,hinglish_natural
spent 462 rupees on Gaana via SLICE,462,entertainment,upi,slice,,voice_transcript
Myntra 35525 rupay card se pay kia,35525,shopping,card,,,hinglish_natural
Paid ₹32903.01 to Zara paytm UPI PNB 9133 Completed,32903.01,shopping,upi,paytm,pnb,ocr_upi
88 rupees restaurant PayTM,88,food,upi,paytm,,voice_transcript
32435 crypto card se pay kya,32435,investment,card,,icici,hinglish_natural
crypto gold bonds NPS portfolio Rs148 GPay,148,investment,upi,gpay,,cue_row
medical checkup lab test health insurance ₹2763 card,2763,healthcare,card,,,cue_row
bhai Burger King pe 113 rupaiye ka kha liya UPI se pay kar diya,113,food,upi,paytm,,hinglish_natural
"RENT RESTAURANT
Total 1200.69
Cash Received
Change 0.00",1200.69,utilities,cash,,,ocr_receipt
"PRACTO
Item 1 INR 198
Item 2 471
Total 244
Gpay",244,healthcare,upi,gpay,icici,ocr_receipt
Croma se saman liya 31032 rs ka UPI se pay kiya,35043,shopping,upi,slice,,source_hinglish
ATM/CASH/BANK/376,376,entertainment,card,,,english_natural
paid 114 to PVR through card from Fi Money,114,entertainment,card,,fi,voice_transcript
home loan car loan credit card EMI monthly Rs35293 autopay card,35293,emi,card,,yes bank,cue_row
Rs.13088 charged for Swiggy on debit card,13088,food,card,,sbi,english_natural
personal loan EMI 3474.58,3474.58,emi,card,,,english_natural
maine 16908 rupaye Chai Point ko diye GPay se,16908,food,upi,gpay,,voice_transcript
"BSNL BILL
St: INR 219
bhim Approved",219,utilities,upi,bhim,,ocr_receipt
Ananya mein 434 lag gaye PayTM se bhara,434,friends,upi,paytm,niyo,voice_transcript
office se aate hue car loan EMI me 17610 rs ka loan payment kya debit card se,17610,emi,card,,,hinglish_natural
personal loan installment EMI deduction Rs2519 card,2519,emi,card,,,cue_row
bhai FD 300 rs. bhim se,40197,investment,upi,bhim,,source_hinglish
home loan car loan credit card EMI monthly Rs1272 autopay card,1272,emi,card,,axis,cue_row
bhim payment 12029 BYJU'S SBI 5637 done,12029,education,upi,bhim,sbi,ocr_upi
hospital se test karaya 2425 ka via Cred achha deal mila,2425,healthcare,upi,cred,,hinglish_natural
personal loan installment EMI deduction Rs.26474 card,26474,emi,card,,,cue_row
DishTV me 860 rupees ka bill pay kia cash de diya,860,utilities,cash,,,hinglish_natural
470 ka Paytm Money bill pay kiya card se,470,investment,card,,,voice_transcript
2479 society maintenance,2479,utilities,upi,paytm,niyo,english_natural
i paid 220 rupees for JioMart using Gpay,220,food,upi,gpay,,voice_transcript
Payment of 44386 to Goibibo was successful via PhonePe UPI Ref No 1219244633 hdfc Account 1468,44386,travel,upi,phonepe,hdfc,ocr_upi
raat ko mobile recharge pe 3242 rupay ka recharge kar diya NIYO se pay kia,22313,utilities,upi,niyo,,source_hinglish
lunch dinner food order swiggy zomato restaurant meal ₹283 gpay,283,food,upi,gpay,,cue_row
31144 stock liya Zerodha pe credit card se,31144,investment,card,,,hinglish_natural
spent 474 rupees on credit card EMI via card,474,emi,card,,fi,voice_transcript
dost dost ko 256 rupaye Paytm se bheje,256,friends,upi,paytm,,friends_synthetic
Phonepe payment INR 47182 gaming Bank of Baroda 3220 completed,47182,entertainment,upi,phonepe,bob,ocr_upi
Gaana ka 36838 rupees ka bill card se pay kiya,36838,entertainment,card,,,voice_transcript
amazon flipkart myntra online shopping order t311 PhonePe,311,shopping,upi,phonepe,,cue_row
aaj Netmeds pe 260 rupaye kharcha hua Gpay se,260,healthcare,upi,gpay,,voice_transcript
Just paid Rs 2572 to water bill through Niyo,2572,utilities,upi,niyo,icici,english_natural
dopahar ko 2982 rupees bike loan EMI jupiter pe,2982,emi,upi,jupiter,,hinglish_natural
netflix spotify hotstar subscription movie show Rs.37530 card,37530,entertainment,card,,,cue_row
maine 2475 rupaye FirstCry ko diye card se,2475,shopping,card,,,voice_transcript
Netflix 323 rupaiye card se pay kiyaa,323,entertainment,card,,axis,hinglish_natural
"GAANA
Item 1 Rs.466
Item 2 281
Total 2206
CARD",2206,entertainment,card,,,ocr_receipt
paid Rohan Rs.484 via Jupiter,484,friends,upi,jupiter,,friends_synthetic
books payment 21289.59 done via PayTM,21289.59,education,upi,paytm,,english_natural
dopahar ko friend 4120 rupees CRED se pay kiyaa,4120,friends,upi,cred,,hinglish_natural
Paid R 2109 to college fees Phonepe UPI State Bank 7048 Done,2109,education,upi,phonepe,sbi,ocr_upi
BIKE LOAN EMI INR 3450 SBI,3450,emi,card,,sbi,english_natural
2453 debited from your SBI account for stocks (Niyo UPI),2453,investment,upi,niyo,sbi,ocr_upi
i paid 71 rupees for gas bill using CRED,71,utilities,upi,cred,federal bank,voice_transcript
today i spent 100 on Karan via phonepe,100,friends,upi,phonepe,,voice_transcript
497 rs khana kha liya Subway pe card se pay kiyaa,18590,food,card,,,source_hinglish
grocery vegetables milk bread fruits 150 paid GPay,150,food,upi,gpay,hdfc,cue_row
bhai Tata Play me 911 rs. ka recharge kiya UPI se pay kya,911,utilities,upi,gpay,kotak,hinglish_natural
Apollo Pharmacy 29569 phonepe,29569,healthcare,upi,phonepe,,english_natural
sent Rs 196 to flatmate on cash,196,friends,cash,,,friends_synthetic
Pizza Hut ka mangwaya 381 rupaiye debit card se,381,food,card,,,hinglish_natural
8157 rupees colleague jupiter Union Bank account,8157,friends,upi,jupiter,union bank,voice_transcript
2041 rupees Ananya phonepe,2041,friends,upi,phonepe,,voice_transcript
abhi 1475 Divya UPI se budget tod diya,1475,friends,upi,gpay,slice,hinglish_natural
1888 rupaye Practo via Google Pay,1888,healthcare,upi,gpay,yes bank,hinglish_natural
abhi Jio recharge me 2785 rs ka bill bharra PayTM se,2785,utilities,upi,paytm,,hinglish_natural
Rs359 charged for Haldirams on cash,359,food,cash,,rbl,english_natural
Spent Rs 595 on flatmate using CRED,595,friends,upi,cred,,english_natural
Payment of INR 2942 to Nykaa was successful via phonepe UPI Ref No 62026138672 Punjab National Bank Account 9113,2942,shopping,upi,phonepe,pnb,ocr_upi
paid 2225 to Barbeque Nation through cash from HDFC Bank,2225,food,cash,,hdfc,voice_transcript
3114.88 Gpay metro,3114.88,travel,upi,gpay,sbi,english_natural
water bill pe 361 rupaye ka bill bharaa phonepe se,361,utilities,upi,phonepe,,hinglish_natural
POS/UBER/CREDIT CARD/4885,4493.93,travel,card,,,english_natural
659 ka education loan EMI bill pay kiya Bhim se,659,emi,upi,bhim,,voice_transcript
abhi Zee5 ka game liya 4690 rs card se,5,entertainment,card,,sbi,hinglish_natural
Clothing store bill INR 33641,33641,shopping,upi,jupiter,,source_english
subah PharmEasy 877 UPI se pay kia,877,healthcare,upi,paytm,,hinglish_natural
crypto 421 rs. phonepe se pay kya bohot mehenga,421,investment,upi,phonepe,,hinglish_natural
23077 rs. bill bharra ACT Fibernet pe UPI se pay kar diya,23077,utilities,upi,gpay,,hinglish_natural
amazon flipkart myntra online shopping order 108 Phonepe,108,shopping,upi,phonepe,,cue_row
aaj BYJU'S pe 995 rupaye kharcha hua Jupiter se,995,education,upi,jupiter,yes bank,voice_transcript
ET Money 10214,10214,investment,upi,paytm,,english_natural
INR 2444 to Priya cash UPI,2444,friends,cash,,hdfc,friends_synthetic
Zee5 INR 11502 debited from Fi,11502,entertainment,upi,bhim,fi,english_natural
office se aate hue 2752 ₹ invest kiyaa gold ko G Pay se pay kr diya,2752,investment,upi,gpay,,hinglish_natural
529 rupees Subway cash de diya,529,food,cash,,hdfc,hinglish_natural
subah Ola ka ride liya 4319 ₹ debit card se,4319,travel,card,,,hinglish_natural
30000.65 Phonepe INOX,30000.65,entertainment,upi,phonepe,,english_natural
abhi Barbeque Nation 118 rupaiye gpay se pay kya,118,food,upi,gpay,,hinglish_natural
crypto ka stock liyaa 14077 rs. Gpay se pay kr diya yaar,14077,investment,upi,gpay,,hinglish_natural
MedPlus pe 34814 rupay ka checkup karaya slice pe,34814,healthcare,upi,slice,,hinglish_natural
PPF ka mutual fund kiya 36512 rupaiye UPI se diy,36512,investment,upi,gpay,,hinglish_natural
₹492 to school fees via Visa Axis account,492,education,card,,axis,english_natural
3582 ₹ cafe naqad,3582,food,cash,,fi,hinglish_natural
Behrouz 2665 ₹ UPI se de diye,2665,food,upi,phonepe,,hinglish_natural
257 rupees BYJU'S cash Axis account,257,education,cash,,axis,voice_transcript
2152 HDFC loan,2152,emi,card,,,english_natural
Paid car loan EMI Rs.3881.10 using Phone Pe from HDFC Bank,3881.10,emi,upi,phonepe,hdfc,english_natural
bhai bhai ko udhar return kiya 4293 rs card se,4293,friends,card,,,friends_synthetic
TO:ZEPTO zepto.86796@statebankbank From:AMITSINGH (State Bank jupiter : user6909@okstatebankbank,4442.03,food,upi,jupiter,sbi,ocr_upi
278 rupay course le liya books ko Fi pe,40804,education,upi,fi,,source_hinglish
grocery vegetables milk bread fruits ?4709 paid cash,4709,food,cash,,,cue_row
broadband ka bill bhara 82 rupaye card se pay kiya,29591,utilities,card,,,source_hinglish
netflix spotify hotstar subscription movie show ₹1995 CRED,1995,entertainment,upi,cred,,cue_row
GPay payment R 2122.93 DishTV Kotak Mahindra 7040 done,2122.93,utilities,upi,gpay,kotak,ocr_upi
"APOLLO PHARMACY RESTAURANT
Total 36592
Cash Received
Change 0.00",36592,healthcare,upi,phonepe,,ocr_receipt
"TAX INVOICE
Chai Point
Grand Total: t122
Payment: CASH",122,food,cash,,sbi,ocr_receipt
Angel One 34229 IDFC,34229,investment,card,,idfc,english_natural
rent maintenance gas connection ₹75 cash,75,utilities,cash,,sbi,cue_row
sent money to Karan Rs 2471 on Gpay,2471,friends,upi,gpay,,friends_synthetic
4062 books le liya upGrad ko card se kotak se kata,4062,education,card,,kotak,hinglish_natural
Spent Rs 445 on education loan EMI using card,445,emi,card,,,english_natural
Payment of ₹1099 to Apollo Pharmacy was successful via GPay UPI Ref No 67207591445661 Axis Account 1500,1099,healthcare,upi,gpay,axis,ocr_upi
ghar jaate waqt FD ka mutual fund kar diya 27396 rupees via Niyo,27396,investment,upi,niyo,,hinglish_natural
INR 1735 to Rahul cash UPI,1735,friends,cash,,,friends_synthetic
dost bhai ko 21378 rupaye Bhim se bheje,21378,friends,upi,bhim,icici,friends_synthetic
college fees ka fees bhar diya 2211 rs. UPI se,2211,education,upi,bhim,,hinglish_natural
electronics clothes shoes accessories purchase 5605 via GPay,5605,shopping,upi,gpay,,cue_row
Rs.464 paid to Reliance Fresh via Phone Pe UPI from HDFC Bank Bank ending 1526,464,food,upi,phonepe,hdfc,ocr_upi
Paid t14709.10 for restaurant from my jupiter account via PhonePe,14709.10,food,upi,phonepe,jupiter,english_natural
Paid t85 for exam fee via card,85,education,card,,,english_natural
ghar jaate waqt 442 ₹ buy kya market pe card se pay kr diya,442,shopping,card,,hdfc,hinglish_natural
dost roommate ko 3086 rupaye GPay se bheje,3086,friends,upi,gpay,,friends_synthetic
Zomato ka kha liya 240 UPI se pay kia,240,food,upi,slice,,hinglish_natural
Paid Rs.500 for Vikram via paytm,500,friends,upi,paytm,,english_natural
NEFT/TRANSFER/POOJA/,126.46,friends,upi,gpay,,english_natural
IndiGo 3925 rupay naqad,3925,travel,cash,,,hinglish_natural
rent maintenance gas connection 3935 CRED,3935,utilities,upi,cred,hdfc,cue_row
3991 ₹ PPF card se pay kiyaa,3991,investment,card,,canara,hinglish_natural
spent 10582 rupees on diagnostic via card,10582,healthcare,card,,,voice_transcript
aaj roommate 16651 ₹ credit card se,16651,friends,card,,,hinglish_natural
1793 cash concert,1793,entertainment,cash,,,english_natural
Ajio 46290,46290,shopping,card,,,english_natural
Myntra ka order kiya 5826 ₹ debit card se,5826,shopping,card,,,hinglish_natural
3586 Google Pay Reliance Digital,3586,shopping,upi,gpay,pnb,english_natural
aaj Pizza Hut pe 2923 rupaye kharcha hua NIYO se,2923,food,upi,niyo,icici,voice_transcript
4694 rupees ride le liya auto pe naqad,4694,travel,cash,,,hinglish_natural
434 rs. car loan EMI phonepe se,24926,emi,upi,phonepe,,source_hinglish
i did 154 expense on bhai using Phone Pe,154,friends,upi,phonepe,pnb,voice_transcript
"HALDIRAMS RESTAURANT
Total 41786
Cash Received
Change 0.00",41786,food,card,,hdfc,ocr_receipt
3862 rupay game liyaa Netflix pe credit card se NIYO se kata,3862,entertainment,card,,niyo,hinglish_natural
122 Meesho card se,122,shopping,card,,,hinglish_natural
Udemy 2227 rupay credit card se,2227,education,card,,,hinglish_natural
Just paid ₹526.20 to Practo through Mastercard,526.20,healthcare,card,,,english_natural
Rs 188 debited from your hdfc account for Goibibo (Cred UPI),188,travel,upi,cred,hdfc,ocr_upi
education loan EMI ka installment diyee 31452 rupees card se pay kia,31452,emi,card,,,hinglish_natural
₹923.09 charged for RedBus on cash,923.09,travel,cash,,,english_natural
Meesho 248 credit card se,248,shopping,card,,,hinglish_natural
Jio recharge pe 5870 rupaiye ka bill bhara bhim pe Kotak Mahindra account se,5870,utilities,upi,bhim,kotak,hinglish_natural
aaj Bewakoof pe 2301 rupaye kharcha hua card se,2301,shopping,card,,,voice_transcript
171 rupees Zerodha card,171,investment,card,,,voice_transcript
"SNAPDEAL
Item 1 ₹283
Item 2 167
Total Rs24555
CARD",24555,shopping,card,,,ocr_receipt
3930 rupaiye mangwaya EatFit pe UPI se diye,3930,food,upi,jupiter,hdfc,hinglish_natural
Paid Meesho Rs 3702 using paytm,3702,shopping,upi,paytm,,english_natural
abhi Airtel recharge ka bill bhra 25153 rupees Phone Pe se,25153,utilities,upi,phonepe,,hinglish_natural
11055 rupaye bill bhra mobile recharge ko credit card se,11055,utilities,card,,,hinglish_natural
gaming concert event ticket ₹341 card,341,entertainment,card,,,cue_row
2103 to roommate via Cred,2103,friends,upi,cred,,english_natural
diagnostic ka checkup karaya 4525 rs PhonePe pe IDFC account se,4525,healthcare,upi,phonepe,idfc,hinglish_natural
bike loan EMI 336 niyo,336,emi,upi,niyo,sbi,ocr_upi
?3750.61 debited from your State Bank account for IRCTC (paytm UPI),3750.61,travel,upi,paytm,sbi,ocr_upi
gaming concert event ticket INR 365 Phonepe,365,entertainment,upi,phonepe,,cue_row
amazon flipkart myntra online shopping order Rs.964 card,964,shopping,card,,,cue_row
Home loan EMI INR 45753,45753,emi,upi,phonepe,,source_english
SIP ka 22955 rupees ka bill card se pay kiya,22955,investment,card,,,voice_transcript
credit card EMI mein 3772 lag gaye card se bhara,3772,emi,card,,hdfc,voice_transcript
943 rupees SBI loan NIYO ICICI account,943,emi,upi,niyo,icici,voice_transcript
Paid clinic INR 1433.06 using cash,1433.06,healthcare,cash,,,english_natural
"JioCinema
Net Amount 138.00
Paid via CASH",138.00,entertainment,cash,,icici,ocr_receipt
paid Priya ₹1305 via gpay,1305,friends,upi,gpay,,friends_synthetic
coaching pe 3469 ka tuition diyee debit card se,3469,education,card,,,hinglish_natural
"D SCHOOLFEES 105 Completed 27Apr 2026,5:19 pm ICICI Bank 9325 UPI transaction ID 991627765029425 TO:SCHOOLFEES school fees.18182@icicibank Soogletransaction lD CICAgJjg915353 OPI PhonePe",105,education,upi,phonepe,icici,ocr_upi
bhai 21015 EMI kat gayi home loan EMI ko debit card se sasta tha,21015,emi,card,,,hinglish_natural
Hospital bill INR 13118,13118,healthcare,upi,paytm,axis,source_english
"SOCIETY MAINTENANCE
Item 1 ₹79
Item 2 ₹149
Total Rs.39185
Bhim",39185,utilities,upi,bhim,,ocr_receipt
Paid Rs 1993.54 to rent phonepe UPI Union Bank 5241 Done,1993.54,utilities,upi,phonepe,union bank,ocr_upi
"gas bill
Net Amount 467
Paid via PayTM",467,utilities,upi,paytm,axis,ocr_receipt
4905.55 credit card Ola,4905.55,travel,card,,,english_natural
personal loan installment EMI deduction 12546 PayTM,12546,emi,upi,paytm,,cue_row
home loan car loan credit card EMI monthly R 447 autopay card,447,emi,card,,hdfc,cue_row
market ka 16344 rupees ka bill Phonepe se pay kiya,16344,shopping,upi,phonepe,,voice_transcript
dinner split 3783 rupaye bro slice,3783,friends,upi,slice,,friends_synthetic
3013 ka gas bill bill pay kiya Phonepe se kotak se kata,3013,utilities,upi,phonepe,kotak,voice_transcript
Vikram mein 2635 lag gaye paytm se bhara,2635,friends,upi,paytm,,voice_transcript
gaming concert event ticket ?25 card,25,entertainment,card,,hdfc,cue_row
home loan EMI ka loan payment kar diya 4350 ₹ UPI se pay kar diya,4350,emi,upi,paytm,axis,hinglish_natural
NEFT/TRANSFER/HOME LOAN EMI/,30864,emi,upi,phonepe,,english_natural
"RENT RESTAURANT
Total 3759.90
Cash Received
Change 0.00",3759.90,utilities,cash,,,ocr_receipt
Fixed deposit investment INR 20093,20093,investment,upi,bhim,,source_english
1588 rupay recharge kia gas bill ko naqad,1588,utilities,cash,,,hinglish_natural
Bought Shreya for ₹40038 with GPay,40038,friends,upi,gpay,sbi,english_natural
Gaana me 166 rupaye ka subscription renew kya via SLICE budget tod diya,166,entertainment,upi,slice,,hinglish_natural
yaar Indian Oil 492 ₹ naqad ICICI se kata,492,travel,cash,,icici,hinglish_natural
ET Money pe 3351 rs. ka invest kya card se jupiter se,3351,investment,card,,jupiter,hinglish_natural
dost Priya ko 55 rupaye GPay se bheje,55,friends,upi,gpay,,friends_synthetic
raat ko 2106 rupaiye Biryani Blues paytm se,2106,food,upi,paytm,icici,hinglish_natural
coaching exam preparation study material Rs41280 cash,41280,education,cash,,,cue_row
Paid 655 for bhai via cash,655,friends,cash,,,english_natural
flatmate rent share 2464 G Pay bro,2464,friends,upi,gpay,,friends_synthetic
dopahar ko INOX 385 rupaiye Google Pay se pay kya,385,entertainment,upi,gpay,,hinglish_natural
kal 45252 Jio recharge Phonepe se,45252,utilities,upi,phonepe,,hinglish_natural
today i spent 2194 on coaching via card,2194,education,card,,,voice_transcript
"EYE CHECKUP RESTAURANT
Total 1541.25
Cash Received
Change 0.00",1541.25,healthcare,card,,canara,ocr_receipt
paid 1135 to Barbeque Nation through paytm,1135,food,upi,paytm,,voice_transcript
flight booking travel ticket Rs.3612 card,3612,travel,card,,,cue_row
market 385 card,385,shopping,card,,axis,english_natural
Used HDFC Bank Google Pay to pay ₹3768 for JioMart,3768,food,upi,gpay,hdfc,english_natural
"PPF 497 Completed 10Jan 2026,12:51 pm sbi 4264 UPI transaction ID 71027049396411",497,investment,upi,phonepe,sbi,ocr_upi
Lenskart ?311 debit card,311,healthcare,card,,,english_natural
school fees ka course liyaa 245 ₹ debit card se,245,education,card,,,hinglish_natural
ATM/CASH/BANK/2517,2517,entertainment,upi,gpay,,english_natural
442 to Ananya Phonepe UPI,442,friends,upi,phonepe,sbi,friends_synthetic
2728 ka mess bill pay kiya cash se Slice se kata,2728,food,cash,,slice,voice_transcript
sent money to Shreya Rs.1790 on cash,1790,friends,cash,,,friends_synthetic
3928 rupees HDFC loan card jupiter account,3928,emi,card,,jupiter,voice_transcript
Vikram 4948 gpay,4948,friends,upi,gpay,sbi,ocr_upi
Payment of t4308 to stocks was successful via Gpay UPI Ref No 088290311860 State Bank Account 7156,4308,investment,upi,gpay,sbi,ocr_upi
dinner split 235 rupaye Neha phonepe,235,friends,upi,phonepe,,friends_synthetic
Bajaj Finance EMI 1834 rupay PhonePe se pay kya HDFC wale account se,1834,emi,upi,phonepe,hdfc,hinglish_natural
"APOLLO PHARMACY
Item 1 INR 115
Item 2 ₹323
Total Rs 29464.90
Slice",29464.90,healthcare,upi,slice,,ocr_receipt
Ola 419 rupay card se pay kar diya,419,travel,card,,icici,hinglish_natural
Gaana Rs.460 debited from Yes Bank,460,entertainment,card,,yes bank,english_natural
credit card EMI ka EMI kat gayi 49630 rupaiye credit card se State Bank account se,49630,emi,card,,sbi,hinglish_natural
HDFC loan me 384 ka EMI kat gayi card se pay kiyaa,384,emi,card,,,hinglish_natural
split bill 107 Phone Pe se bro ko diya,107,friends,upi,phonepe,,friends_synthetic
Payment of 1475 to stationery was successful via Paytm UPI Ref No 39772518833895 Axis Bank Account 7980,1475,education,upi,paytm,axis,ocr_upi
aaj INOX pe 305 rupaye kharcha hua card se,305,entertainment,card,,,voice_transcript
"BURGER KING RESTAURANT
Total 409.69
Cash Received
Change 0.00",409.69,food,upi,paytm,,ocr_receipt
"gas bill 4904.99 Completed 27Jan 2025,7:11 pm HDFC Bank 5895 UPI transaction ID 9466605068",4904.99,utilities,upi,phonepe,hdfc,ocr_upi
dinner split 19569 rupaye bhai cred,19569,friends,upi,cred,,friends_synthetic
SIP 30453 PhonePe,30453,investment,upi,phonepe,pnb,english_natural
109 rupaiye Nykaa BHIM pe,109,shopping,upi,bhim,hdfc,hinglish_natural
29284 ₹ books lia stationery ko card se pay kr diya,29284,education,card,,,hinglish_natural
Used icici G Pay to pay INR 16661.84 for clinic,16661.84,healthcare,upi,gpay,icici,english_natural
Airtel recharge 4615.59 Visa,4615.59,utilities,card,,,english_natural
paid 33162 to Vi recharge through Phonepe from Jupiter,33162,utilities,upi,phonepe,jupiter,voice_transcript
"TAX INVOICE
Bewakoof
Grand Total: 143.47
Payment: paytm",143.47,shopping,upi,paytm,sbi,ocr_receipt
dhaba 55 rs via Paytm,55,food,upi,paytm,,hinglish_natural
SpiceJet 231 gpay Payment done SBI 1288,231,travel,upi,gpay,sbi,ocr_upi
213.66 Haldirams,213.66,food,cash,,pnb,english_natural
G Pay payment INR 3718.40 Karan Axis Bank 6685 done,3718.40,friends,upi,gpay,axis,ocr_upi
bhai Lenskart ka 1466 rupaye card se de diya,1466,healthcare,card,,,voice_transcript
Vi recharge 19710 rs. via paytm,19710,utilities,upi,paytm,,hinglish_natural
yaar ka udhar return kiyaa 394 rupaye GPay se pay kr diya,394,friends,upi,gpay,,hinglish_natural
583 rupees Flipkart UPI se,44040,shopping,upi,jupiter,,source_hinglish
abhi H&M pe 1043 ₹ ka saman lia card se,1043,shopping,card,,,hinglish_natural
₹23 paid to JioMart via Fi Money UPI from ICICI Bank ending 7508,23,food,upi,fi,icici,ocr_upi
bhai Spotify 492 rupaye naqad,492,entertainment,cash,,icici,hinglish_natural
₹4747.49 to SIP via PayTM Axis account,4747.49,investment,upi,paytm,axis,english_natural
Just paid t25317.07 to Airtel recharge through G Pay,25317.07,utilities,upi,gpay,,english_natural
today i spent 169 on Bharat Petroleum via cash from my Jupiter bank,169,travel,cash,,jupiter,voice_transcript
SIP ka invest kia 2918 rupaiye gpay se pay kiyaa,33976,investment,upi,gpay,,source_hinglish
abhi personal loan EMI ka installment die 132 rupaye credit card se,132,emi,card,,indusind,hinglish_natural
sent Rs.4772 to friend on jupiter split bill UPI,4772,friends,upi,jupiter,sbi,cue_row
aaj library 27054 rupay card se pay kar diya YES BANK se kata,27054,education,card,,yes bank,hinglish_natural
"Receipt #6517
Hotstar
Amount Paid: Rs 37478
Mode: CARD",37478,entertainment,card,,sbi,ocr_receipt
FreshMenu 2901.25,2901.25,food,cash,,,english_natural
Paid R 4498.23 to BSNL gpay UPI IndusInd 3719 Completed,4498.23,utilities,upi,gpay,indusind,ocr_upi
gaming ka subscription renew kr diya 349 rs. debit card se HDFC se kata,349,entertainment,card,,hdfc,hinglish_natural
"Apple Music BILL
St: ?15131
CARD approved",15131,entertainment,card,,,ocr_receipt
ghar jaate waqt EatFit ka mangwaya 19671 rs BHIM pe,46891,food,upi,bhim,,source_hinglish
INR 33298.21 debited from your Axis Bank account for NPS (Paytm UPI),33298.21,investment,upi,paytm,axis,ocr_upi
Paid Rs21538.05 for rickshaw from my PNB account via cash,21538.05,travel,cash,,pnb,english_natural
aaj Hotstar pe 10446 rupaye kharcha hua card se,10446,entertainment,card,,,voice_transcript
lunch dinner food order swiggy zomato restaurant meal 17024 Google Pay,17024,food,upi,gpay,,cue_row
Library fee INR 25353,25353,education,upi,slice,,source_english
bhai Jio recharge se recharge kiyaa 490 rs ka via BHIM,490,utilities,upi,bhim,sbi,hinglish_natural
upGrad 3281 IDFC,3281,education,upi,cred,idfc,english_natural
18064 ₹ invest kiyaa crypto pe via GPay axis se kata,18064,investment,upi,gpay,axis,hinglish_natural
dinner split 176 rupaye yaar cred,176,friends,upi,cred,icici,friends_synthetic
paid dost 226 via cash,226,friends,cash,,sbi,friends_synthetic
Paid Rs 2973 for dentist via credit card,2973,healthcare,card,,,english_natural
coaching exam preparation study material Rs 5823 cash,5823,education,cash,,,cue_row
library pe 2957 rupees ka fees bhara card se,2957,education,card,,,hinglish_natural
KFC me 35046 ka food order kiyaa UPI se pay kiya,35046,food,upi,paytm,,hinglish_natural
12232 stock le liya PPF pe card se,12232,investment,card,,,hinglish_natural
Rs3636 charged for Arjun on gpay,3636,friends,upi,gpay,,english_natural
Indian Oil pe 205 rupaiye ka ride liyaa haath se de diye sbi account se,205,travel,cash,,sbi,hinglish_natural
INR 2412 paid to SBI loan via Phone Pe UPI from ICICI Bank Bank ending 9446,2412,emi,upi,phonepe,icici,ocr_upi
44901 ka JioCinema bill pay kiya Paytm se,44901,entertainment,upi,paytm,,voice_transcript
"Receipt #8437
Nykaa
Amount Paid: INR 2553.59
Mode: CARD",2553.59,shopping,card,,icici,ocr_receipt
NEFT/TRANSFER/ANGEL ONE/JUPITER,46764,investment,card,,jupiter,english_natural
yaar ka udhar return kar diya 102 rupees debit card se,102,friends,card,,,hinglish_natural
Just paid Rs17744.64 to gold through Gpay,17744.64,investment,upi,gpay,,english_natural
grocery vegetables milk bread fruits Rs44966 paid card,44966,food,card,,,cue_row
netflix spotify hotstar subscription movie show Rs 1441 card,1441,entertainment,card,,hdfc,cue_row
Paid ₹219.15 for credit card EMI via Visa,219.15,emi,card,,,english_natural
"BigBasket BILL
St: t4335
cred APPROVED",4335,food,upi,cred,axis,ocr_receipt
877 ₹ paisa daala Kuvera pe debit card se,877,investment,card,,,hinglish_natural
yaar Amazon ka order kr diya 29324 rupees debit card se,29324,shopping,card,,,hinglish_natural
36784.61 cash Vedantu,36784.61,education,cash,,sbi,english_natural
breakfast snacks chai coffee Rs 3332 cash,3332,food,cash,,idfc,cue_row
"EYE CHECKUP RESTAURANT
Total 196.52
Cash Received
Change 0.00",196.52,healthcare,cash,,,ocr_receipt
bhai PPF ka 195 rupaye card se de diya,195,investment,card,,indusind,voice_transcript
INR 8027 charged for Meesho on debit card,8027,shopping,card,,slice,english_natural
Faasos 270.85 Jupiter,270.85,food,upi,jupiter,hdfc,ocr_upi
Paid 2204 for flatmate from my hdfc account via Google Pay,2204,friends,upi,gpay,hdfc,english_natural
bhai home loan EMI ka 42604 rupaye card se de diya,42604,emi,card,,jupiter,voice_transcript
flatmate rent share 379 SLICE flatmate,379,friends,upi,slice,,friends_synthetic
2576 rs bill pay kiya electricity bill pe Jupiter se pay kiyaa,2576,utilities,upi,jupiter,,hinglish_natural
Netmeds 1022.97,1022.97,healthcare,upi,gpay,,english_natural
bhai pe 49165 rupaye ka transfer kiyaa Slice se pay kiyaa,49165,friends,upi,slice,,hinglish_natural
Angel One ka invest kar diya 3907 ₹ UPI se zyada ho gaya,3907,investment,upi,phonepe,sbi,hinglish_natural
23813 rupaiye SIP bhara mutual fund pe UPI se diyee NIYO account se,23813,investment,upi,gpay,niyo,hinglish_natural
199 rickshaw,199,travel,cash,,fi,english_natural
paid back friend lent money Rs.1337 cred,1337,friends,upi,cred,hdfc,cue_row
paid Arjun Rs.11837 via Paytm,11837,friends,upi,paytm,,friends_synthetic
education loan EMI se installment diyee 29363 rupaiye ka CRED se,29363,emi,upi,cred,,hinglish_natural
Paid Rs.373 for Rohan via slice,373,friends,upi,slice,union bank,english_natural
"CONCERT
Item 1 57
Item 2 INR 412
Total Rs 374
CASH",374,entertainment,cash,,,ocr_receipt
hospital doctor pharmacy medicine diagnostic Rs 2183 cash,2183,healthcare,cash,,,cue_row
Paid Rs.3968 for Rohan from my axis account via cash,3968,friends,cash,,axis,english_natural
bhai Bharat Petroleum ka 2354 rupaye cash se de diya,2354,travel,cash,,,voice_transcript
paid 109 to Gaana through card,109,entertainment,card,,,voice_transcript
Spent t38885 on SBI loan using debit card,38885,emi,card,,,english_natural
Haldirams 298 ₹ cash die HDFC se,298,food,cash,,hdfc,hinglish_natural
yaar Tata CLiQ pe 1686 rupaiye ka buy kr diya credit card se,1686,shopping,card,,,hinglish_natural
subah SonyLIV ka game le liya 1803 rs card se,1803,entertainment,card,,,hinglish_natural
2050 rupaiye dost ko diy Pooja pe UPI se Kotak account se bohot mehenga,2050,friends,upi,phonepe,kotak,hinglish_natural
"Barbeque Nation BILL
St: Rs 2375
SLICE APPROVED",2375,food,upi,slice,,ocr_receipt
"hospital
Net Amount 348.44
Paid via Google Pay",348.44,healthcare,upi,gpay,,ocr_receipt
Bought flatmate for Rs 2693.89 with bhim,2693.89,friends,upi,bhim,fi,english_natural
"BILL
INOX
1134
paytm
Thank You Visit Again",1134,entertainment,upi,paytm,,ocr_receipt
clinic se checkup karaya 47143 rupees ka via PayTM,47143,healthcare,upi,paytm,hdfc,hinglish_natural
Payment of Rs40627 to school fees was successful via Google Pay UPI Ref No 923212430258 HDFC Bank Account 5338,40627,education,upi,gpay,hdfc,ocr_upi
H&M 26940 rs via phonepe,26940,shopping,upi,phonepe,,hinglish_natural
bhai insurance premium ka bill pay kia 5777 niyo se pay kiyaa,5777,utilities,upi,niyo,,hinglish_natural
gold 143 rupaye phonepe se axis wale account se,143,investment,upi,phonepe,axis,hinglish_natural
3917 Mastercard FirstCry,3917,shopping,card,,hdfc,english_natural
"LENSKART RESTAURANT
Total 4654
Cash Received
Change 0.00",4654,shopping,upi,gpay,,ocr_receipt
personal loan EMI ₹3121.47 debited from Bank of Baroda,3121.47,emi,card,,bob,english_natural
37007 rupay payment kiya society maintenance ko UPI se die Fi Money wale account se,37007,utilities,upi,gpay,fi,hinglish_natural
Rs2933 to Shreya via Phonepe,2933,friends,upi,phonepe,,english_natural
POS/EASEMYTRIP/PHONEPE/4167,2364,travel,upi,phonepe,,english_natural
DishTV 213 gpay,213,utilities,upi,gpay,,english_natural
BIKE LOAN EMI INR 1703 SBI,1703,emi,card,,sbi,english_natural
Spent ₹392.50 on insurance premium using Phonepe,392.50,utilities,upi,phonepe,axis,english_natural
"JIOCINEMA
Item 1 352
Item 2 Rs.203
Total INR 6954
Google Pay",6954,entertainment,upi,gpay,,ocr_receipt
IRCTC se petrol bharra 295 rs ka card se pay kiyaa,20442,travel,card,,,source_hinglish
Croma pe 23869 rupaye ka shopping kr diya cash diyee bhai,23869,shopping,cash,,,hinglish_natural
"D AIRTELRECHARGE 184.59 Completed 1Apr 2026,8:12 pm icici Bank 4936 UPI transaction ID 846775760188 TO:AIRTELRECHARGE airtel recharge.63369@icicibank Goog1etransaction lD XYZabc265150 OPI Gpay",184.59,utilities,upi,gpay,icici,ocr_upi
sent money to Divya Rs.17145 on cred,17145,friends,upi,cred,,friends_synthetic
electricity water broadband mobile recharge bill Rs.27 Jupiter,27,utilities,upi,jupiter,,cue_row
Paid ₹268.44 to EaseMyTrip slice UPI SBI 7725 Done,268.44,travel,upi,slice,sbi,ocr_upi
paid Arjun Rs.15585 via Phone Pe,15585,friends,upi,phonepe,,friends_synthetic
394 personal loan EMI credit card se,394,emi,card,,,hinglish_natural
"Receipt #3807
mobile recharge
Amount Paid: ₹48134
Mode: G Pay",48134,utilities,upi,gpay,hdfc,ocr_receipt
"D NETFLIX 3639.70 Completed 21Apr 2026,12:04 pm SBI Bank 8351 UPI transaction ID 3277606395136 TO:NETFLIX netflix.83050@sbibank Goog1etransaction lD CICAgJjg574169 OPI phonepe",3639.70,entertainment,upi,phonepe,sbi,ocr_upi
Nature's Basket me 38167 rupaiye ka mangwaya UPI se Slice se kata,38167,food,upi,bhim,slice,hinglish_natural
i did 1213 expense on Bewakoof using card,1213,shopping,card,,,voice_transcript
home loan EMI mein 13193 lag gaye card se bhara,13193,emi,card,,,voice_transcript
paid 23856 to Bewakoof through card,23856,shopping,card,,,voice_transcript
dinner split 2641 rupaye bhai slice,2641,friends,upi,slice,,friends_synthetic
Apollo Pharmacy 47794 rs UPI se,47794,healthcare,upi,slice,,hinglish_natural
"D NPS 310 Completed 11Jan 2026,6:05 pm PNB Bank 1818 UPI transaction ID 28660099974 TO:NPS nps.85739@pnbbank Googletransaction lD CICAgJjg715903 OPI jupiter",310,investment,upi,jupiter,pnb,ocr_upi
Bus ticket INR 20930,20930,travel,upi,bhim,bandhan,source_english
Lenskart 2640 rs GPay se ICICI se kata,2640,shopping,upi,gpay,icici,hinglish_natural
Paid ₹69 for PPF via paytm,69,investment,upi,paytm,,english_natural
friend 4820 PayTM se,4820,friends,upi,paytm,,hinglish_natural
raat ko 47 rupay game lia concert pe PhonePe pe,47,entertainment,upi,phonepe,,hinglish_natural
"MCDONALD'S
Item 1 ?309
Item 2 Rs.119
Total Rs.132
phonepe",132,food,upi,phonepe,,ocr_receipt
paid 26631 to Subway through cash from sbi,26631,food,cash,,sbi,voice_transcript
Paid R 287 for Meesho via Mastercard,287,shopping,card,,icici,english_natural
broadband payment Rs.2627 done via Mastercard,2627,utilities,card,,idfc,english_natural
i did 30597 expense on Divya using GPay,30597,friends,upi,gpay,,voice_transcript
medical checkup lab test health insurance 4725 cash,4725,healthcare,cash,,,cue_row
TO:HOTSTAR hotstar.67228@statebankbank From:PRIYASHARMA (State Bank bhim : user5504@okstatebankbank,2842.74,entertainment,upi,bhim,sbi,ocr_upi
i paid 4446 rupees for Unacademy using card,4446,education,card,,,voice_transcript
"Dominos BILL
St: 22303.49
G Pay APPROVED",22303.49,food,upi,gpay,hdfc,ocr_receipt
office se aate hue society maintenance ka bill bhra 64 rs card se pay kar diya,64,utilities,card,,sbi,hinglish_natural
"Snapdeal 2391 Completed 4Nov 2026,9:49 pm hdfc 8828 UPI transaction ID 53175040937",2391,shopping,upi,phonepe,hdfc,ocr_upi
Coin se stock lya 3667 rupay ka via Phonepe,3667,investment,upi,phonepe,fi,hinglish_natural
195 Coursera,195,education,upi,paytm,jupiter,english_natural
?17727 to yaar PhonePe UPI,17727,friends,upi,phonepe,,friends_synthetic
₹20340.50 to car loan EMI via Visa,20340.50,emi,card,,,english_natural
INOX 4081 rupaye debit card se,4081,entertainment,card,,,hinglish_natural
cafe ka khana order kya 4367 ₹ debit card se,931,food,card,,,source_hinglish
Niyo payment Rs.2832.24 books hdfc 2585 done,2832.24,education,upi,niyo,hdfc,ocr_upi
440 Bharat Petroleum,440,travel,cash,,,english_natural
Apple Music 2289 rupees credit card se,2289,entertainment,card,,,hinglish_natural
SonyLIV se movie dekhi 3497 rs. ka card se pay kiya,3497,entertainment,card,,,hinglish_natural
"Barbeque Nation 912.58 Completed 17Jul 2025,8:03 am sbi 4872 UPI transaction ID 67707941428",912.58,food,upi,gpay,sbi,ocr_upi
19368 rupaiye crypto via GPay,19368,investment,upi,gpay,sbi,hinglish_natural
PPF se mutual fund kiyaa 1083 rupaye ka paytm se pay kya,1083,investment,upi,paytm,,hinglish_natural
kal 4422 rs kha liya CCD ko gpay pe,4422,food,upi,gpay,hdfc,hinglish_natural
spent 27902 rupees on gold via slice,27902,investment,upi,slice,,voice_transcript
Rs.1763.22 to Flipkart via cash Axis account,1763.22,shopping,cash,,axis,english_natural
bhai stocks ka 3383 rupaye Niyo se de diya,3383,investment,upi,niyo,,voice_transcript
"gold 2001 Completed 4Jul 2026,6:04 am Punjab National Bank 1358 UPI transaction ID 40238789303",2001,investment,upi,paytm,pnb,ocr_upi
Spent INR 450 on books using Mastercard,450,education,card,,,english_natural
tuition se fees bharaa 18194 ₹ ka card se,18194,education,card,,,hinglish_natural
NEFT/TRANSFER/CHAI POINT/ICICI,30020,food,cash,,icici,english_natural
car loan EMI se EMI bhar diya 2485 ₹ ka card se,2485,emi,card,,axis,hinglish_natural
kal 2874 Ananya SLICE se,2874,friends,upi,slice,,hinglish_natural
maine 1914 rupaye crypto ko diye card se,1914,investment,card,,,voice_transcript
kal PharmEasy me 4905 ka medicine lia card se matlab,4905,healthcare,card,,,hinglish_natural
coaching exam preparation study material ₹296 card,296,education,card,,,cue_row
maine 4798 rupaye library ko diye cash se,4798,education,cash,,,voice_transcript
petrol pump ka ride lya 135 ₹ debit card se,135,travel,card,,axis,hinglish_natural
UPI/17146147/ACT FIBERNET/SBI,37628,utilities,upi,paytm,sbi,english_natural
home loan car loan credit card EMI monthly ₹27546 autopay Google Pay,27546,emi,upi,gpay,,cue_row
Paid 3125 for PVR from my Axis account via card,3125,entertainment,card,,axis,english_natural
i paid 143 rupees for college fees using cash,143,education,cash,,,voice_transcript
15042 rupees split kia bro ko cash me,15042,friends,cash,,niyo,hinglish_natural
Netflix 27751,27751,entertainment,upi,gpay,,english_natural
hospital doctor pharmacy medicine diagnostic ₹521 card,521,healthcare,card,,,cue_row
"PIZZA HUT
Item 1 274
Item 2 ₹211
Total Rs 192.22
PhonePe",192.22,food,upi,phonepe,icici,ocr_receipt
Doctor consultation INR 19941,19941,healthcare,cash,,,source_english
credit card EMI ka installment die 226 rupay card se pay kya SBI se kata bhai,226,emi,card,,sbi,hinglish_natural
Paytm Money ka paisa daala 152 rs UPI se pay kiya yaar,152,investment,upi,gpay,,hinglish_natural
Paid Rs.326.43 for Flipkart from my Kotak Mahindra account via credit card,326.43,shopping,card,,kotak,english_natural
"D LENSKART 1618.74 Completed 15Mar 2026,3:33 pm axis Bank 2731 UPI transaction ID 28170262458522 TO:LENSKART lenskart.48645@axisbank Goog1etransaction lD CICAgJjg672083 OPI Gpay",1618.74,shopping,upi,gpay,axis,ocr_upi
"Receipt #5080
JioMart
Amount Paid: Rs 47083
Mode: Cred",47083,food,upi,cred,,ocr_receipt
ATM/CASH/BANK/370.10,370.10,food,upi,jupiter,,english_natural
medical checkup lab test health insurance INR 481 card,481,healthcare,card,,,cue_row
INOX ka game lia 6490 rs. credit card se,6490,entertainment,card,,axis,hinglish_natural
Payment of Rs 4793.04 to Zara was successful via CRED UPI Ref No 5125585799252 HDFC Account 2555,4793.04,shopping,upi,cred,hdfc,ocr_upi
BSNL 17452 gpay Payment done HDFC Bank 1095,17452,utilities,upi,gpay,hdfc,ocr_upi
Paid EatFit Rs.325 using cash from Fi,325,food,cash,,fi,english_natural
water bill 42177 rupaye UPI se pay kr diya,42177,utilities,upi,gpay,,hinglish_natural
UPI/40787571/BOOKS/BANK,2976,education,cash,,,english_natural
HDFC loan pe 36131 rupaiye ka EMI kat gayi Cred se,36131,emi,upi,cred,sbi,hinglish_natural
gaming concert event ticket Rs.616 card,616,entertainment,card,,,cue_row
office se aate hue Swiggy se kha liya 488 rs. ka UPI se,488,food,upi,gpay,yes bank,hinglish_natural
"BILL
food court
Rs 38693.32
CARD
Thank You Visit Again",38693.32,food,card,,kotak,ocr_receipt
aaj Apollo Pharmacy pe 76 rupaye kharcha hua card se,76,healthcare,card,,kotak,voice_transcript
amazon flipkart myntra online shopping order ₹517 slice,517,shopping,upi,slice,,cue_row
lunch dinner food order swiggy zomato restaurant meal ₹4686 GPay,4686,food,upi,gpay,,cue_row
34117 rupaye cab le liya RedBus ko Google Pay se,34117,travel,upi,gpay,bob,hinglish_natural
Bought IRCTC for ₹269 with debit card,269,travel,card,,,english_natural
"Nature's Basket 218.62 Completed 10Aug 2026,7:15 pm SBI 3313 UPI transaction ID 46632160380",218.62,food,upi,gpay,sbi,ocr_upi
school college tuition course books fees Rs.2881 card,2881,education,card,,,cue_row
auto Rs.170.94 gpay,170.94,travel,upi,gpay,pnb,ocr_upi
8874 education loan EMI card se pay kiya,8874,emi,card,,,hinglish_natural
personal loan EMI me 40692 rupaye ka installment diy UPI se pay kia,40692,emi,upi,gpay,union bank,hinglish_natural
mutual fund SIP stocks PPF FD investment ₹47090 card,47090,investment,card,,,cue_row
4488 ₹ khana order kia restaurant ko gpay se pay kia,4488,food,upi,gpay,,hinglish_natural
"DMart 86.41 Completed 5Feb 2026,9:11 pm Bank of Baroda 9135 UPI transaction ID 88161037632940",86.41,food,upi,gpay,bob,ocr_upi
maine 6348 rupaye Bharat Petroleum ko diye cash se,6348,travel,cash,,sbi,voice_transcript
water bill ka payment kia 4345 rupaiye Bhim se Axis Bank wale account se,4345,utilities,upi,bhim,axis,hinglish_natural
Paid 205 for bike loan EMI from my sbi account via Visa,205,emi,card,,sbi,english_natural
Flipkart pe 31724 ka order kr diya cred se pay kiya,31724,shopping,upi,cred,niyo,hinglish_natural
Paid mutual fund 12413 using Bhim from Kotak Mahindra,12413,investment,upi,bhim,kotak,english_natural
Paid ₹4991.96 to water bill G Pay UPI BOB 3126 Completed,4991.96,utilities,upi,gpay,bob,ocr_upi
"Receipt #6374
mess
Amount Paid: Rs28921.81
Mode: Phonepe",28921.81,food,upi,phonepe,icici,ocr_receipt
"Receipt #9587
BookMyShow
Amount Paid: INR 277
Mode: CARD",277,entertainment,card,,,ocr_receipt
medical checkup lab test health insurance INR 124 card,124,healthcare,card,,,cue_row
"Receipt #1076
SonyLIV
Amount Paid: ₹678
Mode: CASH",678,entertainment,cash,,,ocr_receipt
Shreya me 211 rs. ka udhar return kar diya Google Pay se pay kya,211,friends,upi,gpay,,hinglish_natural
POS/CAR LOAN EMI/PHONEPE/1468,1137,emi,upi,phonepe,,english_natural
Paid Rs 1328.11 to personal loan EMI G Pay UPI Axis 6864 Successful,1328.11,emi,upi,gpay,axis,ocr_upi
TO:SWIGGY swiggy.66470@hdfcbankbank From:PRIYASHARMA (HDFC Bank Bhim : user2423@okhdfcbankbank,473,food,upi,bhim,hdfc,ocr_upi
Karan 658 rupees cash die,658,friends,cash,,niyo,hinglish_natural
₹3876.55 charged for insurance premium on credit card,3876.55,utilities,card,,,english_natural
petrol diesel fuel Rs9593 at pump cash,9593,travel,cash,,,cue_row
raat ko Angel One ka SIP bhara 41186 rupay card se,13598,investment,card,,,source_hinglish
219 rupees Vedantu phonepe,219,education,upi,phonepe,,voice_transcript
"VI RECHARGE RESTAURANT
Total 4465
Cash Received
Change 0.00",4465,utilities,cash,,hdfc,ocr_receipt
"BILL
Nykaa
R 26783.26
GPay
Thank You Visit Again",26783.26,shopping,upi,gpay,,ocr_receipt
Rohan ko 3124 transfer kiya card se,3124,friends,card,,,friends_synthetic
aaj Bajaj Finance EMI me 34899 rupay ka EMI kat gayi UPI se ICICI Bank card se,34899,emi,upi,gpay,icici,hinglish_natural
2893 ₹ FirstCry UPI se,2893,shopping,upi,gpay,rbl,hinglish_natural
BYJU'S pe 166 rupay ka fees bharra card se pay kiyaa,166,education,card,,hdfc,hinglish_natural
raat ko 19673 khana order kia restaurant pe G Pay pe,19673,food,upi,gpay,,hinglish_natural
Payment of R 5453.44 to Meesho was successful via Paytm UPI Ref No 8048088611 ICICI Account 7361,5453.44,shopping,upi,paytm,icici,ocr_upi
Vikram ?39502.34 CRED,39502.34,friends,upi,cred,icici,ocr_upi
Paid ET Money 2848 using Google Pay from RBL,2848,investment,upi,gpay,rbl,english_natural
Payment of Rs.779 to rickshaw was successful via Cred UPI Ref No 705070775088 ICICI Account 2325,779,travel,upi,cred,icici,ocr_upi
Stock purchase INR 49841,49841,investment,upi,gpay,,source_english
aaj BSNL pe 1784 rupaye kharcha hua Slice se,1784,utilities,upi,slice,hdfc,voice_transcript
37911 rupees ride le liya Indian Oil pe UPI se pay kar diya jupiter se,37911,travel,upi,paytm,jupiter,hinglish_natural
today i spent 486 on Vedantu via gpay from my Slice bank,486,education,upi,gpay,slice,voice_transcript
Meesho payment ₹4915.32 done via Visa,4915.32,shopping,card,,,english_natural
i paid 478 rupees for diagnostic using Gpay,478,healthcare,upi,gpay,hdfc,voice_transcript
rent maintenance gas connection Rs.78 Phonepe,78,utilities,upi,phonepe,,cue_row
i paid 31025 rupees for water bill using card,31025,utilities,card,,fi,voice_transcript
dopahar ko 2830 rupaye education loan EMI UPI se diye,6265,emi,upi,gpay,,source_hinglish
2329.56 paid to Tata Play via Paytm from hdfc,2329.56,utilities,upi,paytm,hdfc,english_natural
bhai 726.65 Paytm,726.65,friends,upi,paytm,hdfc,english_natural
371 rs. Uber UPI se pay kya,371,travel,upi,gpay,,hinglish_natural
POS/CRYPTO/G PAY/5001,3066,investment,upi,gpay,,english_natural
yaar Zara 203 rupaiye UPI se,203,shopping,upi,phonepe,,hinglish_natural
Water bill INR 35771,35771,utilities,card,,,source_english
Library fee INR 10086,10086,education,card,,,source_english
i did 4954 expense on FreshMenu using GPay,4954,food,upi,gpay,sbi,voice_transcript
dinner split 290 rupaye Vikram BHIM,290,friends,upi,bhim,,friends_synthetic
ATM/CASH/HDFC BANK/2485.42,2485.42,food,card,,hdfc,english_natural
mobile recharge me 576 rupay ka recharge kr diya UPI se die HDFC Bank se kata,576,utilities,upi,jupiter,hdfc,hinglish_natural
sent money to roommate ₹4984 on cash,4984,friends,cash,,sbi,friends_synthetic
"mall BILL
St: 2668
CARD approved",2668,shopping,card,,yes bank,ocr_receipt
sent Rs3591 to dost on PayTM,3591,friends,upi,paytm,,friends_synthetic
EaseMyTrip se petrol bharra 17143 ₹ ka UPI se die,17143,travel,upi,slice,,hinglish_natural
TO:SPICEJET spicejet.70610@hdfcbank From:UTSAVJANA (hdfc G Pay : sender8222@okhdfcbank,414,travel,upi,gpay,hdfc,ocr_upi
"DISHTV
Item 1 INR 433
Item 2 ₹465
Total Rs 43274
Google Pay",43274,utilities,upi,gpay,hdfc,ocr_receipt
Paid Rs.335.64 for Bharat Petroleum from my State Bank account via phonepe,335.64,travel,upi,phonepe,sbi,english_natural
4967 rupay Reliance Digital credit card se,4967,shopping,card,,,hinglish_natural
303 rupees electricity bill card,303,utilities,card,,,voice_transcript
Paid R 24186 for Practo from my ICICI account via cash,24186,healthcare,cash,,icici,english_natural
Snapdeal ka 222 rupees ka bill card se pay kiya,222,shopping,card,,,voice_transcript
bhai Priya ko udhar return kiya 4952 rs phonepe se,4952,friends,upi,phonepe,,friends_synthetic
POS/DUNKIN/VISA/2296,175,food,card,,,english_natural
MedPlus INR 3766.33 debited from axis,3766.33,healthcare,card,,axis,english_natural
bhai Apple Music 62 rupees CRED se sasta tha,62,entertainment,upi,cred,,hinglish_natural
30757 INOX,30757,entertainment,upi,gpay,,english_natural
Rs.284 to electricity bill via CRED,284,utilities,upi,cred,,english_natural
paid 30037 to Divya through Niyo,30037,friends,upi,niyo,,voice_transcript
split bill 1626 Phone Pe se friend ko diya,1626,friends,upi,phonepe,,friends_synthetic
petrol diesel fuel 33508 at pump card,33508,travel,card,,,cue_row
Rs.49390.88 debited from your HDFC Bank account for stocks (GPay UPI),49390.88,investment,upi,gpay,hdfc,ocr_upi
MedPlus 419 rupay haath se diyee,419,healthcare,cash,,,hinglish_natural
school fees ka course lya 2442 UPI se diy SBI account se bc,2442,education,upi,slice,sbi,hinglish_natural
breakfast snacks chai coffee 1924 Phonepe,1924,food,upi,phonepe,,cue_row
subah Karan se transfer kya 454 rs. ka PhonePe pe,454,friends,upi,phonepe,kotak,hinglish_natural
flatmate rent share 4082 Phonepe Divya,4082,friends,upi,phonepe,pnb,friends_synthetic
"D MARKET 4811.14 Completed 6Feb 2026,10:32 pm Yes Bank Bank 7699 UPI transaction ID 336919571783003 TO:MARKET market.13693@yes bankbank Goog1etransaction lD XYZabc441589 OPI SLICE",4811.14,shopping,upi,slice,yes bank,ocr_upi
Rs 1419 to Swiggy via Visa,1419,food,card,,,english_natural
rent 2447 ₹ via cred,2447,utilities,upi,cred,pnb,hinglish_natural
i paid 34298 rupees for market using card,34298,shopping,card,,,voice_transcript
i did 3379 expense on electronics store using card,3379,shopping,card,,icici,voice_transcript
kal petrol pump ka ticket book kiyaa 262 UPI se de diye budget tod diya,262,travel,upi,gpay,,hinglish_natural
Paid Rs.307 for SonyLIV from my hdfc account via credit card,307,entertainment,card,,hdfc,english_natural
breakfast snacks chai coffee ₹2318 cash,2318,food,cash,,hdfc,cue_row
dopahar ko Ajio pe 32629 rs ka saman le liya card se,32629,shopping,card,,hdfc,hinglish_natural
Bharat Petroleum ka ticket book kia 4561 rs. debit card se axis card se,4561,travel,card,,axis,hinglish_natural
SIP 38556.97 PhonePe,38556.97,investment,upi,phonepe,,english_natural
aaj Amazon Prime pe 43 rupaye kharcha hua card se,43,entertainment,card,,,voice_transcript
"D DIVYA 17070.81 Completed 1Apr 2026,7:52 pm HDFC Bank 8289 UPI transaction ID 7845334335784 TO:DIVYA divya.38718@hdfcbank Googletransaction lD CICAgJjg180336 OPI CRED",17070.81,friends,upi,cred,hdfc,ocr_upi
subah 4651 rupay kha liya Dominos pe cash die zyada ho gaya,4651,food,cash,,,hinglish_natural
"NPS 158 Completed 20Apr 2026,9:28 am HDFC Bank 1522 UPI transaction ID 0200555018789",158,investment,upi,gpay,hdfc,ocr_upi
hospital doctor pharmacy medicine diagnostic INR 320 card,320,healthcare,card,,,cue_row
rent maintenance gas connection t144 card,144,utilities,card,,,cue_row
Vedantu mein 2911 lag gaye cash se bhara,2911,education,cash,,jupiter,voice_transcript
coaching exam preparation study material ?398 card,398,education,card,,,cue_row
gold Rs 41025 debited from Niyo,41025,investment,card,,niyo,english_natural
"BROADBAND
Item 1 Rs.167
Item 2 ₹357
Total INR 3924
paytm",3924,utilities,upi,paytm,,ocr_receipt
23608 ka restaurant bill pay kiya G Pay se,23608,food,upi,gpay,,voice_transcript
paid Divya 3641 via Paytm,3641,friends,upi,paytm,,friends_synthetic
kal books 782 rupees via cred Slice card se,782,education,upi,cred,slice,hinglish_natural
Gas bill payment INR 40346,40346,utilities,upi,gpay,,source_english
home loan car loan credit card EMI monthly INR 245 autopay card,245,emi,card,,,cue_row
kal 134 rupaye shopping kya Bewakoof ko via Phonepe matlab,134,shopping,upi,phonepe,slice,hinglish_natural
Used HDFC Bank card to pay ₹38511 for bike loan EMI,38511,emi,card,,hdfc,english_natural
2036 rupaiye car loan EMI paytm se,2036,emi,upi,paytm,,hinglish_natural
2188 rupees Uber cash,2188,travel,cash,,,voice_transcript
Rs.8173 to Apollo Pharmacy via credit card,8173,healthcare,card,,,english_natural
205 rs dost UPI se pay kiya,205,friends,upi,paytm,,hinglish_natural
subah FirstCry 360 rupaiye G Pay se pay kiyaa Yes Bank card se,360,shopping,upi,gpay,yes bank,hinglish_natural
mutual fund SIP stocks PPF FD investment ₹447 card,447,investment,card,,,cue_row
10995 rupaiye medicine liya PharmEasy pe card se,10995,healthcare,card,,icici,hinglish_natural
Gaana payment Rs 30663.26 done via cash,30663.26,entertainment,cash,,,english_natural
uber ola cab ride airport train ticket ₹1099 cash,1099,travel,cash,,,cue_row
"FIRSTCRY
Item 1 ₹280
Item 2 Rs 91
Total 268.92
CARD",268.92,shopping,card,,,ocr_receipt
kal Goibibo 1709 ₹ UPI se diyee HDFC se kata,1709,travel,upi,jupiter,hdfc,hinglish_natural
medical checkup lab test health insurance 4400 paytm,4400,healthcare,upi,paytm,,cue_row
3450 ₹ Paytm Money debit card se,3450,investment,card,,icici,hinglish_natural
sent ₹3164 to yaar on jupiter,3164,friends,upi,jupiter,,friends_synthetic
ATM/CASH/BANK/47,47,friends,upi,jupiter,,english_natural
NEFT/TRANSFER/ET MONEY/SBI,2951.88,investment,card,,sbi,english_natural
328 rupees Apple Music phonepe se budget tod diya,328,entertainment,upi,phonepe,sbi,hinglish_natural
Rs 29472.42 to Coin via Visa,29472.42,investment,card,,,english_natural
Online course subscription INR 15940,15940,education,card,,,source_english
CRED payment 453 metro SBI 8036 completed,453,travel,upi,cred,sbi,ocr_upi
ET Money ka invest kr diya 1795 ₹ credit card se bohot mehenga,1795,investment,card,,,hinglish_natural
Bought MedPlus for Rs.3208 with PhonePe,3208,healthcare,upi,phonepe,,english_natural
insurance premium Rs.2973.06 Visa,2973.06,utilities,card,,,english_natural
242 rs. upGrad credit card se,242,education,card,,,hinglish_natural
ET Money 284 rs. Cred se,9988,investment,upi,cred,hdfc,source_hinglish
paid 42117 to mutual fund through CRED from icici,42117,investment,upi,cred,icici,voice_transcript
rent maintenance gas connection 155 cred,155,utilities,upi,cred,,cue_row
Spent ₹2041.91 on Amazon Prime using slice,2041.91,entertainment,upi,slice,,english_natural
breakfast snacks chai coffee Rs.172 cash,172,food,cash,,,cue_row
MakeMyTrip Rs1914 Gpay,1914,travel,upi,gpay,bandhan,ocr_upi
10780 rupaiye stock le liya Groww ko card se,10780,investment,card,,,hinglish_natural
"1mg
Net Amount 33874
Paid via CARD",33874,healthcare,card,,,ocr_receipt
paid bro INR 24920 via slice,24920,friends,upi,slice,,friends_synthetic
subah bhai se split kar diya 21347 rupay ka BHIM se pay kiya,21347,friends,upi,bhim,,hinglish_natural
bhai IndiGo ka 3367 rupaye card se de diya,3367,travel,card,,fi,voice_transcript
"D GOLD 4423 Completed 20Apr 2026,6:22 pm HDFC Bank 7895 UPI transaction ID 326474141240439 TO:GOLD gold.67141@hdfcbank Goog1etransaction lD XYZabc359600 OPI cred",4423,investment,upi,cred,hdfc,ocr_upi
Used Slice cash to pay Rs 2057 for books,2057,education,cash,,slice,english_natural
POS/EYE CHECKUP/MASTERCARD/3529,1264.60,healthcare,card,,,english_natural
TO:COIN coin.69271@hdfcbankbank From:UTSAVJANA (HDFC Bank BHIM : user7832@okhdfcbankbank,476,investment,upi,bhim,hdfc,ocr_upi
school college tuition course books fees 637 Gpay,637,education,upi,gpay,hdfc,cue_row
NEFT/TRANSFER/DISHTV/,21586,utilities,upi,jupiter,,english_natural
bhai RedBus ka 36797 rupaye cash se de diya,36797,travel,cash,,,voice_transcript
3570 rs. ET Money debit card se,3570,investment,card,,,hinglish_natural
21549 rs EMI bhra credit card EMI ko credit card se,21549,emi,card,,,hinglish_natural
paid 3369 to SpiceJet through gpay,3369,travel,upi,gpay,,voice_transcript
278.10 paid to BYJU'S via Phonepe from sbi,278.10,education,upi,phonepe,sbi,english_natural
1652 rupay Unacademy UPI se budget tod diya,1652,education,upi,niyo,hdfc,hinglish_natural
YouTube Premium 44164 cred Successful PNB 6009,44164,entertainment,upi,cred,pnb,ocr_upi
paid back friend lent money R 280 jupiter,280,friends,upi,jupiter,,cue_row
home loan EMI INR 210 G Pay,210,emi,upi,gpay,kotak,ocr_upi
INR 19535.19 to upGrad via Visa Jupiter account,19535.19,education,card,,jupiter,english_natural
Vi recharge se recharge kya 4774 ₹ ka via PayTM,4774,utilities,upi,paytm,,hinglish_natural
amazon flipkart myntra online shopping order ₹4989 card,4989,shopping,card,,,cue_row
yaar library se tuition die 10734 ka card se pay kr diya,10734,education,card,,,hinglish_natural
i did 35550 expense on eye checkup using cash,35550,healthcare,cash,,,voice_transcript
paid back friend lent money ₹4946 Fi Money,4946,friends,upi,fi,bob,cue_row
abhi Zepto ka khana kha liya 29297 rupay cash me,25265,food,cash,,,source_hinglish
dopahar ko library ka books liyaa 2780 rupaiye UPI se die,2780,education,upi,gpay,,hinglish_natural
spent 37003 rupees on home loan EMI via card,37003,emi,card,,,voice_transcript
TO:ANGELONE angelone.99591@punjabnationalbankbank From:PRIYASHARMA (Punjab National Bank Gpay : user4720@okpunjabnationalbankbank,22439.26,investment,upi,gpay,pnb,ocr_upi
354 rs. tuition UPI se pay kar diya,354,education,upi,paytm,,hinglish_natural
sent t1323 to friend on Phone Pe split bill UPI,1323,friends,upi,phonepe,,cue_row
17684 rupaye order kr diya Ajio ko haath se de diya,17684,shopping,cash,,sbi,hinglish_natural
"diagnostic BILL
St: INR 52.39
phonepe approved",52.39,healthcare,upi,phonepe,,ocr_receipt
bhai Swiggy me 33469 rupay ka khana order kia UPI se,33469,food,upi,phonepe,,hinglish_natural
Paid Rs 3849 for Karan via card,3849,friends,card,,,english_natural
amazon flipkart myntra online shopping order Rs1436 CRED,1436,shopping,upi,cred,hdfc,cue_row
ATM/CASH/KOTAK MAHINDRA/16640,16640,travel,cash,,kotak,english_natural
sent Rs.3814 to Priya on PayTM,3814,friends,upi,paytm,,friends_synthetic
gold 208 icici,208,investment,card,,icici,english_natural
31787 IRCTC UPI se pay kiyaa,31787,travel,upi,gpay,sbi,hinglish_natural
crypto gold bonds NPS portfolio 4300 Jupiter,4300,investment,upi,jupiter,,cue_row
391 rupaye library cash de diya bohot mehenga,391,education,cash,,sbi,hinglish_natural
HDFC loan ka EMI bhar diya 322 rupees debit card se,322,emi,card,,,hinglish_natural
PharmEasy se medicine le liya 2321 rupay ka naqad,2321,healthcare,cash,,kotak,hinglish_natural
aaj 6914 rs EMI kat gayi HDFC loan pe UPI se PNB wale account se,20773,emi,upi,niyo,pnb,source_hinglish
"CLINIC
Item 1 Rs.138
Item 2 Rs.393
Total Rs.172.15
CARD",172.15,healthcare,card,,icici,ocr_receipt
ET Money se stock lia 2682 ka card se Canara se yaar,2682,investment,card,,canara,hinglish_natural
PhonePe payment Rs.391 DishTV HDFC Bank 5874 done,391,utilities,upi,phonepe,hdfc,ocr_upi
Paid INOX t368 using credit card from Slice,368,entertainment,card,,slice,english_natural
Paid ₹4720 for SonyLIV via Phone Pe,4720,entertainment,upi,phonepe,,english_natural
Paid ₹45710 for Ananya from my Axis Bank account via cash,45710,friends,cash,,axis,english_natural
Shreya mein 1957 lag gaye PayTM se bhara,1957,friends,upi,paytm,,voice_transcript
credit card EMI se EMI bhara 4388 rupay ka UPI se diye sasta tha,4388,emi,upi,paytm,hdfc,hinglish_natural
raat ko 2989 rupees college fees via PayTM,8719,education,upi,paytm,,source_hinglish
"SPOTIFY
Item 1 Rs 242
Item 2 Rs.168
Total Rs 867
CARD",867,entertainment,card,,,ocr_receipt
mutual fund SIP stocks PPF FD investment Rs.9538 card,9538,investment,card,,,cue_row
"ACT Fibernet
Net Amount 2758.88
Paid via CARD",2758.88,utilities,card,,,ocr_receipt
POS/BRO/GPAY/7260,4132.01,friends,upi,gpay,kotak,english_natural
bhai Pooja ko udhar return kiya 3321 rs card se,3321,friends,card,,,friends_synthetic
"clinic
Net Amount 12450
Paid via jupiter",12450,healthcare,upi,jupiter,bandhan,ocr_receipt
SonyLIV me 618 rupaiye ka movie dekhi via Gpay,14999,entertainment,upi,gpay,,source_hinglish
spent 3382 rupees on BYJU'S via card,3382,education,card,,,voice_transcript
ghar jaate waqt Haldirams 44141 rupaiye naqad,44141,food,cash,,,hinglish_natural
t35520.39 paid to lab test via jupiter UPI from icici Bank ending 4438,35520.39,healthcare,upi,jupiter,icici,ocr_upi
22278 ₹ petrol bhara metro pe debit card se,22278,travel,card,,,hinglish_natural
bhai hospital ka 45465 rupaye GPay se de diya,45465,healthcare,upi,gpay,,voice_transcript
personal loan EMI se EMI kat gayi 2559 rupaye ka phonepe se,2559,emi,upi,phonepe,axis,hinglish_natural
Used State Bank Slice to pay Rs.38993.16 for credit card EMI,38993.16,emi,upi,slice,sbi,english_natural
coaching exam preparation study material 4410 card,4410,education,card,,,cue_row
NEFT/TRANSFER/SBI LOAN/,16446.31,emi,upi,phonepe,,english_natural
sent money to friend INR 313 on GPay,313,friends,upi,gpay,,friends_synthetic
t19112.68 to stocks via credit card,19112.68,investment,card,,,english_natural
spent 39772 rupees on SBI loan via card,39772,emi,card,,,voice_transcript
"D DOCTOR 4486 Completed 19Apr 2026,4:41 pm PNB Bank 1594 UPI transaction ID 3659077467 TO:DOCTOR doctor.42871@pnbbank Soogletransaction lD CICAgJjg097055 OPI Phone Pe",4486,healthcare,upi,phonepe,pnb,ocr_upi
INR 3908.48 charged for Bharat Petroleum on Visa,3908.48,travel,card,,,english_natural
kal Uber ka kiraya de diya 11583 rs. credit card se,11583,travel,card,,,hinglish_natural
aaj Lenskart se dawai lya 313 rs. ka via G Pay,724,healthcare,upi,gpay,,source_hinglish
dost dost ko 276 rupaye PhonePe se bheje,276,friends,upi,phonepe,,friends_synthetic
SIP 2916 rupees credit card se,2916,investment,card,,,hinglish_natural
netflix spotify hotstar subscription movie show Rs.36051 Google Pay,36051,entertainment,upi,gpay,,cue_row
Paid Cleartrip INR 28904 using cash,28904,travel,cash,,,english_natural
sent INR 36657 to friend on CRED split bill UPI,36657,friends,upi,cred,,cue_row
paid 49671 to clinic through SLICE,49671,healthcare,upi,slice,,voice_transcript
12463 ₹ crypto via Slice,12463,investment,upi,slice,,hinglish_natural
Netflix subscription INR 44364,44364,entertainment,card,,,source_english
kal Tata Play pe 4686 rupaiye ka payment kya Google Pay se pay kiyaa,4686,utilities,upi,gpay,axis,hinglish_natural
bhai BookMyShow se subscription renew kya 215 rupaiye ka via paytm,215,entertainment,upi,paytm,,hinglish_natural
SpiceJet 5698 gpay Payment done Kotak Mahindra 2560,5698,travel,upi,gpay,kotak,ocr_upi
electricity water broadband mobile recharge bill 244 Paytm,244,utilities,upi,paytm,hdfc,cue_row
office se aate hue 388 rupaye doctor ko de diya PharmEasy pe UPI se pay kiyaa Kotak Mahindra card se,388,healthcare,upi,bhim,kotak,hinglish_natural
122 ₹ JioCinema Google Pay se,122,entertainment,upi,gpay,axis,hinglish_natural
spent 3269 rupees on clinic via card,3269,healthcare,card,,,voice_transcript
Just paid Rs.2221.11 to broadband through cash,2221.11,utilities,cash,,niyo,english_natural
27205 rupay doctor ko diye MedPlus pe card se,27205,healthcare,card,,,hinglish_natural
medical checkup lab test health insurance ₹12984 card,12984,healthcare,card,,,cue_row
Paid bike loan EMI Rs 6939.47 using Google Pay,6939.47,emi,upi,gpay,,english_natural
Bajaj Finance EMI se EMI bharaa 469 rupaye ka credit card se,469,emi,card,,,hinglish_natural
bhai 398 rupees EMI bharaa education loan EMI ko cred se,398,emi,upi,cred,,hinglish_natural
SpiceJet Rs.2306.67 PhonePe,2306.67,travel,upi,phonepe,hdfc,ocr_upi
TO:FAASOS faasos.86692@sbibank From:UTSAVJANA (SBI Phone Pe : user9753@oksbibank,401,food,upi,phonepe,sbi,ocr_upi
uber ola cab ride airport train ticket Rs.168 card,168,travel,card,,bob,cue_row
"concert
Net Amount 3799.83
Paid via Gpay",3799.83,entertainment,upi,gpay,kotak,ocr_receipt
Bus ticket INR 12969,12969,travel,upi,slice,,source_english
education loan EMI se EMI bhara 2454 ₹ ka Cred pe,2454,emi,upi,cred,axis,hinglish_natural
"BILL
diagnostic
Rs.3665
PayTM
Thank You Visit Again",3665,healthcare,upi,paytm,,ocr_receipt
car loan EMI se loan payment kr diya 189 rs. ka card se pay kar diya,189,emi,card,,,hinglish_natural
1599 rupaiye BYJU'S debit card se,40818,education,card,,,source_hinglish
i did 383 expense on Tata CLiQ using Google Pay,383,shopping,upi,gpay,pnb,voice_transcript
dost friend ko 342 rupaye PayTM se bheje,342,friends,upi,paytm,,friends_synthetic
Used Fi Money phonepe to pay Rs335.61 for bike loan EMI,335.61,emi,upi,phonepe,fi,english_natural
paid friend Rs 50 via SLICE,50,friends,upi,slice,sbi,friends_synthetic
Electricity bill payment INR 18398,18398,utilities,upi,cred,,source_english
Spent Rs.475 on friend using Gpay,475,friends,upi,gpay,hdfc,english_natural
ghar jaate waqt Starbucks se khana order kiya 27 rupaiye ka naqad,27,food,cash,,axis,hinglish_natural
2032 Rohan,2032,friends,upi,phonepe,,english_natural
"Receipt #5326
Amazon
Amount Paid: ₹1987
Mode: Fi Money",1987,shopping,upi,fi,,ocr_receipt
1005 Visa Tata CLiQ,1005,shopping,card,,,english_natural
Paid INR 3289 to metro SLICE UPI hdfc 5611 Completed,3289,travel,upi,slice,hdfc,ocr_upi
Bought books for 3945 with CRED,3945,education,upi,cred,,english_natural
ROHAN INR 3255 BANK OF BARODA,3255,friends,upi,cred,bob,english_natural
Just paid 49956.55 to Biryani Blues through cash,49956.55,food,cash,,,english_natural
bike loan EMI Rs 46098.31 debited from axis,46098.31,emi,card,,axis,english_natural
TO:BOOKMYSHOW bookmyshow.47830@hdfcbank From:RAHULKUMAR (HDFC gpay : sender6162@okhdfcbank,3824.55,entertainment,upi,gpay,hdfc,ocr_upi
diagnostic me 443 rupees ka doctor ko die via Google Pay HDFC card se,443,healthcare,upi,gpay,hdfc,hinglish_natural
home loan car loan credit card EMI monthly ₹2467 autopay Gpay,2467,emi,upi,gpay,,cue_row
i did 44424 expense on BSNL using Bhim,44424,utilities,upi,bhim,,voice_transcript
eye checkup me 44453 rs. ka checkup karaya haath se diyee,32193,healthcare,cash,,,source_hinglish
hospital doctor pharmacy medicine diagnostic 14113 jupiter,14113,healthcare,upi,jupiter,,cue_row
Flipkart order INR 7479,7479,shopping,upi,gpay,,source_english
Reliance Digital ka shopping kr diya 27728 Phonepe se pay kr diya,27728,shopping,upi,phonepe,idfc,hinglish_natural
Rs 3552 paid to metro via niyo UPI from State Bank Bank ending 9367,3552,travel,upi,niyo,sbi,ocr_upi
car loan EMI ka installment de diya 269 rupay card se,269,emi,card,,,hinglish_natural
₹23492 to insurance premium via cred,23492,utilities,upi,cred,,english_natural
Box8 se food order kar diya 241 ka naqad,8,food,cash,,,hinglish_natural
261 rupees mutual fund slice Yes Bank account,261,investment,upi,slice,yes bank,voice_transcript
i did 47448 expense on Bharat Petroleum using cash,47448,travel,cash,,icici,voice_transcript
jupiter payment Rs.294 stocks HDFC Bank 5578 completed,294,investment,upi,jupiter,hdfc,ocr_upi
1005 Dunkin credit card se,1005,food,card,,,hinglish_natural
hospital 41696.03 Jupiter Successful icici 7068,41696.03,healthcare,upi,jupiter,icici,ocr_upi
i did 4072 expense on Dominos using gpay,4072,food,upi,gpay,icici,voice_transcript
"FirstCry
Net Amount 104
Paid via CASH",104,shopping,cash,,sbi,ocr_receipt
1658 rupaye electricity bill via Paytm,1658,utilities,upi,paytm,icici,hinglish_natural
Payment of INR 2736 to FirstCry was successful via CRED UPI Ref No 652952635904 State Bank Account 8076,2736,shopping,upi,cred,sbi,ocr_upi
Bharat Petroleum ka ride lya 259 rupees card se,32684,travel,card,,,source_hinglish
Lenskart mein 25 lag gaye PhonePe se bhara,25,shopping,upi,phonepe,sbi,voice_transcript
Paid education loan EMI Rs13027 using phonepe from HDFC Bank,13027,emi,upi,phonepe,hdfc,english_natural
"BILL
diagnostic
Rs.3123
paytm
Thank You Visit Again",3123,healthcare,upi,paytm,icici,ocr_receipt
INDIGO INR 3437 HDFC,3437,travel,cash,,hdfc,english_natural
Paid Coin Rs 216.11 using Paytm,216.11,investment,upi,paytm,,english_natural
UPI/11903244/APOLLO PHARMACY/BANK,4384.51,healthcare,card,,,english_natural
Medical test charges INR 4436,4436,healthcare,card,,,source_english
Cleartrip ka kiraya diyee 1317 rupay card se hdfc se,1317,travel,card,,hdfc,hinglish_natural
"Receipt #2221
PVR
Amount Paid: Rs.3781
Mode: CARD",3781,entertainment,card,,icici,ocr_receipt
13818 rs BookMyShow cred pe,13818,entertainment,upi,cred,,hinglish_natural
sent money to Priya Rs 2605 on Fi Money,2605,friends,upi,fi,,friends_synthetic
946 rupees BYJU'S card kotak account,946,education,card,,kotak,voice_transcript
today i spent 3522 on BYJU'S via NIYO,3522,education,upi,niyo,,voice_transcript
electronics clothes shoes accessories purchase 12862 via card,12862,shopping,card,,,cue_row
"D GROWW 387.58 Completed 22Feb 2026,3:54 pm Bank of Baroda Bank 9298 UPI transaction ID 0734332722203 TO:GROWW groww.90427@bank of barodabank Soogletransaction lD XYZabc725449 OPI CRED",387.58,investment,upi,cred,bob,ocr_upi
1839 ₹ Zee5 via Google Pay,1839,entertainment,upi,gpay,,hinglish_natural
i paid 849 rupees for society maintenance using card,849,utilities,card,,,voice_transcript
bike loan EMI se loan payment kiya 2515 rupay ka slice se,2515,emi,upi,slice,,hinglish_natural
Coin pe 4900 rs. ka SIP bhra card se pay kiya,24954,investment,card,,,source_hinglish
abhi Vikram 147 rupees Slice pe,147,friends,upi,slice,,hinglish_natural
2572 rupees diagnostic credit card se,2572,healthcare,card,,,hinglish_natural
sent t4538 to Neha on cash,4538,friends,cash,,,friends_synthetic
Rs.34434 charged for Yatra on debit card,34434,travel,card,,,english_natural
VI RECHARGE INR 1310,1310,utilities,upi,paytm,,english_natural
BSNL 2271 paytm Payment done HDFC Bank 1124,2271,utilities,upi,paytm,hdfc,ocr_upi
petrol diesel fuel ₹32982 at pump cash,32982,travel,cash,,axis,cue_row
Amazon purchase INR 23397,23397,shopping,upi,paytm,,source_english
rent Rs 396 Fi,396,utilities,upi,fi,idfc,ocr_upi
Bus ticket INR 18752,18752,travel,cash,,,source_english
kal 2590 roommate SLICE se,2590,friends,upi,slice,,hinglish_natural
NEFT/TRANSFER/SPOTIFY/NIYO,1007,entertainment,card,,niyo,english_natural
flatmate rent share 203 PhonePe friend,203,friends,upi,phonepe,hdfc,friends_synthetic
spent 3532 rupees on car loan EMI via Slice,3532,emi,upi,slice,,voice_transcript
Angel One 2136 bhim,2136,investment,upi,bhim,,english_natural
"TAX INVOICE
rent
Grand Total: Rs.22053.76
Payment: G Pay",22053.76,utilities,upi,gpay,axis,ocr_receipt
Bought exam fee for INR 3799 with GPay,3799,education,upi,gpay,,english_natural
EXAM FEE INR 3570 STATE BANK,3570,education,card,,sbi,english_natural
stocks pe 263 rs ka paisa daala card se pay kia,44652,investment,card,,,source_hinglish
BYJU'S 31 Gpay Payment done axis 3021,31,education,upi,gpay,axis,ocr_upi
electronics clothes shoes accessories purchase ?2766 via card,2766,shopping,card,,,cue_row
Biryani Blues se mangwaya 31231 rupay ka UPI se,31231,food,upi,jupiter,slice,hinglish_natural
flatmate rent share 4548 cash bro,4548,friends,cash,,,friends_synthetic
stocks ka invest kya 23545 rupay PhonePe se pay kar diya,23545,investment,upi,phonepe,,hinglish_natural
Tata Play 1157 PayTM se icici account se,1157,utilities,upi,paytm,icici,hinglish_natural
yaar Vi recharge se recharge kya 479 rupees ka haath se diyee,479,utilities,cash,,,hinglish_natural
3182 G Pay hospital,3182,healthcare,upi,gpay,hdfc,english_natural
eye checkup 4023 ₹ debit card se idfc account se,48991,healthcare,card,,idfc,source_hinglish
2260 rs. gold NIYO se,2260,investment,upi,niyo,kotak,hinglish_natural
bhai 3590 ₹ Coin UPI se de diya,3590,investment,upi,bhim,,hinglish_natural
Just paid R 2573.43 to Biryani Blues through card,2573.43,food,card,,hdfc,english_natural
crypto 135 Gpay Completed ICICI 6238,135,investment,upi,gpay,icici,ocr_upi
Zepto 443 Slice Successful icici 9560,443,food,upi,slice,icici,ocr_upi
Reliance Digital ka khareed lya 2509 rupaiye UPI se,2509,shopping,upi,gpay,,hinglish_natural
Yatra 4118 Phonepe,4118,travel,upi,phonepe,,english_natural
"CLINIC RESTAURANT
Total 4878
Cash Received
Change 0.00",4878,healthcare,cash,,,ocr_receipt
dopahar ko Zee5 ka ticket le liya 362 rs. PayTM se,5,entertainment,upi,paytm,,hinglish_natural
yaar HDFC loan ka EMI kat gayi 13281 ₹ card se pay kiya,40358,emi,card,,,source_hinglish
4571 rupaye Jio recharge UPI se diy,4571,utilities,upi,paytm,icici,hinglish_natural
237 rupaye transfer kiya Rohan ko SLICE se pay kiyaa,237,friends,upi,slice,indusind,hinglish_natural
gaming concert event ticket ₹5565 CRED,5565,entertainment,upi,cred,,cue_row
"Receipt #3354
Zara
Amount Paid: Rs.22997
Mode: gpay",22997,shopping,upi,gpay,idfc,ocr_receipt
hospital doctor pharmacy medicine diagnostic ₹2111 paytm,2111,healthcare,upi,paytm,,cue_row
Paid 4151 for Vedantu from my Kotak Mahindra account via credit card,4151,education,card,,kotak,english_natural
subah 3796 ₹ Gaana Phone Pe pe,3796,entertainment,upi,phonepe,,hinglish_natural
i paid 3802 rupees for insurance premium using SLICE,3802,utilities,upi,slice,sbi,voice_transcript
Priya ko 266 transfer kiya Phonepe se,266,friends,upi,phonepe,,friends_synthetic
INR 4653 to Vikram paytm UPI,4653,friends,upi,paytm,,friends_synthetic
35770 ka crypto bill pay kiya G Pay se,35770,investment,upi,gpay,,voice_transcript
"JIOCINEMA
Item 1 ₹312
Item 2 Rs.414
Total ₹728.43
Phone Pe",728.43,entertainment,upi,phonepe,,ocr_receipt
FD 546 slice,546,investment,upi,phonepe,slice,english_natural
electricity bill ka bill pay kar diya 112 rupaiye UPI se de diye bc,112,utilities,upi,cred,hdfc,hinglish_natural
INR 342.26 charged for rickshaw on phonepe,342.26,travel,upi,phonepe,icici,english_natural
split bill 1758 SLICE se Priya ko diya,1758,friends,upi,slice,,friends_synthetic
personal loan installment EMI deduction ₹35108 card,35108,emi,card,,,cue_row
21032.14 cash Uber,21032.14,travel,cash,,,english_natural
124 ₹ flatmate via Phonepe bohot mehenga,124,friends,upi,phonepe,jupiter,hinglish_natural
Shreya se transfer kiyaa 16631 rupaye ka via Bhim,16631,friends,upi,bhim,,hinglish_natural
raat ko Rohan 225 rs cash me,225,friends,cash,,,hinglish_natural
maine 4195 rupaye Myntra ko diye card se,4195,shopping,card,,,voice_transcript
colleague 3403 rupay UPI se pay kya,3403,friends,upi,gpay,,hinglish_natural
yaar mobile recharge se bill bharra 2931 ₹ ka credit card se,2931,utilities,card,,,hinglish_natural
lunch dinner food order swiggy zomato restaurant meal ₹400 Gpay,400,food,upi,gpay,,cue_row
Netmeds pe 419 rs ka doctor ko diye UPI se pay kya,419,healthcare,upi,gpay,icici,hinglish_natural
bhai PVR ka 424 rupaye card se de diya,424,entertainment,card,,slice,voice_transcript
Apple Music payment ?124.46 done via Mastercard,124.46,entertainment,card,,,english_natural
38364 paid to stocks via jupiter from Niyo,38364,investment,upi,jupiter,niyo,english_natural
Neha 1975 Visa,1975,friends,card,,,english_natural
"Receipt #1071
Practo
Amount Paid: INR 15779
Mode: CARD",15779,healthcare,card,,,ocr_receipt
Paid t194.84 to doctor BHIM UPI Axis Bank 6642 Completed,194.84,healthcare,upi,bhim,axis,ocr_upi
Udemy pe 4840 rupaye ka tuition diy naqad,4840,education,cash,,,hinglish_natural
Snapdeal 3656 G Pay Completed sbi 4244,3656,shopping,upi,gpay,sbi,ocr_upi
YouTube Premium pe 3316 rupaiye ka game liya card se pay kr diya,3316,entertainment,card,,axis,hinglish_natural
today i spent 935 on rent via card from my jupiter bank,935,utilities,card,,jupiter,voice_transcript
raat ko PharmEasy 2876 credit card se,2876,healthcare,card,,,hinglish_natural
paid Arjun Rs 12957 via phonepe,12957,friends,upi,phonepe,,friends_synthetic
paid back friend lent money ₹682 PhonePe,682,friends,upi,phonepe,,cue_row
Bought Dunkin for Rs379 with cash,379,food,cash,,,english_natural
bhai Snapdeal ka 2834 rupaye card se de diya,2834,shopping,card,,,voice_transcript
113 Google Pay Airtel recharge,113,utilities,upi,gpay,,english_natural
kal mall me 39 rs. ka shopping kiya card se matlab,39,shopping,card,,,hinglish_natural
office se aate hue 3266 ₹ concert haath se diyee,3266,entertainment,cash,,,hinglish_natural
flatmate rent share 329 cash dost,329,friends,cash,,,friends_synthetic
"D SONYLIV 431.40 Completed 6Apr 2026,1:00 pm HDFC Bank 2421 UPI transaction ID 2686108447607 TO:SONYLIV sonyliv.74601@hdfcbank Goog1etransaction lD XYZabc286743 OPI Phonepe",431.40,entertainment,upi,phonepe,hdfc,ocr_upi
Spotify 1776.38 card,1776.38,entertainment,card,,,english_natural
INR 37717 paid to Box8 via Niyo UPI from hdfc Bank ending 2766,37717,food,upi,niyo,hdfc,ocr_upi
"ACT FIBERNET
Item 1 343
Item 2 t216
Total Rs11890
Phonepe",11890,utilities,upi,phonepe,,ocr_receipt
concert 2706 slice,2706,entertainment,upi,slice,,english_natural
dentist 19952 rupees debit card se,19952,healthcare,card,,,hinglish_natural
flatmate rent share 17323 PayTM Priya,17323,friends,upi,paytm,,friends_synthetic
BookMyShow 72 rupees card se pay kr diya,72,entertainment,card,,,hinglish_natural
ATM/CASH/HDFC BANK/38,38,friends,upi,niyo,hdfc,english_natural
bhai exam fee ka 40558 rupaye PhonePe se de diya,40558,education,upi,phonepe,,voice_transcript
breakfast snacks chai coffee ₹19287 cash,19287,food,cash,,,cue_row
subah 144 rupaye ride lya Bharat Petroleum pe cash me,144,travel,cash,,,hinglish_natural
GPay payment Rs4192 stationery HDFC Bank 6425 done,4192,education,upi,gpay,hdfc,ocr_upi
"FLIPKART
Item 1 365
Item 2 ₹277
Total Rs.341.94
CASH",341.94,shopping,cash,,,ocr_receipt
Just paid ₹8873 to dost through cred,8873,friends,upi,cred,fi,english_natural
INR 494 debited from your Federal Bank account for Unacademy (PhonePe UPI),494,education,upi,phonepe,federal bank,ocr_upi
gas bill me 9068 rupaiye ka recharge kiya Gpay se,9068,utilities,upi,gpay,fi,hinglish_natural
sent 36655 to friend on phonepe split bill UPI,36655,friends,upi,phonepe,,cue_row
Amazon pe 480 rupay ka khareed lya via Phonepe Fi se,480,shopping,upi,phonepe,fi,hinglish_natural
bhai Tata CLiQ ka 4777 rupaye card se de diya,4777,shopping,card,,,voice_transcript
Paid Rs544.39 to flatmate phonepe UPI hdfc 3257 Completed,544.39,friends,upi,phonepe,hdfc,ocr_upi
SIP Rs32648.21 G Pay,32648.21,investment,upi,gpay,indusind,ocr_upi
43256 Kuvera UPI se de diye,43256,investment,upi,slice,bob,hinglish_natural
"BEWAKOOF RESTAURANT
Total 2231
Cash Received
Change 0.00",2231,shopping,card,,,ocr_receipt
Paid Rs.33923 for Zee5 via NIYO,33923,entertainment,upi,niyo,,english_natural
262 charged for Faasos on Fi,262,food,upi,fi,,english_natural
3290 rupees Bajaj Finance EMI UPI se de diya,3290,emi,upi,niyo,hdfc,hinglish_natural
i paid 4072 rupees for Arjun using cash,4072,friends,cash,,,voice_transcript
UPI/50026958/SNAPDEAL/INDUSIND BANK,4216,shopping,card,,indusind,english_natural
maine 61 rupaye Cleartrip ko diye Google Pay se,61,travel,upi,gpay,,voice_transcript
i did 35825 expense on Rahul using Fi,35825,friends,upi,fi,,voice_transcript
TO:FRESHMENU freshmenu.58942@icicibank From:PRIYASHARMA (ICICI gpay : sender3207@okicicibank,743,food,upi,gpay,icici,ocr_upi
Nature's Basket mein 286 lag gaye gpay se bhara,286,food,upi,gpay,sbi,voice_transcript
Paid 459 for Zerodha via Google Pay,459,investment,upi,gpay,,english_natural
restaurant se khana order kia 145 ₹ ka UPI se diyee Jupiter wale account se zyada ho gaya,145,food,upi,gpay,jupiter,hinglish_natural
dost Neha ko 1254 rupaye NIYO se bheje,1254,friends,upi,niyo,,friends_synthetic
office se aate hue Apollo Pharmacy me 2883 rs ka test karaya cash me,2883,healthcare,cash,,niyo,hinglish_natural
Library fee INR 32630,32630,education,upi,cred,,source_english
Paid Rs.45.07 for Vedantu from my ICICI Bank account via card,45.07,education,card,,icici,english_natural
home loan EMI ka EMI kat gayi 4693 gpay se pay kya,4693,emi,upi,gpay,,hinglish_natural
maine 2573 rupaye Haldirams ko diye G Pay se,2573,food,upi,gpay,,voice_transcript
Rs.669.18 to Unacademy via paytm,669.18,education,upi,paytm,,english_natural
POS/DIVYA/NIYO/2558,321,friends,upi,niyo,,english_natural
979 BSNL,979,utilities,upi,gpay,axis,english_natural
PPF contribution INR 47974,47974,investment,card,,,source_english
education loan EMI pe 1503 rupees ka EMI kat gayi card se pay kr diya,1503,emi,card,,,hinglish_natural
gas bill se recharge kiyaa 3452 rupay ka bhim se,3452,utilities,upi,bhim,slice,hinglish_natural
bhai Amit ko udhar return kiya 317 rs Phonepe se,317,friends,upi,phonepe,kotak,friends_synthetic
Jio recharge me 49045 rs. ka bill pay kar diya CRED se,49045,utilities,upi,cred,,hinglish_natural
education loan EMI payment ?118 done via Mastercard,118,emi,card,,,english_natural
POS/BLINKIT/CASH/6784,3892.52,food,cash,,,english_natural
subah 169 EMI bhara credit card EMI pe debit card se Punjab National Bank se,169,emi,card,,pnb,hinglish_natural
Payment of Rs.4506 to PPF was successful via Bhim UPI Ref No 4680152765 State Bank Account 1127,4506,investment,upi,bhim,sbi,ocr_upi
sent money to Priya t338 on CRED,338,friends,upi,cred,kotak,friends_synthetic
lunch dinner food order swiggy zomato restaurant meal 1016 Phone Pe,1016,food,upi,phonepe,,cue_row
paid Ananya Rs.1618 via Google Pay,1618,friends,upi,gpay,,friends_synthetic
"Receipt #4653
PVR
Amount Paid: ₹423.82
Mode: CARD",423.82,entertainment,card,,,ocr_receipt
Library fee INR 27684,27684,education,card,,,source_english
JioCinema 392 rupaye UPI se,392,entertainment,upi,cred,,hinglish_natural
ACT Fibernet mein 2505 lag gaye card se bhara,2505,utilities,card,,,voice_transcript
kal Ola ka ride le liya 438 ₹ cash diyee,438,travel,cash,,,hinglish_natural
42 rs. khana order kiya EatFit pe slice se,42,food,upi,slice,,hinglish_natural
Karan pe 2901 rs ka udhar return kiya cash me,2901,friends,cash,,icici,hinglish_natural
Uber ka ticket book kia 7739 rupees card se,7739,travel,card,,,hinglish_natural
i did 326 expense on SBI loan using Phone Pe,326,emi,upi,phonepe,,voice_transcript
Amazon Prime 4486 rs. debit card se kotak wale account se,4486,entertainment,card,,kotak,hinglish_natural
sent money to Karan Rs.2591 on cash,2591,friends,cash,,,friends_synthetic
₹402 to Udemy via Google Pay,402,education,upi,gpay,,english_natural
Paid Rs.48691 for Apple Music from my Niyo account via credit card,48691,entertainment,card,,niyo,english_natural
TO:SBILOAN sbiloan.64174@icicibank From:PRIYASHARMA (icici Gpay : user2594@okicicibank,38636,emi,upi,gpay,icici,ocr_upi
paid 943 to exam fee through card from YES BANK,943,education,card,,yes bank,voice_transcript
INR 3489 paid to Shreya via gpay from Bandhan,3489,friends,upi,gpay,bandhan,english_natural
Zomato se kha liya 155 rupay ka cash diye,155,food,cash,,,hinglish_natural
INR 19971 paid to Amazon Prime via phonepe UPI from RBL Bank Bank ending 1157,19971,entertainment,upi,phonepe,rbl,ocr_upi
1mg ka 3430 rupees ka bill gpay se pay kiya,3430,healthcare,upi,gpay,jupiter,voice_transcript
sent R 20235 to yaar on Google Pay,20235,friends,upi,gpay,hdfc,friends_synthetic
mutual fund SIP stocks PPF FD investment 22739 card,22739,investment,card,,sbi,cue_row
Paid Practo INR 4371 using CRED from kotak,4371,healthcare,upi,cred,kotak,english_natural
SBI loan ka 439 rupees ka bill card se pay kiya,439,emi,card,,,voice_transcript
Spent 12188.43 on Rapido using Phonepe,12188.43,travel,upi,phonepe,hdfc,english_natural
819 rupay personal loan EMI UPI se pay kiya,819,emi,upi,fi,,hinglish_natural
aaj Pizza Hut pe 1137 rupaye kharcha hua PayTM se,1137,food,upi,paytm,,voice_transcript
Medical test charges INR 34459,34459,healthcare,cash,,,source_english
lunch dinner food order swiggy zomato restaurant meal t3123 bhim,3123,food,upi,bhim,,cue_row
today i spent 27745 on ET Money via card,27745,investment,card,,,voice_transcript
Spent ₹35586.39 on Starbucks using debit card,35586.39,food,card,,axis,english_natural
ATM/CASH/BANK/4438,4438,food,upi,cred,,english_natural
electronics clothes shoes accessories purchase 4002 via card,4002,shopping,card,,,cue_row
uber ola cab ride airport train ticket Rs.4810 cash,4810,travel,cash,,,cue_row
PPF contribution INR 32284,32284,investment,card,,icici,source_english
₹832.66 to Groww via PayTM,832.66,investment,upi,paytm,,english_natural
dhaba me 106 rupees ka khana order kya Paytm se pay kiyaa,106,food,upi,paytm,,hinglish_natural
NPS 237 rupees UPI se pay kar diya,237,investment,upi,slice,,hinglish_natural
H&M INR 752,752,shopping,upi,paytm,,english_natural
stocks 204 rupaye UPI se diy,204,investment,upi,jupiter,,hinglish_natural
507.79 paid to Netflix via Google Pay UPI from Axis Bank ending 7622,507.79,entertainment,upi,gpay,axis,ocr_upi
i paid 4902 rupees for Kuvera using Paytm,4902,investment,upi,paytm,kotak,voice_transcript
"LENSKART RESTAURANT
Total 4870
Cash Received
Change 0.00",4870,healthcare,upi,paytm,,ocr_receipt
4936 rs checkup karaya dentist pe haath se de diya,4936,healthcare,cash,,,hinglish_natural
Used Federal Bank Visa to pay ?3439 for mall,3439,shopping,card,,federal bank,english_natural
DishTV me 685 rupees ka recharge kiyaa Gpay se matlab,685,utilities,upi,gpay,niyo,hinglish_natural
coaching exam preparation study material 3875 cash,3875,education,cash,,,cue_row
242.90 paid to IndiGo via PhonePe UPI from Punjab National Bank Bank ending 5317,242.90,travel,upi,phonepe,pnb,ocr_upi
i paid 4323 rupees for crypto using card,4323,investment,card,,,voice_transcript
kal Pizza Hut 39607 rupaiye UPI se pay kiya,11491,food,upi,phonepe,,source_hinglish
765 rs test karaya Practo ko card se sasta tha,765,healthcare,card,,,hinglish_natural
Phonepe payment 1773.63 exam fee ICICI 2653 completed,1773.63,education,upi,phonepe,icici,ocr_upi
Haldirams 465.17,465.17,food,upi,slice,,english_natural
4406 ₹ YouTube Premium debit card se,4406,entertainment,card,,canara,hinglish_natural
TO:FRIEND friend.51654@yesbankbank From:PRIYASHARMA (Yes Bank CRED : user8158@okyesbankbank,49254.31,friends,upi,cred,yes bank,ocr_upi
roommate payment 213.40 done via debit card,213.40,friends,card,,,english_natural
Apple Music 414 Slice Payment done ICICI Bank 2247,414,entertainment,upi,slice,icici,ocr_upi
sent money to Neha Rs 5426 on Phone Pe,5426,friends,upi,phonepe,,friends_synthetic
spent 46 rupees on Angel One via card,46,investment,card,,,voice_transcript
"Receipt #9754
society maintenance
Amount Paid: Rs84
Mode: Phone Pe",84,utilities,upi,phonepe,,ocr_receipt
Vedantu ka course lia 24896 rupaiye UPI se pay kr diya Axis card se yaar,38387,education,upi,cred,axis,source_hinglish
personal loan EMI se loan payment kiyaa 290 rupees ka credit card se,290,emi,card,,,hinglish_natural
flight booking travel ticket Rs 492 cash,492,travel,cash,,,cue_row
TO:GASBILL gasbill.94342@hdfcbank From:PRIYASHARMA (HDFC phonepe : user4477@okhdfcbank,2405,utilities,upi,phonepe,hdfc,ocr_upi
Spent ₹7651.33 on water bill using G Pay,7651.33,utilities,upi,gpay,,english_natural
Paid INR 162 for Reliance Digital via Visa,162,shopping,card,,,english_natural
171 to exam fee via Mastercard Niyo account,171,education,card,,niyo,english_natural
658 doctor,658,healthcare,card,,,english_natural
ghar jaate waqt bhai 3796 rupaiye UPI se,3796,friends,upi,slice,,hinglish_natural
sent money to Divya Rs.13126 on Cred,13126,friends,upi,cred,hdfc,friends_synthetic
Udemy payment Rs 460.29 done via Paytm,460.29,education,upi,paytm,,english_natural
"ELECTRICITY BILL
Item 1 Rs 280
Item 2 256
Total Rs425
Cred",425,utilities,upi,cred,,ocr_receipt
87 rs. insurance premium UPI se die,87,utilities,upi,phonepe,kotak,hinglish_natural
sent money to roommate Rs.2061 on paytm,2061,friends,upi,paytm,,friends_synthetic
education loan EMI 31071 Google Pay Completed icici 6973,31071,emi,upi,gpay,icici,ocr_upi
bhai bro 41651 rupees Gpay pe Axis se,41651,friends,upi,gpay,axis,hinglish_natural
ATM/CASH/IDFC FIRST/3614.49,3614.49,emi,card,,idfc,english_natural
subah Ananya se transfer kia 431 rupaiye ka Niyo pe Indusind Bank se,431,friends,upi,niyo,indusind,hinglish_natural
bhai personal loan EMI ka 285 rupaye PayTM se de diya,285,emi,upi,paytm,,voice_transcript
split bill 220 Slice se flatmate ko diya,220,friends,upi,slice,hdfc,friends_synthetic
COIN INR 7784.23,7784.23,investment,upi,gpay,,english_natural
paid back friend lent money ₹1118 cash,1118,friends,cash,,,cue_row
aaj SonyLIV pe 19960 rupaye kharcha hua card se,19960,entertainment,card,,,voice_transcript
mall ka saman lia 223 rupees cash me,223,shopping,cash,,,hinglish_natural
325 cash Faasos,325,food,cash,,,english_natural
DishTV ka recharge kar diya 1689 rupaye UPI se de diya,1689,utilities,upi,gpay,,hinglish_natural
2501 to BookMyShow via G Pay,2501,entertainment,upi,gpay,,english_natural
3607 rs admission kar diya BYJU'S pe via paytm ICICI wale account se,3607,education,upi,paytm,icici,hinglish_natural
JioCinema pe 20022 rupay ka movie dekhi card se,20022,entertainment,card,,,hinglish_natural
bhai Groww ka 48422 rupaye card se de diya,48422,investment,card,,,voice_transcript
i paid 445 rupees for Spotify using cash,445,entertainment,cash,,icici,voice_transcript
amazon flipkart myntra online shopping order ?395 card,395,shopping,card,,,cue_row
dost 45867 rs UPI se de diya matlab,45867,friends,upi,paytm,,hinglish_natural
"CLINIC RESTAURANT
Total 135
Cash Received
Change 0.00",135,healthcare,upi,gpay,hdfc,ocr_receipt
₹130 debited from your HDFC Bank account for Chai Point (Phonepe UPI),130,food,upi,phonepe,hdfc,ocr_upi
Paid Rs 288 for SIP via Gpay,288,investment,upi,gpay,,english_natural
bhai yaar ka 741 rupaye SLICE se de diya,741,friends,upi,slice,,voice_transcript
yaar Meesho pe 38857 ₹ ka saman liya Phonepe se ICICI Bank card se bohot mehenga,38857,shopping,upi,phonepe,icici,hinglish_natural
Netmeds Rs 616 debit card,616,healthcare,card,,,english_natural
Priya se dost ko die 4274 rs. ka card se pay kya bohot mehenga,4274,friends,card,,,hinglish_natural
3127 rupees friend Bhim pe,3127,friends,upi,bhim,,hinglish_natural
split bill 194 cash se yaar ko diya,194,friends,cash,,,friends_synthetic
Rs.86.33 paid to eye checkup via cash from State Bank,86.33,healthcare,cash,,sbi,english_natural
276 rs water bill paytm se,276,utilities,upi,paytm,,hinglish_natural
education loan EMI se EMI kat gayi 15194 ₹ ka card se pay kar diya,15194,emi,card,,,hinglish_natural
raat ko society maintenance se bill pay kya 71 rupees ka via PhonePe HDFC se kata,71,utilities,upi,phonepe,hdfc,hinglish_natural
Gaana 2677 Visa,2677,entertainment,card,,sbi,english_natural
ghar jaate waqt 4064 rs insurance premium credit card se bc,4064,utilities,card,,,hinglish_natural
amazon flipkart myntra online shopping order 1152 card,1152,shopping,card,,hdfc,cue_row
subah Reliance Digital 4676 rupaye credit card se ICICI se kata bhai,4676,shopping,card,,icici,hinglish_natural
bhai college fees ka 58 rupaye Gpay se de diya,58,education,upi,gpay,,voice_transcript
Zepto 3478 rs. UPI se pay kiyaa zyada ho gaya,3478,food,upi,gpay,,hinglish_natural
Lenskart ka medicine liyaa 2985 rupees credit card se,2985,healthcare,card,,niyo,hinglish_natural
2813 rupaiye payment kar diya ACT Fibernet pe card se pay kia State Bank card se,2813,utilities,card,,sbi,hinglish_natural
Spent R 43979.81 on yaar using G Pay,43979.81,friends,upi,gpay,,english_natural
"Box8 BILL
St: ₹2565
CARD approved",2565,food,card,,,ocr_receipt
3801 transfer kiyaa Ananya ko UPI se sbi account se,3801,friends,upi,gpay,sbi,hinglish_natural
₹3867 debited from your Punjab National Bank account for electricity bill (niyo UPI),3867,utilities,upi,niyo,pnb,ocr_upi
crypto gold bonds NPS portfolio Rs44408 paytm,44408,investment,upi,paytm,,cue_row
"TAX INVOICE
electricity bill
Grand Total: Rs.6353.84
Payment: Paytm",6353.84,utilities,upi,paytm,,ocr_receipt
personal loan installment EMI deduction Rs 1618 slice,1618,emi,upi,slice,canara,cue_row
"Receipt #2999
Apollo Pharmacy
Amount Paid: 1983
Mode: CASH",1983,healthcare,cash,,,ocr_receipt
145.28 paid to Udemy via phonepe from hdfc,145.28,education,upi,phonepe,hdfc,english_natural
Library fee INR 24613,24613,education,upi,gpay,,source_english
hospital doctor pharmacy medicine diagnostic INR 8106 PayTM,8106,healthcare,upi,paytm,,cue_row
"BILL
market
₹15063
SLICE
Thank You Visit Again",15063,shopping,upi,slice,,ocr_receipt
Rs.83 paid to Paytm Money via GPay from HDFC,83,investment,upi,gpay,hdfc,english_natural
FirstCry 3357 ₹ Google Pay se pay kiya budget tod diya,3357,shopping,upi,gpay,pnb,hinglish_natural
MedPlus ka checkup karaya 4831 rupees naqad,4831,healthcare,cash,,,hinglish_natural
Payment of Rs.260.27 to dentist was successful via G Pay UPI Ref No 70860437758725 hdfc Account 6739,260.27,healthcare,upi,gpay,hdfc,ocr_upi
t29436.58 debited from your HDFC account for auto (phonepe UPI),29436.58,travel,upi,phonepe,hdfc,ocr_upi
crypto ka 22946 rupees ka bill card se pay kiya,22946,investment,card,,,voice_transcript
crypto gold bonds NPS portfolio Rs 17414 Gpay,17414,investment,upi,gpay,,cue_row
Paid Rs.35520 for Amit via G Pay,35520,friends,upi,gpay,,english_natural
sent Rs.19149 to Arjun on phonepe,19149,friends,upi,phonepe,,friends_synthetic
"Reliance Digital 434 Completed 11Jun 2025,9:25 am ICICI Bank 4649 UPI transaction ID 25436597510756",434,shopping,upi,fi,icici,ocr_upi
Phonepe payment Rs.280.39 1mg sbi 3160 completed,280.39,healthcare,upi,phonepe,sbi,ocr_upi
"Receipt #6183
Amazon
Amount Paid: Rs44534.67
Mode: Cred",44534.67,shopping,upi,cred,,ocr_receipt
Rs.446.03 charged for tuition on SLICE,446.03,education,upi,slice,,english_natural
"BILL
Netflix
₹2281
CARD
Thank You Visit Again",2281,entertainment,card,,kotak,ocr_receipt
Personal loan installment INR 13573,13573,emi,card,,sbi,source_english
3412 ka society maintenance bill pay kiya cash se,3412,utilities,cash,,,voice_transcript
sent Rs 16067 to Arjun on phonepe,16067,friends,upi,phonepe,,friends_synthetic
upGrad 4335 rupay cash die,4335,education,cash,,pnb,hinglish_natural
2198 rupees rent card YES BANK account,2198,utilities,card,,yes bank,voice_transcript
UPI/21649174/BAJAJ FINANCE EMI/ICICI BANK,554,emi,card,,icici,english_natural
Divya me 44909 ₹ ka split kya cash me hdfc card se,44909,friends,cash,,hdfc,hinglish_natural
"TAX INVOICE
Behrouz
Grand Total: INR 20505
Payment: CASH",20505,food,cash,,,ocr_receipt
bhai Amit ko udhar return kiya 1913 rs PhonePe se,1913,friends,upi,phonepe,,friends_synthetic
dost bhai ko 4190 rupaye PayTM se bheje,4190,friends,upi,paytm,,friends_synthetic
Ananya ko 3530 transfer kiya niyo se,3530,friends,upi,niyo,hdfc,friends_synthetic
sent t2576 to Amit on Slice,2576,friends,upi,slice,,friends_synthetic
Paid ACT Fibernet Rs.1012.98 using Gpay from ICICI Bank,1012.98,utilities,upi,gpay,icici,english_natural
bhai Divya ko udhar return kiya 7141 rs cash se,7141,friends,cash,,,friends_synthetic
284 rupaye Pizza Hut card se,284,food,card,,hdfc,hinglish_natural
₹30809.86 paid to Pooja via jupiter UPI from hdfc Bank ending 8699,30809.86,friends,upi,jupiter,hdfc,ocr_upi
Lenskart t12287.42 Niyo,12287.42,healthcare,upi,niyo,canara,english_natural
flight booking travel ticket ₹174 SLICE,174,travel,upi,slice,,cue_row
Used axis Fi to pay ₹3278.19 for insurance premium,3278.19,utilities,upi,fi,axis,english_natural
office se aate hue H&M pe 186 rupaiye ka saman lya PhonePe se pay kr diya,186,shopping,upi,phonepe,,hinglish_natural
electricity bill INR 2002 debited from idfc,2002,utilities,upi,paytm,idfc,english_natural
PPF 1750 rupaiye UPI se de diya,9736,investment,upi,cred,,source_hinglish
Pooja ko 6189 transfer kiya phonepe se,6189,friends,upi,phonepe,,friends_synthetic
dopahar ko Angel One 42031 rs. debit card se,42031,investment,card,,,hinglish_natural
coaching exam preparation study material t13405 Bhim,13405,education,upi,bhim,,cue_row
gaming concert event ticket Rs.4593 Gpay,4593,entertainment,upi,gpay,,cue_row
Indian Oil 584 Gpay Payment done HDFC Bank 8458,584,travel,upi,gpay,hdfc,ocr_upi
personal loan EMI ka EMI kat gayi 3498 rupees card se pay kar diya Bandhan card se sasta tha,3498,emi,card,,bandhan,hinglish_natural
INR 1298 paid to 1mg via PayTM UPI from ICICI Bank Bank ending 4420,1298,healthcare,upi,paytm,icici,ocr_upi
2236 paid to PVR via Visa from Fi Money,2236,entertainment,card,,fi,english_natural
paid 773 to RedBus through PhonePe,773,travel,upi,phonepe,,voice_transcript
499 rupay food order kar diya Haldirams ko UPI se diye yaar,499,food,upi,paytm,hdfc,hinglish_natural
lunch dinner food order swiggy zomato restaurant meal ₹18044 cash,18044,food,cash,,sbi,cue_row
1005 rupees paisa daala Kuvera pe card se,1005,investment,card,,,hinglish_natural
14376 debited from your ICICI Bank account for Vi recharge (Cred UPI),14376,utilities,upi,cred,icici,ocr_upi
Rs 1565.21 charged for dhaba on gpay,1565.21,food,upi,gpay,hdfc,english_natural
Payment of Rs.1064.01 to INOX was successful via Cred UPI Ref No 75705320936130 Punjab National Bank Account 7318,1064.01,entertainment,upi,cred,pnb,ocr_upi
sent money to Ananya Rs.1823 on PayTM,1823,friends,upi,paytm,idfc,friends_synthetic
Clothing store bill INR 1614,1614,shopping,card,,icici,source_english
BYJU'S ka course liyaa 146 ₹ debit card se,146,education,card,,,hinglish_natural
Game purchase INR 9502,9502,entertainment,upi,slice,,source_english
dinner split 397 rupaye Priya Paytm,397,friends,upi,paytm,,friends_synthetic
NEFT/TRANSFER/TUITION/HDFC,64,education,card,,hdfc,english_natural
Rs.7620 to Ananya card UPI,7620,friends,card,,,friends_synthetic
lab test ₹4329.96 PhonePe,4329.96,healthcare,upi,phonepe,icici,ocr_upi
"CONCERT
Item 1 Rs.444
Item 2 197
Total Rs.1191
CARD",1191,entertainment,card,,idfc,ocr_receipt
hospital doctor pharmacy medicine diagnostic 492 card,492,healthcare,card,,,cue_row
gaming concert event ticket 442 BHIM,442,entertainment,upi,bhim,hdfc,cue_row
Rs20 charged for Zara on cash,20,shopping,cash,,,english_natural
49466 rupaiye SIP via Google Pay,49466,investment,upi,gpay,niyo,hinglish_natural
973 ₹ buy kr diya market ko card se pay kia,973,shopping,card,,sbi,hinglish_natural
HP Petrol ka cab lya 223 rupay card se,223,travel,card,,,hinglish_natural
raat ko Groww 80 ₹ card se,80,investment,card,,,hinglish_natural
electronics store 4979 rupaiye debit card se yaar,4979,shopping,card,,,hinglish_natural
"BILL
Barbeque Nation
Rs 337
CASH
Thank You Visit Again",337,food,cash,,axis,ocr_receipt
netflix spotify hotstar subscription movie show ₹4794 gpay,4794,entertainment,upi,gpay,,cue_row
3147 market,3147,shopping,card,,sbi,english_natural
gas bill 2398.40,2398.40,utilities,upi,phonepe,,english_natural
Bajaj Finance EMI se loan payment kr diya 3703 rupaiye ka card se,3703,emi,card,,,hinglish_natural
Cafe coffee INR 37514,37514,food,upi,phonepe,,source_english
flatmate rent share 378 phonepe Rohan,378,friends,upi,phonepe,,friends_synthetic
Home loan EMI INR 10809,10809,emi,upi,gpay,,source_english
"STARBUCKS RESTAURANT
Total 419
Cash Received
Change 0.00",419,food,cash,,,ocr_receipt
Tata Play 4533 rupaye via GPay Axis se,4533,utilities,upi,gpay,axis,hinglish_natural
Nature's Basket se khana order kia 39265 ₹ ka gpay se pay kr diya,39265,food,upi,gpay,,hinglish_natural
bhai YouTube Premium ka 3338 rupaye card se de diya,3338,entertainment,card,,jupiter,voice_transcript
35431 rupaye split kya roommate pe naqad,35431,friends,cash,,sbi,hinglish_natural
"H&M
Net Amount 3980
Paid via paytm",3980,shopping,upi,paytm,,ocr_receipt
Paid ₹344.86 for Bharat Petroleum via cash,344.86,travel,cash,,,english_natural
"BILL
mobile recharge
4419.87
Phone Pe
Thank You Visit Again",4419.87,utilities,upi,phonepe,,ocr_receipt
"CCD 455 Completed 12Apr 2025,6:27 am State Bank 4300 UPI transaction ID 888804970464",455,food,upi,gpay,sbi,ocr_upi
Spent Rs 3554.57 on insurance premium using G Pay,3554.57,utilities,upi,gpay,,english_natural
society maintenance pe 13198 ka payment kiya card se pay kiya,13198,utilities,card,,,hinglish_natural
"APPLE MUSIC RESTAURANT
Total 3162
Cash Received
Change 0.00",3162,entertainment,card,,,ocr_receipt
472 rupaiye market UPI se,472,shopping,upi,slice,pnb,hinglish_natural
366 rupaye market credit card se,366,shopping,card,,,hinglish_natural
"BSNL RESTAURANT
Total 21754
Cash Received
Change 0.00",21754,utilities,upi,gpay,,ocr_receipt
GAANA INR 343,343,entertainment,upi,gpay,,english_natural
bhai Jio recharge ka 335 rupaye PhonePe se de diya,335,utilities,upi,phonepe,,voice_transcript
45 rupaiye Uber UPI se,45,travel,upi,fi,,hinglish_natural
Croma 3913 debited from hdfc,3913,shopping,card,,hdfc,english_natural
₹2145.23 charged for Practo on PayTM,2145.23,healthcare,upi,paytm,,english_natural
"Zara
Net Amount 94
Paid via CARD",94,shopping,card,,kotak,ocr_receipt
26162 ₹ SpiceJet UPI se diy bc,26162,travel,upi,gpay,slice,hinglish_natural
electricity water broadband mobile recharge bill R 3949 Google Pay,3949,utilities,upi,gpay,,cue_row
ET Money se SIP bhar diya 104 rupees ka GPay se pay kr diya,104,investment,upi,gpay,pnb,hinglish_natural
Vedantu ka tuition diye 2748 rupaye UPI se de diya Canara se kata,2748,education,upi,phonepe,canara,hinglish_natural
bhai 3078 rupaye Apple Music UPI se diyee,3489,entertainment,upi,phonepe,,source_hinglish
4718 rs. mangwaya Swiggy pe UPI se pay kia Federal Bank account se,4718,food,upi,gpay,federal bank,hinglish_natural
Lenskart 3766 rs. cash diye kotak se kata,3766,healthcare,cash,,kotak,hinglish_natural
bhai 1615 rs. Dunkin cash de diye,1615,food,cash,,,hinglish_natural
UPI/52737790/HDFC LOAN/FI MONEY,4100,emi,card,,fi,english_natural
Paid Rs.222.16 to car loan EMI GPay UPI Yes Bank 7178 Successful,222.16,emi,upi,gpay,yes bank,ocr_upi
paid back friend lent money Rs.3185 cash,3185,friends,cash,,,cue_row
breakfast snacks chai coffee Rs.283 SLICE,283,food,upi,slice,sbi,cue_row
Biryani Blues se mangwaya 171 rupay ka cash me HDFC Bank se kata,171,food,cash,,hdfc,hinglish_natural
bhai RedBus ka 3791 rupaye card se de diya,3791,travel,card,,,voice_transcript
breakfast snacks chai coffee t36 CRED,36,food,upi,cred,,cue_row
28046.61 Visa car loan EMI,28046.61,emi,card,,kotak,english_natural
SBI loan ka loan payment kr diya 15611 rs. UPI se die budget tod diya,15611,emi,upi,slice,,hinglish_natural
dost dost ko 536 rupaye GPay se bheje,536,friends,upi,gpay,,friends_synthetic
Zara 32 gpay se,32,shopping,upi,gpay,,hinglish_natural
Paid Rs.1961 for YouTube Premium via card,1961,entertainment,card,,sbi,english_natural
2966 rs fees bhara exam fee pe via bhim hdfc card se,2966,education,upi,bhim,hdfc,hinglish_natural
Groww Rs.337.34 card,337.34,investment,card,,,english_natural
aaj H&M pe 4397 rupaye kharcha hua Google Pay se,4397,shopping,upi,gpay,,voice_transcript
raat ko 110 ₹ stock le liya FD pe UPI se,110,investment,upi,slice,niyo,hinglish_natural
cred payment 922 bhai SBI 8938 successful,922,friends,upi,cred,sbi,ocr_upi
electronics clothes shoes accessories purchase ₹54 via card,54,shopping,card,,,cue_row
Spent t17130 on Udemy using Gpay,17130,education,upi,gpay,hdfc,english_natural
Behrouz ka khana khaaya 3950 rs. UPI se matlab,3950,food,upi,paytm,icici,hinglish_natural
ghar jaate waqt 352 rs Divya UPI se de diye,352,friends,upi,gpay,kotak,hinglish_natural
bike loan EMI R 207 credit card,207,emi,card,,icici,english_natural
28669 ka Uber bill pay kiya Slice se,28669,travel,upi,slice,,voice_transcript
2710 ka Netmeds bill pay kiya cash se,2710,healthcare,cash,,,voice_transcript
113 rupees petrol bharaa Cleartrip ko UPI se diy Kotak wale account se,2094,travel,upi,jupiter,kotak,source_hinglish
dopahar ko 1485 rupees college fees haath se diyee,1485,education,cash,,axis,hinglish_natural
"TAX INVOICE
Netflix
Grand Total: Rs.7348
Payment: Jupiter",7348,entertainment,upi,jupiter,,ocr_receipt
TO:YATRA yatra.37457@sbibank From:RAHULKUMAR (sbi Gpay : user2713@oksbibank,2510.74,travel,upi,gpay,sbi,ocr_upi
HDFC loan Rs39935 card,39935,emi,card,,jupiter,english_natural
Doctor consultation INR 17462,17462,healthcare,card,,,source_english
sent ₹338 to friend on Google Pay split bill UPI,338,friends,upi,gpay,,cue_row
rent se bill bharaa 35845 rs. ka UPI se die State Bank wale account se,35845,utilities,upi,cred,sbi,hinglish_natural
bhai Meesho ka order kiyaa 12482 rupees card se pay kar diya,12482,shopping,card,,,hinglish_natural
FirstCry 450 rs. UPI se pay kia,450,shopping,upi,bhim,,hinglish_natural
gaming concert event ticket 150 card,150,entertainment,card,,,cue_row
Tata Play pe 2118 rupees ka bill pay kar diya Phone Pe se pay kr diya Union Bank se achha deal mila,2118,utilities,upi,phonepe,union bank,hinglish_natural
crypto t4077 Google Pay,4077,investment,upi,gpay,,english_natural
broadband ₹157 bhim,157,utilities,upi,bhim,sbi,ocr_upi
electricity water broadband mobile recharge bill R 2816 GPay,2816,utilities,upi,gpay,,cue_row
Haldirams ka mangwaya 14061 rupay phonepe se,14061,food,upi,phonepe,,hinglish_natural
UPI/01151612/ZEE5/BANK,187.50,entertainment,card,,,english_natural
metro 3361 PhonePe Successful State Bank 7154,3361,travel,upi,phonepe,sbi,ocr_upi
119 rupees SIP Phone Pe,119,investment,upi,phonepe,,voice_transcript
17126 rupees Zepto Niyo se,17126,food,upi,niyo,,hinglish_natural
coaching exam preparation study material Rs12466 card,12466,education,card,,,cue_row
Payment of 452 to Coursera was successful via Phone Pe UPI Ref No 60917310809 hdfc Account 3114,452,education,upi,phonepe,hdfc,ocr_upi
39997 debited from your Kotak account for Faasos (G Pay UPI),39997,food,upi,gpay,kotak,ocr_upi
Just paid ₹469 to Nykaa through Phonepe,469,shopping,upi,phonepe,,english_natural
Apollo Pharmacy Rs.4663.63 Phone Pe,4663.63,healthcare,upi,phonepe,kotak,ocr_upi
dost roommate ko 450 rupaye cash se bheje,450,friends,cash,,,friends_synthetic
gaming concert event ticket Rs 27866 SLICE,27866,entertainment,upi,slice,,cue_row
spent 593 rupees on flatmate via Google Pay,593,friends,upi,gpay,hdfc,voice_transcript
mobile recharge se payment kr diya 293 rs. ka cash diye hdfc se yaar,293,utilities,cash,,hdfc,hinglish_natural
Rs.344 to hospital via Visa,344,healthcare,card,,,english_natural
"society maintenance BILL
St: ₹4254
fi APPROVED",4254,utilities,upi,fi,,ocr_receipt
NEFT/TRANSFER/FLATMATE/SBI,47032,friends,upi,bhim,sbi,english_natural
₹12370 paid to upGrad via Paytm UPI from hdfc Bank ending 3858,12370,education,upi,paytm,hdfc,ocr_upi
Amazon Prime ka subscription renew kia 185 ₹ debit card se HDFC Bank account se,185,entertainment,card,,hdfc,hinglish_natural
456 rupay Zerodha debit card se,456,investment,card,,icici,hinglish_natural
Angel One se mutual fund kiya 7928 ka card se pay kr diya,7928,investment,card,,,hinglish_natural
PRIYA INR 135.18,135.18,friends,upi,gpay,,english_natural
Paid Rs.372 for school fees via slice,372,education,upi,slice,icici,english_natural
netflix spotify hotstar subscription movie show ?96 GPay,96,entertainment,upi,gpay,axis,cue_row
Paid ₹960.72 to DishTV gpay UPI hdfc 7308 Completed,960.72,utilities,upi,gpay,hdfc,ocr_upi
199 paisa daala PPF ko card se pay kr diya,199,investment,card,,,hinglish_natural
Internet recharge INR 742,742,utilities,upi,bhim,kotak,source_english
electronics clothes shoes accessories purchase ?4569 via Phone Pe,4569,shopping,upi,phonepe,,cue_row
2841 rs subscription renew kiya Spotify ko haath se die,2841,entertainment,cash,,,hinglish_natural
134 charged for exam fee on credit card,134,education,card,,,english_natural
Goibibo 3105 SBI,3105,travel,card,,sbi,english_natural
Nykaa 823 rupaiye debit card se,823,shopping,card,,slice,hinglish_natural
Netflix subscription INR 27484,27484,entertainment,cash,,,source_english
flatmate rent share 3371 SLICE colleague,3371,friends,upi,slice,,friends_synthetic
270 rupay SIP Slice pe,270,investment,upi,slice,icici,hinglish_natural
education loan EMI 306.52,306.52,emi,upi,slice,,english_natural
aaj HDFC loan pe 2410 rupaye kharcha hua card se,2410,emi,card,,fi,voice_transcript
Spent Rs.550.63 on gaming using debit card,550.63,entertainment,card,,,english_natural
2830.99 paid to Ola via card from Canara Bank,2830.99,travel,card,,canara,english_natural
maine 380 rupaye SBI loan ko diye card se,380,emi,card,,,voice_transcript
Paid ?48.70 for gas bill from my ICICI Bank account via cash,48.70,utilities,cash,,icici,english_natural
ghar jaate waqt PVR se show dekha 1702 rs ka debit card se,1702,entertainment,card,,,hinglish_natural
dopahar ko exam fee me 629 rs ka admission kiyaa UPI se,43331,education,upi,phonepe,,source_hinglish
sent ₹4807 to dost on Google Pay,4807,friends,upi,gpay,,friends_synthetic
raat ko 4313 rupaye ET Money phonepe se,4313,investment,upi,phonepe,hdfc,hinglish_natural
diagnostic pe 4583 ka checkup karaya cash me,4583,healthcare,cash,,axis,hinglish_natural
paid bhai ₹70 via cash,70,friends,cash,,,friends_synthetic
Rs 90 paid to Myntra via Paytm UPI from hdfc Bank ending 8666,90,shopping,upi,paytm,hdfc,ocr_upi
Bharat Petroleum ₹2344 credit card,2344,travel,card,,,english_natural
stationery ka admission kia 9920 rupaiye UPI se pay kar diya,9920,education,upi,gpay,,hinglish_natural
210 ₹ IndiGo UPI se de diya matlab,210,travel,upi,cred,sbi,hinglish_natural
BigBasket ka food order kiya 1241 ₹ cash de diye,1241,food,cash,,,hinglish_natural
flatmate payment ₹357.67 done via paytm,357.67,friends,upi,paytm,fi,english_natural
38966 Phonepe Meesho,38966,shopping,upi,phonepe,federal bank,english_natural
Zerodha 120 rupaiye card se pay kia,120,investment,card,,,hinglish_natural
paid back friend lent money t169 paytm,169,friends,upi,paytm,,cue_row
SonyLIV ka 395 rupees ka bill Gpay se pay kiya,395,entertainment,upi,gpay,,voice_transcript
Netmeds 4548.23 Axis Bank,4548.23,healthcare,card,,axis,english_natural
Spent 4369 on Air India using card,4369,travel,card,,kotak,english_natural
"credit card EMI 257.85 Completed 16Mar 2026,4:02 pm hdfc 7711 UPI transaction ID 87345129519",257.85,emi,upi,phonepe,hdfc,ocr_upi
Zee5 pe 1911 rupaiye ka show dekha card se pay kia,5,entertainment,card,,,hinglish_natural
326 rupees HDFC loan Jupiter,326,emi,upi,jupiter,,voice_transcript
₹1451 paid to Nature's Basket via G Pay UPI from Canara Bank Bank ending 6132,1451,food,upi,gpay,canara,ocr_upi
ATM/CASH/BANK/3486.09,3486.09,shopping,upi,bhim,,english_natural
561 rupaiye HP Petrol cash me,561,travel,cash,,icici,hinglish_natural
INR 2477 paid to PVR via CRED UPI from idfc Bank ending 2065,2477,entertainment,upi,cred,idfc,ocr_upi
"DOMINOS
Item 1 55
Item 2 223
Total Rs257.63
CRED",257.63,food,upi,cred,,ocr_receipt
SonyLIV 7713 Mastercard,7713,entertainment,card,,sbi,english_natural
Dunkin se khana order kia 1317 ka UPI se pay kia bc,1317,food,upi,gpay,axis,hinglish_natural
concert se show dekha 3547 ₹ ka via CRED ICICI se,3547,entertainment,upi,cred,icici,hinglish_natural
3936 Rahul,3936,friends,upi,fi,hdfc,english_natural
Bajaj Finance EMI ka EMI kat gayi 3022 rupaye Niyo se,3022,emi,upi,niyo,,hinglish_natural
dost Amit ko 1401 rupaye card se bheje,1401,friends,card,,,friends_synthetic
subah Apollo Pharmacy ka dawai le liya 378 rs card se pay kar diya,378,healthcare,card,,,hinglish_natural
rent maintenance gas connection Rs 28239 slice,28239,utilities,upi,slice,icici,cue_row
36553 Coin,36553,investment,upi,paytm,niyo,english_natural
Lenskart se test karaya 4197 ka via Google Pay,4197,healthcare,upi,gpay,,hinglish_natural
Paid INR 16280 for dost via SLICE,16280,friends,upi,slice,,english_natural
raat ko upGrad se fees bharaa 4893 ka cash de diya HDFC Bank se,4893,education,cash,,hdfc,hinglish_natural
Stock purchase INR 38240,38240,investment,upi,niyo,,source_english
ghar jaate waqt credit card EMI ka installment de diya 1881 rupaye UPI se bc,1881,emi,upi,cred,sbi,hinglish_natural
mutual fund SIP stocks PPF FD investment ₹3391 PayTM,3391,investment,upi,paytm,,cue_row
248.12 MedPlus,248.12,healthcare,upi,niyo,slice,english_natural
electricity water broadband mobile recharge bill 13380 cred,13380,utilities,upi,cred,,cue_row
Paid ₹2856 for MedPlus via G Pay,2856,healthcare,upi,gpay,,english_natural
Groww me 15182 rupaye ka invest kiyaa card se pay kr diya,15182,investment,card,,,hinglish_natural
office se aate hue Faasos ka khana order kiya 35578 ₹ NIYO se,35578,food,upi,niyo,,hinglish_natural
FirstCry 3963,3963,shopping,cash,,,english_natural
FreshMenu Rs.3758.76 PayTM,3758.76,food,upi,paytm,,english_natural
dopahar ko Zee5 ka show dekha 128 rs. haath se de diye,18259,entertainment,cash,,,source_hinglish
paid back friend lent money INR 372 cash,372,friends,cash,,,cue_row
2692 rs khana khya mess ko naqad HDFC wale account se,2692,food,cash,,hdfc,hinglish_natural
3500 rupees society maintenance GPay,3500,utilities,upi,gpay,,voice_transcript
electricity water broadband mobile recharge bill Rs.437 cash,437,utilities,cash,,,cue_row
Doctor consultation INR 25297,25297,healthcare,cash,,sbi,source_english
1000 rupaye doctor ko de diya Apollo Pharmacy pe card se,1000,healthcare,card,,,hinglish_natural
roommate se split kr diya 4437 ka UPI se pay kia achha deal mila,4437,friends,upi,slice,,hinglish_natural
school college tuition course books fees Rs.2080 cash,2080,education,cash,,kotak,cue_row
amazon flipkart myntra online shopping order Rs.251 phonepe,251,shopping,upi,phonepe,,cue_row
Paid ₹1844 for food court from my jupiter account via Jupiter,1844,food,upi,jupiter,jupiter,english_natural
"BILL
Spotify
₹25908
CASH
Thank You Visit Again",25908,entertainment,cash,,,ocr_receipt
42213.96 debited from your IndusInd account for car loan EMI (SLICE UPI),42213.96,emi,upi,slice,indusind,ocr_upi
"BILL
Nature's Basket
49009.93
phonepe
Thank You Visit Again",49009.93,food,upi,phonepe,,ocr_receipt
47 buy kiya mall ko Google Pay se pay kiya,47,shopping,upi,gpay,,hinglish_natural
1912 stationery,1912,education,upi,gpay,,english_natural
Paid Goibibo ₹37735 using Gpay,37735,travel,upi,gpay,,english_natural
7346 to Practo via Google Pay hdfc account,7346,healthcare,upi,gpay,hdfc,english_natural
Paid JioCinema Rs 132 using paytm,132,entertainment,upi,paytm,,english_natural
Rs 2783.07 to Rohan via credit card,2783.07,friends,card,,,english_natural
BookMyShow me 1759 rs ka ticket le liya debit card se,1759,entertainment,card,,,hinglish_natural
Paid INR 17065 to IRCTC niyo UPI Federal Bank 1416 Done,17065,travel,upi,niyo,federal bank,ocr_upi
bhai rent ka 3715 rupaye Slice se de diya,3715,utilities,upi,slice,jupiter,voice_transcript
Paid Rs.2142 for IndiGo from my idfc account via Visa,2142,travel,card,,idfc,english_natural
282 rupaye EMI bhara HDFC loan pe debit card se bc,282,emi,card,,,hinglish_natural
SonyLIV 1574.40 Gpay Completed SBI 2969,1574.40,entertainment,upi,gpay,sbi,ocr_upi
bhai Priya ko udhar return kiya 12224 rs cash se,12224,friends,cash,,,friends_synthetic
480 course liya Vedantu pe UPI se,480,education,upi,phonepe,jupiter,hinglish_natural
"VI RECHARGE
Item 1 Rs283
Item 2 Rs 370
Total 38382
Phonepe",38382,utilities,upi,phonepe,axis,ocr_receipt
Behrouz 120.43 cash,120.43,food,cash,,,english_natural
₹27742.56 debited from your ICICI account for Zee5 (PhonePe UPI),27742.56,entertainment,upi,phonepe,icici,ocr_upi
Spent 952.37 on FD using GPay,952.37,investment,upi,gpay,rbl,english_natural
3137 rupay fees bharaa tuition ko cred pe ICICI Bank account se,3137,education,upi,cred,icici,hinglish_natural
4115 rs dentist card se,4115,healthcare,card,,,hinglish_natural
today i spent 391 on Bajaj Finance EMI via card,391,emi,card,,,voice_transcript
hospital doctor pharmacy medicine diagnostic ₹1287 card,1287,healthcare,card,,,cue_row
bhai Gaana ka movie dekhi 1280 rupees naqad,1280,entertainment,cash,,slice,hinglish_natural
IndiGo ka 1219 rupees ka bill PayTM se pay kiya,1219,travel,upi,paytm,,voice_transcript
Vikram pe 4345 ka dost ko de diya UPI se,4345,friends,upi,slice,,hinglish_natural
bhai NPS se SIP bharaa 118 ₹ ka Google Pay se pay kr diya icici account se bc,118,investment,upi,gpay,icici,hinglish_natural
broadband ka bill pay kya 2842 ₹ BHIM se,2842,utilities,upi,bhim,,hinglish_natural
Pooja payment INR 379 done via Phonepe,379,friends,upi,phonepe,,english_natural
TO:NYKAA nykaa.55092@punjabnationalbankbank From:AMITSINGH (Punjab National Bank Gpay : user4402@okpunjabnationalbankbank,16764,shopping,upi,gpay,pnb,ocr_upi
Paid Rs.108.67 for Flipkart via credit card,108.67,shopping,card,,,english_natural
College fees payment INR 5290,5290,education,upi,phonepe,hdfc,source_english
rent 303 rupaiye niyo pe,303,utilities,upi,niyo,,hinglish_natural
3131 rupees buy kar diya Amazon pe naqad,3131,shopping,cash,,,hinglish_natural
NEFT/TRANSFER/COLLEGE FEES/,3306,education,cash,,,english_natural
ZEPTO INR 159 KOTAK MAHINDRA,159,food,upi,gpay,kotak,english_natural
2022 rupaiye payment kia gas bill pe UPI se pay kr diya,2022,utilities,upi,phonepe,,hinglish_natural
paid back friend lent money R 155 cash,155,friends,cash,,,cue_row
"D RENT 3898.08 Completed 28Mar 2026,10:52 pm YES BANK Bank 7833 UPI transaction ID 72545283240 TO:RENT rent.28123@yes bankbank Soogletransaction lD CICAgJjg912294 OPI Bhim",3898.08,utilities,upi,bhim,yes bank,ocr_upi
Haldirams me 307 rs ka khana khya card se pay kr diya zyada ho gaya,307,food,card,,,hinglish_natural
bhai Jio recharge se recharge kiyaa 3876 rupaiye ka card se,3876,utilities,card,,,hinglish_natural
doctor ₹40.10 Phonepe,40.10,healthcare,upi,phonepe,,english_natural
32758 rupaiye Coin PayTM se pay kiyaa,32758,investment,upi,paytm,,hinglish_natural
FD ka paisa daala 54 debit card se,54,investment,card,,,hinglish_natural
Shreya INR 13966 Phonepe,13966,friends,upi,phonepe,,english_natural
sent INR 235 to friend on PayTM,235,friends,upi,paytm,,friends_synthetic
Pooja me 293 rupees ka dost ko diy Slice pe,293,friends,upi,slice,niyo,hinglish_natural
bhai colleague ko udhar return kiya 15845 rs cash se,15845,friends,cash,,,friends_synthetic
i did 392 expense on Unacademy using slice,392,education,upi,slice,,voice_transcript
Flipkart ka buy kya 26788 rupaiye card se Kotak Mahindra se,26788,shopping,card,,kotak,hinglish_natural
canteen 4450 phonepe,4450,food,upi,phonepe,,english_natural
Used Fi Money gpay to pay Rs.290.29 for Hotstar,290.29,entertainment,upi,gpay,fi,english_natural
₹7805 to Amit cred UPI,7805,friends,upi,cred,,friends_synthetic
office se aate hue 1159 ₹ Angel One UPI se diy,1159,investment,upi,paytm,,hinglish_natural
spent 1575 rupees on JioCinema via card,1575,entertainment,card,,,voice_transcript
₹3117 paid to personal loan EMI via GPay UPI from HDFC Bank Bank ending 1134,3117,emi,upi,gpay,hdfc,ocr_upi
"Bewakoof
Net Amount 98.46
Paid via CARD",98.46,shopping,card,,,ocr_receipt
Cleartrip ka 8312 rupees ka bill cred se pay kiya,8312,travel,upi,cred,,voice_transcript
Goibibo 44742 rs. Jupiter pe,44742,travel,upi,jupiter,,hinglish_natural
37554 rs. crypto UPI se,37554,investment,upi,jupiter,jupiter,hinglish_natural
Gaana ka 1303 rupees ka bill card se pay kiya,1303,entertainment,card,,,voice_transcript
Bewakoof me 73 ka order kr diya gpay se pay kiya,73,shopping,upi,gpay,,hinglish_natural
Just paid INR 3303 to Zee5 through debit card,3303,entertainment,card,,,english_natural
"DISHTV RESTAURANT
Total 829.98
Cash Received
Change 0.00",829.98,utilities,card,,,ocr_receipt
Burger King 2026 UPI se,2026,food,upi,phonepe,,hinglish_natural
ATM/CASH/ICICI/423.52,423.52,friends,upi,gpay,icici,english_natural
netflix spotify hotstar subscription movie show Rs.26105 card,26105,entertainment,card,,,cue_row
SonyLIV ka movie dekhi 251 credit card se,251,entertainment,card,,,hinglish_natural
split bill 144 card se dost ko diya,144,friends,card,,,friends_synthetic
294 rs transfer kar diya Divya ko UPI se pay kr diya bc,294,friends,upi,gpay,,hinglish_natural
Paid 378 to car loan EMI PayTM UPI idfc 4021 Completed,378,emi,upi,paytm,idfc,ocr_upi
electronics store ₹162 G Pay,162,shopping,upi,gpay,canara,ocr_upi
rent 290 rupaye fi se,290,utilities,upi,fi,sbi,hinglish_natural
TO:SUBWAY subway.10561@sbibank From:AMITSINGH (sbi PayTM : sender9457@oksbibank,155,food,upi,paytm,sbi,ocr_upi
Just paid Rs2571 to Apple Music through debit card,2571,entertainment,card,,,english_natural
bhai college fees ka 49868 rupaye paytm se de diya,49868,education,upi,paytm,,voice_transcript
cafe Rs 99.91 cash,99.91,food,cash,,,english_natural
gas bill 42754 Jupiter,42754,utilities,card,,jupiter,english_natural
school college tuition course books fees INR 480 card,480,education,card,,hdfc,cue_row
office se aate hue friend ka paise bheje 49360 rupees UPI se,49360,friends,upi,paytm,,hinglish_natural
i did 33849 expense on IRCTC using phonepe,33849,travel,upi,phonepe,,voice_transcript
CLINIC INR 27,27,healthcare,upi,slice,,english_natural
"BILL
Snapdeal
Rs434.35
paytm
Thank You Visit Again",434.35,shopping,upi,paytm,,ocr_receipt
flight booking travel ticket 49456 cash,49456,travel,cash,,,cue_row
gas bill se recharge kar diya 730 rs. ka cred pe RBL Bank card se,730,utilities,upi,cred,rbl,hinglish_natural
dost Divya ko 3830 rupaye gpay se bheje,3830,friends,upi,gpay,,friends_synthetic
Concert ticket INR 21214,21214,entertainment,upi,paytm,icici,source_english
gaming concert event ticket 27998 card,27998,entertainment,card,,,cue_row
Bought Karan for Rs 4845 with phonepe,4845,friends,upi,phonepe,,english_natural
SonyLIV pe 421 ₹ ka show dekha cash me,421,entertainment,cash,,,hinglish_natural
raat ko 206 rupaye paise bheje Ananya pe SLICE pe,206,friends,upi,slice,,hinglish_natural
Train ticket IRCTC INR 22609,22609,travel,card,,,source_english
t50 to Shreya cash UPI,50,friends,cash,,,friends_synthetic
4134 rupay colleague card se pay kya,4134,friends,card,,hdfc,hinglish_natural
lunch dinner food order swiggy zomato restaurant meal Rs 355 card,355,food,card,,,cue_row
POS/BAJAJ FINANCE EMI/VISA/3711,3559.64,emi,card,,jupiter,english_natural
bhai roommate ko udhar return kiya 477 rs cash se,477,friends,cash,,,friends_synthetic
HOME LOAN EMI INR 213.63 SBI,213.63,emi,card,,sbi,english_natural
BookMyShow ka movie dekhi 3432 rs. Phonepe se,3432,entertainment,upi,phonepe,,hinglish_natural
abhi gas bill ka recharge kr diya 3191 Jupiter pe ICICI Bank card se,3191,utilities,upi,jupiter,icici,hinglish_natural
petrol pump 1307 rupay naqad,1307,travel,cash,,hdfc,hinglish_natural
i paid 28952 rupees for HDFC loan using card,28952,emi,card,,,voice_transcript
aaj 21121 rupaiye fees bhar diya coaching pe Google Pay se,21121,education,upi,gpay,,hinglish_natural
UPI/08052823/BEWAKOOF/BANK,2985,shopping,upi,phonepe,,english_natural
Just paid Rs.43912 to dentist through cash,43912,healthcare,cash,,,english_natural
dinner split 3652 rupaye Divya SLICE,3652,friends,upi,slice,,friends_synthetic
122 rupay SIP bhara SIP ko UPI se jupiter se kata,122,investment,upi,paytm,jupiter,hinglish_natural
bhai Neha ko udhar return kiya 2037 rs card se,2037,friends,card,,hdfc,friends_synthetic
paid 1650 to concert through card from HDFC Bank,1650,entertainment,card,,hdfc,voice_transcript
"Receipt #9227
Lenskart
Amount Paid: 1400.27
Mode: CASH",1400.27,healthcare,cash,,,ocr_receipt
i paid 19974 rupees for cafe using Niyo,19974,food,upi,niyo,,voice_transcript
flatmate rent share 7150 PhonePe bhai,7150,friends,upi,phonepe,kotak,friends_synthetic
netflix spotify hotstar subscription movie show 89 PayTM,89,entertainment,upi,paytm,,cue_row
tuition 31394,31394,education,cash,,,english_natural
Vi recharge 159 rupaiye via G Pay axis se,159,utilities,upi,gpay,axis,hinglish_natural
"APPLE MUSIC
Item 1 Rs 137
Item 2 R 150
Total 176
GPay",176,entertainment,upi,gpay,sbi,ocr_receipt
aaj PVR pe 10313 rupaye kharcha hua card se,10313,entertainment,card,,kotak,voice_transcript
462 rupaye ticket lya Spotify pe UPI se,462,entertainment,upi,gpay,,hinglish_natural
Clothing store bill INR 49483,49483,shopping,card,,sbi,source_english
Lenskart se medicine lia 4925 rupees ka card se pay kr diya ICICI Bank wale account se,4925,healthcare,card,,icici,hinglish_natural
Bought KFC for INR 30383 with cash,30383,food,cash,,,english_natural
split bill 193 Google Pay se Vikram ko diya,193,friends,upi,gpay,idfc,friends_synthetic
PharmEasy se checkup karaya 423 rs ka Phone Pe se pay kya,423,healthcare,upi,phonepe,,hinglish_natural
school fees pe 2608 rupaye ka course lia debit card se,2608,education,card,,,hinglish_natural
t106 paid to home loan EMI via Mastercard from SBI,106,emi,card,,sbi,english_natural
dopahar ko 4663 rupay Vikram naqad,4663,friends,cash,,idfc,hinglish_natural
Payment of ?297 to HDFC loan was successful via CRED UPI Ref No 2916942616664 HDFC Account 1949,297,emi,upi,cred,hdfc,ocr_upi
Goibibo se cab lia 4264 rupay ka haath se de diya HDFC card se,16575,travel,cash,,hdfc,source_hinglish
IndiGo ka cab lya 1539 ₹ cash me,1539,travel,cash,,,hinglish_natural
Amazon Prime mein 4524 lag gaye card se bhara,4524,entertainment,card,,,voice_transcript
friend 2081.85 NIYO,2081.85,friends,upi,cred,niyo,english_natural
petrol diesel fuel ₹3895 at pump card,3895,travel,card,,,cue_row
SonyLIV ka 4407 rupees ka bill card se pay kiya,4407,entertainment,card,,,voice_transcript
Goibibo pe 31536 rupaye ka ticket book kar diya card se,31536,travel,card,,,hinglish_natural
298.79 paytm Biryani Blues,298.79,food,upi,paytm,,english_natural
Spotify ka 1773 rupees ka bill Phonepe se pay kiya,1773,entertainment,upi,phonepe,,voice_transcript
Just paid ₹203 to rent through cash,203,utilities,cash,,,english_natural
netflix spotify hotstar subscription movie show INR 457 NIYO,457,entertainment,upi,niyo,,cue_row
Paid hospital Rs1020 using paytm,1020,healthcare,upi,paytm,,english_natural
TO:DOCTOR doctor.65996@kotakbank From:RAHULKUMAR (kotak Fi : sender5806@okkotakbank,305,healthcare,upi,fi,kotak,ocr_upi
Paid Ola INR 4942 using Gpay,4942,travel,upi,gpay,,english_natural
"Amazon
Net Amount 29126
Paid via Paytm",29126,shopping,upi,paytm,,ocr_receipt
243 Vi recharge UPI se pay kiya,243,utilities,upi,gpay,icici,hinglish_natural
broadband 46737 debited from Fi Money,46737,utilities,upi,cred,fi,english_natural
ACT Fibernet pe 3971 rs. ka payment kiyaa Fi Money pe,3971,utilities,upi,fi,,hinglish_natural
32110 rupaye stocks card se,32110,investment,card,,,hinglish_natural
dost mein 1211 lag gaye CRED se bhara,1211,friends,upi,cred,,voice_transcript
?247 paid to Nature's Basket via PayTM UPI from sbi Bank ending 1667,247,food,upi,paytm,sbi,ocr_upi
sent money to Karan ?24504 on Phonepe,24504,friends,upi,phonepe,,friends_synthetic
dinner split 6072 rupaye Shreya Google Pay,6072,friends,upi,gpay,,friends_synthetic
personal loan EMI se loan payment kiyaa 36985 rupay ka Gpay se pay kia,36985,emi,upi,gpay,,hinglish_natural
"personal loan EMI 342 Completed 16Feb 2025,4:50 am HDFC 7216 UPI transaction ID 382764612395",342,emi,upi,gpay,hdfc,ocr_upi
2473 paid to market via Gpay UPI from IDFC First Bank ending 2640,2473,shopping,upi,gpay,idfc,ocr_upi
Unacademy me 215 ₹ ka books liya via Slice,215,education,upi,slice,,hinglish_natural
i did 4453 expense on FD using Phone Pe,4453,investment,upi,phonepe,,voice_transcript
electricity water broadband mobile recharge bill ₹2434 cash,2434,utilities,cash,,,cue_row
"RELIANCE DIGITAL RESTAURANT
Total 1268
Cash Received
Change 0.00",1268,shopping,cash,,rbl,ocr_receipt
18462.30 debited from your ICICI account for Bajaj Finance EMI (Bhim UPI),18462.30,emi,upi,bhim,icici,ocr_upi
spent 820 rupees on Karan via G Pay,820,friends,upi,gpay,,voice_transcript
sent money to Arjun ₹2632 on phonepe,2632,friends,upi,phonepe,,friends_synthetic
water bill me 197 ka recharge kia paytm pe,197,utilities,upi,paytm,kotak,hinglish_natural
amazon flipkart myntra online shopping order 625 card,625,shopping,card,,,cue_row
FreshMenu 363 rs. cash me,363,food,cash,,,hinglish_natural
Paid 207.21 for ET Money from my jupiter account via Gpay,207.21,investment,upi,gpay,jupiter,english_natural
Karan ko 1417 transfer kiya Fi Money se,1417,friends,upi,fi,,friends_synthetic
EatFit ka mangwaya 54 rupay card se pay kiya,54,food,card,,,hinglish_natural
732 niyo JioMart,732,food,upi,niyo,,english_natural
Train ticket IRCTC INR 12220,12220,travel,cash,,,source_english
4522 rupees payment kr diya ACT Fibernet pe UPI se diye yaar,4522,utilities,upi,cred,,hinglish_natural
subah 872 rupaiye paise bheje dost pe card se jupiter card se,872,friends,card,,jupiter,hinglish_natural
Restaurant bill INR 23907,23907,food,upi,paytm,,source_english
Just paid Rs.3644 to McDonald's through cash,3644,food,cash,,,english_natural
181 rupees car loan EMI via G Pay,39175,emi,upi,gpay,pnb,source_hinglish
Arjun ka dost ko de diya 415 rupees cash me,415,friends,cash,,hdfc,hinglish_natural
8655 rupaiye transfer kiya Rohan ko UPI se Fi Money card se,8655,friends,upi,paytm,fi,hinglish_natural
SIP 484 rs UPI se,484,investment,upi,cred,,hinglish_natural
flatmate rent share 392 Phonepe bro,392,friends,upi,phonepe,,friends_synthetic
abhi Groww pe 430 rupaiye ka mutual fund kiyaa card se,430,investment,card,,icici,hinglish_natural
breakfast snacks chai coffee Rs27492 PhonePe,27492,food,upi,phonepe,,cue_row
Arjun ka 35332 rupees ka bill paytm se pay kiya,35332,friends,upi,paytm,,voice_transcript
Netflix 40106 rs UPI se diy,40106,entertainment,upi,gpay,,hinglish_natural
SBI loan 48611 rupaiye Gpay se,13099,emi,upi,gpay,,source_hinglish
personal loan installment EMI deduction INR 16387 card,16387,emi,card,,,cue_row
YouTube Premium mein 1654 lag gaye Phonepe se bhara,1654,entertainment,upi,phonepe,niyo,voice_transcript
grocery vegetables milk bread fruits INR 1034 paid slice,1034,food,upi,slice,,cue_row
paid colleague Rs.835 via cash,835,friends,cash,,,friends_synthetic
"BILL
MedPlus
INR 23526
PhonePe
Thank You Visit Again",23526,healthcare,upi,phonepe,,ocr_receipt
474 ₹ gas bill UPI se,474,utilities,upi,bhim,sbi,hinglish_natural
raat ko 260 rupaiye yaar phonepe se pay kr diya sasta tha,260,friends,upi,phonepe,,hinglish_natural
2716 Amazon Prime phonepe se bc,2716,entertainment,upi,phonepe,,hinglish_natural
spent 41775 rupees on Meesho via cash,41775,shopping,cash,,,voice_transcript
exam fee ka books liyaa 8625 rupees cash me,8625,education,cash,,sbi,hinglish_natural
mutual fund payment 1148 done via credit card,1148,investment,card,,,english_natural
netflix spotify hotstar subscription movie show ₹2281 Paytm,2281,entertainment,upi,paytm,,cue_row
390 ka Zerodha bill pay kiya Google Pay se jupiter se kata,390,investment,upi,gpay,jupiter,voice_transcript
"cafe BILL
St: Rs.49734.45
CASH Approved",49734.45,food,cash,,,ocr_receipt
bhai lab test ka 48672 rupaye Paytm se de diya,48672,healthcare,upi,paytm,,voice_transcript
Payment of Rs 277 to Snapdeal was successful via paytm UPI Ref No 633034946702 SBI Account 9655,277,shopping,upi,paytm,sbi,ocr_upi
paid 1668 to home loan EMI through card,1668,emi,card,,,voice_transcript
"D RESTAURANT 430 Completed 22Mar 2026,1:31 pm YES BANK Bank 1561 UPI transaction ID 538053659726 TO:RESTAURANT restaurant.78363@yes bankbank Soogletransaction lD XYZabc705130 OPI PayTM",430,food,upi,paytm,yes bank,ocr_upi
"Airtel recharge BILL
St: ₹1910.27
Paytm APPROVED",1910.27,utilities,upi,paytm,sbi,ocr_receipt
"TAX INVOICE
ACT Fibernet
Grand Total: 52
Payment: Jupiter",52,utilities,upi,jupiter,,ocr_receipt
SpiceJet 1695 debited from HDFC,1695,travel,upi,phonepe,hdfc,english_natural
Car loan EMI INR 39304,39304,emi,card,,,source_english
personal loan installment EMI deduction Rs 1198 GPay,1198,emi,upi,gpay,,cue_row
40088 rupees concert card se pay kya,40088,entertainment,card,,,hinglish_natural
PayTM payment ?3434.90 DishTV kotak 4515 completed,3434.90,utilities,upi,paytm,kotak,ocr_upi
split bill 2382 cash se Karan ko diya,2382,friends,cash,,,friends_synthetic
raat ko 91 rupaye loan payment kya home loan EMI ko UPI se diye,91,emi,upi,slice,,hinglish_natural
17979 rs. paise bheje Rohan ko card se,17979,friends,card,,,hinglish_natural
Vedantu 290 rupay UPI se de diya,290,education,upi,paytm,,hinglish_natural
POS/KFC/CASH/9714,197,food,cash,,axis,english_natural
i paid 1500 rupees for 1mg using Gpay,1500,healthcare,upi,gpay,fi,voice_transcript
sent 329 to friend on Google Pay split bill UPI,329,friends,upi,gpay,pnb,cue_row
Train ticket IRCTC INR 33695,33695,travel,upi,gpay,,source_english
"concert
Net Amount 3147
Paid via CASH",3147,entertainment,cash,,sbi,ocr_receipt
uber ola cab ride airport train ticket Rs 670 card,670,travel,card,,,cue_row
electricity water broadband mobile recharge bill 379 GPay,379,utilities,upi,gpay,,cue_row
₹3106 paid to SonyLIV via Mastercard from Jupiter,3106,entertainment,card,,jupiter,english_natural
2104 rs market credit card se,2104,shopping,card,,kotak,hinglish_natural
297 rupay eye checkup CRED se pay kar diya,297,healthcare,upi,cred,,hinglish_natural
421 rs Divya debit card se,421,friends,card,,,hinglish_natural
Spent t153.69 on Divya using jupiter,153.69,friends,upi,jupiter,,english_natural
abhi MedPlus se checkup karaya 295 ka UPI se pay kiya,295,healthcare,upi,slice,,hinglish_natural
Myntra ₹151 debited from Niyo,151,shopping,card,,niyo,english_natural
ATM/CASH/BANK/349.07,349.07,friends,upi,gpay,,english_natural
"TAX INVOICE
Hotstar
Grand Total: Rs 3310.62
Payment: CARD",3310.62,entertainment,card,,,ocr_receipt
maine 203 rupaye KFC ko diye card se,203,food,card,,,voice_transcript
Amazon purchase INR 40704,40704,shopping,upi,gpay,,source_english
Used PNB cash to pay R 1842 for dentist,1842,healthcare,cash,,pnb,english_natural
Bought Udemy for ₹38382 with cash,38382,education,cash,,,english_natural
raat ko Amazon se khareed liyaa 23595 rupay ka via phonepe matlab,23595,shopping,upi,phonepe,,hinglish_natural
sent INR 3888 to dost on card,3888,friends,card,,,friends_synthetic
4403 rupaiye udhar return kar diya Karan pe UPI se pay kya bhai,4403,friends,upi,gpay,,hinglish_natural
uber ola cab ride airport train ticket Rs3825 card,3825,travel,card,,,cue_row
Uber mein 4731 lag gaye cred se bhara,4731,travel,upi,cred,,voice_transcript
UPI/44211146/PERSONAL LOAN EMI/BANK,4207,emi,card,,,english_natural
TO:ARJUN arjun.81727@hdfcbankbank From:UTSAVJANA (HDFC Bank cred : sender5392@okhdfcbankbank,70,friends,upi,cred,hdfc,ocr_upi
Library fee INR 3411,3411,education,cash,,sbi,source_english
Haldirams pe 36703 rupaye ka khana khya UPI se pay kia,36703,food,upi,cred,,hinglish_natural
sent ₹3063 to friend on cash split bill UPI,3063,friends,cash,,,cue_row
272 ₹ movie dekhi SonyLIV ko UPI se pay kiyaa bhai,272,entertainment,upi,gpay,,hinglish_natural
Reliance Fresh payment Rs.31171.07 done via debit card,31171.07,food,card,,,english_natural
2373 debited from your Yes Bank account for education loan EMI (slice UPI),2373,emi,upi,slice,yes bank,ocr_upi
subah Paytm Money se mutual fund kr diya 393 rupay ka card se,393,investment,card,,,hinglish_natural
4908 books,4908,education,upi,paytm,sbi,english_natural
school college tuition course books fees ₹8477 cash,8477,education,cash,,,cue_row
Bought Neha for Rs 146 with G Pay,146,friends,upi,gpay,,english_natural
Bought Ajio for 273.51 with debit card,273.51,shopping,card,,,english_natural
H&M 2804,2804,shopping,card,,slice,english_natural
uber ola cab ride airport train ticket Rs 23567 G Pay,23567,travel,upi,gpay,,cue_row
Unacademy se admission kia 47051 rupay ka cred pe,47051,education,upi,cred,,hinglish_natural
Used Yes Bank card to pay Rs 32 for upGrad,32,education,card,,yes bank,english_natural
Yatra 7112 HDFC Bank,7112,travel,card,,hdfc,english_natural
INOX 2598 sbi,2598,entertainment,upi,paytm,sbi,english_natural
Bike loan EMI INR 38119,38119,emi,upi,paytm,,source_english
Vi recharge pe 477 rupaiye ka bill pay kar diya jupiter pe,477,utilities,upi,jupiter,,hinglish_natural
666 rs. Bewakoof cash me,666,shopping,cash,,jupiter,hinglish_natural
Spent ₹2971 on RedBus using debit card,2971,travel,card,,,english_natural
Rs 34156 paid to Vedantu via G Pay UPI from State Bank Bank ending 8224,34156,education,upi,gpay,sbi,ocr_upi
today i spent 3253 on bro via Google Pay,3253,friends,upi,gpay,,voice_transcript
bhai roommate ko udhar return kiya 2650 rs cash se,2650,friends,cash,,,friends_synthetic
TO:MARKET market.85283@axisbankbank From:AMITSINGH (Axis Bank Paytm : sender5960@okaxisbankbank,29908,shopping,upi,paytm,axis,ocr_upi
rent se payment kiya 34053 rupees ka UPI se pay kiyaa,34053,utilities,upi,jupiter,,hinglish_natural
electricity water broadband mobile recharge bill INR 2658 cred,2658,utilities,upi,cred,,cue_row
abhi car loan EMI 24049 rupees card se pay kar diya,24049,emi,card,,,hinglish_natural
TO:HOSPITAL hospital.39753@icicibank From:UTSAVJANA (ICICI Gpay : user7488@okicicibank,270,healthcare,upi,gpay,icici,ocr_upi
Burger King payment Rs.93 done via gpay,93,food,upi,gpay,yes bank,english_natural
4780 rupees JioMart UPI se pay kia,4780,food,upi,paytm,sbi,hinglish_natural
IndiGo se cab lya 1895 rupees ka via SLICE,1895,travel,upi,slice,,hinglish_natural
office se aate hue 22537 rupees subscription renew kiya Zee5 pe UPI se pay kiya,10098,entertainment,upi,paytm,,source_hinglish
Home loan EMI INR 268,268,emi,card,,hdfc,source_english
society maintenance ka payment kia 459 debit card se,459,utilities,card,,,hinglish_natural
coaching 2082.14 bhim Completed State Bank 5179,2082.14,education,upi,bhim,sbi,ocr_upi
Paid ₹348 for society maintenance from my ICICI account via Fi Money,348,utilities,upi,fi,icici,english_natural
Netflix pe 156 rupay ka game lia debit card se,156,entertainment,card,,hdfc,hinglish_natural
Yatra 3186 haath se de diya,3186,travel,cash,,,hinglish_natural
POS/COLLEGE FEES/MASTERCARD/2945,3296,education,card,,axis,english_natural
3014 rs. stock lia Kuvera ko card se pay kar diya,3014,investment,card,,sbi,hinglish_natural
Unacademy se course le liya 2339 rupaiye ka card se pay kia yaar,2339,education,card,,,hinglish_natural
Rs.497 to Arjun via PayTM PNB account,497,friends,upi,paytm,pnb,english_natural
sent ₹47 to friend on G Pay split bill UPI,47,friends,upi,gpay,,cue_row
yaar 356 rupaye khareed liya Croma ko debit card se HDFC wale account se yaar,356,shopping,card,,hdfc,hinglish_natural
ghar jaate waqt NPS pe 1674 rupees ka stock lya UPI se pay kiya,1674,investment,upi,gpay,,hinglish_natural
HDFC loan se EMI bharra 3732 rs ka card se pay kar diya,3732,emi,card,,,hinglish_natural
raat ko Airtel recharge se bill bhara 317 rupaiye ka card se HDFC card se,317,utilities,card,,hdfc,hinglish_natural
Burger King payment ₹692.33 done via cash,692.33,food,cash,,,english_natural
Reliance Digital se order kar diya 202 rupaiye ka naqad,202,shopping,cash,,,hinglish_natural
dentist t176 cred,176,healthcare,upi,cred,hdfc,ocr_upi
Payment of INR 877 to IndiGo was successful via SLICE UPI Ref No 11410095782 HDFC Account 5350,877,travel,upi,slice,hdfc,ocr_upi
mobile recharge 1765 rupaiye UPI se,46672,utilities,upi,niyo,,source_hinglish
bhai CCD ka 205 rupaye cash se de diya,205,food,cash,,,voice_transcript
24784 rupaye installment die HDFC loan pe card se,24784,emi,card,,,hinglish_natural
Bewakoof t207.11 cash,207.11,shopping,cash,,,english_natural
spent 236 rupees on INOX via Gpay,236,entertainment,upi,gpay,jupiter,voice_transcript
bhai electronics store ka 49 rupaye card se de diya,49,shopping,card,,,voice_transcript
gaming concert event ticket t421 cash,421,entertainment,cash,,,cue_row
breakfast snacks chai coffee ₹21021 card,21021,food,card,,,cue_row
Vedantu 4433 rupay card se,9760,education,card,,,source_hinglish
20841 rupees Unacademy UPI se pay kr diya zyada ho gaya,20841,education,upi,phonepe,niyo,hinglish_natural
451 ₹ Unacademy credit card se,451,education,card,,,hinglish_natural
JioCinema ?212 debited from State Bank,212,entertainment,card,,sbi,english_natural
bhai 45557 rupaiye BSNL cash me,45557,utilities,cash,,,hinglish_natural
₹11043 debited from your Kotak account for Haldirams (NIYO UPI),11043,food,upi,niyo,kotak,ocr_upi
NEFT/TRANSFER/BLINKIT/,3831,food,cash,,,english_natural
"SIP 373 Completed 16Feb 2025,1:47 am State Bank 8877 UPI transaction ID 87852724406",373,investment,upi,bhim,sbi,ocr_upi
Phonepe payment INR 4606 personal loan EMI IndusInd 6240 done,4606,emi,upi,phonepe,indusind,ocr_upi
"insurance premium 133 Completed 19Apr 2026,8:46 pm kotak 2094 UPI transaction ID 7773657645545",133,utilities,upi,paytm,kotak,ocr_upi
insurance premium 12583.33 ICICI,12583.33,utilities,upi,jupiter,icici,english_natural
MakeMyTrip se ride liyaa 1812 rupees ka card se pay kya,1812,travel,card,,axis,hinglish_natural
office se aate hue mutual fund ka mutual fund kia 26 UPI se SBI account se,26,investment,upi,phonepe,sbi,hinglish_natural
abhi 1052 ticket lia concert pe credit card se,1052,entertainment,card,,pnb,hinglish_natural
Indian Oil ka cab lya 200 rupaye cash me,200,travel,cash,,,hinglish_natural
sent money to dost ?19821 on phonepe,19821,friends,upi,phonepe,hdfc,friends_synthetic
Bajaj Finance EMI 4010 Visa,4010,emi,card,,,english_natural
Phonepe payment ₹32839.01 Tata Play hdfc 3541 done,32839.01,utilities,upi,phonepe,hdfc,ocr_upi
bhai Vi recharge ka 741 rupaye Google Pay se de diya,741,utilities,upi,gpay,yes bank,voice_transcript
Snapdeal 4930 IndusInd,4930,shopping,upi,bhim,indusind,english_natural
Rs.41174.45 paid to Tata Play via PayTM UPI from icici Bank ending 5009,41174.45,utilities,upi,paytm,icici,ocr_upi
car loan EMI se loan payment kr diya 2215 ka via Google Pay Federal Bank wale account se,2215,emi,upi,gpay,federal bank,hinglish_natural
SIP ₹170 jupiter,170,investment,upi,jupiter,,english_natural
Tata CLiQ 403,403,shopping,card,,hdfc,english_natural
Just paid Rs 6205 to water bill through Paytm,6205,utilities,upi,paytm,,english_natural
roommate ka paise bheje 124 rupay UPI se de diye,124,friends,upi,gpay,,hinglish_natural
"PPF 117.66 Completed 4Jul 2026,7:10 pm YES BANK 8915 UPI transaction ID 740215723125242",117.66,investment,upi,gpay,yes bank,ocr_upi
sent money to Karan Rs50 on phonepe,50,friends,upi,phonepe,,friends_synthetic
NEFT/TRANSFER/TATA PLAY/UNION BANK,23871,utilities,upi,phonepe,union bank,english_natural
"TAX INVOICE
Amazon
Grand Total: ₹3906
Payment: CARD",3906,shopping,card,,,ocr_receipt
maine 17026 rupaye broadband ko diye SLICE se,17026,utilities,upi,slice,,voice_transcript
electricity water broadband mobile recharge bill ₹20981 Phone Pe,20981,utilities,upi,phonepe,,cue_row
INR 20684.45 paid to INOX via debit card from axis,20684.45,entertainment,card,,axis,english_natural
kal 45317 rupay BookMyShow UPI se pay kar diya,45317,entertainment,upi,phonepe,hdfc,hinglish_natural
"cafe
Net Amount 2339.60
Paid via PayTM",2339.60,food,upi,paytm,,ocr_receipt
2769 rupaye home loan EMI UPI se diye,2769,emi,upi,gpay,fi,hinglish_natural
Myntra pe 30861 rupaye ka buy kiya debit card se yaar,30861,shopping,card,,hdfc,hinglish_natural
Paid 11577 to Divya Slice UPI HDFC Bank 6065 Completed,11577,friends,upi,slice,hdfc,ocr_upi
Bought Jio recharge for Rs.210 with card,210,utilities,card,,niyo,english_natural
HDFC loan 410 debit card se State Bank se,410,emi,card,,sbi,hinglish_natural
JioCinema ka game lia 94 rupees card se pay kya,94,entertainment,card,,kotak,hinglish_natural
t492 to Neha Gpay UPI,492,friends,upi,gpay,,friends_synthetic
bhai tuition ka 405 rupaye card se de diya,405,education,card,,,voice_transcript
society maintenance ka bill bhara 2070 ₹ via Gpay State Bank card se,2070,utilities,upi,gpay,sbi,hinglish_natural
paid back friend lent money Rs4543 cash,4543,friends,cash,,,cue_row
PharmEasy se test karaya 390 rupaiye ka Google Pay se,390,healthcare,upi,gpay,,hinglish_natural
dopahar ko Rohan 85 rupaye debit card se,85,friends,card,,,hinglish_natural
"Receipt #4692
Ajio
Amount Paid: 397
Mode: CARD",397,shopping,card,,,ocr_receipt
sent money to Divya 1773 on Phone Pe,1773,friends,upi,phonepe,,friends_synthetic
bhai 3465 rupaye Apple Music G Pay pe,3465,entertainment,upi,gpay,,hinglish_natural
Bought MakeMyTrip for Rs 4618.63 with debit card,4618.63,travel,card,,,english_natural
dost colleague ko 3605 rupaye PhonePe se bheje,3605,friends,upi,phonepe,,friends_synthetic
Uber ride INR 2094,2094,travel,upi,jupiter,kotak,source_english
subah MedPlus 394 cash de diye,394,healthcare,cash,,,hinglish_natural
lab test ka checkup karaya 80 ₹ UPI se,80,healthcare,upi,gpay,hdfc,hinglish_natural
FD se SIP bhra 2056 rupaye ka paytm pe,2056,investment,upi,paytm,hdfc,hinglish_natural
TO:MCDONALD'S mcdonald's.67276@icicibank From:PRIYASHARMA (ICICI Google Pay : sender5392@okicicibank,3824.66,food,upi,gpay,icici,ocr_upi
Mutual fund SIP INR 49755,49755,investment,upi,gpay,,source_english
Mutual fund SIP INR 46113,46113,investment,card,,hdfc,source_english
Library fee INR 29140,29140,education,cash,,axis,source_english
sent 305 to Rahul on Phone Pe,305,friends,upi,phonepe,,friends_synthetic
3129 ₹ transfer kr diya yaar pe haath se diye,3129,friends,cash,,hdfc,hinglish_natural
Airtel recharge 1638 bhim,1638,utilities,upi,bhim,indusind,english_natural
"Receipt #9056
dentist
Amount Paid: 1394.88
Mode: Gpay",1394.88,healthcare,upi,gpay,hdfc,ocr_receipt
sent money to Neha Rs.23790 on cash,23790,friends,cash,,,friends_synthetic
bhai Ola ka 583 rupaye card se de diya,583,travel,card,,,voice_transcript
ghar jaate waqt 40409 loan payment kiya SBI loan pe card se,40409,emi,card,,,hinglish_natural
dinner split 437 rupaye bro GPay,437,friends,upi,gpay,hdfc,friends_synthetic
flatmate rent share 252 SLICE bro,252,friends,upi,slice,,friends_synthetic
gold 34713 rs card se,34713,investment,card,,,hinglish_natural
BigBasket 1194 rupees via paytm matlab,654,food,upi,paytm,yes bank,source_hinglish
"SONYLIV RESTAURANT
Total 2456
Cash Received
Change 0.00",2456,entertainment,upi,cred,,ocr_receipt
4917 rs fees bharaa Coursera ko credit card se,4917,education,card,,,hinglish_natural
Myntra Rs 3965 SLICE,3965,shopping,upi,slice,axis,ocr_upi
Goibibo payment Rs4823 done via Visa,4823,travel,card,,,english_natural
office se aate hue Groww pe 370 rupaye ka SIP bhara gpay se pay kr diya Punjab National Bank se kata,370,investment,upi,gpay,pnb,hinglish_natural
dost ka dost ko diy 2919 rupay UPI se,2919,friends,upi,phonepe,axis,hinglish_natural
bhai diagnostic se dawai liyaa 4910 rs. ka credit card se,4910,healthcare,card,,sbi,hinglish_natural
library 1355.70,1355.70,education,card,,,english_natural
Apollo Pharmacy payment ₹3312 done via Mastercard,3312,healthcare,card,,,english_natural
paid back friend lent money ₹3222 Cred,3222,friends,upi,cred,hdfc,cue_row
410 ka Swiggy bill pay kiya cash se State Bank se kata,410,food,cash,,sbi,voice_transcript
books ka course lya 354 rupaiye UPI se pay kr diya Bank of Baroda card se,354,education,upi,paytm,bob,hinglish_natural
"GAMING
Item 1 Rs 120
Item 2 ₹318
Total Rs1792.89
GPay",1792.89,entertainment,upi,gpay,,ocr_receipt
i did 1922 expense on credit card EMI using card,1922,emi,card,,sbi,voice_transcript
Paid Rs230 to Ola GPay UPI Punjab National Bank 1559 Done,230,travel,upi,gpay,pnb,ocr_upi
bhai Netflix se show dekha 11884 rs. ka G Pay se,11884,entertainment,upi,gpay,,hinglish_natural
1478 rs. DishTV UPI se,1478,utilities,upi,gpay,,hinglish_natural
i paid 1968 rupees for SIP using Paytm,1968,investment,upi,paytm,,voice_transcript
aaj Nykaa pe 10269 rupaye ka khareed lia via Fi,1411,shopping,upi,fi,,source_hinglish
Just paid ₹4403 to INOX through credit card,4403,entertainment,card,,niyo,english_natural
aaj 3150 rs BSNL cred se,3150,utilities,upi,cred,,hinglish_natural
1837 Mastercard Faasos,1837,food,card,,,english_natural
"Receipt #9747
JioCinema
Amount Paid: ₹45514
Mode: CARD",45514,entertainment,card,,,ocr_receipt
bhai Air India ka 4996 rupaye Paytm se de diya,4996,travel,upi,paytm,,voice_transcript
Used ICICI Bank Visa to pay ₹46737 for Hotstar,46737,entertainment,card,,icici,english_natural
Used Kotak cash to pay R 3999 for mobile recharge,3999,utilities,cash,,kotak,english_natural
electricity water broadband mobile recharge bill Rs5415 Slice,5415,utilities,upi,slice,,cue_row
POS/RAPIDO/MASTERCARD/4240,1889.19,travel,card,,niyo,english_natural
ghar jaate waqt JioMart 31041 rs. card se,31041,food,card,,,hinglish_natural
i paid 466 rupees for Tata CLiQ using cred,466,shopping,upi,cred,,voice_transcript
33613 rupaiye ride liyaa Indian Oil pe gpay se pay kar diya,33613,travel,upi,gpay,sbi,hinglish_natural
aaj Coursera pe 278 rupaye ka fees bhar diya UPI se Axis Bank card se,278,education,upi,gpay,axis,hinglish_natural
3584 ₹ test karaya Lenskart pe Cred se HDFC Bank wale account se,3584,healthcare,upi,cred,hdfc,hinglish_natural
stationery ka tuition diye 1428 rs GPay se sasta tha,1428,education,upi,gpay,,hinglish_natural
FAASOS INR 1876 HDFC,1876,food,upi,gpay,hdfc,english_natural
₹160 to PharmEasy via slice,160,healthcare,upi,slice,,english_natural
Pizza Hut se mangwaya 355 ka UPI se diye,355,food,upi,paytm,sbi,hinglish_natural
SBI loan mein 737 lag gaye card se bhara,737,emi,card,,,voice_transcript
Just paid INR 4091 to car loan EMI through credit card,4091,emi,card,,axis,english_natural
"DUNKIN
Item 1 t436
Item 2 Rs.464
Total t3669.47
Google Pay",3669.47,food,upi,gpay,,ocr_receipt
"Starbucks BILL
St: ₹315
CASH APPROVED",315,food,cash,,,ocr_receipt
i did 3204 expense on credit card EMI using card,3204,emi,card,,,voice_transcript
Payment of Rs.4304 to stationery was successful via gpay UPI Ref No 8568389050526 State Bank Account 6317,4304,education,upi,gpay,sbi,ocr_upi
Blinkit 317 debited from slice,317,food,upi,paytm,slice,english_natural
"TAX INVOICE
DishTV
Grand Total: Rs1761.33
Payment: CASH",1761.33,utilities,cash,,,ocr_receipt
MedPlus me 502 rs. ka test karaya UPI se diy,502,healthcare,upi,bhim,sbi,hinglish_natural
Myntra 3103 rs UPI se die,3103,shopping,upi,paytm,,hinglish_natural
Rohan ko 153 transfer kiya cash se,153,friends,cash,,,friends_synthetic
Just paid 425 to Bajaj Finance EMI through Mastercard,425,emi,card,,,english_natural
Bought Udemy for INR 393 with cash,393,education,cash,,,english_natural
Just paid ₹3623 to electronics store through Phone Pe,3623,shopping,upi,phonepe,,english_natural
TO:CROMA croma.95132@kotakbank From:RAHULKUMAR (kotak niyo : sender1069@okkotakbank,47349,shopping,upi,niyo,kotak,ocr_upi
311 rupees ET Money niyo,311,investment,upi,niyo,,voice_transcript
mall 3352 jupiter,3352,shopping,card,,jupiter,english_natural
Paid MedPlus INR 4722 using paytm,4722,healthcare,upi,paytm,,english_natural
ACT Fibernet 3385 rupaiye UPI se die NIYO card se matlab,3385,utilities,upi,gpay,niyo,hinglish_natural
TO:STATIONERY stationery.99154@statebankbank From:UTSAVJANA (State Bank bhim : user4476@okstatebankbank,23214,education,upi,bhim,sbi,ocr_upi
Rs 893.09 paid to personal loan EMI via SLICE UPI from Yes Bank Bank ending 5183,893.09,emi,upi,slice,yes bank,ocr_upi
Reliance Digital 1396,1396,shopping,upi,paytm,,english_natural
EatFit 35231 rupaye credit card se,35231,food,card,,,hinglish_natural
MedPlus se medicine le liya 4476 rs. ka card se pay kia,4476,healthcare,card,,,hinglish_natural
2610 rupay ride le liya petrol pump ko debit card se bhai,2610,travel,card,,,hinglish_natural
"TAX INVOICE
dentist
Grand Total: Rs.303.31
Payment: CASH",303.31,healthcare,cash,,,ocr_receipt
abhi 42 rs split kya Neha pe fi pe,42,friends,upi,fi,pnb,hinglish_natural
"electricity bill BILL
St: Rs1296
Phonepe APPROVED",1296,utilities,upi,phonepe,icici,ocr_receipt
"Nykaa
Net Amount 4736
Paid via CARD",4736,shopping,card,,,ocr_receipt
INR 1337 to H&M via paytm,1337,shopping,upi,paytm,,english_natural
aaj Coursera pe 14878 rupaye kharcha hua card se,14878,education,card,,pnb,voice_transcript
colleague ka split kya 81 rs UPI se pay kiyaa,81,friends,upi,niyo,,hinglish_natural
Rs.38401 debited from your axis account for Apollo Pharmacy (PhonePe UPI),38401,healthcare,upi,phonepe,axis,ocr_upi
today i spent 4138 on Spotify via card from my HDFC Bank bank,4138,entertainment,card,,hdfc,voice_transcript
electricity bill 405 paytm Successful hdfc 3232,405,utilities,upi,paytm,hdfc,ocr_upi
paid Vikram 3120 via card,3120,friends,card,,,friends_synthetic
bro payment R 4643 done via G Pay,4643,friends,upi,gpay,bob,english_natural
"Receipt #6776
Spotify
Amount Paid: ₹105
Mode: CARD",105,entertainment,card,,,ocr_receipt
184 PhonePe Rohan,184,friends,upi,phonepe,axis,english_natural
Netmeds pe 2845 rs ka medicine lya UPI se de diya,2845,healthcare,upi,phonepe,,hinglish_natural
maine 3513 rupaye Jio recharge ko diye gpay se,3513,utilities,upi,gpay,niyo,voice_transcript
uber ola cab ride airport train ticket ₹4382 card,4382,travel,card,,,cue_row
"TAX INVOICE
mall
Grand Total: 4826
Payment: CARD",4826,shopping,card,,,ocr_receipt
maine 2916 rupaye rent ko diye GPay se,2916,utilities,upi,gpay,union bank,voice_transcript
"D STARBUCKS 258.81 Completed 16Jan 2026,12:38 pm idfc Bank 6346 UPI transaction ID 8722358914092 TO:STARBUCKS starbucks.92348@idfcbank Googletransaction lD XYZabc192045 OPI slice",258.81,food,upi,slice,idfc,ocr_upi
MedPlus se checkup karaya 3734 rs. ka Paytm se matlab,23984,healthcare,upi,paytm,,source_hinglish
personal loan EMI se EMI kat gayi 45928 ka card se bohot mehenga,45928,emi,card,,sbi,hinglish_natural
split bill 20104 Gpay se Rahul ko diya,20104,friends,upi,gpay,hdfc,friends_synthetic
exam fee 1947 rs debit card se,1947,education,card,,,hinglish_natural
yaar books pe 229 rupay ka tuition diy Paytm se,229,education,upi,paytm,axis,hinglish_natural
262 phonepe Amazon,262,shopping,upi,phonepe,,english_natural
ATM/CASH/BANK/16310.39,16310.39,investment,card,,,english_natural
KFC payment ?1576 done via cash,1576,food,cash,,,english_natural
school college tuition course books fees t3507 card,3507,education,card,,,cue_row
clinic 19661 jupiter,19661,healthcare,upi,jupiter,fi,english_natural
flatmate rent share 84 cash colleague,84,friends,cash,,,friends_synthetic
i did 4196 expense on RedBus using PayTM,4196,travel,upi,paytm,,voice_transcript
"Receipt #6016
Pizza Hut
Amount Paid: t185.14
Mode: CASH",185.14,food,cash,,,ocr_receipt
"WATER BILL
Item 1 464
Item 2 Rs 345
Total ₹1335
GPay",1335,utilities,upi,gpay,sbi,ocr_receipt
922 rs. test karaya diagnostic ko cash diy,922,healthcare,cash,,,hinglish_natural
mobile recharge se payment kia 24665 rupay ka Fi Money se pay kya zyada ho gaya,27870,utilities,upi,fi,,source_hinglish
Phonepe payment INR 496.68 BigBasket icici 3719 done,496.68,food,upi,phonepe,icici,ocr_upi
3310 rs. BYJU'S UPI se pay kr diya,3310,education,upi,phonepe,jupiter,hinglish_natural
Bought society maintenance for 117 with debit card,117,utilities,card,,,english_natural
raat ko 3679 rupay gold credit card se,3679,investment,card,,,hinglish_natural
bhai 951 rs Practo credit card se,951,healthcare,card,,hdfc,hinglish_natural
Air India ka 74 rupees ka bill card se pay kiya,74,travel,card,,,voice_transcript
Rs 3574.36 paid to books via NIYO UPI from ICICI Bank ending 4501,3574.36,education,upi,niyo,icici,ocr_upi
4244 rs. auto naqad,7480,travel,cash,,,source_hinglish
185 rupees mutual fund kr diya Angel One pe UPI se,185,investment,upi,phonepe,,hinglish_natural
dentist INR 1226 debited from NIYO,1226,healthcare,upi,gpay,niyo,english_natural
"D KUVERA 3752.01 Completed 21Apr 2026,11:26 pm icici Bank 9882 UPI transaction ID 143772228556 TO:KUVERA kuvera.85950@icicibank Goog1etransaction lD CICAgJjg493548 OPI Slice",3752.01,investment,upi,slice,icici,ocr_upi
abhi flatmate ka dost ko diye 4839 rupay UPI se diyee,4839,friends,upi,phonepe,,hinglish_natural
ghar jaate waqt home loan EMI me 835 rs. ka loan payment kiyaa card se,835,emi,card,,jupiter,hinglish_natural
subah rent pe 3417 rs ka bill bharra slice se pay kya achha deal mila,3417,utilities,upi,slice,icici,hinglish_natural
aaj ACT Fibernet pe 332 rupaye kharcha hua cash se,332,utilities,cash,,,voice_transcript
Paid Rs333 for Amazon via G Pay,333,shopping,upi,gpay,,english_natural
bhai PVR ka 2794 rupaye paytm se de diya,2794,entertainment,upi,paytm,,voice_transcript
4225 library credit card se,4225,education,card,,sbi,hinglish_natural
Bought Meesho for Rs4901.16 with cash,4901.16,shopping,cash,,sbi,english_natural
today i spent 1134 on BYJU'S via cash,1134,education,cash,,,voice_transcript
paid back friend lent money Rs 188 GPay,188,friends,upi,gpay,,cue_row
kal Jio recharge se payment kia 4643 rupaiye ka UPI se pay kya,4643,utilities,upi,cred,hdfc,hinglish_natural
paid 2716 to Paytm Money through Phonepe,2716,investment,upi,phonepe,,voice_transcript
aaj Barbeque Nation pe 2920 rupaye kharcha hua bhim se,2920,food,upi,bhim,yes bank,voice_transcript
dopahar ko 384 rs PharmEasy G Pay pe,384,healthcare,upi,gpay,,hinglish_natural
raat ko dentist 4036 rupay card se,4036,healthcare,card,,,hinglish_natural
1850 rupaye Flipkart credit card se,1850,shopping,card,,,hinglish_natural
316 colleague SLICE se pay kar diya,316,friends,upi,slice,fi,hinglish_natural
Faasos ka khana khya 4671 rupees UPI se diy,4671,food,upi,cred,,hinglish_natural
Paid INR 35375 to Apple Music Cred UPI HDFC 7921 Completed,35375,entertainment,upi,cred,hdfc,ocr_upi
colleague ko 13211 transfer kiya cash se,13211,friends,cash,,indusind,friends_synthetic
hospital me 7636 rs ka dawai lia GPay se pay kar diya,7636,healthcare,upi,gpay,,hinglish_natural
TATA CLIQ INR 172,172,shopping,card,,,english_natural
Ananya se udhar return kya 80 rs. ka via Cred State Bank wale account se,80,friends,upi,cred,sbi,hinglish_natural
Uber ride INR 26497,26497,travel,upi,cred,,source_english
subah stationery se course liyaa 2198 ₹ ka debit card se,2198,education,card,,,hinglish_natural
Movie ticket booking INR 31248,31248,entertainment,cash,,kotak,source_english
255 rs home loan EMI card se bhai,255,emi,card,,hdfc,hinglish_natural
"TATA CLIQ
Item 1 407
Item 2 INR 74
Total INR 39063.96
CARD",39063.96,shopping,card,,,ocr_receipt
Ananya ka split kar diya 441 rupaye UPI se diye,441,friends,upi,paytm,,hinglish_natural
440 crypto credit card se yaar,440,investment,card,,,hinglish_natural
POS/MYNTRA/VISA/3895,4529,shopping,card,,icici,english_natural
2065 debited from your icici account for diagnostic (Slice UPI),2065,healthcare,upi,slice,icici,ocr_upi
subah 83 rs. NPS UPI se pay kia,83,investment,upi,phonepe,,hinglish_natural
Uber 23065.85 cash,23065.85,travel,cash,,niyo,english_natural
Zepto 3276 ₹ naqad,3276,food,cash,,sbi,hinglish_natural
kal 442 rupees saman lia electronics store ko cash de diye,442,shopping,cash,,,hinglish_natural
419 order kiyaa Bewakoof ko debit card se budget tod diya,419,shopping,card,,,hinglish_natural
Rs.43635.93 charged for MakeMyTrip on debit card,43635.93,travel,card,,,english_natural
₹21036 charged for Croma on Visa,21036,shopping,card,,yes bank,english_natural
Paid Coin Rs.3432.59 using SLICE,3432.59,investment,upi,slice,,english_natural
flatmate rent share 1438 Phone Pe flatmate,1438,friends,upi,phonepe,hdfc,friends_synthetic
9349 rupees Vi recharge Phone Pe Fi account,9349,utilities,upi,phonepe,fi,voice_transcript
"Spotify BILL
St: Rs.528.50
CARD APPROVED",528.50,entertainment,card,,kotak,ocr_receipt
electricity bill se recharge kya 4635 ₹ ka naqad,4635,utilities,cash,,,hinglish_natural
1286 ka Faasos bill pay kiya Paytm se,1286,food,upi,paytm,,voice_transcript
Rs 370 to Ajio via Phone Pe,370,shopping,upi,phonepe,,english_natural
Paid bro INR 20595 using Google Pay,20595,friends,upi,gpay,,english_natural
Faasos mein 4976 lag gaye cash se bhara,4976,food,cash,,federal bank,voice_transcript
NEFT/TRANSFER/AUTO/SLICE,846,travel,cash,,slice,english_natural
bhai Karan ka 425 rupaye CRED se de diya,425,friends,upi,cred,kotak,voice_transcript
CAFE INR 51 HDFC,51,food,upi,phonepe,hdfc,english_natural
"BILL
water bill
t145
CASH
Thank You Visit Again",145,utilities,cash,,,ocr_receipt
3874 rupaiye medicine liya Practo ko UPI se,3874,healthcare,upi,paytm,,hinglish_natural
Payment of INR 32 to Arjun was successful via PayTM UPI Ref No 826976941366748 YES BANK Account 5884,32,friends,upi,paytm,yes bank,ocr_upi
Goibibo mein 3258 lag gaye card se bhara,3258,travel,card,,,voice_transcript
amazon flipkart myntra online shopping order Rs916 cash,916,shopping,cash,,,cue_row
ET Money se invest kar diya 3223 ₹ ka UPI se,3223,investment,upi,jupiter,hdfc,hinglish_natural
Spotify pe 2049 ka subscription renew kya UPI se pay kia icici account se,2049,entertainment,upi,phonepe,icici,hinglish_natural
aaj Lenskart pe 178 rupaye kharcha hua card se,178,shopping,card,,,voice_transcript
Airtel recharge se recharge kiyaa 33823 rupaye ka Slice se pay kar diya,33823,utilities,upi,slice,fi,hinglish_natural
Paid Rs.11649.05 to McDonald's Paytm UPI hdfc 9880 Successful,11649.05,food,upi,paytm,hdfc,ocr_upi
hospital pe 476 rupaiye ka medicine le liya haath se diyee,20572,healthcare,cash,,,source_hinglish
Rahul ko 21682 transfer kiya card se,21682,friends,card,,,friends_synthetic
ZEE5 INR 209.87 FI,209.87,entertainment,card,,fi,english_natural
dopahar ko BSNL ka bill pay kia 3606 rs. card se,3606,utilities,card,,bob,hinglish_natural
Kuvera 164 ₹ UPI se,164,investment,upi,gpay,,hinglish_natural
"D AMIT 3633 Completed 4Jan 2026,11:08 pm HDFC Bank 2406 UPI transaction ID 648807889907 TO:AMIT amit.17009@hdfcbank Googletransaction lD XYZabc098392 OPI paytm",3633,friends,upi,paytm,hdfc,ocr_upi
"Receipt #3768
Nykaa
Amount Paid: Rs.1372
Mode: CARD",1372,shopping,card,,,ocr_receipt
raat ko 18356 rs. KFC UPI se pay kiyaa achha deal mila,18356,food,upi,jupiter,,hinglish_natural
JioCinema pe 349 rupay ka ticket lia UPI se,349,entertainment,upi,bhim,hdfc,hinglish_natural
i paid 50 rupees for upGrad using Gpay,50,education,upi,gpay,,voice_transcript
"TAX INVOICE
mobile recharge
Grand Total: ₹37467.60
Payment: Google Pay",37467.60,utilities,upi,gpay,axis,ocr_receipt
paid 4964 to library through Google Pay from Punjab National Bank,4964,education,upi,gpay,pnb,voice_transcript
eye checkup pe 12125 ₹ ka doctor ko diy UPI se pay kiyaa yaar,12125,healthcare,upi,slice,,hinglish_natural
Spotify ka ticket liya 3001 rupaiye UPI se pay kiya,3001,entertainment,upi,slice,,hinglish_natural
i did 425 expense on 1mg using card,425,healthcare,card,,,voice_transcript
UPI/64733383/DMART/JUPITER,633.80,food,upi,gpay,jupiter,english_natural
217 rupees McDonald's Phone Pe Fi account,217,food,upi,phonepe,fi,voice_transcript
Rs49471.76 to Air India via credit card,49471.76,travel,card,,,english_natural
today i spent 117 on Lenskart via card from my Niyo bank,117,shopping,card,,niyo,voice_transcript
Payment of 27827 to Groww was successful via CRED UPI Ref No 97415920941010 HDFC Account 8957,27827,investment,upi,cred,hdfc,ocr_upi
253 rupees checkup karaya lab test ko debit card se,253,healthcare,card,,,hinglish_natural
HDFC loan ka loan payment kr diya 31665 rupees card se,31665,emi,card,,hdfc,hinglish_natural
"PVR BILL
St: ₹1330
CARD Approved",1330,entertainment,card,,,ocr_receipt
"D BHARATPETROLEUM 233 Completed 3Feb 2026,5:04 pm HDFC Bank 2217 UPI transaction ID 5970881236 TO:BHARATPETROLEUM bharat petroleum.34299@hdfcbank Goog1etransaction lD XYZabc276106 OPI phonepe",233,travel,upi,phonepe,hdfc,ocr_upi
paid 433 to personal loan EMI through card from HDFC Bank,433,emi,card,,hdfc,voice_transcript
"PharmEasy BILL
St: ₹1437.62
CASH APPROVED",1437.62,healthcare,cash,,sbi,ocr_receipt
Indian Oil 4034 rupay via Google Pay,4034,travel,upi,gpay,,hinglish_natural
"Receipt #6994
McDonald's
Amount Paid: 42035
Mode: CRED",42035,food,upi,cred,,ocr_receipt
coaching payment ₹2223 done via debit card,2223,education,card,,,english_natural
37937 GPay eye checkup,37937,healthcare,upi,gpay,,english_natural
?1246.10 paid to Vikram via cash from ICICI,1246.10,friends,cash,,icici,english_natural
ATM/CASH/BANK/256.45,256.45,friends,upi,jupiter,,english_natural
Gaana se game liyaa 42886 rupaye ka UPI se pay kar diya sasta tha,42886,entertainment,upi,slice,,hinglish_natural
raat ko 462 rs. books Gpay se,462,education,upi,gpay,,hinglish_natural
IndiGo mein 407 lag gaye Google Pay se bhara,407,travel,upi,gpay,,voice_transcript
SpiceJet ka ticket book kr diya 45284 rupees card se pay kiya,45284,travel,card,,,hinglish_natural
electronics clothes shoes accessories purchase 20808 via card,20808,shopping,card,,,cue_row
mobile recharge 1962.73 Axis,1962.73,utilities,upi,cred,axis,english_natural
education loan EMI pe 453 rs. ka installment de diya debit card se,38908,emi,card,,union bank,source_hinglish
UPI/74270712/CONCERT/HDFC,405,entertainment,upi,cred,hdfc,english_natural
"BOOKMYSHOW
Item 1 Rs.367
Item 2 Rs.351
Total ₹10635
CARD",10635,entertainment,card,,kotak,ocr_receipt
17206 ka Karan bill pay kiya cash se Punjab National Bank se kata,17206,friends,cash,,pnb,voice_transcript
Jio recharge se recharge kr diya 428 ₹ ka bhim se pay kar diya State Bank card se bohot mehenga,428,utilities,upi,bhim,sbi,hinglish_natural
i paid 4769 rupees for MedPlus using Paytm,4769,healthcare,upi,paytm,,voice_transcript
flight booking travel ticket INR 11624 cash,11624,travel,cash,,,cue_row
yaar education loan EMI ka EMI kat gayi 24956 ₹ credit card se,24956,emi,card,,,hinglish_natural
ATM/CASH/BANK/1211,1211,emi,upi,jupiter,,english_natural
auto se kiraya de diya 4483 rupaye ka Gpay pe,4483,travel,upi,gpay,niyo,hinglish_natural
ghar jaate waqt stationery ka tuition die 298 rupaiye UPI se diy ICICI account se,298,education,upi,phonepe,icici,hinglish_natural
Zomato dinner INR 5894,5894,food,cash,,,source_english
flatmate se paise bheje 4551 rupay ka UPI se pay kiyaa,4551,friends,upi,gpay,,hinglish_natural
Rohan 111 Google Pay Successful SBI 3508,111,friends,upi,gpay,sbi,ocr_upi
bhai ka transfer kr diya 18473 rs. UPI se,18473,friends,upi,gpay,union bank,hinglish_natural
3014 rs. tuition die library pe UPI se diy,22548,education,upi,paytm,,source_hinglish
auto ka ride lya 10898 rupay UPI se pay kia,10898,travel,upi,phonepe,,hinglish_natural
Rs.192.88 paid to Spotify via SLICE UPI from HDFC Bank ending 1498,192.88,entertainment,upi,slice,hdfc,ocr_upi
296 rs. Divya cash me,296,friends,cash,,icici,hinglish_natural
"PVR 2808 Completed 16Dec 2025,10:29 am sbi 3156 UPI transaction ID 31870863344",2808,entertainment,upi,bhim,sbi,ocr_upi
Chai Point pe 29232 rupees ka food order kr diya Phonepe pe yaar,29232,food,upi,phonepe,,hinglish_natural
aaj Netmeds pe 279 rupaye kharcha hua Jupiter se,279,healthcare,upi,jupiter,,voice_transcript
G Pay payment ₹3708 water bill Punjab National Bank 3882 successful,3708,utilities,upi,gpay,pnb,ocr_upi
Just paid Rs.1568 to Vi recharge through slice,1568,utilities,upi,slice,,english_natural
auto pe 2599 rs. ka ticket book kar diya credit card se,2599,travel,card,,,hinglish_natural
kal 981 rs. fees bharaa Coursera ko UPI se die,981,education,upi,gpay,,hinglish_natural
Electronics shopping INR 20593,20593,shopping,card,,kotak,source_english
water bill Rs232 G Pay,232,utilities,upi,gpay,,english_natural
Lenskart me 4265 ₹ ka checkup karaya Phonepe pe,4265,healthcare,upi,phonepe,,hinglish_natural
yaar insurance premium 329 rupaye card se pay kia YES BANK se kata,329,utilities,card,,yes bank,hinglish_natural
abhi DishTV se recharge kya 264 rupaiye ka UPI se BOB card se,264,utilities,upi,paytm,bob,hinglish_natural
"Amazon
Net Amount 2693.84
Paid via CARD",2693.84,shopping,card,,icici,ocr_receipt
maine 4987 rupaye FirstCry ko diye GPay se,4987,shopping,upi,gpay,icici,voice_transcript
Kuvera se mutual fund kr diya 237 rs. ka PayTM se,237,investment,upi,paytm,idfc,hinglish_natural
tuition ka books liyaa 3864 rupay Phone Pe se pay kr diya,3864,education,upi,phonepe,hdfc,hinglish_natural
Zerodha ka mutual fund kar diya 4782 rupay UPI se diye,4782,investment,upi,phonepe,,hinglish_natural
Google Pay payment INR 216 exam fee Axis Bank 3082 completed,216,education,upi,gpay,axis,ocr_upi
Neha se split kiyaa 415 ₹ ka UPI se pay kya bohot mehenga,415,friends,upi,phonepe,hdfc,hinglish_natural
SBI LOAN INR 47867.03 AXIS BANK,47867.03,emi,card,,axis,english_natural
insurance premium me 1800 rupay ka bill pay kar diya card se pay kr diya,1800,utilities,card,,,hinglish_natural
Zerodha mein 31436 lag gaye card se bhara,31436,investment,card,,,voice_transcript
flight booking travel ticket ?15299 card,15299,travel,card,,,cue_row
Concert ticket INR 14975,14975,entertainment,card,,canara,source_english
"D DIAGNOSTIC 3944 Completed 21Mar 2026,2:29 pm idfc Bank 9097 UPI transaction ID 67939369394995 TO:DIAGNOSTIC diagnostic.74452@idfcbank Soogletransaction lD CICAgJjg035210 OPI PayTM",3944,healthcare,upi,paytm,idfc,ocr_upi
MedPlus ka 246 rupees ka bill paytm se pay kiya,246,healthcare,upi,paytm,,voice_transcript
MedPlus 1728,1728,healthcare,cash,,,english_natural
"FirstCry
Net Amount 2130.72
Paid via CARD",2130.72,shopping,card,,,ocr_receipt
i did 48332 expense on Snapdeal using slice,48332,shopping,upi,slice,,voice_transcript
bhai 1995 rs. cab liya auto pe card se pay kiyaa,1995,travel,card,,,hinglish_natural
Paid ?35552 for 1mg from my hdfc account via Jupiter,35552,healthcare,upi,jupiter,hdfc,english_natural
44155 rupees dost phonepe SBI account,44155,friends,upi,phonepe,sbi,voice_transcript
flatmate ka transfer kia 1605 ₹ haath se diye,1605,friends,cash,,sbi,hinglish_natural
cafe 2314 phonepe Payment done RBL Bank 9522,2314,food,upi,phonepe,rbl,ocr_upi
amazon flipkart myntra online shopping order ₹74 Paytm,74,shopping,upi,paytm,,cue_row
"DUNKIN
Item 1 323
Item 2 159
Total ₹260.81
CRED",260.81,food,upi,cred,,ocr_receipt
sent t174 to Neha on CRED,174,friends,upi,cred,,friends_synthetic
yaar Pooja ka paise bheje 303 rs. via gpay,303,friends,upi,gpay,,hinglish_natural
Lenskart me 4415 rupaye ka medicine lia Paytm se pay kar diya Kotak Mahindra account se,4415,healthcare,upi,paytm,kotak,hinglish_natural
217 rs clinic Gpay pe,217,healthcare,upi,gpay,sbi,hinglish_natural
INR 4398 paid to SpiceJet via phonepe from Niyo,4398,travel,upi,phonepe,niyo,english_natural
upGrad se admission kr diya 1304 ka card se pay kiya bohot mehenga,1304,education,card,,,hinglish_natural
Paid Rs.4759 for lab test from my State Bank account via fi,4759,healthcare,upi,fi,sbi,english_natural
concert 996.72,996.72,entertainment,card,,,english_natural
Fi payment INR 3621 eye checkup HDFC 3328 completed,3621,healthcare,upi,fi,hdfc,ocr_upi
"Zee5 1995.95 Completed 22Dec 2026,9:30 am SBI 5491 UPI transaction ID 139234186867",1995.95,entertainment,upi,phonepe,sbi,ocr_upi
sent Rs 21700 to flatmate on PhonePe,21700,friends,upi,phonepe,,friends_synthetic
Ananya ko 489 transfer kiya phonepe se,489,friends,upi,phonepe,,friends_synthetic
179 rupees bro card hdfc account,179,friends,card,,hdfc,voice_transcript
"DENTIST
Item 1 ₹452
Item 2 R 66
Total Rs.15556
CASH",15556,healthcare,cash,,,ocr_receipt
netflix spotify hotstar subscription movie show ₹1693 GPay,1693,entertainment,upi,gpay,,cue_row
TO:OLA ola.40378@hdfcbankbank From:RAHULKUMAR (HDFC Bank BHIM : sender1510@okhdfcbankbank,15941.06,travel,upi,bhim,hdfc,ocr_upi
144 rupees BYJU'S card se,144,education,card,,,hinglish_natural
TO:AMAZONPRIME amazonprime.67100@axisbank From:AMITSINGH (axis Google Pay : sender4693@okaxisbank,3032,entertainment,upi,gpay,axis,ocr_upi
Ananya ko 24918 transfer kiya gpay se,24918,friends,upi,gpay,,friends_synthetic
crypto gold bonds NPS portfolio INR 118 card,118,investment,card,,,cue_row
UPI/93383010/SIP/JUPITER,10743,investment,upi,gpay,jupiter,english_natural
INOX 223 Kotak Mahindra,223,entertainment,upi,paytm,kotak,english_natural
R 284.93 to stocks via fi,284.93,investment,upi,fi,,english_natural
Rs4382.71 to EatFit via credit card,4382.71,food,card,,,english_natural
"Receipt #1918
KFC
Amount Paid: ₹4584
Mode: Phonepe",4584,food,upi,phonepe,,ocr_receipt
42418 rs Tata CLiQ debit card se,42418,shopping,card,,,hinglish_natural
"D ACTFIBERNET 372 Completed 15Jan 2026,8:42 pm HDFC Bank Bank 4103 UPI transaction ID 15921816977525 TO:ACTFIBERNET act fibernet.92735@hdfc bankbank Googletransaction lD XYZabc415748 OPI Phone Pe",372,utilities,upi,phonepe,hdfc,ocr_upi
t369 debited from your Axis account for Unacademy (PayTM UPI),369,education,upi,paytm,axis,ocr_upi
spent 1245 rupees on YouTube Premium via card,1245,entertainment,card,,fi,voice_transcript
hospital doctor pharmacy medicine diagnostic 113 card,113,healthcare,card,,,cue_row
gold pe 16763 ka paisa daala G Pay pe budget tod diya,16763,investment,upi,gpay,,hinglish_natural
BSNL 400 rupaye UPI se,400,utilities,upi,phonepe,,hinglish_natural
20899 rupees electricity bill cash hdfc account,20899,utilities,cash,,hdfc,voice_transcript
flatmate rent share 379 SLICE Rohan,379,friends,upi,slice,,friends_synthetic
Cleartrip ka ride liyaa 4114 rupaye credit card se,4114,travel,card,,jupiter,hinglish_natural
sent money to Neha t4505 on Gpay,4505,friends,upi,gpay,,friends_synthetic
EatFit 18759 rupaiye Gpay se pay kr diya,18759,food,upi,gpay,,hinglish_natural
sent money to Vikram 389 on Cred,389,friends,upi,cred,hdfc,friends_synthetic
383 rupees ACT Fibernet UPI se diy,383,utilities,upi,fi,,hinglish_natural
electricity water broadband mobile recharge bill 40231 card,40231,utilities,card,,,cue_row
346 rupay order kiyaa FirstCry ko UPI se diy bc,346,shopping,upi,gpay,,hinglish_natural
split bill 3188 Phone Pe se Ananya ko diya,3188,friends,upi,phonepe,pnb,friends_synthetic
personal loan installment EMI deduction Rs3686 card,3686,emi,card,,,cue_row
UPI/92744556/MESS/BANK,119.99,food,cash,,,english_natural
Cleartrip 26800,26800,travel,cash,,,english_natural
raat ko 3303 rs. subscription renew kar diya concert pe debit card se,3303,entertainment,card,,icici,hinglish_natural
spent 3389 rupees on Priya via card,3389,friends,card,,,voice_transcript
coaching exam preparation study material INR 125 card,125,education,card,,hdfc,cue_row
today i spent 43622 on Practo via Phonepe from my jupiter bank,43622,healthcare,upi,phonepe,jupiter,voice_transcript
1201 rupaiye movie dekhi Zee5 ko Fi se pay kr diya,1201,entertainment,upi,fi,,hinglish_natural
home loan EMI ka loan payment kya 458 rupay debit card se,458,emi,card,,,hinglish_natural
4356 rupees Bajaj Finance EMI card se matlab,4356,emi,card,,,hinglish_natural
"BILL
Bewakoof
t442
CARD
Thank You Visit Again",442,shopping,card,,,ocr_receipt
ATM/CASH/SBI/49724,49724,travel,card,,sbi,english_natural
dost Rahul ko 11494 rupaye phonepe se bheje,11494,friends,upi,phonepe,,friends_synthetic
82 cash Gaana,82,entertainment,cash,,fi,english_natural
CCD 3525 rupaiye Cred pe SLICE se,3525,food,upi,cred,slice,hinglish_natural
bhai college fees ka 2293 rupaye PayTM se de diya,2293,education,upi,paytm,,voice_transcript
"D RESTAURANT 194.36 Completed 6Feb 2026,2:35 pm Union Bank Bank 6155 UPI transaction ID 9517190706 TO:RESTAURANT restaurant.69796@union bankbank Googletransaction lD XYZabc931316 OPI PhonePe",194.36,food,upi,phonepe,union bank,ocr_upi
BYJU'S me 316 ka tuition diyee card se pay kia,316,education,card,,,hinglish_natural
TO:STARBUCKS starbucks.63302@axisbank From:RAHULKUMAR (Axis BHIM : sender4637@okaxisbank,2838,food,upi,bhim,axis,ocr_upi
office se aate hue SonyLIV me 1088 rupaye ka subscription renew kiya credit card se,1088,entertainment,card,,hdfc,hinglish_natural
Bought Neha for Rs.1809.46 with Cred,1809.46,friends,upi,cred,,english_natural
396.25 education loan EMI,396.25,emi,card,,,english_natural
tuition 3907 cash die,3907,education,cash,,icici,hinglish_natural
Zee5 69 rupees card se achha deal mila,5,entertainment,card,,bandhan,hinglish_natural
Restaurant bill INR 43619,43619,food,upi,cred,,source_english
Paid 47286 for gaming via Mastercard,47286,entertainment,card,,,english_natural
office se aate hue Rahul ka paise bheje 930 ₹ card se,930,friends,card,,icici,hinglish_natural
mess se food order kiyaa 29352 rs. ka UPI se,29352,food,upi,paytm,,hinglish_natural
diagnostic pe 415 rupees ka medicine le liya via jupiter,415,healthcare,upi,jupiter,,hinglish_natural
crypto gold bonds NPS portfolio ₹2813 Paytm,2813,investment,upi,paytm,kotak,cue_row
home loan EMI pe 308 ₹ ka loan payment kar diya card se idfc se,308,emi,card,,idfc,hinglish_natural
4866 ka broadband bill pay kiya Gpay se,4866,utilities,upi,gpay,,voice_transcript
kal 4294 ₹ khareed lya market ko credit card se yaar,4294,shopping,card,,icici,hinglish_natural
15360 rupaiye ride le liya rickshaw pe cash diy,15360,travel,cash,,,hinglish_natural
bhai 3989 ₹ EMI kat gayi credit card EMI ko card se pay kya,3989,emi,card,,,hinglish_natural
GAMING INR 228,228,entertainment,upi,paytm,,english_natural
44101 rupay MedPlus card se,44101,healthcare,card,,pnb,hinglish_natural
Zara payment ₹216.32 done via cash,216.32,shopping,cash,,,english_natural
4042 rupaye bill bharaa insurance premium pe gpay se pay kiya,4042,utilities,upi,gpay,,hinglish_natural
lab test 325 UPI se diye NIYO se kata,325,healthcare,upi,fi,niyo,hinglish_natural
Pizza Hut payment Rs 238 done via NIYO,238,food,upi,niyo,bob,english_natural
TO:AJIO ajio.95088@sbibank From:AMITSINGH (sbi Bhim : user5364@oksbibank,1049.29,shopping,upi,bhim,sbi,ocr_upi
"Receipt #3243
Jio recharge
Amount Paid: Rs.107.97
Mode: Phone Pe",107.97,utilities,upi,phonepe,,ocr_receipt
Bought Rahul for Rs 330.41 with Paytm,330.41,friends,upi,paytm,axis,english_natural
123 Goibibo Jupiter se,123,travel,upi,jupiter,niyo,hinglish_natural
office se aate hue 211 buy kiya Amazon ko credit card se,211,shopping,card,,,hinglish_natural
abhi Bajaj Finance EMI ka EMI bharaa 26090 rupay via GPay Slice wale account se achha deal mila,26090,emi,upi,gpay,slice,hinglish_natural
Cafe coffee INR 12169,12169,food,cash,,,source_english
aaj Zara pe 496 rupaye kharcha hua phonepe se,496,shopping,upi,phonepe,union bank,voice_transcript
"Spotify
Net Amount 4643
Paid via CARD",4643,entertainment,card,,icici,ocr_receipt
4622 rupees credit card EMI UPI se diye,4622,emi,upi,paytm,,hinglish_natural
electricity water broadband mobile recharge bill ₹129 Bhim,129,utilities,upi,bhim,,cue_row
97 ₹ SBI loan card se pay kiya,97,emi,card,,sbi,hinglish_natural
market pe 281 rupees ka shopping kar diya UPI se diyee State Bank se,281,shopping,upi,fi,sbi,hinglish_natural
petrol diesel fuel ₹19602 at pump cash,19602,travel,cash,,,cue_row
i paid 19630 rupees for lab test using cash,19630,healthcare,cash,,,voice_transcript
bhai 298 rs EMI bharaa car loan EMI pe debit card se,298,emi,card,,,hinglish_natural
"Receipt #8900
Snapdeal
Amount Paid: Rs.458
Mode: slice",458,shopping,upi,slice,,ocr_receipt
kal 313 rs Bharat Petroleum naqad bohot mehenga,313,travel,cash,,hdfc,hinglish_natural
"APPLE MUSIC
Item 1 Rs.486
Item 2 ?194
Total Rs43137.72
CARD",43137.72,entertainment,card,,,ocr_receipt
paid back friend lent money Rs265 card,265,friends,card,,,cue_row
petrol diesel fuel ₹31 at pump card,31,travel,card,,,cue_row
Coin 986 rupaiye Paytm pe,986,investment,upi,paytm,,hinglish_natural
abhi Nykaa ka order kar diya 25886 card se pay kya,43137,shopping,card,,hdfc,source_hinglish
raat ko Zomato ka mangwaya 39070 rs haath se diy Fi account se,39070,food,cash,,fi,hinglish_natural
i paid 2638 rupees for Zerodha using PhonePe,2638,investment,upi,phonepe,,voice_transcript
dost 811 Paytm,811,friends,upi,paytm,sbi,ocr_upi
colleague se udhar return kya 32020 rupaye ka UPI se pay kya,32020,friends,upi,cred,,hinglish_natural
Zee5 858 cash,858,entertainment,cash,,,english_natural
dinner split 1805 rupaye roommate PhonePe,1805,friends,upi,phonepe,axis,friends_synthetic
Divya ka transfer kr diya 623 rupaiye cash diye,623,friends,cash,,,hinglish_natural
NEFT/TRANSFER/SOCIETY MAINTENANCE/,2054,utilities,card,,,english_natural
subah college fees me 301 ₹ ka tuition die UPI se,301,education,upi,gpay,,hinglish_natural
home loan car loan credit card EMI monthly Rs 34913 autopay card,34913,emi,card,,,cue_row
27542.58 Phone Pe Unacademy,27542.58,education,upi,phonepe,,english_natural
school fees ka books liyaa 491 rupay slice pe,23664,education,upi,slice,,source_hinglish
47022 rs. Coursera via Phone Pe,47022,education,upi,phonepe,hdfc,hinglish_natural
society maintenance 41874.17 credit card,41874.17,utilities,card,,,english_natural
spent 2561 rupees on tuition via Phonepe,2561,education,upi,phonepe,slice,voice_transcript
"AJIO
Item 1 Rs 124
Item 2 139
Total 1741
Phone Pe",1741,shopping,upi,phonepe,sbi,ocr_receipt
raat ko Vikram se udhar return kiyaa 8155 rupaiye ka UPI se bc,8155,friends,upi,phonepe,kotak,hinglish_natural
"Receipt #9569
water bill
Amount Paid: Rs 54
Mode: PayTM",54,utilities,upi,paytm,,ocr_receipt
Paid 2403 for Rapido via card,2403,travel,card,,,english_natural
Paytm Money 3220 debited from SBI,3220,investment,card,,sbi,english_natural
maine 20392 rupaye IndiGo ko diye card se,20392,travel,card,,,voice_transcript
Pizza Hut me 414 rupay ka khana order kia Phone Pe se,36124,food,upi,phonepe,,source_hinglish
Slice payment Rs.355.66 Yatra Yes Bank 1438 done,355.66,travel,upi,slice,yes bank,ocr_upi
3862.98 debit card Ola,3862.98,travel,card,,axis,english_natural
paid 361 to Uber through card,361,travel,card,,,voice_transcript
Rs.2016.02 paid to society maintenance via credit card from jupiter,2016.02,utilities,card,,jupiter,english_natural
Spent ₹368 on HDFC loan using Paytm,368,emi,upi,paytm,idfc,english_natural
sent 2647 to friend on cash split bill UPI,2647,friends,cash,,,cue_row
Tata Play 3885 rupaiye via PhonePe,3885,utilities,upi,phonepe,,hinglish_natural
Payment of Rs233 to petrol pump was successful via paytm UPI Ref No 2904214080 State Bank Account 4061,233,travel,upi,paytm,sbi,ocr_upi
dost colleague ko 17919 rupaye cash se bheje,17919,friends,cash,,,friends_synthetic
rent maintenance gas connection Rs.2665 card,2665,utilities,card,,,cue_row
i paid 2298 rupees for PVR using card,2298,entertainment,card,,niyo,voice_transcript
PPF contribution INR 24954,24954,investment,card,,,source_english
FOOD COURT INR 3336 JUPITER,3336,food,upi,niyo,jupiter,english_natural
bhai market ka 40282 rupaye PhonePe se de diya,40282,shopping,upi,phonepe,,voice_transcript
47305 rupees Neha cred,47305,friends,upi,cred,,voice_transcript
4826 rupees JioMart Phonepe ICICI account,4826,food,upi,phonepe,icici,voice_transcript
crypto gold bonds NPS portfolio ₹4816 card,4816,investment,card,,axis,cue_row
office se aate hue 139 rupaiye Uber credit card se,139,travel,card,,hdfc,hinglish_natural
Zara payment Rs2780 done via Fi Money,2780,shopping,upi,fi,icici,english_natural
personal loan installment EMI deduction INR 467 Gpay,467,emi,upi,gpay,,cue_row
Bought Air India for Rs.3146 with cash,3146,travel,cash,,,english_natural
"upGrad 49955.04 Completed 12Jul 2026,3:06 am Bandhan Bank 9580 UPI transaction ID 874900449100723",49955.04,education,upi,gpay,bandhan,ocr_upi
kal 3797 rs. EMI kat gayi bike loan EMI ko credit card se SBI wale account se,3797,emi,card,,sbi,hinglish_natural
split bill 397 Paytm se bro ko diya,397,friends,upi,paytm,hdfc,friends_synthetic
₹43 debited from your Union Bank account for Dominos (Gpay UPI),43,food,upi,gpay,union bank,ocr_upi
Zomato dinner INR 28593,28593,food,cash,,,source_english
TO:FLIPKART flipkart.49190@sbibank From:PRIYASHARMA (sbi Fi : user5269@oksbibank,4692,shopping,upi,fi,sbi,ocr_upi
Rapido se ride lya 1446 ka cash me Fi Money wale account se,1446,travel,cash,,fi,hinglish_natural
dost Priya ko 12435 rupaye bhim se bheje,12435,friends,upi,bhim,,friends_synthetic
Ananya ko 8170 transfer kiya Bhim se,8170,friends,upi,bhim,,friends_synthetic
home loan EMI 3295 ₹ Jupiter se pay kiyaa,3295,emi,upi,jupiter,,hinglish_natural
48993 rs. Shreya UPI se pay kiya,48993,friends,upi,paytm,,hinglish_natural
Subway 341.63 SLICE,341.63,food,upi,slice,slice,english_natural
10613 rs installment de diye education loan EMI pe Jupiter se pay kr diya Canara card se,10613,emi,upi,jupiter,canara,hinglish_natural
BigBasket Rs.1250.11 Jupiter,1250.11,food,upi,jupiter,,english_natural
aaj 31869 khana khya restaurant ko UPI se die bc,31869,food,upi,phonepe,,hinglish_natural
Paid ₹122 to colleague phonepe UPI Bank of Baroda 4253 Successful,122,friends,upi,phonepe,bob,ocr_upi
Payment of Rs.963 to Vikram was successful via G Pay UPI Ref No 694201844576 PNB Account 4956,963,friends,upi,gpay,pnb,ocr_upi
Bought PharmEasy for Rs.3687 with Gpay,3687,healthcare,upi,gpay,jupiter,english_natural
paid 1195 to INOX through card from Axis,1195,entertainment,card,,axis,voice_transcript
subah 388 rupaye Vi recharge UPI se,388,utilities,upi,gpay,,hinglish_natural
35267 charged for HDFC loan on Paytm,35267,emi,upi,paytm,pnb,english_natural
water bill Rs.258.01 Paytm,258.01,utilities,upi,paytm,axis,ocr_upi
doctor 222 rupaye debit card se,222,healthcare,card,,,hinglish_natural
mutual fund SIP stocks PPF FD investment ₹3307 card,3307,investment,card,,,cue_row
BHIM payment ₹409.69 Cleartrip icici 8788 successful,409.69,travel,upi,bhim,icici,ocr_upi
stocks 210 rupaye credit card se HDFC Bank se kata,210,investment,card,,hdfc,hinglish_natural
yaar JioCinema pe 1905 rs. ka subscription renew kiyaa UPI se,1905,entertainment,upi,phonepe,sbi,hinglish_natural
Zara 36412 rupees UPI se de diya,36412,shopping,upi,paytm,,hinglish_natural
"Receipt #6174
Vi recharge
Amount Paid: Rs.4176.65
Mode: CARD",4176.65,utilities,card,,hdfc,ocr_receipt
electricity bill pe 248 rs. ka recharge kr diya UPI se HDFC se kata,248,utilities,upi,cred,hdfc,hinglish_natural
kal FD se mutual fund kiya 884 rupaiye ka card se pay kia,884,investment,card,,,hinglish_natural
30440 rs. stock le liya NPS ko cred pe Kotak Mahindra card se,30440,investment,upi,cred,kotak,hinglish_natural
Cafe coffee INR 24955,24955,food,upi,cred,hdfc,source_english
stocks ka SIP bharaa 1314 ₹ card se pay kia,1314,investment,card,,jupiter,hinglish_natural
rickshaw 10523 ICICI,10523,travel,card,,icici,english_natural
mutual fund SIP stocks PPF FD investment 12880 Cred,12880,investment,upi,cred,,cue_row
sent money to Neha ₹301 on Paytm,301,friends,upi,paytm,,friends_synthetic
43548 ka ACT Fibernet bill pay kiya Phone Pe se,43548,utilities,upi,phonepe,,voice_transcript
₹126 paid to YouTube Premium via Mastercard from hdfc,126,entertainment,card,,hdfc,english_natural
paytm payment 1274.02 EaseMyTrip Kotak 6178 completed,1274.02,travel,upi,paytm,kotak,ocr_upi
"Apple Music 869 Completed 1Mar 2025,12:02 pm Bandhan Bank 4474 UPI transaction ID 686238127758430",869,entertainment,upi,phonepe,bandhan,ocr_upi
245 books cash me,245,education,cash,,kotak,hinglish_natural
Rs2709 charged for EatFit on CRED,2709,food,upi,cred,sbi,english_natural
i did 17529 expense on Unacademy using Phonepe,17529,education,upi,phonepe,hdfc,voice_transcript
paid 4942 to ACT Fibernet through NIYO from Axis,4942,utilities,upi,niyo,axis,voice_transcript
dost 4501 rs credit card se,4501,friends,card,,,hinglish_natural
SBI loan 11586 HDFC Bank,11586,emi,card,,hdfc,english_natural
"BILL
Nykaa
Rs 18075
jupiter
Thank You Visit Again",18075,shopping,upi,jupiter,hdfc,ocr_receipt
i paid 15857 rupees for Paytm Money using G Pay,15857,investment,upi,gpay,,voice_transcript
"doctor
Net Amount 214.04
Paid via Fi",214.04,healthcare,upi,fi,,ocr_receipt
paid 3827 to Ajio through Gpay,3827,shopping,upi,gpay,,voice_transcript
Paid INR 29464 for yaar from my IDFC account via Jupiter,29464,friends,upi,jupiter,idfc,english_natural
SBI loan 250 Paytm Successful kotak 4088,250,emi,upi,paytm,kotak,ocr_upi
"BILL
Apple Music
4136.03
CASH
Thank You Visit Again",4136.03,entertainment,cash,,,ocr_receipt
Paid Rs 826 for BYJU'S from my hdfc account via BHIM,826,education,upi,bhim,hdfc,english_natural
Priya Rs 5391.47 phonepe,5391.47,friends,upi,phonepe,pnb,ocr_upi
Just paid ₹282 to Uber through G Pay,282,travel,upi,gpay,,english_natural
EaseMyTrip se petrol bhara 67 rupaye ka cash me State Bank se,67,travel,cash,,sbi,hinglish_natural
aaj 3706 rs EMI kat gayi credit card EMI ko debit card se,3706,emi,card,,,hinglish_natural
paid Pooja Rs 4043 via cred,4043,friends,upi,cred,,friends_synthetic
"D AIRTELRECHARGE 2883 Completed 18Mar 2026,6:44 pm SBI Bank 3416 UPI transaction ID 98002461412 TO:AIRTELRECHARGE airtel recharge.26758@sbibank Googletransaction lD CICAgJjg849511 OPI G Pay",2883,utilities,upi,gpay,sbi,ocr_upi
Swiggy 127 rupees Jupiter pe sasta tha,127,food,upi,jupiter,,hinglish_natural
Barbeque Nation 190 Slice,190,food,upi,slice,sbi,ocr_upi
college fees 3531.21 Visa,3531.21,education,card,,canara,english_natural
Zee5 1687.70 Paytm Payment done HDFC Bank 6110,1687.70,entertainment,upi,paytm,hdfc,ocr_upi
Bought market for ₹41850.88 with Visa,41850.88,shopping,card,,,english_natural
PVR ka 36338 rupees ka bill Cred se pay kiya,36338,entertainment,upi,cred,,voice_transcript
school fees INR 47133 G Pay,47133,education,upi,gpay,hdfc,english_natural
4159 ₹ installment diyee SBI loan ko card se pay kiyaa sasta tha,4159,emi,card,,,hinglish_natural
netflix spotify hotstar subscription movie show ₹859 card,859,entertainment,card,,indusind,cue_row
Bajaj Finance EMI pe 5237 ₹ ka loan payment kia card se,5237,emi,card,,,hinglish_natural
R 455 paid to Biryani Blues via credit card from Kotak,455,food,card,,kotak,english_natural
niyo payment Rs.426.49 Groww ICICI 5184 done,426.49,investment,upi,niyo,icici,ocr_upi
raat ko Divya ka dost ko die 1656 cash me zyada ho gaya,1656,friends,cash,,pnb,hinglish_natural
₹33858 debited from your HDFC account for SpiceJet (G Pay UPI),33858,travel,upi,gpay,hdfc,ocr_upi
abhi Angel One me 44368 rs. ka invest kr diya UPI se pay kia sbi se kata,44368,investment,upi,gpay,sbi,hinglish_natural
"1mg
Net Amount 790.55
Paid via CARD",790.55,healthcare,card,,,ocr_receipt
dopahar ko doctor ka medicine le liya 918 ₹ UPI se pay kiya,918,healthcare,upi,jupiter,fi,hinglish_natural
today i spent 1943 on Apple Music via PhonePe,1943,entertainment,upi,phonepe,,voice_transcript
bhai ACT Fibernet ka payment kia 3656 rupaiye Phone Pe pe,3656,utilities,upi,phonepe,,hinglish_natural
3234 ka clinic bill pay kiya Niyo se ICICI Bank se kata,3234,healthcare,upi,niyo,icici,voice_transcript
abhi mall 301 rupay card se,301,shopping,card,,,hinglish_natural
petrol diesel fuel t2345 at pump paytm,2345,travel,upi,paytm,,cue_row
"D BOOKS 1591 Completed 6Apr 2026,3:55 pm Yes Bank Bank 8490 UPI transaction ID 539837453740126 TO:BOOKS books.81097@yes bankbank Googletransaction lD CICAgJjg564320 OPI Cred",1591,education,upi,cred,yes bank,ocr_upi
₹4988.14 debited from your Kotak Mahindra account for MedPlus (GPay UPI),4988.14,healthcare,upi,gpay,kotak,ocr_upi
bhai 2580 rupay shopping kya Zara pe debit card se,2580,shopping,card,,,hinglish_natural
Shreya 21441 BHIM Completed Kotak Mahindra 8631,21441,friends,upi,bhim,kotak,ocr_upi
medical checkup lab test health insurance Rs.267 Gpay,267,healthcare,upi,gpay,hdfc,cue_row
Groww se SIP bhar diya 2111 ₹ ka debit card se PNB account se sasta tha,2111,investment,card,,pnb,hinglish_natural
MakeMyTrip 49779 cash,49779,travel,cash,,,english_natural
car loan EMI 884 rs. credit card se,884,emi,card,,,hinglish_natural
"ACT Fibernet
Net Amount 114.85
Paid via CARD",114.85,utilities,card,,canara,ocr_receipt
Used axis Mastercard to pay Rs.291.04 for upGrad,291.04,education,card,,axis,english_natural
yaar 6019 rs. Lenskart debit card se,6019,shopping,card,,,hinglish_natural
Rs.3373.80 charged for Rahul on credit card,3373.80,friends,card,,,english_natural
Rs 2225 debited from your HDFC Bank account for HDFC loan (Fi UPI),2225,emi,upi,fi,hdfc,ocr_upi
Slice payment 1182 bhai IDFC 8679 completed,1182,friends,upi,slice,idfc,ocr_upi
raat ko 3490 course liya tuition pe card se,3490,education,card,,,hinglish_natural
"HOSPITAL
Item 1 ₹329
Item 2 ₹313
Total ₹2713
GPay",2713,healthcare,upi,gpay,,ocr_receipt
Spent Rs2916 on Yatra using Gpay,2916,travel,upi,gpay,,english_natural
RedBus ka petrol bhar diya 222 rs card se,222,travel,card,,,hinglish_natural
education loan EMI se loan payment kya 47709 rs ka card se,30192,emi,card,,,source_hinglish
Water bill INR 38723,38723,utilities,upi,gpay,,source_english
sent money to colleague 13891 on SLICE,13891,friends,upi,slice,,friends_synthetic
Used ICICI Bank fi to pay Rs360 for Pizza Hut,360,food,upi,fi,icici,english_natural
Restaurant bill INR 9032,9032,food,card,,hdfc,source_english
"TATA PLAY RESTAURANT
Total 4306
Cash Received
Change 0.00",4306,utilities,cash,,,ocr_receipt
gaming 498 rupay card se pay kr diya jupiter wale account se,498,entertainment,card,,jupiter,hinglish_natural
Netmeds 15370.55 gpay,15370.55,healthcare,upi,gpay,axis,ocr_upi
i paid 289 rupees for hospital using Jupiter,289,healthcare,upi,jupiter,,voice_transcript
TO:METRO metro.44276@icicibank From:RAHULKUMAR (icici Jupiter : sender6417@okicicibank,8972,travel,upi,jupiter,icici,ocr_upi
Paid Rs.4383.16 for Zerodha from my IndusInd account via card,4383.16,investment,card,,indusind,english_natural
Rs.4365 charged for Bajaj Finance EMI on debit card,4365,emi,card,,,english_natural
LIBRARY INR 79.40,79.40,education,cash,,,english_natural
aaj gas bill 242 rupay Gpay pe,242,utilities,upi,gpay,,hinglish_natural
Paid 86 for Amazon Prime via cash,86,entertainment,cash,,,english_natural
NEFT/TRANSFER/STATIONERY/,3431,education,cash,,,english_natural
"Receipt #6384
YouTube Premium
Amount Paid: Rs 2205
Mode: Google Pay",2205,entertainment,upi,gpay,,ocr_receipt
Groww 3198.69,3198.69,investment,card,,,english_natural
"D PERSONALLOANEMI 4442 Completed 1Feb 2026,2:41 pm HDFC Bank Bank 3850 UPI transaction ID 8461759265 TO:PERSONALLOANEMI personal loan emi.84620@hdfc bankbank Goog1etransaction lD CICAgJjg788858 OPI PayTM",4442,emi,upi,paytm,hdfc,ocr_upi
Pooja ka split kiya 9349 haath se de diye,9349,friends,cash,,,hinglish_natural
BYJU'S 411 ₹ G Pay se pay kya,411,education,upi,gpay,,hinglish_natural
Just paid ?16725.32 to Zomato through cash,16725.32,food,cash,,sbi,english_natural
1173 rupay Tata CLiQ debit card se,1173,shopping,card,,jupiter,hinglish_natural
2456.69 BookMyShow,2456.69,entertainment,upi,paytm,,english_natural
electronics clothes shoes accessories purchase INR 285 via CRED,285,shopping,upi,cred,,cue_row
Just paid R 349 to Yatra through card,349,travel,card,,,english_natural
TO:NATURE'SBASKET nature'sbasket.36201@kotakbank From:RAHULKUMAR (Kotak Niyo : sender4337@okkotakbank,2754,food,upi,niyo,kotak,ocr_upi
dost flatmate ko 11738 rupaye card se bheje,11738,friends,card,,,friends_synthetic
coaching exam preparation study material R 163 card,163,education,card,,,cue_row
Rs 39870 paid to roommate via Phonepe from slice,39870,friends,upi,phonepe,slice,english_natural
flatmate rent share 14353 paytm Vikram,14353,friends,upi,paytm,,friends_synthetic
Bought diagnostic for INR 4172.86 with Phone Pe,4172.86,healthcare,upi,phonepe,,english_natural
ATM/CASH/BANK/13905.22,13905.22,travel,upi,niyo,,english_natural
crypto 220.60 Phonepe Payment done PNB 5186,220.60,investment,upi,phonepe,pnb,ocr_upi
"TAX INVOICE
restaurant
Grand Total: 1940.09
Payment: phonepe",1940.09,food,upi,phonepe,hdfc,ocr_receipt
personal loan installment EMI deduction 4763 Slice,4763,emi,upi,slice,,cue_row
sent money to Rohan 4099 on PhonePe,4099,friends,upi,phonepe,,friends_synthetic
444 water bill cred se sasta tha,444,utilities,upi,cred,icici,hinglish_natural
i paid 727 rupees for Cleartrip using cash,727,travel,cash,,,voice_transcript
restaurant 1602 rupaiye UPI se diye HDFC account se,1602,food,upi,cred,hdfc,hinglish_natural
gaming concert event ticket Rs 4975 card,4975,entertainment,card,,,cue_row
raat ko Bajaj Finance EMI se EMI kat gayi 277 ₹ ka card se pay kr diya,277,emi,card,,,hinglish_natural
sent ₹1424 to friend on paytm split bill UPI,1424,friends,upi,paytm,,cue_row
library ka fees bhara 4054 rupaye card se pay kya,4054,education,card,,fi,hinglish_natural
bhai Neha ka 28 rupaye Slice se de diya,28,friends,upi,slice,,voice_transcript
raat ko EaseMyTrip ka kiraya die 32980 cash diy Jupiter wale account se,32980,travel,cash,,jupiter,hinglish_natural
Zomato dinner INR 6852,6852,food,cash,,,source_english
school college tuition course books fees Rs327 card,327,education,card,,,cue_row
963 ₹ EMI bhara SBI loan ko paytm se pay kr diya,963,emi,upi,paytm,,hinglish_natural
yaar MakeMyTrip ka cab liya 4187 rs cash diye sasta tha,4187,travel,cash,,,hinglish_natural
Just paid ₹2777.89 to HDFC loan through Visa,2777.89,emi,card,,,english_natural
Payment of 4997.88 to BookMyShow was successful via SLICE UPI Ref No 76575824083415 Canara Bank Account 4882,4997.88,entertainment,upi,slice,canara,ocr_upi
rent maintenance gas connection Rs.247 Phonepe,247,utilities,upi,phonepe,,cue_row
dopahar ko Rahul ka dost ko diy 356 rs. PhonePe se,356,friends,upi,phonepe,,hinglish_natural
clinic 26 ₹ card se bc,26,healthcare,card,,,hinglish_natural
UPI/29351898/ZARA/ICICI,4027,shopping,cash,,icici,english_natural
"D IRCTC 29.80 Completed 4Mar 2026,1:06 pm axis Bank 3959 UPI transaction ID 4546625731253 TO:IRCTC irctc.65273@axisbank Soogletransaction lD CICAgJjg698762 OPI paytm",29.80,travel,upi,paytm,axis,ocr_upi
32521 khana khayaa restaurant ko BHIM se,32521,food,upi,bhim,,hinglish_natural
"Practo BILL
St: R 147.14
Google Pay Approved",147.14,healthcare,upi,gpay,,ocr_receipt
spent 72 rupees on market via card,72,shopping,card,,,voice_transcript
Rohan INR 255 debited from State Bank,255,friends,upi,phonepe,sbi,english_natural
spent 38798 rupees on Goibibo via card,38798,travel,card,,,voice_transcript
2196 rupay Udemy credit card se,2196,education,card,,slice,hinglish_natural
Apollo Pharmacy me 179 rupaiye ka dawai lya haath se diye,179,healthcare,cash,,,hinglish_natural
paid 815 to NPS through Gpay,815,investment,upi,gpay,,voice_transcript
dopahar ko school fees me 922 rupay ka tuition diy debit card se,922,education,card,,,hinglish_natural
122 ₹ Bewakoof via Phone Pe,122,shopping,upi,phonepe,,hinglish_natural
"Receipt #7832
Ajio
Amount Paid: Rs21875
Mode: CARD",21875,shopping,card,,,ocr_receipt
Spent ₹222.27 on Groww using credit card,222.27,investment,card,,,english_natural
coaching exam preparation study material Rs.4233 cash,4233,education,cash,,,cue_row
4186 rs Zepto credit card se,4186,food,card,,icici,hinglish_natural
Flipkart order INR 48118,48118,shopping,upi,niyo,,source_english
Box8 me 4025 rupees ka khana khaaya Phone Pe pe,8,food,upi,phonepe,,hinglish_natural
4325 rs. Reliance Fresh SLICE pe,4325,food,upi,slice,,hinglish_natural
Paid ₹3727 for SIP via card,3727,investment,card,,,english_natural
Spent Rs.7683.10 on PharmEasy using credit card,7683.10,healthcare,card,,icici,english_natural
BSNL me 87 rupees ka payment kar diya card se,87,utilities,card,,axis,hinglish_natural
uber ola cab ride airport train ticket 323 cash,323,travel,cash,,,cue_row
concert 20093 PayTM se,20093,entertainment,upi,paytm,,hinglish_natural
i did 377 expense on FirstCry using card,377,shopping,card,,,voice_transcript
3453 rs. movie dekhi BookMyShow ko naqad HDFC se kata matlab,3453,entertainment,cash,,hdfc,hinglish_natural
today i spent 4406 on HP Petrol via SLICE from my Kotak bank,4406,travel,upi,slice,kotak,voice_transcript
4914 rupaye electricity bill cred pe,4914,utilities,upi,cred,,hinglish_natural
Paid ₹484.63 for Rahul via Niyo,484.63,friends,upi,niyo,,english_natural
McDonald's ka mangwaya 18844 rupaye CRED se pay kar diya,18844,food,upi,cred,,hinglish_natural
paid 436 to Indian Oil through card,436,travel,card,,,voice_transcript
Goibibo 90.28 niyo Payment done ICICI 8283,90.28,travel,upi,niyo,icici,ocr_upi
Mobile recharge INR 47207,47207,utilities,cash,,,source_english
flatmate 2597 Gpay Successful SBI 2715,2597,friends,upi,gpay,sbi,ocr_upi
NEFT/TRANSFER/ANANYA/,458,friends,cash,,,english_natural
lunch dinner food order swiggy zomato restaurant meal INR 79 Jupiter,79,food,upi,jupiter,,cue_row
Nature's Basket se food order kiyaa 472 rupay ka UPI se,472,food,upi,slice,hdfc,hinglish_natural
Rs 1700 charged for canteen on credit card,1700,food,card,,,english_natural
Amit ko 435 transfer kiya card se,435,friends,card,,,friends_synthetic
Rs.403.26 paid to gas bill via SLICE UPI from Punjab National Bank Bank ending 1262,403.26,utilities,upi,slice,pnb,ocr_upi
Pizza delivery INR 18590,18590,food,card,,,source_english
paid 43644 to Amazon Prime through Slice from slice,43644,entertainment,upi,slice,slice,voice_transcript
"mobile recharge BILL
St: Rs36842
CASH Approved",36842,utilities,cash,,pnb,ocr_receipt
mobile recharge pe 28875 rupees ka recharge kya UPI se diy HDFC Bank wale account se bohot mehenga,28875,utilities,upi,niyo,hdfc,hinglish_natural
Used slice gpay to pay INR 27 for Karan,27,friends,upi,gpay,slice,english_natural
rent maintenance gas connection INR 3959 CRED,3959,utilities,upi,cred,,cue_row
HP Petrol ka ride liyaa 72 rupaiye cash me,72,travel,cash,,slice,hinglish_natural
4798 rupees mall PayTM Bank of Baroda account,4798,shopping,upi,paytm,bob,voice_transcript
28436 rs payment kya gas bill pe via cred achha deal mila,28436,utilities,upi,cred,,hinglish_natural
Paid ₹37602.11 to eye checkup PayTM UPI State Bank 4357 Done,37602.11,healthcare,upi,paytm,sbi,ocr_upi
"BSNL BILL
St: ₹2922
slice Approved",2922,utilities,upi,slice,,ocr_receipt
HDFC loan 1305 rupay card se,1305,emi,card,,,hinglish_natural
Amazon Prime 1022 Gpay Payment done Punjab National Bank 7709,1022,entertainment,upi,gpay,pnb,ocr_upi
Zee5 me 422 rupaiye ka ticket liyaa PhonePe pe Bank of Baroda card se,5,entertainment,upi,phonepe,bob,hinglish_natural
sent money to Neha ₹3118 on Gpay,3118,friends,upi,gpay,,friends_synthetic
rickshaw pe 2355 rupaye ka ride lya card se pay kar diya,2355,travel,card,,hdfc,hinglish_natural
office se aate hue stocks se stock liya 202 rupay ka debit card se,202,investment,card,,,hinglish_natural
Starbucks me 7550 rupaiye ka mangwaya via PhonePe,7550,food,upi,phonepe,,hinglish_natural
i did 3685 expense on EaseMyTrip using cash,3685,travel,cash,,,voice_transcript
ghar jaate waqt Netmeds me 40925 rs ka medicine lya credit card se,40925,healthcare,card,,,hinglish_natural
Paid 37102.92 for NPS via Visa,37102.92,investment,card,,,english_natural
Paid INR 4264 to rickshaw gpay UPI ICICI 1753 Done,4264,travel,upi,gpay,icici,ocr_upi
flatmate rent share 2950 cash Pooja,2950,friends,cash,,,friends_synthetic
61 ka Bharat Petroleum bill pay kiya card se,61,travel,card,,,voice_transcript
4353 rupay friend gpay pe,4353,friends,upi,gpay,hdfc,hinglish_natural
spent 38103 rupees on petrol pump via cash,38103,travel,cash,,,voice_transcript
ghar jaate waqt gaming ka movie dekhi 1742 rs naqad,1742,entertainment,cash,,slice,hinglish_natural
sent INR 1631 to friend on PhonePe split bill UPI,1631,friends,upi,phonepe,icici,cue_row
Paid PPF 6919 using bhim,6919,investment,upi,bhim,,english_natural
uber ola cab ride airport train ticket ₹1784 cash,1784,travel,cash,,,cue_row
split bill 6071 Phone Pe se Pooja ko diya,6071,friends,upi,phonepe,,friends_synthetic
Paytm Money 270 rupaiye via phonepe,270,investment,upi,phonepe,,hinglish_natural
Apollo Pharmacy se dawai lya 38916 rupees ka cash me,38916,healthcare,cash,,sbi,hinglish_natural
bhai mein 42 lag gaye NIYO se bhara,42,friends,upi,niyo,icici,voice_transcript
Karan mein 186 lag gaye gpay se bhara,186,friends,upi,gpay,kotak,voice_transcript
bhim payment ₹22680 Tata CLiQ ICICI Bank 3171 done,22680,shopping,upi,bhim,icici,ocr_upi
electricity water broadband mobile recharge bill Rs3710 phonepe,3710,utilities,upi,phonepe,,cue_row
rent maintenance gas connection 40605 bhim,40605,utilities,upi,bhim,,cue_row
Paid Rs 191 to bhai PhonePe UPI State Bank 3237 Completed,191,friends,upi,phonepe,sbi,ocr_upi
Paid INR 4230 for MedPlus from my SLICE account via PayTM,4230,healthcare,upi,paytm,slice,english_natural
"SBI loan 209 Completed 4Dec 2026,1:46 pm sbi 3740 UPI transaction ID 83400771601083",209,emi,upi,paytm,sbi,ocr_upi
breakfast snacks chai coffee ₹48 fi,48,food,upi,fi,,cue_row
"Receipt #2646
Barbeque Nation
Amount Paid: 59
Mode: gpay",59,food,upi,gpay,,ocr_receipt
Jio recharge 3030 Paytm,3030,utilities,upi,paytm,hdfc,ocr_upi
2171.22 paid to personal loan EMI via Phonepe UPI from HDFC Bank ending 6757,2171.22,emi,upi,phonepe,hdfc,ocr_upi
Netflix ₹310 Google Pay,310,entertainment,upi,gpay,sbi,english_natural
Amazon purchase INR 37279,37279,shopping,card,,,source_english
1755 game le liya Spotify ko card se,1755,entertainment,card,,,hinglish_natural
Paid Rs.278.34 for market via cred,278.34,shopping,upi,cred,,english_natural
MakeMyTrip se cab lya 11309 rs. ka card se pay kar diya,11309,travel,card,,niyo,hinglish_natural
PharmEasy 273 Phonepe Completed Punjab National Bank 6376,273,healthcare,upi,phonepe,pnb,ocr_upi
Apollo Pharmacy 456 PhonePe,456,healthcare,upi,phonepe,sbi,ocr_upi
stationery ka course lia 38312 rs. debit card se kotak se,38312,education,card,,kotak,hinglish_natural
Zerodha 1162.29 Mastercard,1162.29,investment,card,,hdfc,english_natural
Rs 46289 charged for Vedantu on Cred,46289,education,upi,cred,,english_natural
school fees 4574 rupaye Google Pay se pay kar diya,4574,education,upi,gpay,,hinglish_natural
Spotify 4375,4375,entertainment,cash,,,english_natural
"TAX INVOICE
JioCinema
Grand Total: 4066
Payment: CARD",4066,entertainment,card,,icici,ocr_receipt
NEFT/TRANSFER/LAB TEST/,494,healthcare,cash,,,english_natural
2942 rupees cab lya EaseMyTrip ko haath se diyee,2942,travel,cash,,,hinglish_natural
227 rupees EMI kat gayi SBI loan ko UPI se pay kya,227,emi,upi,niyo,,hinglish_natural
₹3199 paid to stationery via Phone Pe UPI from sbi Bank ending 2886,3199,education,upi,phonepe,sbi,ocr_upi
Amazon Prime ka 141 rupees ka bill card se pay kiya,141,entertainment,card,,jupiter,voice_transcript
JioMart pe 351 rupay ka khana order kr diya UPI se pay kiyaa,351,food,upi,phonepe,,hinglish_natural
rickshaw se kiraya diye 311 rupay ka cash diye bohot mehenga,46574,travel,cash,,,source_hinglish
Ananya ka 126 rupees ka bill Cred se pay kiya,126,friends,upi,cred,,voice_transcript
today i spent 334 on coaching via cash,334,education,cash,,,voice_transcript
₹251.73 to Netmeds via gpay,251.73,healthcare,upi,gpay,,english_natural
bhai crypto ka 4297 rupaye card se de diya,4297,investment,card,,,voice_transcript
PPF pe 438 rupaye ka SIP bhar diya UPI se pay kiya,438,investment,upi,paytm,,hinglish_natural
3262 car loan EMI card se pay kiya matlab,3262,emi,card,,fi,hinglish_natural
Personal loan installment INR 46084,46084,emi,upi,bhim,,source_english
mutual fund SIP stocks PPF FD investment 1343 Cred,1343,investment,upi,cred,icici,cue_row
credit card EMI 47784 Phonepe Payment done BOB 8630,47784,emi,upi,phonepe,bob,ocr_upi
187 rupees subscription renew kiyaa Hotstar ko card se pay kia,187,entertainment,card,,sbi,hinglish_natural
Flipkart order INR 13532,13532,shopping,upi,phonepe,,source_english
Amazon 2110.08 idfc,2110.08,shopping,card,,idfc,english_natural
Vi recharge se recharge kr diya 470 ka cred se,470,utilities,upi,cred,,hinglish_natural
2282.60 paid to stationery via cred UPI from ICICI Bank Bank ending 5419,2282.60,education,upi,cred,icici,ocr_upi
"CONCERT
Item 1 72
Item 2 ?407
Total Rs.484
BHIM",484,entertainment,upi,bhim,,ocr_receipt
Angel One Rs.2364.77 G Pay,2364.77,investment,upi,gpay,sbi,english_natural
"TAX INVOICE
water bill
Grand Total: Rs.163.41
Payment: CARD",163.41,utilities,card,,,ocr_receipt
sent 13540 to flatmate on SLICE,13540,friends,upi,slice,icici,friends_synthetic
Mutual fund SIP INR 12854,12854,investment,upi,gpay,,source_english
coaching 4793.56 Slice Payment done hdfc 8898,4793.56,education,upi,slice,hdfc,ocr_upi
"doctor BILL
St: Rs.2322
cred APPROVED",2322,healthcare,upi,cred,,ocr_receipt
Ajio 29449,29449,shopping,upi,gpay,,english_natural
lab test 4666 rupaiye via G Pay Slice se kata,4666,healthcare,upi,gpay,slice,hinglish_natural
285 Meesho,285,shopping,card,,fi,english_natural
4294 PPF,4294,investment,card,,kotak,english_natural
Subway pe 276 rupay ka kha liya cash diy,276,food,cash,,,hinglish_natural
Lenskart se dawai lya 48494 rs. ka UPI se de diya,48494,healthcare,upi,phonepe,,hinglish_natural
paid 4060 to Snapdeal through cash from PNB,4060,shopping,cash,,pnb,voice_transcript
amazon flipkart myntra online shopping order 1095 Fi Money,1095,shopping,upi,fi,,cue_row
crypto gold bonds NPS portfolio 461 card,461,investment,card,,,cue_row
Amit ko 5128 transfer kiya paytm se,5128,friends,upi,paytm,hdfc,friends_synthetic
Payment of ₹1750 to Hotstar was successful via PhonePe UPI Ref No 09020681836 Federal Bank Account 8294,1750,entertainment,upi,phonepe,federal bank,ocr_upi
Kuvera 1923 PhonePe se bc,1923,investment,upi,phonepe,bob,hinglish_natural
coaching 2587 Google Pay Payment done hdfc 5509,2587,education,upi,gpay,hdfc,ocr_upi
electronics clothes shoes accessories purchase Rs.12575 via card,12575,shopping,card,,sbi,cue_row
bhai HDFC loan ka 398 rupaye card se de diya,398,emi,card,,,voice_transcript
amazon flipkart myntra online shopping order 23062 card,23062,shopping,card,,,cue_row
488 rupees cab lia RedBus pe UPI se pay kiyaa State Bank se,488,travel,upi,gpay,sbi,hinglish_natural
gas bill ka 4447 rupees ka bill PhonePe se pay kiya,4447,utilities,upi,phonepe,,voice_transcript
aaj flatmate pe 391 rs ka dost ko de diye fi se,391,friends,upi,fi,,hinglish_natural
i paid 41963 rupees for H&M using card,41963,shopping,card,,hdfc,voice_transcript
SBI loan 3416.51,3416.51,emi,card,,,english_natural
breakfast snacks chai coffee ₹4025 cash,4025,food,cash,,,cue_row
₹12570 debited from your HDFC Bank account for Coursera (Slice UPI),12570,education,upi,slice,hdfc,ocr_upi
4502 rupees EMI kat gayi bike loan EMI pe UPI se de diya,4502,emi,upi,gpay,,hinglish_natural
raat ko rent se recharge kiyaa 26633 ₹ ka phonepe se Fi card se,26633,utilities,upi,phonepe,fi,hinglish_natural
home loan car loan credit card EMI monthly Rs8553 autopay card,8553,emi,card,,,cue_row
dost roommate ko 3682 rupaye Paytm se bheje,3682,friends,upi,paytm,,friends_synthetic
personal loan EMI 192 UPI se pay kia SBI se kata,192,emi,upi,jupiter,sbi,hinglish_natural
"PRACTO RESTAURANT
Total 31659
Cash Received
Change 0.00",31659,healthcare,upi,cred,,ocr_receipt
Paid Netflix INR 104.44 using Cred,104.44,entertainment,upi,cred,,english_natural
Paid Ananya ₹2607 using Paytm,2607,friends,upi,paytm,,english_natural
metro 32652 rupaye haath se de diya,32652,travel,cash,,,hinglish_natural
48779.86 to metro via cash,48779.86,travel,cash,,,english_natural
breakfast snacks chai coffee Rs 44804 card,44804,food,card,,,cue_row
SBI loan ka 1221 rupees ka bill card se pay kiya,1221,emi,card,,,voice_transcript
ghar jaate waqt 28784 rupaiye bill bharaa society maintenance pe bhim pe,28784,utilities,upi,bhim,,hinglish_natural
dinner split 1803 rupaye Rohan cash,1803,friends,cash,,,friends_synthetic
uber ola cab ride airport train ticket ₹154 cash,154,travel,cash,,,cue_row
Myntra 3989 debit card se,3989,shopping,card,,,hinglish_natural
INR 1471 to Indian Oil via G Pay hdfc account,1471,travel,upi,gpay,hdfc,english_natural
Apollo Pharmacy ka dawai liyaa 23 ₹ credit card se,23,healthcare,card,,,hinglish_natural
breakfast snacks chai coffee ₹39210 cash,39210,food,cash,,,cue_row
Ananya ko 17125 transfer kiya paytm se,17125,friends,upi,paytm,axis,friends_synthetic
eye checkup me 1642 rupaye ka doctor ko de diye Google Pay pe,3194,healthcare,upi,gpay,,source_hinglish
kal INOX pe 32366 rupay ka subscription renew kiya Google Pay pe,32366,entertainment,upi,gpay,,hinglish_natural
paid yaar ?2349 via cash,2349,friends,cash,,hdfc,friends_synthetic
Myntra 454 rupaiye debit card se,454,shopping,card,,,hinglish_natural
dopahar ko Amazon pe 48406 rupees ka buy kia UPI se pay kia HDFC Bank wale account se,48406,shopping,upi,paytm,hdfc,hinglish_natural
amazon flipkart myntra online shopping order 434 Phone Pe,434,shopping,upi,phonepe,,cue_row
concert 1363 ₹ cash me RBL se kata,1363,entertainment,cash,,rbl,hinglish_natural
crypto 27 rupay UPI se jupiter card se,27,investment,upi,gpay,jupiter,hinglish_natural
maine 29191 rupaye Practo ko diye card se,29191,healthcare,card,,axis,voice_transcript
Rs 26464 to electricity bill via cash,26464,utilities,cash,,,english_natural
flatmate rent share 59 Paytm Karan,59,friends,upi,paytm,,friends_synthetic
"Spotify 41782 Completed 21Aug 2025,12:53 am ICICI Bank 4470 UPI transaction ID 0734856758499",41782,entertainment,upi,jupiter,icici,ocr_upi
"JIOCINEMA RESTAURANT
Total 4843.45
Cash Received
Change 0.00",4843.45,entertainment,card,,bob,ocr_receipt
SBI loan mein 2042 lag gaye card se bhara,2042,emi,card,,,voice_transcript
raat ko 470 rupaye Netmeds credit card se,470,healthcare,card,,,hinglish_natural
lunch dinner food order swiggy zomato restaurant meal ₹26930 Google Pay,26930,food,upi,gpay,,cue_row
rent Rs.33.25 slice,33.25,utilities,upi,slice,yes bank,english_natural
429 rs. kha liya CCD pe card se pay kia,429,food,card,,,hinglish_natural
yaar 2524 course lia upGrad ko debit card se,2524,education,card,,,hinglish_natural
Bought Gaana for ₹12683 with Phonepe,12683,entertainment,upi,phonepe,sbi,english_natural
Angel One me 9452 ₹ ka paisa daala via PhonePe,9452,investment,upi,phonepe,hdfc,hinglish_natural
Box8 42222 cash diye,8,food,cash,,,hinglish_natural
FD se invest kya 113 rupees ka debit card se Kotak se,34012,investment,card,,kotak,source_hinglish
₹2084 paid to doctor via cash from hdfc,2084,healthcare,cash,,hdfc,english_natural
Tata CLiQ ka saman liya 924 ₹ card se zyada ho gaya,924,shopping,card,,jupiter,hinglish_natural
Faasos ka mangwaya 20393 rupaiye card se,49760,food,card,,,source_hinglish
Karan se transfer kiyaa 12634 rupees ka gpay se,12634,friends,upi,gpay,,hinglish_natural
paid 23856 to Zerodha through BHIM from IDFC First,23856,investment,upi,bhim,idfc,voice_transcript
t1130 debited from your sbi account for BSNL (Fi UPI),1130,utilities,upi,fi,sbi,ocr_upi
ATM/CASH/BANK/4249.84,4249.84,utilities,card,,,english_natural
"TAX INVOICE
Netflix
Grand Total: ₹33765
Payment: CARD",33765,entertainment,card,,,ocr_receipt
mutual fund SIP stocks PPF FD investment Rs 632 card,632,investment,card,,kotak,cue_row
Flipkart pe 370 rs ka shopping kia Google Pay se pay kia,370,shopping,upi,gpay,,hinglish_natural
bhai HDFC loan ka EMI kat gayi 20 rupees card se pay kiyaa bohot mehenga,20,emi,card,,,hinglish_natural
home loan EMI se EMI bharra 17236 rs. ka via cred,17236,emi,upi,cred,,hinglish_natural
coaching exam preparation study material ₹445 cred,445,education,upi,cred,,cue_row
R 315.66 charged for SpiceJet on cash,315.66,travel,cash,,,english_natural
Croma 70.37 debit card,70.37,shopping,card,,,english_natural
396 rs. dawai lia 1mg ko BHIM pe,396,healthcare,upi,bhim,,hinglish_natural
insurance premium me 16344 rupaiye ka bill pay kr diya UPI se,16344,utilities,upi,jupiter,,hinglish_natural
Bought Blinkit for INR 24052.66 with paytm,24052.66,food,upi,paytm,,english_natural
PRIYA INR 3964,3964,friends,upi,niyo,,english_natural
"BILL
1mg
INR 38683
CARD
Thank You Visit Again",38683,healthcare,card,,,ocr_receipt
18243 EMI bharaa education loan EMI pe card se,18243,emi,card,,axis,hinglish_natural
4067 debited from your HDFC account for concert (PhonePe UPI),4067,entertainment,upi,phonepe,hdfc,ocr_upi
split bill 23495 cash se Ananya ko diya,23495,friends,cash,,,friends_synthetic
3085 charged for MakeMyTrip on bhim,3085,travel,upi,bhim,,english_natural
dinner split 491 rupaye bhai PhonePe,491,friends,upi,phonepe,,friends_synthetic
credit card EMI 362 card se pay kiyaa,362,emi,card,,,hinglish_natural
split bill 2342 gpay se friend ko diya,2342,friends,upi,gpay,,friends_synthetic
4560 ₹ Zerodha slice se pay kiyaa,4560,investment,upi,slice,niyo,hinglish_natural
"DOCTOR
Item 1 INR 58
Item 2 Rs 306
Total R 33195
CARD",33195,healthcare,card,,hdfc,ocr_receipt
Goibibo ka ticket book kya 25082 rupay debit card se,25082,travel,card,,hdfc,hinglish_natural
2526 rs. metro haath se de diya,2526,travel,cash,,,hinglish_natural
NEFT/TRANSFER/BARBEQUE NATION/UNION BANK,1539,food,upi,gpay,union bank,english_natural
"BILL
eye checkup
4030
PayTM
Thank You Visit Again",4030,healthcare,upi,paytm,,ocr_receipt
bhai bike loan EMI ka EMI bhar diya 40 rupaiye UPI se pay kia,40,emi,upi,paytm,,hinglish_natural
59 ₹ lab test phonepe pe,59,healthcare,upi,phonepe,,hinglish_natural
Rs.2797.57 to gaming via Visa,2797.57,entertainment,card,,,english_natural
i paid 183 rupees for Amit using Phone Pe,183,friends,upi,phonepe,yes bank,voice_transcript
dinner split 15082 rupaye Vikram Slice,15082,friends,upi,slice,,friends_synthetic
Vi recharge 305.85 bhim Completed State Bank 5725,305.85,utilities,upi,bhim,sbi,ocr_upi
"D H&M 4158 Completed 1Mar 2026,12:22 pm HDFC Bank 4369 UPI transaction ID 47827725320 TO:H&M h&m.90906@hdfcbank Googletransaction lD CICAgJjg489873 OPI PhonePe",4158,shopping,upi,phonepe,hdfc,ocr_upi
3806.60 Slice Groww,3806.60,investment,upi,slice,icici,english_natural
"YOUTUBE PREMIUM
Item 1 ₹457
Item 2 Rs476
Total ?16530
Fi",16530,entertainment,upi,fi,,ocr_receipt
Apollo Pharmacy se checkup karaya 314 rupay ka GPay se pay kia,314,healthcare,upi,gpay,,hinglish_natural
i paid 24435 rupees for Karan using CRED,24435,friends,upi,cred,fi,voice_transcript
dinner split 12904 rupaye Neha GPay,12904,friends,upi,gpay,,friends_synthetic
spent 3518 rupees on KFC via card,3518,food,card,,jupiter,voice_transcript
67 friend,67,friends,cash,,jupiter,english_natural
FirstCry ₹35887 debited from sbi,35887,shopping,upi,gpay,sbi,english_natural
PharmEasy 15741 rs naqad budget tod diya,15741,healthcare,cash,,,hinglish_natural
dinner split 8086 rupaye Pooja CRED,8086,friends,upi,cred,,friends_synthetic
office se aate hue school fees me 199 rupaiye ka fees bharaa via Phone Pe,199,education,upi,phonepe,,hinglish_natural
Bought H&M for Rs.3049.41 with card,3049.41,shopping,card,,,english_natural
Bajaj Finance EMI pe 27598 rs. ka EMI kat gayi card se,27598,emi,card,,,hinglish_natural
lunch dinner food order swiggy zomato restaurant meal t1242 Google Pay,1242,food,upi,gpay,,cue_row
i did 367 expense on mess using G Pay,367,food,upi,gpay,bandhan,voice_transcript
Box8 se kha liya 32168 rupaye ka phonepe se,8,food,upi,phonepe,,hinglish_natural
Paid 9965 to insurance premium GPay UPI IDFC First 1323 Successful,9965,utilities,upi,gpay,idfc,ocr_upi
H&M mein 3170 lag gaye Phone Pe se bhara,3170,shopping,upi,phonepe,hdfc,voice_transcript
Food court payment INR 23342,23342,food,upi,gpay,sbi,source_english
Vedantu pe 30480 rupaye ka admission kia cash me bohot mehenga,30480,education,cash,,icici,hinglish_natural
"Receipt #9562
Amazon Prime
Amount Paid: Rs.24658.28
Mode: Jupiter",24658.28,entertainment,upi,jupiter,,ocr_receipt
2789 rupaye order kiya Croma ko UPI se pay kya,2789,shopping,upi,cred,niyo,hinglish_natural
TO:GAMING gaming.96887@kotakmahindrabank From:UTSAVJANA (Kotak Mahindra paytm : sender6287@okkotakmahindrabank,311,entertainment,upi,paytm,kotak,ocr_upi
Paid 26112 for coaching via Google Pay,26112,education,upi,gpay,,english_natural
Used ICICI Bank debit card to pay ₹48 for Cleartrip,48,travel,card,,icici,english_natural
personal loan EMI ₹296 debited from NIYO,296,emi,card,,niyo,english_natural
Just paid Rs.168.55 to MedPlus through fi,168.55,healthcare,upi,fi,hdfc,english_natural
"SBI loan 3921 Completed 21Jan 2025,12:45 am IndusInd 7935 UPI transaction ID 3773087114",3921,emi,upi,paytm,indusind,ocr_upi
paid Amit ₹19763 via niyo,19763,friends,upi,niyo,,friends_synthetic
12012 rs education loan EMI debit card se,12012,emi,card,,,hinglish_natural
coaching exam preparation study material INR 3930 Cred,3930,education,upi,cred,,cue_row
bhai canteen ka 248 rupaye card se de diya,248,food,card,,,voice_transcript
POS/H&M/CARD/2978,1621,shopping,card,,icici,english_natural
Apple Music se game le liya 226 rupaiye ka PayTM se pay kia,38968,entertainment,upi,paytm,,source_hinglish
"TAX INVOICE
BigBasket
Grand Total: Rs207
Payment: GPay",207,food,upi,gpay,hdfc,ocr_receipt
Starbucks 4109.06,4109.06,food,upi,phonepe,,english_natural
Paid ?612.27 for Tata CLiQ from my hdfc account via SLICE,612.27,shopping,upi,slice,hdfc,english_natural
Spent ₹644.75 on INOX using debit card,644.75,entertainment,card,,,english_natural
raat ko school fees 40511 rs debit card se,40511,education,card,,,hinglish_natural
bhai PPF pe 40 ka SIP bhara credit card se,37992,investment,card,,,source_hinglish
4877 rupees bill pay kiya Vi recharge pe UPI se,4877,utilities,upi,paytm,,hinglish_natural
Rs.40 charged for Airtel recharge on Cred,40,utilities,upi,cred,,english_natural
487 ka electricity bill bill pay kiya card se sbi se kata,487,utilities,card,,sbi,voice_transcript
auto ka cab le liya 2110 ₹ UPI se diyee,2110,travel,upi,cred,,hinglish_natural
39701 rupees recharge kiya Airtel recharge pe UPI se diye,39701,utilities,upi,slice,,hinglish_natural
635 ₹ Rahul UPI se pay kiya,635,friends,upi,phonepe,,hinglish_natural
crypto gold bonds NPS portfolio Rs2249 card,2249,investment,card,,,cue_row
kal 72 rs. udhar return kar diya Vikram ko UPI se de diya,72,friends,upi,gpay,bob,hinglish_natural
470 ₹ subscription renew kia gaming ko credit card se,470,entertainment,card,,,hinglish_natural
"water bill
Net Amount 329
Paid via GPay",329,utilities,upi,gpay,,ocr_receipt
electricity water broadband mobile recharge bill Rs3645 G Pay,3645,utilities,upi,gpay,,cue_row
sent Rs.3679 to friend on cash split bill UPI,3679,friends,cash,,,cue_row
electronics clothes shoes accessories purchase Rs.4950 via SLICE,4950,shopping,upi,slice,,cue_row
PVR 211.14 Bhim,211.14,entertainment,upi,bhim,sbi,ocr_upi
Unacademy ka 453 rupees ka bill card se pay kiya,453,education,card,,,voice_transcript
Concert ticket INR 32630,32630,entertainment,card,,,source_english
abhi 2018 rs. payment kya broadband ko PayTM pe axis account se,2018,utilities,upi,paytm,axis,hinglish_natural
Paid ₹12104 to Lenskart gpay UPI Axis Bank 2684 Successful,12104,healthcare,upi,gpay,axis,ocr_upi
Vedantu se fees bhar diya 462 rs ka G Pay se,462,education,upi,gpay,,hinglish_natural
dost Pooja ko 496 rupaye cash se bheje,496,friends,cash,,,friends_synthetic
bhai Arjun ko udhar return kiya 3976 rs Phonepe se,3976,friends,upi,phonepe,,friends_synthetic
Zepto me 4069 rs ka food order kr diya slice pe,4069,food,upi,slice,,hinglish_natural
insurance premium 48853 rupees via PhonePe Axis Bank se budget tod diya,48853,utilities,upi,phonepe,axis,hinglish_natural
INDIGO INR 20090.27,20090.27,travel,card,,,english_natural
33737 rupay khana order kiya Nature's Basket ko Jupiter pe Punjab National Bank se kata,33737,food,upi,jupiter,pnb,hinglish_natural
school fees ka course liyaa 1910 rupaye debit card se,1910,education,card,,,hinglish_natural
paid 121 to Amit through niyo from HDFC Bank,121,friends,upi,niyo,hdfc,voice_transcript
raat ko 208 rupay Chai Point UPI se diyee,208,food,upi,phonepe,,hinglish_natural
bhai dost pe 21680 rs ka paise bheje debit card se,21680,friends,card,,,hinglish_natural
t3159 to colleague SLICE UPI,3159,friends,upi,slice,,friends_synthetic
JioCinema ka show dekha 299 rupaye UPI se,299,entertainment,upi,phonepe,,hinglish_natural
NEFT/TRANSFER/BOOKMYSHOW/,376,entertainment,upi,phonepe,,english_natural
Bought education loan EMI for 243 with GPay,243,emi,upi,gpay,hdfc,english_natural
i paid 4192 rupees for Vedantu using cash,4192,education,cash,,,voice_transcript
Just paid Rs 3559 to broadband through Visa,3559,utilities,card,,,english_natural
POS/GAS BILL/VISA/9254,1515,utilities,card,,,english_natural
₹11589.16 charged for BookMyShow on Phonepe,11589.16,entertainment,upi,phonepe,icici,english_natural
BookMyShow 350 rupaye Google Pay se pay kya,350,entertainment,upi,gpay,hdfc,hinglish_natural
TO:SIP sip.64436@sbibank From:UTSAVJANA (SBI Google Pay : user5166@oksbibank,884.01,investment,upi,gpay,sbi,ocr_upi
society maintenance 457 rupay via SLICE yaar,457,utilities,upi,slice,,hinglish_natural
BYJU'S 2867 rupaiye debit card se sbi se,18328,education,card,,sbi,source_hinglish
"doctor BILL
St: ₹2853
CASH Approved",2853,healthcare,cash,,,ocr_receipt
28 rupaiye shopping kar diya Lenskart pe UPI se matlab,16543,shopping,upi,phonepe,,source_hinglish
dopahar ko concert 28606 rs credit card se,28606,entertainment,card,,,hinglish_natural
school college tuition course books fees ?157 Gpay,157,education,upi,gpay,,cue_row
DishTV 239 rupaiye CRED pe,239,utilities,upi,cred,icici,hinglish_natural
electricity water broadband mobile recharge bill 4888 paytm,4888,utilities,upi,paytm,,cue_row
education loan EMI 3270 rupaiye Phonepe se,3270,emi,upi,phonepe,,hinglish_natural
Home loan EMI INR 2780,2780,emi,card,,,source_english
dost Vikram ko 23983 rupaye Phone Pe se bheje,23983,friends,upi,phonepe,,friends_synthetic
Just paid INR 2172 to H&M through G Pay,2172,shopping,upi,gpay,,english_natural
paid back friend lent money Rs 289 Cred,289,friends,upi,cred,,cue_row
3140 BYJU'S,3140,education,card,,icici,english_natural
market me 266 rupees ka buy kar diya via Slice,266,shopping,upi,slice,,hinglish_natural
home loan EMI INR 3064 card,3064,emi,card,,,english_natural
Paid ?4988 for Ola via cash,4988,travel,cash,,,english_natural
ghar jaate waqt 30690 rupay payment kia society maintenance ko UPI se die,30690,utilities,upi,cred,,hinglish_natural
Exam fee INR 26476,26476,education,upi,paytm,,source_english
colleague payment 1443.20 done via Cred,1443.20,friends,upi,cred,pnb,english_natural
UPI/94925979/ARJUN/BANK,2285,friends,cash,,,english_natural
₹3810 debited from your State Bank account for education loan EMI (Paytm UPI),3810,emi,upi,paytm,sbi,ocr_upi
Paytm payment Rs.3552 insurance premium State Bank 4666 successful,3552,utilities,upi,paytm,sbi,ocr_upi
dinner split 467 rupaye bro phonepe,467,friends,upi,phonepe,,friends_synthetic
i did 272 expense on JioMart using jupiter,272,food,upi,jupiter,,voice_transcript
3418 rupaye Bharat Petroleum Paytm se pay kiya,3418,travel,upi,paytm,,hinglish_natural
Zara se order kia 91 rupay ka card se HDFC account se zyada ho gaya,91,shopping,card,,hdfc,hinglish_natural
maine 790 rupaye library ko diye PhonePe se,790,education,upi,phonepe,sbi,voice_transcript
Rs.33255.68 to Vikram via G Pay,33255.68,friends,upi,gpay,,english_natural
tuition 4309 SLICE Payment done ICICI 8511,4309,education,upi,slice,icici,ocr_upi
school college tuition course books fees Rs2134 cash,2134,education,cash,,,cue_row
"TAX INVOICE
society maintenance
Grand Total: Rs.4912
Payment: bhim",4912,utilities,upi,bhim,,ocr_receipt
3833 petrol bharra petrol pump pe credit card se,3833,travel,card,,,hinglish_natural
"Ajio BILL
St: ₹274
CARD Approved",274,shopping,card,,,ocr_receipt
RENT INR 30359.67 BOB,30359.67,utilities,upi,phonepe,bob,english_natural
"Biryani Blues 1673 Completed 12May 2025,10:14 pm Kotak 5414 UPI transaction ID 9898473843953",1673,food,upi,cred,kotak,ocr_upi
POS/DOST/PAYTM/6554,435.44,friends,upi,paytm,,english_natural
28534 rupaiye Netmeds UPI se die,28534,healthcare,upi,gpay,,hinglish_natural
aaj YouTube Premium pe 150 rupaye kharcha hua bhim se,150,entertainment,upi,bhim,,voice_transcript
Bajaj Finance EMI ka installment diye 3752 rupaye card se pay kia,3752,emi,card,,,hinglish_natural
Used Niyo credit card to pay 2141 for mobile recharge,2141,utilities,card,,niyo,english_natural
electronics store 67 rupaiye card se,67,shopping,card,,,hinglish_natural
"D GASBILL 3570 Completed 8Jan 2026,4:35 pm HDFC Bank 8088 UPI transaction ID 0338336736 TO:GASBILL gas bill.19195@hdfcbank Googletransaction lD CICAgJjg761945 OPI Cred",3570,utilities,upi,cred,hdfc,ocr_upi
ATM/CASH/BANK/223,223,friends,upi,paytm,,english_natural
Rs 135.76 charged for bike loan EMI on card,135.76,emi,card,,,english_natural
"Receipt #8456
Faasos
Amount Paid: Rs.11068
Mode: CASH",11068,food,cash,,,ocr_receipt
"mobile recharge BILL
St: Rs 499.10
CARD approved",499.10,utilities,card,,,ocr_receipt
i did 384 expense on HP Petrol using cash,384,travel,cash,,,voice_transcript
Uber se petrol bhara 4858 rupay ka GPay pe,4858,travel,upi,gpay,,hinglish_natural
Myntra se order kya 47073 rupees ka UPI se diye jupiter wale account se yaar,47073,shopping,upi,gpay,jupiter,hinglish_natural
₹25333 paid to JioMart via phonepe UPI from ICICI Bank Bank ending 8530,25333,food,upi,phonepe,icici,ocr_upi
grocery vegetables milk bread fruits 482 paid phonepe,482,food,upi,phonepe,,cue_row
yaar pe 25256 rupaye ka transfer kar diya via cred bohot mehenga,25256,friends,upi,cred,hdfc,hinglish_natural
Rs 2269 paid to stocks via paytm from Fi,2269,investment,upi,paytm,fi,english_natural
3956 to mall via credit card Fi account,3956,shopping,card,,fi,english_natural
19310 rupees Vedantu card se,27216,education,card,,sbi,source_hinglish
Paid Rs.236.12 for gold via Visa,236.12,investment,card,,slice,english_natural
R 1080 debited from your HDFC account for personal loan EMI (gpay UPI),1080,emi,upi,gpay,hdfc,ocr_upi
Zara pe 42156 rupees ka order kr diya gpay pe,42156,shopping,upi,gpay,hdfc,hinglish_natural
i did 687 expense on Kuvera using Gpay,687,investment,upi,gpay,,voice_transcript
i paid 2328 rupees for Ajio using cash,2328,shopping,cash,,axis,voice_transcript
IRCTC ka kiraya diye 1841 rupaiye cash me,1841,travel,cash,,,hinglish_natural
flatmate rent share 1035 BHIM Neha,1035,friends,upi,bhim,,friends_synthetic
gold 2898 rupees UPI se bc,2898,investment,upi,fi,,hinglish_natural
i did 387 expense on credit card EMI using card,387,emi,card,,,voice_transcript
22987 rupees Amazon Prime card,22987,entertainment,card,,,voice_transcript
Rs4581.46 to Netmeds via jupiter NIYO account,4581.46,healthcare,upi,jupiter,niyo,english_natural
Just paid ?3029 to Spotify through credit card,3029,entertainment,card,,,english_natural
dopahar ko YouTube Premium me 412 rupees ka game le liya debit card se,412,entertainment,card,,,hinglish_natural
BAJAJ FINANCE EMI INR 314.00,314.00,emi,card,,,english_natural
maine 41724 rupaye crypto ko diye Fi Money se,41724,investment,upi,fi,,voice_transcript
abhi IndiGo ka cab le liya 319 rs. cash me bhai,319,travel,cash,,,hinglish_natural
"TAX INVOICE
electricity bill
Grand Total: Rs25240
Payment: PhonePe",25240,utilities,upi,phonepe,,ocr_receipt
flatmate rent share 686 SLICE Karan,686,friends,upi,slice,,friends_synthetic
BSNL se bill pay kiyaa 4289 ₹ ka credit card se,4289,utilities,card,,,hinglish_natural
Crypto investment INR 41878,41878,investment,card,,canara,source_english
Internet recharge INR 26351,26351,utilities,upi,phonepe,,source_english
410 rupaiye transfer kia roommate pe via G Pay,410,friends,upi,gpay,,hinglish_natural
i did 37574 expense on Rapido using cash,37574,travel,cash,,bob,voice_transcript
Goibibo 4111 rupaiye card se pay kr diya,4111,travel,card,,,hinglish_natural
39.47 charged for exam fee on card,39.47,education,card,,,english_natural
"TAX INVOICE
Myntra
Grand Total: INR 2239
Payment: CARD",2239,shopping,card,,,ocr_receipt
1469 rupees SIP bharaa mutual fund ko UPI se,1469,investment,upi,phonepe,,hinglish_natural
Behrouz 4302 rupay UPI se diyee,4302,food,upi,paytm,,hinglish_natural
"food court
Net Amount 10879.37
Paid via CRED",10879.37,food,upi,cred,,ocr_receipt
home loan car loan credit card EMI monthly ₹4377 autopay card,4377,emi,card,,,cue_row
Used IDFC Jupiter to pay Rs377 for Zara,377,shopping,upi,jupiter,idfc,english_natural
hospital se dawai lya 188 rs ka phonepe pe axis se,188,healthcare,upi,phonepe,axis,hinglish_natural
TO:EATFIT eatfit.19211@sbibank From:RAHULKUMAR (sbi PayTM : user9731@oksbibank,18518.78,food,upi,paytm,sbi,ocr_upi
Cleartrip se ticket book kar diya 31070 rupaiye ka haath se de diya,31070,travel,cash,,,hinglish_natural
office se aate hue PharmEasy ka dawai liya 436 rupees Phone Pe se,436,healthcare,upi,phonepe,,hinglish_natural
maine 4586 rupaye SIP ko diye card se,4586,investment,card,,icici,voice_transcript
Amazon Prime 440.90 debited from Fi,440.90,entertainment,card,,fi,english_natural
ghar jaate waqt 10626 ₹ 1mg UPI se pay kr diya,10626,healthcare,upi,cred,,hinglish_natural
i paid 216 rupees for Barbeque Nation using cash,216,food,cash,,,voice_transcript
POS/UNACADEMY/CASH/3356,447.70,education,cash,,niyo,english_natural
bhai coaching ka 18055 rupaye Phone Pe se de diya,18055,education,upi,phonepe,,voice_transcript
"Receipt #7951
doctor
Amount Paid: 3918.23
Mode: phonepe",3918.23,healthcare,upi,phonepe,,ocr_receipt
today i spent 386 on SBI loan via card from my jupiter bank,386,emi,card,,jupiter,voice_transcript
bhai 3570 rs udhar return kar diya roommate pe PhonePe se pay kia,3570,friends,upi,phonepe,hdfc,hinglish_natural
breakfast snacks chai coffee Rs.10365 cash,10365,food,cash,,,cue_row
468 rupay home loan EMI card se zyada ho gaya,468,emi,card,,,hinglish_natural
Box8 ka kha liya 824 Jupiter pe HDFC se,8,food,upi,jupiter,hdfc,hinglish_natural
education loan EMI ka loan payment kiya 2291 rs UPI se pay kia icici card se matlab,2291,emi,upi,phonepe,icici,hinglish_natural
bhai Udemy ka 275 rupaye gpay se de diya,275,education,upi,gpay,axis,voice_transcript
ACT Fibernet 4994 Gpay,4994,utilities,upi,gpay,slice,english_natural
Rs.23947.50 charged for Meesho on card,23947.50,shopping,card,,,english_natural
7690 rupaiye education loan EMI CRED pe,7690,emi,upi,cred,,hinglish_natural
coaching exam preparation study material Rs134 card,134,education,card,,hdfc,cue_row
TO:NATURE'SBASKET nature'sbasket.54340@hdfcbankbank From:UTSAVJANA (HDFC Bank CRED : user4983@okhdfcbankbank,2988.18,food,upi,cred,hdfc,ocr_upi
dinner split 277 rupaye bro cred,277,friends,upi,cred,,friends_synthetic
Kuvera payment Rs2385 done via PayTM,2385,investment,upi,paytm,,english_natural
raat ko personal loan EMI ka EMI kat gayi 48432 rs. Phone Pe se HDFC se kata,48432,emi,upi,phonepe,hdfc,hinglish_natural
Paid PVR t3579 using card,3579,entertainment,card,,,english_natural
insurance premium 730,730,utilities,card,,pnb,english_natural
"HOSPITAL
Item 1 Rs.400
Item 2 96
Total Rs1434
CARD",1434,healthcare,card,,,ocr_receipt
Angel One 409 ₹ via phonepe,409,investment,upi,phonepe,sbi,hinglish_natural
Barbeque Nation payment ₹41201 done via cred,41201,food,upi,cred,sbi,english_natural
2416 rupay Croma Cred se pay kia,2416,shopping,upi,cred,slice,hinglish_natural
Burger King ka khana order kya 19349 UPI se,19349,food,upi,slice,hdfc,hinglish_natural
rent Rs.180 cash,180,utilities,cash,,,english_natural
Rs.407 paid to Spotify via Mastercard from Niyo,407,entertainment,card,,niyo,english_natural
sent ₹2090 to friend on G Pay split bill UPI,2090,friends,upi,gpay,,cue_row
hospital Rs.495.61 bhim,495.61,healthcare,upi,bhim,,english_natural
abhi INOX pe 5973 rupay ka ticket liya card se,5973,entertainment,card,,,hinglish_natural
Ajio 1162 UPI se de diye,1162,shopping,upi,phonepe,,hinglish_natural
FirstCry 245 rs. UPI se budget tod diya,245,shopping,upi,phonepe,,hinglish_natural
Rahul ko 3465 transfer kiya PayTM se,3465,friends,upi,paytm,hdfc,friends_synthetic
abhi 1267 ₹ Gaana cash diyee,1267,entertainment,cash,,sbi,hinglish_natural
Vikram ka dost ko diye 2747 ₹ UPI se SLICE wale account se zyada ho gaya,2747,friends,upi,bhim,slice,hinglish_natural
mutual fund SIP stocks PPF FD investment INR 281 PayTM,281,investment,upi,paytm,,cue_row
bike loan EMI 3442 paytm Completed State Bank 5679,3442,emi,upi,paytm,sbi,ocr_upi
school college tuition course books fees Rs 2298 card,2298,education,card,,,cue_row
INR 15862 to Rohan cash UPI,15862,friends,cash,,,friends_synthetic
school fees ?269 debited from Niyo,269,education,cash,,niyo,english_natural
"BILL
H&M
INR 15277
CARD
Thank You Visit Again",15277,shopping,card,,,ocr_receipt
3819 ka Zepto bill pay kiya cash se Kotak se kata,3819,food,cash,,kotak,voice_transcript
paid 4707 to MakeMyTrip through slice from Axis Bank,4707,travel,upi,slice,axis,voice_transcript
phonepe payment 10856 Arjun PNB 9347 completed,10856,friends,upi,phonepe,pnb,ocr_upi
dopahar ko school fees pe 201 rs ka fees bharra card se pay kya,40798,education,card,,,source_hinglish
"BILL
mall
₹1089
CASH
Thank You Visit Again",1089,shopping,cash,,,ocr_receipt
electricity bill se payment kiyaa 28478 rupay ka UPI se diy,18398,utilities,upi,cred,,source_hinglish
"TAX INVOICE
Meesho
Grand Total: R 46787.76
Payment: SLICE",46787.76,shopping,upi,slice,sbi,ocr_receipt
13898.71 to Zee5 via card,13898.71,entertainment,card,,,english_natural
sent ₹14661 to Karan on cash,14661,friends,cash,,kotak,friends_synthetic
bhai cafe ka 27615 rupaye PayTM se de diya,27615,food,upi,paytm,,voice_transcript
Just paid Rs 22139 to clinic through cash,22139,healthcare,cash,,pnb,english_natural
Neha ko 6809 transfer kiya CRED se,6809,friends,upi,cred,,friends_synthetic
Divya ko 16557 transfer kiya Gpay se,16557,friends,upi,gpay,,friends_synthetic
flatmate rent share 10933 Jupiter Rohan,10933,friends,upi,jupiter,,friends_synthetic
maine 2097 rupaye INOX ko diye phonepe se,2097,entertainment,upi,phonepe,,voice_transcript
bhai 1mg ka 41228 rupaye phonepe se de diya,41228,healthcare,upi,phonepe,pnb,voice_transcript
mess ka mangwaya 445 rupay naqad,445,food,cash,,,hinglish_natural
34830 rupees Gaana card,34830,entertainment,card,,,voice_transcript
"Spotify 32631.30 Completed 11Jun 2026,5:00 am Yes Bank 8380 UPI transaction ID 4124320589207",32631.30,entertainment,upi,slice,yes bank,ocr_upi
Bought FirstCry for ₹183 with credit card,183,shopping,card,,,english_natural
"Unacademy 239 Completed 18Dec 2025,4:02 pm Kotak Mahindra 2801 UPI transaction ID 5410031699621",239,education,upi,jupiter,kotak,ocr_upi
t154 debited from your hdfc account for DMart (Google Pay UPI),154,food,upi,gpay,hdfc,ocr_upi
ghar jaate waqt IndiGo ka cab lya 43074 rs card se pay kia,43074,travel,card,,,hinglish_natural
TO:BOOKS books.34040@bankofbarodabank From:AMITSINGH (Bank of Baroda Phonepe : user5264@okbankofbarodabank,2034,education,upi,phonepe,bob,ocr_upi
broadband 841 rs. via Gpay,841,utilities,upi,gpay,,hinglish_natural
home loan EMI mein 535 lag gaye card se bhara,535,emi,card,,yes bank,voice_transcript
Haldirams 4643,4643,food,card,,,english_natural
aaj 411 rs. dost ko diye bro ko UPI se diyee,411,friends,upi,phonepe,,hinglish_natural
Rs.29683 charged for Zee5 on Visa,29683,entertainment,card,,,english_natural
Rohan ?65 debited from Yes Bank,65,friends,upi,gpay,yes bank,english_natural
Zerodha me 29271 rupaiye ka paisa daala paytm se HDFC account se sasta tha,29271,investment,upi,paytm,hdfc,hinglish_natural
"D SONYLIV 390 Completed 3Mar 2026,8:46 pm ICICI Bank Bank 3509 UPI transaction ID 66806399241 TO:SONYLIV sonyliv.65839@icici bankbank Goog1etransaction lD CICAgJjg954062 OPI Fi",390,entertainment,upi,fi,icici,ocr_upi
BookMyShow se subscription renew kya 330 rupaye ka via Paytm,330,entertainment,upi,paytm,,hinglish_natural
crypto ka 4931 rupees ka bill GPay se pay kiya,4931,investment,upi,gpay,,voice_transcript
274 ka H&M bill pay kiya card se,274,shopping,card,,,voice_transcript
sent 1967 to Rohan on Jupiter,1967,friends,upi,jupiter,axis,friends_synthetic
office se aate hue Rohan me 4200 rupay ka split kr diya UPI se de diya,4200,friends,upi,paytm,,hinglish_natural
abhi Hotstar ka ticket lya 3525 card se,3525,entertainment,card,,,hinglish_natural
TO:RAHUL rahul.45940@icicibank From:RAHULKUMAR (ICICI cred : user7820@okicicibank,187,friends,upi,cred,icici,ocr_upi
1846.27 cash library,1846.27,education,cash,,,english_natural
Payment of 1412 to school fees was successful via PayTM UPI Ref No 1798210959 HDFC Account 8112,1412,education,upi,paytm,hdfc,ocr_upi
Unacademy ka course liya 3586 rupay card se pay kar diya,3586,education,card,,sbi,hinglish_natural
"TAX INVOICE
Nature's Basket
Grand Total: ?468
Payment: SLICE",468,food,upi,slice,,ocr_receipt
"D BHAI 1094 Completed 4Jan 2026,12:37 pm HDFC Bank 5109 UPI transaction ID 525539625561 TO:BHAI bhai.45594@hdfcbank Googletransaction lD CICAgJjg987010 OPI Cred",1094,friends,upi,cred,hdfc,ocr_upi
251 charged for Meesho on Mastercard,251,shopping,card,,,english_natural
1mg me 7150 ₹ ka doctor ko diye credit card se SBI wale account se achha deal mila,1,healthcare,card,,sbi,hinglish_natural
Rs.2013 charged for Airtel recharge on Mastercard,2013,utilities,card,,,english_natural
SBI loan ka loan payment kya 20318 ₹ credit card se SLICE card se,20318,emi,card,,slice,hinglish_natural
SonyLIV se game lia 255 rs. ka CRED pe,255,entertainment,upi,cred,,hinglish_natural
"Lenskart
Net Amount 158.25
Paid via SLICE",158.25,shopping,upi,slice,hdfc,ocr_receipt
hospital doctor pharmacy medicine diagnostic Rs1483 Phone Pe,1483,healthcare,upi,phonepe,,cue_row
Coursera se course lya 4212 rs ka via G Pay,4212,education,upi,gpay,,hinglish_natural
Paid ?4490 for Meesho via Mastercard,4490,shopping,card,,,english_natural
Zepto se khana order kiyaa 2984 rs. ka Jupiter se,2984,food,upi,jupiter,bob,hinglish_natural
gas bill me 1517 rs ka bill bharra credit card se,1517,utilities,card,,,hinglish_natural
Kuvera 282.72 gpay Completed Indusind Bank 6685,282.72,investment,upi,gpay,indusind,ocr_upi
POS/YAAR/CASH/6725,3772,friends,cash,,bob,english_natural
diagnostic Rs.51 GPay,51,healthcare,upi,gpay,sbi,english_natural
₹27336 to Bewakoof via Cred,27336,shopping,upi,cred,,english_natural
Bajaj Finance EMI 22504 Visa,22504,emi,card,,,english_natural
flight booking travel ticket ₹3063 cash,3063,travel,cash,,,cue_row
"BILL
mobile recharge
Rs3514
CRED
Thank You Visit Again",3514,utilities,upi,cred,hdfc,ocr_receipt
maine 12751 rupaye JioMart ko diye cash se,12751,food,cash,,,voice_transcript
32907 gpay upGrad,32907,education,upi,gpay,,english_natural
bhai doctor ka 3136 rupaye card se de diya,3136,healthcare,card,,slice,voice_transcript
rent maintenance gas connection Rs.448 cash,448,utilities,cash,,,cue_row
"TAX INVOICE
DishTV
Grand Total: ?2287
Payment: Slice",2287,utilities,upi,slice,,ocr_receipt
INR 3633.33 paid to school fees via credit card from Yes Bank,3633.33,education,card,,yes bank,english_natural
aaj home loan EMI 423 rupay card se pay kiyaa idfc wale account se,423,emi,card,,idfc,hinglish_natural
coaching exam preparation study material ₹7279 G Pay,7279,education,upi,gpay,,cue_row
paid back friend lent money ₹1523 paytm,1523,friends,upi,paytm,,cue_row
FirstCry 23560 debit card,23560,shopping,card,,bob,english_natural
bhai Box8 me 284 rupaye ka kha liya UPI se,8,food,upi,phonepe,,hinglish_natural
education loan EMI se EMI bhara 34 ka debit card se PNB wale account se,47417,emi,card,,pnb,source_hinglish
paid 126 to Zara through PayTM,126,shopping,upi,paytm,,voice_transcript
Zomato Rs 3267.90 debited from sbi,3267.90,food,upi,phonepe,sbi,english_natural
620 rupaye loan payment kya HDFC loan pe phonepe pe,620,emi,upi,phonepe,,hinglish_natural
"TAX INVOICE
INOX
Grand Total: Rs.9646
Payment: slice",9646,entertainment,upi,slice,,ocr_receipt
24613 rupees stocks Phonepe se pay kr diya,24613,investment,upi,phonepe,,hinglish_natural
"TAX INVOICE
concert
Grand Total: ₹4400
Payment: CASH",4400,entertainment,cash,,,ocr_receipt
Used Niyo cash to pay ?3938.64 for Practo,3938.64,healthcare,cash,,niyo,english_natural
₹472 charged for gold on Niyo,472,investment,upi,niyo,,english_natural
home loan car loan credit card EMI monthly ₹4464 autopay card,4464,emi,card,,,cue_row
split bill 22581 cash se Karan ko diya,22581,friends,cash,,,friends_synthetic
paid 1044 to Vikram through Phonepe,1044,friends,upi,phonepe,,voice_transcript
MedPlus 1774 Jupiter se,1774,healthcare,upi,jupiter,,hinglish_natural
"D SWIGGY 40128.99 Completed 10Feb 2026,8:56 pm State Bank Bank 4046 UPI transaction ID 7741653746678 TO:SWIGGY swiggy.55027@state bankbank Googletransaction lD CICAgJjg716436 OPI BHIM",40128.99,food,upi,bhim,sbi,ocr_upi
484 rupaye payment kar diya society maintenance ko UPI se de diye SLICE wale account se,484,utilities,upi,phonepe,slice,hinglish_natural
Just paid ₹217.36 to car loan EMI through phonepe,217.36,emi,upi,phonepe,niyo,english_natural
JioCinema 2756 card se,2756,entertainment,card,,,hinglish_natural
Myntra pe 2054 rs. ka saman le liya UPI se,2054,shopping,upi,gpay,,hinglish_natural
"Airtel recharge
Net Amount 116
Paid via PayTM",116,utilities,upi,paytm,kotak,ocr_receipt
"SPOTIFY RESTAURANT
Total 4161
Cash Received
Change 0.00",4161,entertainment,upi,phonepe,,ocr_receipt
grocery vegetables milk bread fruits 1447 paid Google Pay,1447,food,upi,gpay,hdfc,cue_row
Bought crypto for Rs.460.59 with Phonepe,460.59,investment,upi,phonepe,,english_natural
spent 184 rupees on RedBus via Cred,184,travel,upi,cred,,voice_transcript
bhai ACT Fibernet ka 258 rupaye PhonePe se de diya,258,utilities,upi,phonepe,,voice_transcript
Spent ₹21698 on crypto using credit card,21698,investment,card,,,english_natural
Paid 4494 for SBI loan via credit card,4494,emi,card,,,english_natural
Spent INR 3581 on SBI loan using CRED,3581,emi,upi,cred,pnb,english_natural
ghar jaate waqt dentist 2456 rs cash me,2456,healthcare,cash,,,hinglish_natural
"Receipt #6026
PharmEasy
Amount Paid: ₹2381
Mode: CARD",2381,healthcare,card,,pnb,ocr_receipt
Pizza delivery INR 12825,12825,food,cash,,,source_english
aaj broadband se payment kia 188 rs. ka gpay pe Bank of Baroda se budget tod diya,188,utilities,upi,gpay,bob,hinglish_natural
Just paid t31627 to concert through CRED,31627,entertainment,upi,cred,,english_natural
2295 rupay Coursera credit card se,2295,education,card,,,hinglish_natural
Bajaj Finance EMI mein 1930 lag gaye card se bhara,1930,emi,card,,icici,voice_transcript
Used Jupiter Phone Pe to pay Rs290.17 for rent,290.17,utilities,upi,phonepe,jupiter,english_natural
SpiceJet ka ticket book kiya 39950 ₹ UPI se pay kar diya budget tod diya,39950,travel,upi,gpay,,hinglish_natural
spent 31653 rupees on home loan EMI via NIYO,31653,emi,upi,niyo,,voice_transcript
subah crypto me 27232 rs. ka mutual fund kia SLICE se pay kiya,27232,investment,upi,slice,,hinglish_natural
Library fee INR 34386,34386,education,cash,,,source_english
bhai friend ko udhar return kiya 4726 rs paytm se,4726,friends,upi,paytm,,friends_synthetic
dost mein 483 lag gaye cash se bhara,483,friends,cash,,hdfc,voice_transcript
?36743 charged for Myntra on cash,36743,shopping,cash,,,english_natural
aaj Rapido pe 2068 rupaye kharcha hua PayTM se,2068,travel,upi,paytm,,voice_transcript
yaar 46554 ₹ Shreya UPI se pay kiya,46554,friends,upi,paytm,pnb,hinglish_natural
bhai tuition ka 2639 rupaye card se de diya,2639,education,card,,,voice_transcript
sent money to Vikram Rs24785 on phonepe,24785,friends,upi,phonepe,,friends_synthetic
TO:LIBRARY library.32787@hdfcbankbank From:AMITSINGH (HDFC Bank Paytm : user1148@okhdfcbankbank,490.88,education,upi,paytm,hdfc,ocr_upi
Paytm Money se mutual fund kia 4521 rupay ka debit card se,4521,investment,card,,,hinglish_natural
mobile recharge se bill bhara 593 rupaiye ka UPI se diyee,593,utilities,upi,slice,,hinglish_natural
Pooja se transfer kiya 48915 rupees ka Paytm pe Kotak Mahindra account se,48915,friends,upi,paytm,kotak,hinglish_natural
i did 445 expense on Netflix using card,445,entertainment,card,,,voice_transcript
subah broadband ka bill bhra 4355 credit card se,4355,utilities,card,,,hinglish_natural
"MedPlus 21952 Completed 5Aug 2025,9:11 am Federal Bank 8408 UPI transaction ID 009380834912",21952,healthcare,upi,gpay,federal bank,ocr_upi
spent 4859 rupees on Netflix via Phonepe,4859,entertainment,upi,phonepe,,voice_transcript
463 rs mutual fund UPI se,463,investment,upi,phonepe,,hinglish_natural
Bought H&M for Rs 2296 with Niyo,2296,shopping,upi,niyo,,english_natural
3456 rs. ticket book kar diya MakeMyTrip ko haath se de diye NIYO account se,3456,travel,cash,,niyo,hinglish_natural
₹2930.18 charged for Shreya on Phone Pe,2930.18,friends,upi,phonepe,hdfc,english_natural
₹218 paid to SonyLIV via jupiter UPI from HDFC Bank ending 4802,218,entertainment,upi,jupiter,hdfc,ocr_upi
bhai roommate ko udhar return kiya 356 rs jupiter se,356,friends,upi,jupiter,,friends_synthetic
ghar jaate waqt 21335 rupaiye 1mg haath se de diye,14208,healthcare,cash,,,source_hinglish
gold 15829 rupay debit card se,15829,investment,card,,,hinglish_natural
1002 Mastercard mess,1002,food,card,,,english_natural
raat ko library se course le liya 2981 rupay ka debit card se jupiter account se,2981,education,card,,jupiter,hinglish_natural
G Pay payment Rs.1628.75 Croma State Bank 8103 completed,1628.75,shopping,upi,gpay,sbi,ocr_upi
McDonald's me 1895 rs. ka khana order kya cash me,1895,food,cash,,icici,hinglish_natural
NEFT/TRANSFER/PRACTO/,26953,healthcare,upi,phonepe,,english_natural
paid back friend lent money Rs 5254 Cred,5254,friends,upi,cred,hdfc,cue_row
DishTV ka payment kr diya 36216 rs. card se,36216,utilities,card,,,hinglish_natural
mutual fund SIP stocks PPF FD investment ₹3105 Google Pay,3105,investment,upi,gpay,,cue_row
home loan car loan credit card EMI monthly ₹200 autopay bhim,200,emi,upi,bhim,kotak,cue_row
rent 4440 rupaye debit card se,4440,utilities,card,,,hinglish_natural
split bill 482 cash se Shreya ko diya,482,friends,cash,,,friends_synthetic
₹1610 debited from your Yes Bank account for upGrad (Gpay UPI),1610,education,upi,gpay,yes bank,ocr_upi
Paid Rs 1649 for society maintenance via SLICE,1649,utilities,upi,slice,,english_natural
IRCTC 422 slice Payment done axis 1772,422,travel,upi,slice,axis,ocr_upi
bhai Bewakoof ka 5857 rupaye card se de diya,5857,shopping,card,,,voice_transcript
Paid Coursera Rs4794 using BHIM,4794,education,upi,bhim,,english_natural
tuition ka course liyaa 22452 rupaiye niyo se sbi se,22452,education,upi,niyo,sbi,hinglish_natural
coaching ka books le liya 125 rupaye debit card se,49514,education,card,,,source_hinglish
"Dunkin 2892.53 Completed 22Jun 2025,9:46 am Bank of Baroda 5478 UPI transaction ID 33787335805",2892.53,food,upi,fi,bob,ocr_upi
coaching pe 27582 rupay ka books liyaa G Pay pe Fi Money se kata,27582,education,upi,gpay,fi,hinglish_natural
30956 rupees recharge kya broadband pe via G Pay Axis account se,30956,utilities,upi,gpay,axis,hinglish_natural
Rs.28500 charged for MedPlus on slice,28500,healthcare,upi,slice,slice,english_natural
Practo R 1128.78 G Pay,1128.78,healthcare,upi,gpay,icici,ocr_upi
office se aate hue 3663 rs. books lia Udemy ko cash me,3663,education,cash,,,hinglish_natural
Rs.290.39 paid to college fees via Bhim UPI from axis Bank ending 7348,290.39,education,upi,bhim,axis,ocr_upi
"D FD 1721.44 Completed 16Apr 2026,2:19 pm Kotak Mahindra Bank 8245 UPI transaction ID 79730715742 TO:FD fd.65061@kotak mahindrabank Goog1etransaction lD XYZabc344536 OPI Paytm",1721.44,investment,upi,paytm,kotak,ocr_upi
44780 khareed lia Nykaa ko card se pay kia YES BANK card se bc,44780,shopping,card,,yes bank,hinglish_natural
14006 Cred Coin,14006,investment,upi,cred,,english_natural
breakfast snacks chai coffee ₹1568 Gpay,1568,food,upi,gpay,sbi,cue_row
home loan EMI ka EMI kat gayi 974 rupaye credit card se Jupiter se,974,emi,card,,jupiter,hinglish_natural
401 rs. mall haath se diyee,401,shopping,cash,,hdfc,hinglish_natural
gaming concert event ticket Rs85 CRED,85,entertainment,upi,cred,,cue_row
flight booking travel ticket ₹4877 card,4877,travel,card,,,cue_row
4997 rupay books lia Vedantu ko card se pay kiya,29323,education,card,,,source_hinglish
Paid Rs.3059.45 for bro from my Punjab National Bank account via niyo,3059.45,friends,upi,niyo,pnb,english_natural
Paid ₹3393.70 to library Paytm UPI hdfc 7150 Done,3393.70,education,upi,paytm,hdfc,ocr_upi
Arjun pe 23 rupees ka split kr diya credit card se yaar,23,friends,card,,,hinglish_natural
dopahar ko credit card EMI ka installment de diye 14007 rupaiye credit card se SBI card se yaar,29470,emi,card,,sbi,source_hinglish
Paid IRCTC ₹51 using Mastercard from icici,51,travel,card,,icici,english_natural
breakfast snacks chai coffee ₹3534 cash,3534,food,cash,,,cue_row
broadband ka payment kia 20 ₹ bhim se pay kr diya,20,utilities,upi,bhim,,hinglish_natural
Google Pay payment ₹37120 Lenskart hdfc 4231 successful,37120,shopping,upi,gpay,hdfc,ocr_upi
bhai PPF ka 384 rupaye card se de diya,384,investment,card,,sbi,voice_transcript
Rs.375 paid to SBI loan via cred UPI from HDFC Bank ending 3525,375,emi,upi,cred,hdfc,ocr_upi
bhai IndiGo se ride lya 426 rs ka credit card se,426,travel,card,,,hinglish_natural
dopahar ko Ajio se shopping kiya 483 rs ka credit card se hdfc se kata,483,shopping,card,,hdfc,hinglish_natural
Biryani Blues se khana order kiya 28561 ka UPI se,28561,food,upi,gpay,,hinglish_natural
crypto gold bonds NPS portfolio INR 4937 Google Pay,4937,investment,upi,gpay,icici,cue_row
bhai 17056 rupaye hospital cash me,17056,healthcare,cash,,,hinglish_natural
Tata CLiQ 4186.51 hdfc,4186.51,shopping,card,,hdfc,english_natural
Spent R 947.37 on Zomato using credit card,947.37,food,card,,kotak,english_natural
297 ka mall bill pay kiya card se sbi se kata,297,shopping,card,,sbi,voice_transcript
3877 ka dentist bill pay kiya gpay se,3877,healthcare,upi,gpay,,voice_transcript
Cred payment ?32843 Practo State Bank 7837 successful,32843,healthcare,upi,cred,sbi,ocr_upi
rent maintenance gas connection t40985 Phonepe,40985,utilities,upi,phonepe,,cue_row
BYJU'S ka books lya 301 rs. cash diyee,13464,education,cash,,,source_hinglish
Medical test charges INR 1311,1311,healthcare,card,,hdfc,source_english
market 4709.63 Mastercard,4709.63,shopping,card,,slice,english_natural
Payment of INR 1181.66 to Tata Play was successful via phonepe UPI Ref No 55203286591 Kotak Account 5110,1181.66,utilities,upi,phonepe,kotak,ocr_upi
"BILL
Blinkit
₹3039
PhonePe
Thank You Visit Again",3039,food,upi,phonepe,,ocr_receipt
paid 4577 to Zerodha through slice,4577,investment,upi,slice,,voice_transcript
lunch dinner food order swiggy zomato restaurant meal Rs.115 PhonePe,115,food,upi,phonepe,,cue_row
"BILL
dhaba
Rs 3050
CASH
Thank You Visit Again",3050,food,cash,,,ocr_receipt
Yatra 26957 G Pay,26957,travel,upi,gpay,icici,ocr_upi
slice payment R 869 car loan EMI sbi 2527 done,869,emi,upi,slice,sbi,ocr_upi
4262 rs. game le liya Hotstar ko UPI se die ICICI Bank se kata,4262,entertainment,upi,gpay,icici,hinglish_natural
yaar 2944 Ajio card se pay kiya,2944,shopping,card,,,hinglish_natural
flight booking travel ticket ₹382 card,382,travel,card,,,cue_row
375 HP Petrol,375,travel,card,,hdfc,english_natural
Paid 3642 for Biryani Blues via cash,3642,food,cash,,fi,english_natural
Paid library INR 3484 using cash,3484,education,cash,,,english_natural
BookMyShow Rs.261.64 cash,261.64,entertainment,cash,,pnb,english_natural
dost colleague ko 3685 rupaye paytm se bheje,3685,friends,upi,paytm,sbi,friends_synthetic
hospital doctor pharmacy medicine diagnostic t106 cash,106,healthcare,cash,,,cue_row
lab test ka dawai liya 93 credit card se zyada ho gaya,93,healthcare,card,,,hinglish_natural
"MedPlus 409.04 Completed 13Aug 2026,8:44 am Kotak 1226 UPI transaction ID 91201116282055",409.04,healthcare,upi,phonepe,kotak,ocr_upi
Just paid Rs.4625 to friend through Gpay,4625,friends,upi,gpay,,english_natural
yaar 2150 rupaiye cab liyaa SpiceJet ko cash me,2150,travel,cash,,sbi,hinglish_natural
paid 14272 to Groww through card,14272,investment,card,,,voice_transcript
Angel One pe 550 ₹ ka invest kia UPI se pay kar diya,550,investment,upi,paytm,,hinglish_natural
Rs.129 charged for personal loan EMI on PhonePe,129,emi,upi,phonepe,,english_natural
netflix spotify hotstar subscription movie show INR 4182 card,4182,entertainment,card,,hdfc,cue_row
netflix spotify hotstar subscription movie show 47069 card,47069,entertainment,card,,,cue_row
Netflix pe 27221 rs ka game liyaa via Paytm,27221,entertainment,upi,paytm,,hinglish_natural
paid Shreya 14367 via Bhim,14367,friends,upi,bhim,,friends_synthetic
40621 ka MedPlus bill pay kiya Gpay se,40621,healthcare,upi,gpay,,voice_transcript
Amazon Prime ka game lya 45050 rs G Pay pe,45050,entertainment,upi,gpay,,hinglish_natural
Uber ka petrol bhar diya 49 card se pay kia,49,travel,card,,,hinglish_natural
raat ko SBI loan me 22302 rs ka EMI bharra debit card se,22302,emi,card,,,hinglish_natural
Spent INR 41233 on SIP using Slice,41233,investment,upi,slice,,english_natural
Paid Rs479 for DishTV from my idfc account via Jupiter,479,utilities,upi,jupiter,idfc,english_natural
NPS 75 ₹ debit card se,75,investment,card,,,hinglish_natural
paid back friend lent money ₹3539 GPay,3539,friends,upi,gpay,,cue_row
Spent ₹23175.37 on Biryani Blues using cash,23175.37,food,cash,,sbi,english_natural
stocks me 10751 rupaiye ka SIP bharra UPI se,1405,investment,upi,paytm,hdfc,source_hinglish
spent 4041 rupees on credit card EMI via phonepe,4041,emi,upi,phonepe,jupiter,voice_transcript
Paid Myntra Rs120.76 using Bhim,120.76,shopping,upi,bhim,,english_natural
Bought Vedantu for Rs 722.05 with cash,722.05,education,cash,,,english_natural
t2953.13 to Arjun via Phonepe,2953.13,friends,upi,phonepe,,english_natural
Pooja se paise bheje 2821 rupay ka CRED pe Punjab National Bank account se,2821,friends,upi,cred,pnb,hinglish_natural
paid yaar Rs 20159 via cash,20159,friends,cash,,federal bank,friends_synthetic
"petrol pump 14990.15 Completed 25Nov 2026,8:03 am PNB 3327 UPI transaction ID 54063516098414",14990.15,travel,upi,phonepe,pnb,ocr_upi
Neha mein 9763 lag gaye PhonePe se bhara,9763,friends,upi,phonepe,,voice_transcript
998 rupaiye rent UPI se pay kar diya,998,utilities,upi,phonepe,,hinglish_natural
colleague ko 496 transfer kiya Phonepe se,496,friends,upi,phonepe,,friends_synthetic
Exam fee INR 32798,32798,education,upi,cred,,source_english
3645 ka society maintenance bill pay kiya Phone Pe se SBI se kata,3645,utilities,upi,phonepe,sbi,voice_transcript
Bewakoof se shopping kiya 1986 ₹ ka cash de diye,35868,shopping,cash,,,source_hinglish
yaar BookMyShow 193 via phonepe,193,entertainment,upi,phonepe,hdfc,hinglish_natural
food court payment Rs 89.02 done via Paytm,89.02,food,upi,paytm,,english_natural
2111 rupees test karaya PharmEasy ko cash me,2111,healthcare,cash,,axis,hinglish_natural
friend Rs.2982.55 G Pay,2982.55,friends,upi,gpay,hdfc,ocr_upi
spent 3421 rupees on diagnostic via card,3421,healthcare,card,,,voice_transcript
Paid 3398 for Yatra via Mastercard,3398,travel,card,,,english_natural
HDFC loan 7524 Niyo,7524,emi,card,,niyo,english_natural
mutual fund SIP stocks PPF FD investment 2238 card,2238,investment,card,,,cue_row
25572 rupaiye paisa daala Paytm Money pe card se pay kiyaa,25572,investment,card,,,hinglish_natural
bhai 31944.58 Fi Successful Punjab National Bank 1367,31944.58,friends,upi,fi,pnb,ocr_upi
subah PPF 289 ₹ UPI se,289,investment,upi,gpay,sbi,hinglish_natural
dopahar ko Angel One ka invest kya 894 rs card se pay kiyaa,25033,investment,card,,,source_hinglish
education loan EMI 2239 debit card se,49497,emi,card,,,source_hinglish
"Receipt #7307
Lenskart
Amount Paid: R 2970
Mode: Paytm",2970,healthcare,upi,paytm,,ocr_receipt
Vikram ko 21125 transfer kiya cash se,21125,friends,cash,,,friends_synthetic
"Burger King
Net Amount 1300
Paid via G Pay",1300,food,upi,gpay,,ocr_receipt
stationery Rs.30965 Visa,30965,education,card,,,english_natural
ATM/CASH/RBL BANK/22.80,22.80,emi,upi,gpay,rbl,english_natural
"BILL
Tata Play
9931
PhonePe
Thank You Visit Again",9931,utilities,upi,phonepe,sbi,ocr_receipt
gaming concert event ticket Rs.140 card,140,entertainment,card,,indusind,cue_row
Just paid INR 58 to SonyLIV through card,58,entertainment,card,,sbi,english_natural
paid 212 to Reliance Fresh through cash from PNB,212,food,cash,,pnb,voice_transcript
raat ko 95 ticket book kiya IRCTC ko UPI se pay kya,95,travel,upi,jupiter,,hinglish_natural
Behrouz ka mangwaya 33209 rupaiye slice se,33209,food,upi,slice,,hinglish_natural
abhi JioCinema ka movie dekhi 3860 rupees card se,3860,entertainment,card,,,hinglish_natural
yaar FD pe 3199 rupees ka mutual fund kiyaa card se,3199,investment,card,,,hinglish_natural
1mg ka 43659 rupees ka bill cash se pay kiya,43659,healthcare,cash,,,voice_transcript
dinner split 176 rupaye colleague gpay,176,friends,upi,gpay,,friends_synthetic
Spotify ₹51 cash,51,entertainment,cash,,,english_natural
Indian Oil ka 242 rupees ka bill cash se pay kiya,242,travel,cash,,,voice_transcript
bhai 1346 rs. gold via PhonePe,1346,investment,upi,phonepe,,hinglish_natural
"Receipt #4318
Subway
Amount Paid: Rs 308.25
Mode: CASH",308.25,food,cash,,,ocr_receipt
Hotstar me 3534 rupaye ka game liya debit card se,3534,entertainment,card,,,hinglish_natural
H&M ka saman lia 11530 rs card se pay kiya HDFC wale account se,11530,shopping,card,,hdfc,hinglish_natural
1357 H&M,1357,shopping,upi,paytm,axis,english_natural
stocks se mutual fund kiyaa 26856 rupaye ka card se pay kiya,26856,investment,card,,slice,hinglish_natural
Exam fee INR 7111,7111,education,card,,,source_english
25974 rupees course le liya Vedantu pe credit card se,35334,education,card,,,source_hinglish
kal 492 rupaye Airtel recharge via GPay,492,utilities,upi,gpay,icici,hinglish_natural
188 to IRCTC via cash,188,travel,cash,,,english_natural
Goibibo 405 rupaiye Cred se pay kr diya,405,travel,upi,cred,,hinglish_natural
Arjun ka dost ko die 2114 rupaiye UPI se,2114,friends,upi,gpay,,hinglish_natural
UPI/02184288/ANGEL ONE/NIYO,2536.79,investment,card,,niyo,english_natural
yaar Karan se udhar return kya 4014 rs ka credit card se,4014,friends,card,,,hinglish_natural
Paid ₹47230 for Uber from my PNB account via debit card,47230,travel,card,,pnb,english_natural
paid 2064 to hospital through card,2064,healthcare,card,,,voice_transcript
"water bill BILL
St: INR 7232
CASH approved",7232,utilities,cash,,axis,ocr_receipt
308 rs. bill pay kiya gas bill pe UPI se,308,utilities,upi,gpay,,hinglish_natural
Netmeds me 4601 rupay ka doctor ko diy naqad,4601,healthcare,cash,,kotak,hinglish_natural
Bajaj Finance EMI se loan payment kiya 17244 rupay ka via Google Pay Axis se kata,17244,emi,upi,gpay,axis,hinglish_natural
238 rupees Neha UPI se,238,friends,upi,paytm,,hinglish_natural
crypto 4421 rupaye card se pay kiya,4421,investment,card,,hdfc,hinglish_natural
gas bill pe 9835 rupaye ka recharge kiya PayTM pe bhai,9835,utilities,upi,paytm,,hinglish_natural
Payment of ?27121 to education loan EMI was successful via phonepe UPI Ref No 29642892165 SBI Account 3102,27121,emi,upi,phonepe,sbi,ocr_upi
EatFit 263,263,food,card,,sbi,english_natural
flight booking travel ticket INR 235 fi,235,travel,upi,fi,kotak,cue_row
48801 cash RedBus,48801,travel,cash,,sbi,english_natural
36775 rupaiye 1mg gpay se,36775,healthcare,upi,gpay,slice,hinglish_natural
1796.56 debit card NPS,1796.56,investment,card,,,english_natural
Reliance Fresh se mangwaya 34932 rs ka phonepe pe,34932,food,upi,phonepe,,hinglish_natural
43619.86 charged for Amit on cash,43619.86,friends,cash,,,english_natural
Just paid ₹3983.95 to Coursera through debit card,3983.95,education,card,,,english_natural
Bought SpiceJet for ₹37163 with debit card,37163,travel,card,,,english_natural
bhai credit card EMI ka installment de diye 3606 rupees GPay se pay kiya,3606,emi,upi,gpay,,hinglish_natural
INR 2047 to Vi recharge via Slice jupiter account,2047,utilities,upi,slice,jupiter,english_natural
Paid ₹3983 to Priya G Pay UPI kotak 8763 Successful,3983,friends,upi,gpay,kotak,ocr_upi
398 rupay Zerodha debit card se,398,investment,card,,sbi,hinglish_natural
2980.31 Visa yaar,2980.31,friends,card,,rbl,english_natural
phonepe payment INR 477 MakeMyTrip State Bank 7749 done,477,travel,upi,phonepe,sbi,ocr_upi
today i spent 87 on bike loan EMI via Gpay from my Fi Money bank,87,emi,upi,gpay,fi,voice_transcript
subah 215 rupaiye Snapdeal Gpay se pay kya bhai,215,shopping,upi,gpay,,hinglish_natural
colleague Rs 235 paytm,235,friends,upi,paytm,,english_natural
Payment of INR 34 to rent was successful via GPay UPI Ref No 099555062718 BOB Account 3957,34,utilities,upi,gpay,bob,ocr_upi
Rapido ka kiraya de diya 495 rupees UPI se,495,travel,upi,bhim,,hinglish_natural
"Priya 34064 Completed 13Feb 2025,11:43 pm State Bank 2876 UPI transaction ID 06057993412",34064,friends,upi,niyo,sbi,ocr_upi
bhai hospital me 3629 rupaye ka checkup karaya naqad sasta tha,3629,healthcare,cash,,,hinglish_natural
bhai dentist pe 418 rupees ka checkup karaya card se Jupiter card se,418,healthcare,card,,jupiter,hinglish_natural
i paid 46568 rupees for concert using cash,46568,entertainment,cash,,,voice_transcript
personal loan EMI payment 16368 done via credit card,16368,emi,card,,,english_natural
Amazon 277 rs Jupiter se,277,shopping,upi,jupiter,fi,hinglish_natural
Rs 132 charged for doctor on jupiter,132,healthcare,upi,jupiter,,english_natural
40904 rupaye MedPlus debit card se,40904,healthcare,card,,,hinglish_natural
hospital doctor pharmacy medicine diagnostic R 45304 cash,45304,healthcare,cash,,,cue_row
Reliance Digital 47942 rupay cash me sasta tha,47942,shopping,cash,,bob,hinglish_natural
tuition ka course lya 45278 cash diye,45278,education,cash,,,hinglish_natural
Paid Bewakoof Rs.24795 using BHIM from NIYO,24795,shopping,upi,bhim,niyo,english_natural
ATM/CASH/ICICI/525,525,education,card,,icici,english_natural
ATM/CASH/BANK/28695,28695,travel,card,,,english_natural
today i spent 4131 on crypto via paytm,4131,investment,upi,paytm,,voice_transcript
"D DOMINOS 465 Completed 25Mar 2026,4:14 pm HDFC Bank Bank 2538 UPI transaction ID 1564835628 TO:DOMINOS dominos.70390@hdfc bankbank Googletransaction lD CICAgJjg184833 OPI phonepe",465,food,upi,phonepe,hdfc,ocr_upi
insurance premium 4829.08,4829.08,utilities,card,,hdfc,english_natural
Udemy se admission kiyaa 4745 rs ka card se pay kiyaa ICICI Bank se,4745,education,card,,icici,hinglish_natural
Used sbi Phone Pe to pay Rs4598.78 for Coin,4598.78,investment,upi,phonepe,sbi,english_natural
₹21934 debited from your State Bank account for Apollo Pharmacy (PayTM UPI),21934,healthcare,upi,paytm,sbi,ocr_upi
Bike loan EMI INR 22161,22161,emi,card,,sbi,source_english
Uber ride INR 42573,42573,travel,upi,paytm,,source_english
Zerodha Rs.26888 card,26888,investment,card,,,english_natural
i paid 110 rupees for Spotify using card,110,entertainment,card,,sbi,voice_transcript
office se aate hue SBI loan 1729 rs. UPI se zyada ho gaya,1729,emi,upi,cred,,hinglish_natural
270 rupaye medicine lia hospital pe cash me,270,healthcare,cash,,,hinglish_natural
tuition payment ₹4763 done via slice,4763,education,upi,slice,,english_natural
ATM/CASH/SLICE/1342,1342,healthcare,cash,,slice,english_natural
broadband se bill bhar diya 26487 rupaye ka bhim se pay kia,26487,utilities,upi,bhim,,hinglish_natural
subah broadband me 4139 rs. ka payment kia card se,4139,utilities,card,,,hinglish_natural
Just paid ₹3721.41 to BSNL through Mastercard,3721.41,utilities,card,,,english_natural
Just paid 488.14 to tuition through card,488.14,education,card,,niyo,english_natural
CCD ka mangwaya 439 via cred sasta tha,439,food,upi,cred,,hinglish_natural
100 dawai le liya Apollo Pharmacy pe credit card se,100,healthcare,card,,slice,hinglish_natural
sent money to Divya 2191 on cash,2191,friends,cash,,,friends_synthetic
PPF pe 29872 rupaye ka invest kiyaa Gpay se pay kia,29872,investment,upi,gpay,,hinglish_natural
dinner split 198 rupaye roommate cash,198,friends,cash,,,friends_synthetic
mutual fund SIP stocks PPF FD investment Rs 49 G Pay,49,investment,upi,gpay,pnb,cue_row
electronics clothes shoes accessories purchase Rs 2001 via card,2001,shopping,card,,,cue_row
CCD 305 rupees UPI se ICICI Bank se kata,305,food,upi,paytm,icici,hinglish_natural
"lab test
Net Amount 8276
Paid via Paytm",8276,healthcare,upi,paytm,,ocr_receipt
aaj 386 rupaiye flatmate UPI se,386,friends,upi,fi,,hinglish_natural
flatmate rent share 2696 Paytm Priya,2696,friends,upi,paytm,,friends_synthetic
mutual fund SIP stocks PPF FD investment Rs.2503 Gpay,2503,investment,upi,gpay,hdfc,cue_row
3940 EMI kat gayi education loan EMI ko card se pay kya,3940,emi,card,,,hinglish_natural
"D ZERODHA 47175 Completed 7Mar 2026,5:12 pm icici Bank 4977 UPI transaction ID 571284038405 TO:ZERODHA zerodha.82439@icicibank Goog1etransaction lD XYZabc491931 OPI G Pay",47175,investment,upi,gpay,icici,ocr_upi
rent maintenance gas connection 49655 SLICE,49655,utilities,upi,slice,,cue_row
20091 rupaye admission kia books pe PhonePe se pay kia,20091,education,upi,phonepe,,hinglish_natural
friend ko 4667 transfer kiya cred se,4667,friends,upi,cred,axis,friends_synthetic
₹716 to upGrad via Fi Money Punjab National Bank account,716,education,upi,fi,pnb,english_natural
maine 2484 rupaye Zepto ko diye paytm se,2484,food,upi,paytm,jupiter,voice_transcript
dhaba 6223 niyo se pay kiya,6223,food,upi,niyo,bandhan,hinglish_natural
Paid INR 1761.09 to broadband slice UPI SBI 3027 Completed,1761.09,utilities,upi,slice,sbi,ocr_upi
Flight ticket booking INR 38594,38594,travel,card,,,source_english
237 rs Apple Music gpay se pay kiyaa,237,entertainment,upi,gpay,,hinglish_natural
2043 rupay SonyLIV UPI se de diye,2043,entertainment,upi,paytm,hdfc,hinglish_natural
dost Vikram ko 3148 rupaye PhonePe se bheje,3148,friends,upi,phonepe,,friends_synthetic
Vikram Rs 29521.21 jupiter,29521.21,friends,upi,jupiter,axis,ocr_upi
mall 2316 rupay naqad,2316,shopping,cash,,,hinglish_natural
petrol pump se cab lia 324 ka haath se de diye,324,travel,cash,,,hinglish_natural
Ola me 4727 rupaiye ka kiraya diyee UPI se die,4727,travel,upi,phonepe,,hinglish_natural
Just paid t5058 to diagnostic through CRED,5058,healthcare,upi,cred,,english_natural
hospital doctor pharmacy medicine diagnostic Rs 3926 gpay,3926,healthcare,upi,gpay,axis,cue_row
bhai BSNL ka bill pay kiyaa 4711 rs. via paytm bc,4711,utilities,upi,paytm,jupiter,hinglish_natural
home loan car loan credit card EMI monthly Rs 219 autopay card,219,emi,card,,,cue_row
bhai Kuvera ka 31172 rupaye card se de diya,31172,investment,card,,,voice_transcript
office se aate hue bike loan EMI me 158 rupay ka installment die credit card se,158,emi,card,,,hinglish_natural
Coin ka invest kr diya 76 rupaye debit card se,76,investment,card,,,hinglish_natural
Uber se kiraya de diya 49165 rupees ka cash me,49165,travel,cash,,,hinglish_natural
amazon flipkart myntra online shopping order ?146 G Pay,146,shopping,upi,gpay,,cue_row
bhai yaar ko udhar return kiya 234 rs card se,234,friends,card,,,friends_synthetic
H&M se saman le liya 287 rupaye ka cash diyee,287,shopping,cash,,,hinglish_natural
HDFC loan ka installment diye 1198 rs card se,1198,emi,card,,jupiter,hinglish_natural
kal Jio recharge pe 595 rs ka recharge kiya card se Bandhan Bank se kata bohot mehenga,595,utilities,card,,bandhan,hinglish_natural
medical checkup lab test health insurance 1799 Phonepe,1799,healthcare,upi,phonepe,indusind,cue_row
NEFT/TRANSFER/LAB TEST/,947.98,healthcare,upi,jupiter,,english_natural
i did 4388 expense on hospital using card,4388,healthcare,card,,,voice_transcript
i paid 139 rupees for FD using GPay,139,investment,upi,gpay,,voice_transcript
Payment of ₹1116.44 to DMart was successful via bhim UPI Ref No 7590620709867 ICICI Account 1164,1116.44,food,upi,bhim,icici,ocr_upi
"PVR BILL
St: R 494.55
bhim APPROVED",494.55,entertainment,upi,bhim,axis,ocr_receipt
today i spent 10932 on mobile recharge via card from my HDFC bank,10932,utilities,card,,hdfc,voice_transcript
abhi 327 rupay SIP bhra NPS ko credit card se,327,investment,card,,,hinglish_natural
split bill 4093 cash se Vikram ko diya,4093,friends,cash,,,friends_synthetic
"D DIAGNOSTIC 786.71 Completed 1Jan 2026,8:34 pm State Bank Bank 7364 UPI transaction ID 92688985155 TO:DIAGNOSTIC diagnostic.92768@state bankbank Soogletransaction lD XYZabc781691 OPI phonepe",786.71,healthcare,upi,phonepe,sbi,ocr_upi
UPI/99071583/AMAZON PRIME/BANK,28875.36,entertainment,upi,fi,,english_natural
"D EASEMYTRIP 244.89 Completed 9Jan 2026,5:30 pm PNB Bank 6665 UPI transaction ID 5712656564 TO:EASEMYTRIP easemytrip.23216@pnbbank Goog1etransaction lD XYZabc666715 OPI paytm",244.89,travel,upi,paytm,pnb,ocr_upi
ET Money 211 rs. paytm se pay kiya,211,investment,upi,paytm,,hinglish_natural
"INOX RESTAURANT
Total 48033
Cash Received
Change 0.00",48033,entertainment,upi,paytm,,ocr_receipt
aaj Box8 se food order kar diya 1406 rs ka card se State Bank se,8,food,card,,sbi,hinglish_natural
raat ko Lenskart se order kiyaa 5003 rs. ka debit card se,28634,shopping,card,,,source_hinglish
electricity bill me 272 rupay ka payment kia UPI se die,272,utilities,upi,slice,,hinglish_natural
2589 Pizza Hut,2589,food,upi,slice,,english_natural
sent money to flatmate INR 992 on Phone Pe,992,friends,upi,phonepe,,friends_synthetic
Spent 2021 on Dominos using Phonepe,2021,food,upi,phonepe,,english_natural
medical checkup lab test health insurance Rs 814 cash,814,healthcare,cash,,,cue_row
1mg mein 1926 lag gaye cash se bhara,1926,healthcare,cash,,,voice_transcript
upGrad se tuition de diya 3847 rs ka card se,26545,education,card,,,source_hinglish
amazon flipkart myntra online shopping order 2282 Jupiter,2282,shopping,upi,jupiter,hdfc,cue_row
electricity water broadband mobile recharge bill ?356 Google Pay,356,utilities,upi,gpay,,cue_row
HDFC loan me 310 rupaiye ka EMI bhra NIYO pe,310,emi,upi,niyo,jupiter,hinglish_natural
"BILL
dentist
1472
Paytm
Thank You Visit Again",1472,healthcare,upi,paytm,,ocr_receipt
1694 ₹ school fees debit card se,1694,education,card,,slice,hinglish_natural
Paid 39336 for BSNL via Phonepe,39336,utilities,upi,phonepe,,english_natural
mutual fund SIP stocks PPF FD investment Rs.1239 fi,1239,investment,upi,fi,sbi,cue_row
medical checkup lab test health insurance 2886 card,2886,healthcare,card,,,cue_row
Paid 2506.21 for SBI loan via Fi Money,2506.21,emi,upi,fi,,english_natural
today i spent 36423 on Bewakoof via Jupiter,36423,shopping,upi,jupiter,,voice_transcript
sent ₹327 to flatmate on Phone Pe,327,friends,upi,phonepe,sbi,friends_synthetic
Paid ₹3463 for bhai from my Jupiter account via Paytm,3463,friends,upi,paytm,jupiter,english_natural
aaj 4557 rs dawai le liya dentist ko card se pay kr diya NIYO account se,4557,healthcare,card,,niyo,hinglish_natural
dost Divya ko 19231 rupaye card se bheje,19231,friends,card,,,friends_synthetic
Angel One ka paisa daala 4432 ₹ via phonepe,4432,investment,upi,phonepe,,hinglish_natural
Paid Rs 13040.24 for HDFC loan via debit card,13040.24,emi,card,,,english_natural
sent R 397 to friend on Google Pay,397,friends,upi,gpay,indusind,friends_synthetic
today i spent 32770 on mall via Phonepe from my Bandhan bank,32770,shopping,upi,phonepe,bandhan,voice_transcript
3774 rs. payment kar diya gas bill pe Google Pay pe,3774,utilities,upi,gpay,,hinglish_natural
electronics clothes shoes accessories purchase 536 via Jupiter,536,shopping,upi,jupiter,icici,cue_row
raat ko Apollo Pharmacy se dawai lia 3613 rupaiye ka UPI se diye,3613,healthcare,upi,phonepe,,hinglish_natural
bhai 295 ₹ cash die axis card se,295,friends,cash,,axis,hinglish_natural
"Receipt #5419
JioCinema
Amount Paid: INR 37587.50
Mode: CASH",37587.50,entertainment,cash,,sbi,ocr_receipt
cafe R 4655.68 debited from Kotak,4655.68,food,cash,,kotak,english_natural
Rs1820.17 charged for H&M on debit card,1820.17,shopping,card,,,english_natural
Meesho me 124 rupees ka shopping kya credit card se,124,shopping,card,,pnb,hinglish_natural
subah 2771 rs. Unacademy UPI se,2771,education,upi,phonepe,,hinglish_natural
Water bill INR 37144,37144,utilities,upi,paytm,,source_english
215 rs. Practo UPI se,215,healthcare,upi,gpay,,hinglish_natural
raat ko 24736 rupaiye credit card EMI via CRED yaar,24736,emi,upi,cred,,hinglish_natural
metro ka 1406 rupees ka bill Google Pay se pay kiya,1406,travel,upi,gpay,hdfc,voice_transcript
UPI/81066034/GAS BILL/BANK,47106.30,utilities,upi,phonepe,,english_natural
ghar jaate waqt 4689 rupay cab liyaa petrol pump ko cash diyee,9983,travel,cash,,,source_hinglish
49243 personal loan EMI,49243,emi,upi,bhim,,english_natural
TO:BEHROUZ behrouz.54320@axisbank From:AMITSINGH (axis gpay : sender4264@okaxisbank,4937,food,upi,gpay,axis,ocr_upi
raat ko school fees 355 rupay Paytm se pay kiya Niyo se,355,education,upi,paytm,niyo,hinglish_natural
Payment of 3292.30 to clinic was successful via Phonepe UPI Ref No 88674495973786 HDFC Bank Account 2528,3292.30,healthcare,upi,phonepe,hdfc,ocr_upi
Used jupiter debit card to pay ₹39837.58 for Amazon,39837.58,shopping,card,,jupiter,english_natural
school college tuition course books fees 480 card,480,education,card,,,cue_row
paid 20717 to gas bill through Jupiter from Fi Money,20717,utilities,upi,jupiter,fi,voice_transcript
aaj Priya se udhar return kiyaa 8189 rupaiye ka cash me ICICI se,8189,friends,cash,,icici,hinglish_natural
ET Money se paisa daala 850 rs. ka PhonePe pe ICICI Bank account se,850,investment,upi,phonepe,icici,hinglish_natural
dinner split 2694 rupaye yaar card,2694,friends,card,,idfc,friends_synthetic
"Rapido 146 Completed 21Nov 2025,6:47 pm axis 5566 UPI transaction ID 304214316651",146,travel,upi,fi,axis,ocr_upi
41 mutual fund,41,investment,upi,gpay,icici,english_natural
"TAX INVOICE
PVR
Grand Total: Rs 2941.44
Payment: slice",2941.44,entertainment,upi,slice,,ocr_receipt
"TAX INVOICE
lab test
Grand Total: ₹4763.04
Payment: Google Pay",4763.04,healthcare,upi,gpay,,ocr_receipt
uber ola cab ride airport train ticket ₹19842 PayTM,19842,travel,upi,paytm,,cue_row
"DMart BILL
St: 34473.61
CASH APPROVED",34473.61,food,cash,,,ocr_receipt
"TAX INVOICE
market
Grand Total: Rs261.07
Payment: CASH",261.07,shopping,cash,,,ocr_receipt
aaj PPF pe 266 rupaye kharcha hua Phonepe se,266,investment,upi,phonepe,,voice_transcript
3623 rs. khana order kia dhaba ko card se pay kya,3623,food,card,,,hinglish_natural
INR 217 to friend cash UPI,217,friends,cash,,hdfc,friends_synthetic
11033 rupees ride liya Cleartrip pe cash me,11033,travel,cash,,,hinglish_natural
bhai bro ko udhar return kiya 126 rs cash se,126,friends,cash,,,friends_synthetic
Stock purchase INR 23014,23014,investment,card,,,source_english
flight booking travel ticket INR 286 card,286,travel,card,,canara,cue_row
roommate pe 316 rupaye ka paise bheje UPI se,316,friends,upi,phonepe,,hinglish_natural
HDFC loan ka EMI kat gayi 202 rs credit card se,202,emi,card,,,hinglish_natural
1mg ka 360 rupees ka bill Google Pay se pay kiya,360,healthcare,upi,gpay,,voice_transcript
225 rs. Neha card se bc,225,friends,card,,,hinglish_natural
aaj dost pe 33058 rupaye kharcha hua Google Pay se,33058,friends,upi,gpay,,voice_transcript
"D DUNKIN 20276.74 Completed 2Apr 2026,5:51 pm Canara Bank 9031 UPI transaction ID 159865731799 TO:DUNKIN dunkin.80884@canarabank Goog1etransaction lD XYZabc476212 OPI phonepe",20276.74,food,upi,phonepe,canara,ocr_upi
office se aate hue doctor se checkup karaya 893 rupaiye ka card se,893,healthcare,card,,,hinglish_natural
insurance premium 961.88,961.88,utilities,upi,bhim,,english_natural
gaming concert event ticket INR 3436 card,3436,entertainment,card,,,cue_row
personal loan EMI payment ₹38390 done via Phonepe,38390,emi,upi,phonepe,,english_natural
sent Rs 3138 to bhai on GPay,3138,friends,upi,gpay,icici,friends_synthetic
college fees 48348 G Pay,48348,education,upi,gpay,icici,ocr_upi
32097 rupay paisa daala PPF ko via Gpay Jupiter card se,32097,investment,upi,gpay,jupiter,hinglish_natural
"Reliance Digital
Net Amount 117.14
Paid via CARD",117.14,shopping,card,,,ocr_receipt
today i spent 4296 on RedBus via cash,4296,travel,cash,,,voice_transcript
2928 rupees split kiyaa Divya ko UPI se,2928,friends,upi,paytm,,hinglish_natural
₹1206.82 paid to Spotify via Slice from SLICE,1206.82,entertainment,upi,slice,slice,english_natural
Just paid Rs.34163 to H&M through card,34163,shopping,card,,,english_natural
481 Lenskart,481,healthcare,upi,paytm,,english_natural
R 3278 to BYJU'S via Visa sbi account,3278,education,card,,sbi,english_natural
Reliance Digital pe 37235 rupaye ka saman liyaa via PayTM,37235,shopping,upi,paytm,fi,hinglish_natural
school college tuition course books fees Rs.215 card,215,education,card,,,cue_row
BHIM payment 3189 PVR PNB 6537 successful,3189,entertainment,upi,bhim,pnb,ocr_upi
Just paid ₹4911.90 to Reliance Digital through Visa,4911.90,shopping,card,,jupiter,english_natural
i did 114 expense on Chai Point using cash,114,food,cash,,hdfc,voice_transcript
"FirstCry BILL
St: 28143
SLICE approved",28143,shopping,upi,slice,axis,ocr_receipt
Bought MakeMyTrip for ?5339.18 with debit card,5339.18,travel,card,,sbi,english_natural
Croma 1494.43 credit card,1494.43,shopping,card,,icici,english_natural
"RESTAURANT RESTAURANT
Total 2468.68
Cash Received
Change 0.00",2468.68,food,card,,,ocr_receipt
petrol pump ₹3346.14 cash,3346.14,travel,cash,,,english_natural
282 transfer kar diya Shreya ko card se,282,friends,card,,,hinglish_natural
1932 ka BSNL bill pay kiya G Pay se HDFC Bank se kata,1932,utilities,upi,gpay,hdfc,voice_transcript
hospital doctor pharmacy medicine diagnostic ₹2451 card,2451,healthcare,card,,sbi,cue_row
399 debit card Myntra,399,shopping,card,,,english_natural
market Rs 279.47 Phonepe,279.47,shopping,upi,phonepe,hdfc,ocr_upi
474 rupaye Tata Play UPI se diye,474,utilities,upi,gpay,,hinglish_natural
BookMyShow Rs.819 GPay,819,entertainment,upi,gpay,kotak,ocr_upi
food court me 334 rs ka mangwaya UPI se diyee,36961,food,upi,niyo,,source_hinglish
electronics clothes shoes accessories purchase 2547 via Paytm,2547,shopping,upi,paytm,axis,cue_row
JioCinema 33051 UPI se pay kr diya,33051,entertainment,upi,phonepe,axis,hinglish_natural
dopahar ko KFC se khana khaaya 4515 rupaye ka card se,4515,food,card,,,hinglish_natural
crypto gold bonds NPS portfolio ₹210 PayTM,210,investment,upi,paytm,,cue_row
yaar metro ka kiraya diye 39074 rupaiye debit card se,39074,travel,card,,,hinglish_natural
maine 19496 rupaye HDFC loan ko diye card se,19496,emi,card,,,voice_transcript
Goibibo 42487 ₹ card se,42487,travel,card,,,hinglish_natural
Airtel recharge me 8427 rupay ka payment kya UPI se diye,8427,utilities,upi,cred,,hinglish_natural
bhai Divya ko udhar return kiya 4823 rs bhim se,4823,friends,upi,bhim,,friends_synthetic
6024 rs DishTV Google Pay pe matlab,6024,utilities,upi,gpay,,hinglish_natural
split bill 161 GPay se Priya ko diya,161,friends,upi,gpay,,friends_synthetic
₹4814.24 charged for mutual fund on card,4814.24,investment,card,,fi,english_natural
coaching pe 184 rupaiye ka admission kr diya via Paytm icici se bhai,184,education,upi,paytm,icici,hinglish_natural
139 rupaye show dekha Zee5 ko phonepe se,139,entertainment,upi,phonepe,,hinglish_natural
BSNL 3782 rupaye card se pay kia Jupiter se kata yaar,3782,utilities,card,,jupiter,hinglish_natural
457 petrol bharaa Air India ko Slice se pay kiyaa sasta tha,457,travel,upi,slice,union bank,hinglish_natural
TO:DENTIST dentist.66541@hdfcbank From:AMITSINGH (HDFC gpay : sender6036@okhdfcbank,1332.70,healthcare,upi,gpay,hdfc,ocr_upi
dinner split 1311 rupaye bro card,1311,friends,card,,,friends_synthetic
hospital doctor pharmacy medicine diagnostic 3554 cash,3554,healthcare,cash,,kotak,cue_row
kal coaching 3597 ₹ card se pay kya,3597,education,card,,,hinglish_natural
dost friend ko 371 rupaye cash se bheje,371,friends,cash,,,friends_synthetic
ghar jaate waqt society maintenance ka bill bhara 89 card se pay kar diya hdfc se,89,utilities,card,,hdfc,hinglish_natural
Coursera 29367 phonepe Successful HDFC 9983,29367,education,upi,phonepe,hdfc,ocr_upi
credit card EMI 677 Visa,677,emi,card,,,english_natural
Kuvera 1128 Google Pay,1128,investment,upi,gpay,kotak,ocr_upi
DishTV me 293 ka bill bharaa UPI se diy,43655,utilities,upi,fi,,source_hinglish
paid 39368 to home loan EMI through card,39368,emi,card,,,voice_transcript
10467 rs. RedBus via cred,10467,travel,upi,cred,,hinglish_natural
Nykaa 45008 card,45008,shopping,card,,pnb,english_natural
kal rent 1555 rs. via Google Pay,1555,utilities,upi,gpay,,hinglish_natural
Payment of Rs22151 to Neha was successful via Cred UPI Ref No 7434146717016 SBI Account 2263,22151,friends,upi,cred,sbi,ocr_upi
18256 rupees gold credit card se bhai,18256,investment,card,,,hinglish_natural
Dominos mein 34 lag gaye NIYO se bhara,34,food,upi,niyo,sbi,voice_transcript
34572 order kar diya Tata CLiQ pe card se Fi card se,34572,shopping,card,,fi,hinglish_natural
Doctor consultation INR 23103,23103,healthcare,card,,,source_english
400 charged for personal loan EMI on card,400,emi,card,,,english_natural
petrol diesel fuel ₹464 at pump cash,464,travel,cash,,sbi,cue_row
ATM/CASH/SBI/37137,37137,travel,card,,sbi,english_natural
abhi home loan EMI ka loan payment kiyaa 19092 rupees card se pay kr diya,19092,emi,card,,,hinglish_natural
CCD 26672 rs. card se pay kar diya,26672,food,card,,,hinglish_natural
1554 rupay eye checkup UPI se diye,1554,healthcare,upi,gpay,hdfc,hinglish_natural
electricity water broadband mobile recharge bill Rs159 jupiter,159,utilities,upi,jupiter,,cue_row
SPOTIFY INR 39265.41 SBI,39265.41,entertainment,card,,sbi,english_natural
paid back friend lent money INR 10787 cred,10787,friends,upi,cred,icici,cue_row
aaj MedPlus pe 4996 rupaye kharcha hua Bhim se,4996,healthcare,upi,bhim,axis,voice_transcript
kal 453 rs Bewakoof debit card se,453,shopping,card,,,hinglish_natural
Pharmacy medicine purchase INR 40800,40800,healthcare,card,,,source_english
INOX 353,353,entertainment,card,,,english_natural
lunch dinner food order swiggy zomato restaurant meal 282 Paytm,282,food,upi,paytm,,cue_row
bhai clinic ka test karaya 45634 rs. naqad,22665,healthcare,cash,,bandhan,source_hinglish
H&M Rs 3330 bhim,3330,shopping,upi,bhim,hdfc,ocr_upi
"Apple Music BILL
St: Rs 3380
GPay approved",3380,entertainment,upi,gpay,,ocr_receipt
Tata CLiQ me 2924 rupaye ka saman lia UPI se,2924,shopping,upi,gpay,sbi,hinglish_natural
i paid 229 rupees for Myntra using bhim,229,shopping,upi,bhim,,voice_transcript
257 ₹ SIP bhara PPF ko GPay se pay kiya Fi se kata,257,investment,upi,gpay,fi,hinglish_natural
₹394.52 paid to Uber via GPay UPI from Bandhan Bank ending 5295,394.52,travel,upi,gpay,bandhan,ocr_upi
Paid stationery 2828.56 using paytm,2828.56,education,upi,paytm,,english_natural
diagnostic 31936 card se pay kr diya,31936,healthcare,card,,,hinglish_natural
Spent 354.41 on electricity bill using Paytm,354.41,utilities,upi,paytm,,english_natural
personal loan installment EMI deduction INR 792 SLICE,792,emi,upi,slice,,cue_row
TO:YOUTUBEPREMIUM youtubepremium.73980@axisbank From:UTSAVJANA (axis G Pay : sender2332@okaxisbank,575,entertainment,upi,gpay,axis,ocr_upi
tuition ka admission kia 2694 rupaye card se,2694,education,card,,,hinglish_natural
Hospital bill INR 14208,14208,healthcare,cash,,,source_english
"BILL
clinic
Rs42645
CARD
Thank You Visit Again",42645,healthcare,card,,,ocr_receipt
Zerodha me 4554 rs ka invest kiya UPI se State Bank wale account se,4554,investment,upi,phonepe,sbi,hinglish_natural
Amit 28344.33 SLICE Payment done kotak 2160,28344.33,friends,upi,slice,kotak,ocr_upi
UPI/45721872/HOME LOAN EMI/FI,36169.10,emi,card,,fi,english_natural
Restaurant bill INR 42457,42457,food,upi,gpay,,source_english
3809 course liyaa library ko credit card se,3809,education,card,,,hinglish_natural
Vi recharge pe 4594 rupaiye ka bill bhar diya UPI se de diye Fi Money account se,4594,utilities,upi,niyo,fi,hinglish_natural
"Nykaa
Net Amount 180.31
Paid via CASH",180.31,shopping,cash,,kotak,ocr_receipt
SPOTIFY INR 252 FI,252,entertainment,cash,,fi,english_natural
Pooja ka dost ko de diye 9359 rupay PayTM pe,9359,friends,upi,paytm,hdfc,hinglish_natural
abhi credit card EMI se installment die 2247 ₹ ka card se,2247,emi,card,,,hinglish_natural
today i spent 181 on Apple Music via card from my NIYO bank,181,entertainment,card,,niyo,voice_transcript
hospital ka dawai le liya 2174 rupaye credit card se,2174,healthcare,card,,niyo,hinglish_natural
paid 3695 to broadband through Gpay from HDFC Bank,3695,utilities,upi,gpay,hdfc,voice_transcript
sent Rs400 to Karan on card,400,friends,card,,,friends_synthetic
"BILL
Jio recharge
Rs22016.85
bhim
Thank You Visit Again",22016.85,utilities,upi,bhim,,ocr_receipt
Udemy se books le liya 200 rupaye ka credit card se,200,education,card,,,hinglish_natural
"BILL
1mg
412
CASH
Thank You Visit Again",412,healthcare,cash,,,ocr_receipt
rent maintenance gas connection Rs 175 jupiter,175,utilities,upi,jupiter,,cue_row
sent Rs 348 to bhai on cash,348,friends,cash,,,friends_synthetic
POS/DIVYA/PHONE PE/8069,4544,friends,upi,phonepe,,english_natural
bhai lab test se dawai le liya 1639 ka naqad,1639,healthcare,cash,,,hinglish_natural
Mutual fund SIP INR 13070,13070,investment,card,,,source_english
abhi 1mg 476 rupay jupiter se,1,healthcare,upi,jupiter,sbi,hinglish_natural
friend 42967 Paytm,42967,friends,upi,paytm,hdfc,english_natural
clinic se test karaya 1303 ka bhim se,1303,healthcare,upi,bhim,,hinglish_natural
"D ZERODHA 4445 Completed 27Mar 2026,8:39 pm hdfc Bank 2255 UPI transaction ID 7214868823 TO:ZERODHA zerodha.82949@hdfcbank Goog1etransaction lD XYZabc151093 OPI phonepe",4445,investment,upi,phonepe,hdfc,ocr_upi
Yatra ka petrol bhara 435 rupees UPI se diye,435,travel,upi,gpay,,hinglish_natural
4298 rupees PharmEasy credit card se,4298,healthcare,card,,,hinglish_natural
Used sbi cash to pay INR 2666.94 for Amit,2666.94,friends,cash,,sbi,english_natural
Paid Rs 310 for electricity bill via bhim,310,utilities,upi,bhim,,english_natural
4826 rupaiye invest kiya ET Money ko UPI se pay kiyaa,4826,investment,upi,gpay,,hinglish_natural
crypto ka paisa daala 12615 rupaye UPI se pay kya,12615,investment,upi,phonepe,hdfc,hinglish_natural
Vikram ₹196 PayTM,196,friends,upi,paytm,icici,english_natural
"BILL
Practo
₹2074.40
CRED
Thank You Visit Again",2074.40,healthcare,upi,cred,hdfc,ocr_receipt
amazon flipkart myntra online shopping order Rs.4058 CRED,4058,shopping,upi,cred,,cue_row
lab test me 4292 rupaiye ka doctor ko de diya card se,4292,healthcare,card,,,hinglish_natural
lab test se checkup karaya 443 ₹ ka UPI se de diye slice account se yaar,443,healthcare,upi,jupiter,slice,hinglish_natural
paid 39989 to colleague through Google Pay from kotak,39989,friends,upi,gpay,kotak,voice_transcript
office se aate hue bike loan EMI pe 103 rs. ka installment diy bhim se ICICI Bank account se achha deal mila,30349,emi,upi,bhim,icici,source_hinglish
rent 3974 rs. Phone Pe se,3974,utilities,upi,phonepe,,hinglish_natural
coaching exam preparation study material ₹11535 card,11535,education,card,,,cue_row
dinner split 2868 rupaye dost PayTM,2868,friends,upi,paytm,,friends_synthetic
broadband Rs.44014 debited from Jupiter,44014,utilities,upi,phonepe,jupiter,english_natural
rickshaw 4864 rs card se pay kr diya,4864,travel,card,,,hinglish_natural
"MedPlus
Net Amount 39608
Paid via CARD",39608,healthcare,card,,,ocr_receipt
₹1831 charged for credit card EMI on PhonePe,1831,emi,upi,phonepe,,english_natural
Car loan EMI INR 21202,21202,emi,card,,,source_english
sent ₹3413 to bro on fi,3413,friends,upi,fi,,friends_synthetic
dentist se checkup karaya 4124 rupees ka card se SLICE card se,4124,healthcare,card,,slice,hinglish_natural
rent maintenance gas connection Rs 80 Gpay,80,utilities,upi,gpay,,cue_row
Used HDFC G Pay to pay Rs 32 for doctor,32,healthcare,upi,gpay,hdfc,english_natural
McDonald's ka mangwaya 19674 rupaiye Phone Pe se pay kia,19674,food,upi,phonepe,,hinglish_natural
Paid Rs 83 to flatmate Google Pay UPI IDFC First 4629 Successful,83,friends,upi,gpay,idfc,ocr_upi
2418.30 debited from your icici account for car loan EMI (PayTM UPI),2418.30,emi,upi,paytm,icici,ocr_upi
Rs4781 charged for Jio recharge on cash,4781,utilities,cash,,,english_natural
market ka buy kiya 24831 UPI se Kotak Mahindra account se matlab,24831,shopping,upi,phonepe,kotak,hinglish_natural
39856 rupees YouTube Premium card,39856,entertainment,card,,,voice_transcript
bhai Vikram ko udhar return kiya 1847 rs card se,1847,friends,card,,,friends_synthetic
Pizza delivery INR 37644,37644,food,upi,slice,,source_english
18674 ka bhai bill pay kiya Phone Pe se,18674,friends,upi,phonepe,,voice_transcript
Paid eye checkup Rs3558 using cash from Jupiter,3558,healthcare,cash,,jupiter,english_natural
Zerodha se invest kr diya 1438 rupay ka UPI se diy,863,investment,upi,gpay,,source_hinglish
car loan EMI 46701 ₹ debit card se,46701,emi,card,,,hinglish_natural
3438 rupees Vikram Phonepe Jupiter account,3438,friends,upi,phonepe,jupiter,voice_transcript
home loan EMI pe 1148 ₹ ka installment die PhonePe pe sbi account se,1148,emi,upi,phonepe,sbi,hinglish_natural
flatmate rent share 2955 G Pay bro,2955,friends,upi,gpay,icici,friends_synthetic
office se aate hue 249 rs shopping kiya Myntra pe UPI se,249,shopping,upi,gpay,,hinglish_natural
Stock purchase INR 19455,19455,investment,upi,gpay,,source_english
Apollo Pharmacy me 4216 ka dawai liya card se pay kya,4216,healthcare,card,,,hinglish_natural
yaar ka 124 rupees ka bill Phonepe se pay kiya,124,friends,upi,phonepe,,voice_transcript
dost bro ko 189 rupaye phonepe se bheje,189,friends,upi,phonepe,,friends_synthetic
Vedantu ka 163 rupees ka bill cash se pay kiya,163,education,cash,,axis,voice_transcript
INR 4671.31 charged for stationery on cash,4671.31,education,cash,,fi,english_natural
Swiggy order INR 4655,4655,food,upi,phonepe,,source_english
ghar jaate waqt bike loan EMI 4002 Phonepe pe,4002,emi,upi,phonepe,,hinglish_natural
Cleartrip se cab liya 337 rupay ka card se pay kiya,39359,travel,card,,,source_hinglish
Spent Rs3268 on Uber using cash,3268,travel,cash,,,english_natural
Rs 3796.41 paid to FD via SLICE UPI from idfc Bank ending 2399,3796.41,investment,upi,slice,idfc,ocr_upi
home loan car loan credit card EMI monthly Rs.319 autopay phonepe,319,emi,upi,phonepe,sbi,cue_row
Stock purchase INR 47557,47557,investment,card,,icici,source_english
books me 4014 ka course le liya card se pay kya,4014,education,card,,,hinglish_natural
"BILL
Lenskart
Rs.146
CASH
Thank You Visit Again",146,healthcare,cash,,,ocr_receipt
bhai 4495 rs installment de diya car loan EMI pe card se,4495,emi,card,,,hinglish_natural
subah 311 rs. gaming via gpay,311,entertainment,upi,gpay,,hinglish_natural
McDonald's se khana order kar diya 331 rs. ka UPI se,331,food,upi,gpay,,hinglish_natural
maine 3506 rupaye BookMyShow ko diye cash se,3506,entertainment,cash,,hdfc,voice_transcript
DishTV me 36 rupaiye ka bill bhra Phonepe se,36,utilities,upi,phonepe,,hinglish_natural
"Receipt #5042
Practo
Amount Paid: Rs25640
Mode: Phonepe",25640,healthcare,upi,phonepe,,ocr_receipt
"TAX INVOICE
JioMart
Grand Total: ₹2540
Payment: CASH",2540,food,cash,,,ocr_receipt
dinner split 382 rupaye Priya Cred,382,friends,upi,cred,,friends_synthetic
coaching 287.57,287.57,education,card,,,english_natural
Bharat Petroleum Rs33205 Google Pay,33205,travel,upi,gpay,hdfc,ocr_upi
Spent INR 3315 on SBI loan using cred,3315,emi,upi,cred,,english_natural
28401 coaching UPI se diye,28401,education,upi,gpay,,hinglish_natural
aaj IndiGo pe 15064 rupaye kharcha hua Niyo se,15064,travel,upi,niyo,bandhan,voice_transcript
school college tuition course books fees Rs 89 card,89,education,card,,,cue_row
132 rupaye order kar diya Croma pe UPI se pay kar diya,132,shopping,upi,gpay,indusind,hinglish_natural
Lenskart 4135 Google Pay Completed Axis 9733,4135,shopping,upi,gpay,axis,ocr_upi
2407 rs. split kya Priya pe UPI se diyee,2407,friends,upi,niyo,hdfc,hinglish_natural
43855 rupees paise bheje Rahul ko via SLICE,43855,friends,upi,slice,,hinglish_natural
rent maintenance gas connection 36 Gpay,36,utilities,upi,gpay,,cue_row
Hotstar Rs.2154 PhonePe,2154,entertainment,upi,phonepe,icici,ocr_upi
Coursera me 334 ₹ ka fees bharaa cash me bhai,334,education,cash,,,hinglish_natural
Just paid ₹277.51 to Yatra through cash,277.51,travel,cash,,,english_natural
sent Rs.197 to Pooja on GPay,197,friends,upi,gpay,rbl,friends_synthetic
"Receipt #6461
Tata Play
Amount Paid: t39767
Mode: SLICE",39767,utilities,upi,slice,,ocr_receipt
"BILL
ACT Fibernet
INR 205.16
Google Pay
Thank You Visit Again",205.16,utilities,upi,gpay,,ocr_receipt
Snapdeal ka order kar diya 868 ₹ UPI se,868,shopping,upi,gpay,,hinglish_natural
aaj bhai pe 1692 rupaye kharcha hua PayTM se,1692,friends,upi,paytm,,voice_transcript
metro me 2044 rs. ka petrol bhara cash diy,2044,travel,cash,,niyo,hinglish_natural
lab test 254 rupay card se pay kr diya,254,healthcare,card,,,hinglish_natural
Spent ₹3635 on home loan EMI using credit card,3635,emi,card,,,english_natural
i paid 3227 rupees for Zomato using card,3227,food,card,,,voice_transcript
Bought Coin for Rs40766 with Google Pay,40766,investment,upi,gpay,pnb,english_natural
PVR 228 rs slice se,228,entertainment,upi,slice,icici,hinglish_natural
lab test 3965 rupaiye paytm se sasta tha,3965,healthcare,upi,paytm,,hinglish_natural
Used HDFC Bank Gpay to pay ₹4103.71 for Burger King,4103.71,food,upi,gpay,hdfc,english_natural
Bewakoof INR 850 Jupiter,850,shopping,upi,jupiter,hdfc,ocr_upi
concert se subscription renew kia 2736 ka via Phone Pe ICICI Bank wale account se,2736,entertainment,upi,phonepe,icici,hinglish_natural
"BEWAKOOF RESTAURANT
Total 4565
Cash Received
Change 0.00",4565,shopping,upi,bhim,axis,ocr_receipt
Used hdfc G Pay to pay ₹6328 for friend,6328,friends,upi,gpay,hdfc,english_natural
lunch dinner food order swiggy zomato restaurant meal ₹215 card,215,food,card,,,cue_row
Arjun ka dost ko die 92 rs. phonepe se pay kia,92,friends,upi,phonepe,slice,hinglish_natural
137 rupees BSNL card,137,utilities,card,,,voice_transcript
Hotstar ka ticket liya 20311 ₹ cred se pay kya achha deal mila,20311,entertainment,upi,cred,,hinglish_natural
rent 415 rs. UPI se,415,utilities,upi,paytm,,hinglish_natural
Payment of t1575.70 to books was successful via SLICE UPI Ref No 930168497071 hdfc Account 9901,1575.70,education,upi,slice,hdfc,ocr_upi
TO:PETROLPUMP petrolpump.46967@icicibank From:PRIYASHARMA (icici phonepe : sender5691@okicicibank,21461.27,travel,upi,phonepe,icici,ocr_upi
"BILL
gas bill
?113
CARD
Thank You Visit Again",113,utilities,card,,,ocr_receipt
ghar jaate waqt insurance premium me 3479 rs. ka bill pay kia debit card se,3479,utilities,card,,,hinglish_natural
₹1720 to Neha PhonePe UPI,1720,friends,upi,phonepe,,friends_synthetic
Phone Pe payment Rs.22346 MedPlus sbi 8991 successful,22346,healthcare,upi,phonepe,sbi,ocr_upi
"electricity bill
Net Amount 4813.62
Paid via CRED",4813.62,utilities,upi,cred,hdfc,ocr_receipt
doctor se checkup karaya 438 rupaiye ka SLICE se,438,healthcare,upi,slice,niyo,hinglish_natural
Payment of ₹697 to Arjun was successful via Fi UPI Ref No 6556212613716 IDFC First Account 8494,697,friends,upi,fi,idfc,ocr_upi
"Vi recharge BILL
St: ₹1283.53
CARD approved",1283.53,utilities,card,,,ocr_receipt
30789 rupees Vedantu Cred,30789,education,upi,cred,,voice_transcript
subah 113 tuition die Unacademy ko card se pay kia Fi account se,113,education,card,,fi,hinglish_natural
car loan EMI me 45 ₹ ka EMI kat gayi credit card se,45,emi,card,,,hinglish_natural
subah 449 rupaiye Vikram cash me,449,friends,cash,,hdfc,hinglish_natural
CCD ka khana khya 4974 rs card se pay kr diya,4974,food,card,,,hinglish_natural
61 rupees Amazon Niyo se,61,shopping,upi,niyo,,hinglish_natural
personal loan installment EMI deduction Rs.2221 card,2221,emi,card,,,cue_row
colleague se dost ko die 456 rs ka UPI se,456,friends,upi,gpay,,hinglish_natural
SpiceJet 376 State Bank,376,travel,upi,phonepe,sbi,english_natural
2008 rupees Netflix card,2008,entertainment,card,,,voice_transcript
4287 gpay H&M,4287,shopping,upi,gpay,,english_natural
sent money to roommate Rs.2833 on cash,2833,friends,cash,,,friends_synthetic
aaj INOX pe 1968 rupaye kharcha hua PhonePe se,1968,entertainment,upi,phonepe,niyo,voice_transcript
Pharmacy medicine purchase INR 14353,14353,healthcare,card,,,source_english
41018 rupay Rohan UPI se pay kr diya,41018,friends,upi,phonepe,,hinglish_natural
Cleartrip ka kiraya diyee 81 rupay debit card se,81,travel,card,,,hinglish_natural
INOX mein 332 lag gaye card se bhara,332,entertainment,card,,axis,voice_transcript
Payment of Rs.558 to Reliance Fresh was successful via Paytm UPI Ref No 9415409461745 SBI Account 5729,558,food,upi,paytm,sbi,ocr_upi
netflix spotify hotstar subscription movie show R 3465 SLICE,3465,entertainment,upi,slice,,cue_row
electricity bill payment Rs3450 done via Paytm,3450,utilities,upi,paytm,,english_natural
yaar library se admission kia 155 rs. ka PayTM se pay kia,155,education,upi,paytm,,hinglish_natural
sent 2699 to friend on cash split bill UPI,2699,friends,cash,,,cue_row
PayTM payment Rs.3766.77 Dunkin axis 2959 done,3766.77,food,upi,paytm,axis,ocr_upi
Netflix subscription INR 10561,10561,entertainment,card,,,source_english
₹4006.08 charged for Practo on Phone Pe,4006.08,healthcare,upi,phonepe,,english_natural
PPF payment ₹271 done via CRED,271,investment,upi,cred,,english_natural
3840 rupees show dekha Gaana pe debit card se,3840,entertainment,card,,,hinglish_natural
clinic me 4485 ₹ ka doctor ko diy UPI se HDFC Bank account se,4485,healthcare,upi,paytm,hdfc,hinglish_natural
HDFC loan Rs2219.08 G Pay,2219.08,emi,upi,gpay,bandhan,ocr_upi
gaming se game liyaa 2877 rupay ka credit card se bhai,2877,entertainment,card,,,hinglish_natural
mutual fund SIP stocks PPF FD investment INR 6983 Slice,6983,investment,upi,slice,,cue_row
FD INR 1552 debited from HDFC Bank,1552,investment,card,,hdfc,english_natural
397 rupaye clinic Gpay se pay kr diya sasta tha,397,healthcare,upi,gpay,,hinglish_natural
1580 rupees gas bill cash Niyo account,1580,utilities,cash,,niyo,voice_transcript
244 rupay invest kiyaa Angel One pe via Phone Pe Fi Money card se,244,investment,upi,phonepe,fi,hinglish_natural
HDFC LOAN INR 2381,2381,emi,upi,cred,,english_natural
"BILL
lab test
₹39174
CASH
Thank You Visit Again",39174,healthcare,cash,,,ocr_receipt
Paid 1485 for friend from my Fi Money account via bhim,1485,friends,upi,bhim,fi,english_natural
₹1791.13 debited from your Axis account for SonyLIV (Phone Pe UPI),1791.13,entertainment,upi,phonepe,axis,ocr_upi
Just paid Rs.122.69 to Jio recharge through Cred,122.69,utilities,upi,cred,,english_natural
sent Rs 807 to Shreya on PayTM,807,friends,upi,paytm,,friends_synthetic
raat ko Jio recharge ka bill bharra 223 PayTM pe bc,36250,utilities,upi,paytm,,source_hinglish
Apple Music se movie dekhi 943 rupees ka paytm pe NIYO se kata,943,entertainment,upi,paytm,niyo,hinglish_natural
664 rs personal loan EMI Slice pe,664,emi,upi,slice,,hinglish_natural
Rs333 to Priya PayTM UPI,333,friends,upi,paytm,,friends_synthetic
Paid Rs.4184 to insurance premium Phonepe UPI HDFC 1251 Done,4184,utilities,upi,phonepe,hdfc,ocr_upi
Paid INR 32242 for PharmEasy from my Axis account via cash,32242,healthcare,cash,,axis,english_natural
flatmate rent share 4112 cash Divya,4112,friends,cash,,sbi,friends_synthetic
flatmate 4507 rupees cash me,4507,friends,cash,,,hinglish_natural
home loan car loan credit card EMI monthly R 2062 autopay card,2062,emi,card,,,cue_row
kal upGrad ka books liya 125 rs cash diyee,125,education,cash,,,hinglish_natural
"D EDUCATIONLOANEMI 274 Completed 12Jan 2026,5:41 pm Axis Bank Bank 8167 UPI transaction ID 37048551313 TO:EDUCATIONLOANEMI education loan emi.79375@axis bankbank Googletransaction lD CICAgJjg661135 OPI Niyo",274,emi,upi,niyo,axis,ocr_upi
Just paid Rs.3075 to home loan EMI through credit card,3075,emi,card,,,english_natural
HDFC loan se loan payment kar diya 462 rs ka debit card se,41083,emi,card,,yes bank,source_hinglish
POS/DOCTOR/G PAY/2275,367.13,healthcare,upi,gpay,,english_natural
"clinic 142 Completed 16Nov 2025,11:31 pm PNB 7526 UPI transaction ID 5061380649",142,healthcare,upi,jupiter,pnb,ocr_upi
bhai car loan EMI ka 9982 rupaye card se de diya,9982,emi,card,,hdfc,voice_transcript
Jupiter payment 3137.03 Apple Music PNB 4547 done,3137.03,entertainment,upi,jupiter,pnb,ocr_upi
BYJU'S 1303 debited from SBI,1303,education,card,,sbi,english_natural
i did 29240 expense on mobile recharge using cash,29240,utilities,cash,,,voice_transcript
3021 paid to JioMart via Cred UPI from YES BANK Bank ending 3621,3021,food,upi,cred,yes bank,ocr_upi
ATM/CASH/BANK/2860,2860,travel,card,,,english_natural
UPGRAD INR 629 HDFC,629,education,upi,gpay,hdfc,english_natural
221 rupees society maintenance card,221,utilities,card,,,voice_transcript
NEFT/TRANSFER/AIRTEL RECHARGE/,110,utilities,cash,,,english_natural
today i spent 34885 on Apollo Pharmacy via niyo from my ICICI Bank bank,34885,healthcare,upi,niyo,icici,voice_transcript
dost colleague ko 4682 rupaye Paytm se bheje,4682,friends,upi,paytm,,friends_synthetic
bhai library 3413 rs. UPI se,3413,education,upi,paytm,,hinglish_natural
Paid INR 2598 to Bajaj Finance EMI PayTM UPI Federal Bank 2927 Successful,2598,emi,upi,paytm,federal bank,ocr_upi
Gpay payment ₹3464.10 rickshaw ICICI Bank 1530 successful,3464.10,travel,upi,gpay,icici,ocr_upi
raat ko 21505 rupaiye Jio recharge cred se pay kya,21505,utilities,upi,cred,icici,hinglish_natural
Arjun me 281 ₹ ka transfer kiya UPI se pay kia Axis Bank se kata,281,friends,upi,phonepe,axis,hinglish_natural
Paid Rs.53 to books GPay UPI hdfc 1231 Successful,53,education,upi,gpay,hdfc,ocr_upi
JioCinema 130.17 Slice,130.17,entertainment,upi,slice,jupiter,english_natural
Online course subscription INR 26545,26545,education,card,,,source_english
Rs35209 charged for RedBus on Visa,35209,travel,card,,,english_natural
hospital doctor pharmacy medicine diagnostic ₹27895 card,27895,healthcare,card,,,cue_row
Paid INR 322.73 for SonyLIV from my jupiter account via Phonepe,322.73,entertainment,upi,phonepe,jupiter,english_natural
Snapdeal pe 984 rs. ka shopping kiya debit card se PNB account se bc,984,shopping,card,,pnb,hinglish_natural
237 cash eye checkup,237,healthcare,cash,,,english_natural
school college tuition course books fees INR 37039 slice,37039,education,upi,slice,,cue_row
gas bill 309 rupay via G Pay,309,utilities,upi,gpay,,hinglish_natural
Credit card EMI INR 4236,4236,emi,upi,phonepe,,source_english
college fees payment ?3025 done via Visa,3025,education,card,,hdfc,english_natural
food court 2125 rupaiye Phonepe se pay kiya,2125,food,upi,phonepe,,hinglish_natural
Indian Oil pe 181 rupay ka ticket book kiyaa credit card se,10523,travel,card,,,source_hinglish
4192 rupaiye clinic UPI se diye sasta tha,4192,healthcare,upi,slice,axis,hinglish_natural
Indian Oil ka ticket book kar diya 1632 credit card se achha deal mila,1632,travel,card,,sbi,hinglish_natural
exam fee R 211 Cred,211,education,upi,cred,axis,ocr_upi
aaj Indian Oil pe 22989 rupaye kharcha hua card se,22989,travel,card,,,voice_transcript
dost Rohan ko 4591 rupaye card se bheje,4591,friends,card,,,friends_synthetic
26766 rs SIP SLICE se,26766,investment,upi,slice,bob,hinglish_natural
Netmeds 11778 rupaiye card se pay kiyaa,11778,healthcare,card,,rbl,hinglish_natural
Spent INR 29329.05 on Unacademy using credit card,29329.05,education,card,,,english_natural
2305 rupaiye fees bhra exam fee pe UPI se pay kya,2305,education,upi,gpay,,hinglish_natural
4554 ka FirstCry bill pay kiya cred se,4554,shopping,upi,cred,,voice_transcript
aaj doctor pe 114 rupaye kharcha hua card se,114,healthcare,card,,,voice_transcript
Paid Rs941 for bike loan EMI via credit card,941,emi,card,,,english_natural
ACT Fibernet mein 1086 lag gaye G Pay se bhara,1086,utilities,upi,gpay,bandhan,voice_transcript
"GAANA RESTAURANT
Total 134
Cash Received
Change 0.00",134,entertainment,upi,fi,,ocr_receipt
"clinic BILL
St: Rs.1630
Bhim approved",1630,healthcare,upi,bhim,sbi,ocr_receipt
8268 rupay bhai Phonepe pe,8268,friends,upi,phonepe,bob,hinglish_natural
bhai lab test ka 270 rupaye card se de diya,270,healthcare,card,,niyo,voice_transcript
2962 BHIM lab test,2962,healthcare,upi,bhim,,english_natural
dopahar ko Reliance Digital se order kya 2303 rupaye ka debit card se,2303,shopping,card,,,hinglish_natural
spent 1169 rupees on PVR via card,1169,entertainment,card,,icici,voice_transcript
Zerodha 2661.38 Slice,2661.38,investment,upi,slice,,english_natural
"Pizza Hut
Net Amount 17370.68
Paid via paytm",17370.68,food,upi,paytm,icici,ocr_receipt
TO:BOOKMYSHOW bookmyshow.41774@yesbankbank From:RAHULKUMAR (YES BANK paytm : user9430@okyesbankbank,979,entertainment,upi,paytm,yes bank,ocr_upi
i paid 57 rupees for KFC using BHIM,57,food,upi,bhim,,voice_transcript
mobile recharge se bill bhar diya 4683 rupay ka PayTM se pay kiyaa budget tod diya,4683,utilities,upi,paytm,slice,hinglish_natural
253 rs. mutual fund kya ET Money pe debit card se,47974,investment,card,,,source_hinglish
maine 2927 rupaye Ananya ko diye PhonePe se,2927,friends,upi,phonepe,fi,voice_transcript
DIVYA INR 3871.64,3871.64,friends,upi,bhim,,english_natural
grocery vegetables milk bread fruits INR 3218 paid gpay,3218,food,upi,gpay,,cue_row
dopahar ko Goibibo se ride liya 1821 rupaiye ka card se kotak card se,1821,travel,card,,kotak,hinglish_natural
134 rs. ride liya Cleartrip pe Niyo se pay kiyaa,134,travel,upi,niyo,bob,hinglish_natural
school college tuition course books fees Rs.172 card,172,education,card,,sbi,cue_row
aaj insurance premium se bill bharra 2311 rs. ka via G Pay,2311,utilities,upi,gpay,,hinglish_natural
Karan se split kiyaa 23052 rupaiye ka Slice se pay kia,23052,friends,upi,slice,,hinglish_natural
Kuvera mein 3345 lag gaye card se bhara,3345,investment,card,,,voice_transcript
today i spent 1839 on library via gpay,1839,education,upi,gpay,,voice_transcript
FirstCry 1358,1358,shopping,upi,gpay,,english_natural
slice payment Rs172 NPS sbi 4014 successful,172,investment,upi,slice,sbi,ocr_upi
mobile recharge me 36967 rs ka bill bhar diya UPI se diye,16152,utilities,upi,paytm,,source_hinglish
"Receipt #4076
eye checkup
Amount Paid: 438
Mode: CARD",438,healthcare,card,,sbi,ocr_receipt
Rs95 to SpiceJet via G Pay,95,travel,upi,gpay,,english_natural
gaming concert event ticket Rs.4000 card,4000,entertainment,card,,,cue_row
school fees pe 69 rupay ka tuition de diya via SLICE,69,education,upi,slice,jupiter,hinglish_natural
Spent ₹391 on Subway using cash,391,food,cash,,,english_natural
MakeMyTrip 2469 rs. naqad,2469,travel,cash,,,hinglish_natural
aaj Amazon Prime pe 462 rupaye kharcha hua card se,462,entertainment,card,,,voice_transcript
152 paid to Angel One via credit card from BOB,152,investment,card,,bob,english_natural
250 rupaye SIP bhra SIP pe credit card se yaar,250,investment,card,,,hinglish_natural
3924 rupees HP Petrol cash,3924,travel,cash,,,voice_transcript
"D RAPIDO 1242 Completed 11Apr 2026,7:09 pm State Bank Bank 2646 UPI transaction ID 727581908154 TO:RAPIDO rapido.77766@state bankbank Googletransaction lD CICAgJjg031082 OPI Cred",1242,travel,upi,cred,sbi,ocr_upi
25755 rs rent cash me,25755,utilities,cash,,sbi,hinglish_natural
maine 4108 rupaye Pizza Hut ko diye cred se,4108,food,upi,cred,axis,voice_transcript
gas bill ka bill bhara 31335 rs via Paytm,31335,utilities,upi,paytm,,hinglish_natural
253 rupees Coin Gpay,253,investment,upi,gpay,,voice_transcript
college fees se fees bhra 334 rupees ka UPI se pay kya bohot mehenga,334,education,upi,cred,,hinglish_natural
Paid roommate ₹47170 using cash,47170,friends,cash,,,english_natural
"BILL
Apple Music
t41301
CARD
Thank You Visit Again",41301,entertainment,card,,axis,ocr_receipt
Apple Music ₹18314 gpay,18314,entertainment,upi,gpay,axis,ocr_upi
Paid Rs.485.78 to FirstCry GPay UPI Axis 8780 Successful,485.78,shopping,upi,gpay,axis,ocr_upi
aaj 5310 rs. eye checkup Gpay pe bhai,5310,healthcare,upi,gpay,,hinglish_natural
dopahar ko Airtel recharge se recharge kya 1235 ka cash diy,1235,utilities,cash,,,hinglish_natural
Jio recharge mein 897 lag gaye gpay se bhara,897,utilities,upi,gpay,,voice_transcript
netflix spotify hotstar subscription movie show ₹1778 card,1778,entertainment,card,,,cue_row
Paid ₹49372.68 for school fees from my jupiter account via Mastercard,49372.68,education,card,,jupiter,english_natural
CRED payment Rs.296.29 DishTV HDFC Bank 3734 completed,296.29,utilities,upi,cred,hdfc,ocr_upi
₹1642 paid to gaming via cash from SBI,1642,entertainment,cash,,sbi,english_natural
35 upGrad UPI se pay kar diya,35,education,upi,paytm,,hinglish_natural
raat ko Amit pe 2080 ka udhar return kr diya UPI se ICICI Bank se kata,2080,friends,upi,cred,icici,hinglish_natural
Bought society maintenance for 37214 with Visa,37214,utilities,card,,,english_natural
Just paid 425 to Apollo Pharmacy through niyo,425,healthcare,upi,niyo,niyo,english_natural
Tata Play ka bill bhar diya 139 rupay debit card se,7712,utilities,card,,,source_hinglish
Spent INR 201 on diagnostic using Mastercard,201,healthcare,card,,,english_natural
R 420.48 paid to school fees via cred from Slice,420.48,education,upi,cred,slice,english_natural
hospital doctor pharmacy medicine diagnostic Rs.292 GPay,292,healthcare,upi,gpay,,cue_row
3576 rupay dost UPI se de diya,3576,friends,upi,gpay,hdfc,hinglish_natural
Flight ticket booking INR 11610,11610,travel,card,,,source_english
aaj 39156 ₹ SonyLIV cash diye,39156,entertainment,cash,,,hinglish_natural
metro 35847 rupay debit card se,35847,travel,card,,,hinglish_natural
2786 debit card NPS,2786,investment,card,,niyo,english_natural
Croma ka khareed le liya 7862 rs. via Fi Money,7862,shopping,upi,fi,,hinglish_natural
Rs 194.62 paid to Shreya via Cred UPI from HDFC Bank ending 8639,194.62,friends,upi,cred,hdfc,ocr_upi
yaar diagnostic 407 rupees cash me,407,healthcare,cash,,,hinglish_natural
TO:AMIT amit.26320@bankofbarodabank From:RAHULKUMAR (Bank of Baroda Phonepe : user2612@okbankofbarodabank,121.55,friends,upi,phonepe,bob,ocr_upi
"Netflix 7769 Completed 3Dec 2025,5:28 pm hdfc 6831 UPI transaction ID 729905552378390",7769,entertainment,upi,gpay,hdfc,ocr_upi
hospital doctor pharmacy medicine diagnostic 93 card,93,healthcare,card,,,cue_row
Paid 2062.19 for BSNL via Slice,2062.19,utilities,upi,slice,axis,english_natural
paid bro ₹24671 via card,24671,friends,card,,,friends_synthetic
9165 rupaye Karan UPI se,9165,friends,upi,paytm,,hinglish_natural
Spent 4804 on exam fee using cash,4804,education,cash,,,english_natural
medical checkup lab test health insurance INR 2184 CRED,2184,healthcare,upi,cred,,cue_row
1099 ka MakeMyTrip bill pay kiya card se icici se kata,1099,travel,card,,icici,voice_transcript
abhi 4005 rupaiye Flipkart card se pay kiyaa,38485,shopping,card,,,source_hinglish
paid 1787 to tuition through card,1787,education,card,,,voice_transcript
Fixed deposit investment INR 43713,43713,investment,card,,yes bank,source_english
subah Bharat Petroleum ka petrol bhar diya 402 cash diye,402,travel,cash,,sbi,hinglish_natural
Gaana 44698 rupaiye jupiter se Kotak account se,7898,entertainment,upi,jupiter,kotak,source_hinglish
10108 rupaiye Netflix naqad,10108,entertainment,cash,,,hinglish_natural
friend Rs4398.55 debited from NIYO,4398.55,friends,upi,gpay,niyo,english_natural
roommate 34 rs. cred pe ICICI Bank se bc,34,friends,upi,cred,icici,hinglish_natural
Paid Rs.2814 to BYJU'S Jupiter UPI Axis 1999 Successful,2814,education,upi,jupiter,axis,ocr_upi
dopahar ko yaar se paise bheje 3696 rs ka phonepe se pay kar diya,3696,friends,upi,phonepe,,hinglish_natural
electricity water broadband mobile recharge bill INR 2489 card,2489,utilities,card,,,cue_row
paid Shreya Rs.3001 via Fi,3001,friends,upi,fi,,friends_synthetic
aaj EatFit pe 4616 rupaye kharcha hua Paytm se,4616,food,upi,paytm,,voice_transcript
bike loan EMI 4621.68 Phone Pe Successful axis 3673,4621.68,emi,upi,phonepe,axis,ocr_upi
TO:NEHA neha.56690@kotakmahindrabank From:PRIYASHARMA (Kotak Mahindra Gpay : sender1543@okkotakmahindrabank,2651,friends,upi,gpay,kotak,ocr_upi
dinner split 2866 rupaye yaar paytm,2866,friends,upi,paytm,,friends_synthetic
dopahar ko Barbeque Nation se khana khaya 417 rs. ka via phonepe matlab,15072,food,upi,phonepe,,source_hinglish
Just paid INR 7980 to Neha through Gpay,7980,friends,upi,gpay,,english_natural
ACT Fibernet ka recharge kiyaa 932 rs via Bhim,932,utilities,upi,bhim,,hinglish_natural
716 rupees roommate GPay,716,friends,upi,gpay,,voice_transcript
EaseMyTrip ka ride liyaa 4925 debit card se,4925,travel,card,,,hinglish_natural
bhai concert ka movie dekhi 33025 rs. Paytm pe,45916,entertainment,upi,paytm,,source_hinglish
TO:COACHING coaching.28442@hdfcbank From:RAHULKUMAR (hdfc Phonepe : user8739@okhdfcbank,454,education,upi,phonepe,hdfc,ocr_upi
flatmate rent share 149 GPay Arjun,149,friends,upi,gpay,hdfc,friends_synthetic
Gaana ka ticket liya 134 rupay card se pay kia,134,entertainment,card,,,hinglish_natural
office se aate hue 152 rupay IRCTC cash me,152,travel,cash,,yes bank,hinglish_natural
Vedantu se admission kr diya 2076 ₹ ka card se pay kia,2076,education,card,,kotak,hinglish_natural
Paytm Money t22 paytm,22,investment,upi,paytm,hdfc,ocr_upi
Rohan se dost ko de diya 38456 rs. ka UPI se diye,38456,friends,upi,fi,,hinglish_natural
amazon flipkart myntra online shopping order Rs.878 card,878,shopping,card,,kotak,cue_row
8904 rupay yaar debit card se,8904,friends,card,,kotak,hinglish_natural
UPI/09943680/FRIEND/BANK,656,friends,upi,jupiter,,english_natural
Rapido pe 301 rupaiye ka petrol bhara GPay se pay kiyaa,301,travel,upi,gpay,,hinglish_natural
POS/BAJAJ FINANCE EMI/CARD/4527,470.82,emi,card,,icici,english_natural
109 rupees Zara Jupiter,109,shopping,upi,jupiter,,voice_transcript
today i spent 45061 on SIP via G Pay from my HDFC bank,45061,investment,upi,gpay,hdfc,voice_transcript
Medical test charges INR 45967,45967,healthcare,upi,paytm,,source_english
crypto ka stock lia 43707 rupaye card se pay kar diya HDFC Bank se,43707,investment,card,,hdfc,hinglish_natural
maine 376 rupaye personal loan EMI ko diye card se,376,emi,card,,,voice_transcript
Just paid INR 61.91 to gold through paytm,61.91,investment,upi,paytm,,english_natural
1435 rs. doctor Bhim se achha deal mila,1435,healthcare,upi,bhim,,hinglish_natural
"PVR
Item 1 ₹154
Item 2 INR 309
Total Rs209
CARD",209,entertainment,card,,hdfc,ocr_receipt
"Receipt #9814
mobile recharge
Amount Paid: Rs 3985
Mode: Cred",3985,utilities,upi,cred,,ocr_receipt
36716 rupees khareed liya Zara ko via Google Pay yaar,36716,shopping,upi,gpay,,hinglish_natural
Box8 373 rupaiye cash me,8,food,cash,,,hinglish_natural
BSNL 367.43 PhonePe,367.43,utilities,upi,phonepe,sbi,ocr_upi
Air India 1957 gpay Successful HDFC 6859,1957,travel,upi,gpay,hdfc,ocr_upi
BHARAT PETROLEUM INR 15066,15066,travel,card,,,english_natural
"TATA PLAY RESTAURANT
Total 439.95
Cash Received
Change 0.00",439.95,utilities,upi,gpay,,ocr_receipt
dopahar ko 1544 ₹ medicine liya dentist ko phonepe se pay kiya,45570,healthcare,upi,phonepe,,source_hinglish
BSNL 327 paytm,327,utilities,upi,paytm,kotak,english_natural
bro ko 3882 transfer kiya G Pay se,3882,friends,upi,gpay,,friends_synthetic
kal Unacademy ka tuition diy 3048 rupees UPI se diy HDFC se,2436,education,upi,niyo,hdfc,source_hinglish
431.74 debited from your ICICI Bank account for Burger King (PayTM UPI),431.74,food,upi,paytm,icici,ocr_upi
yaar se dost ko die 3366 ₹ ka Phone Pe se pay kar diya,3366,friends,upi,phonepe,,hinglish_natural
Paid EaseMyTrip Rs 6607.79 using Mastercard,6607.79,travel,card,,,english_natural
1701 ₹ course le liya exam fee ko card se sasta tha,1701,education,card,,,hinglish_natural
"D PVR 3716 Completed 7Jan 2026,1:51 pm Union Bank Bank 7081 UPI transaction ID 03585872632750 TO:PVR pvr.34551@union bankbank Googletransaction lD CICAgJjg264210 OPI paytm",3716,entertainment,upi,paytm,union bank,ocr_upi
2983 rupay Air India naqad,2983,travel,cash,,icici,hinglish_natural
"Receipt #6567
Box8
Amount Paid: INR 1411
Mode: jupiter",1411,food,upi,jupiter,yes bank,ocr_receipt
today i spent 7886 on DishTV via card from my PNB bank,7886,utilities,card,,pnb,voice_transcript
357.82 charged for FirstCry on debit card,357.82,shopping,card,,,english_natural
Spent INR 3081 on exam fee using paytm,3081,education,upi,paytm,,english_natural
Gaana ka game liya 197 ₹ cash diye bc,197,entertainment,cash,,axis,hinglish_natural
Paid mess Rs.330 using cash,330,food,cash,,,english_natural
"BEWAKOOF RESTAURANT
Total 46100.29
Cash Received
Change 0.00",46100.29,shopping,upi,gpay,,ocr_receipt
Payment of INR 4907 to Bajaj Finance EMI was successful via Cred UPI Ref No 9277157368 sbi Account 5304,4907,emi,upi,cred,sbi,ocr_upi
concert 1239 Cred Payment done icici 8750,1239,entertainment,upi,cred,icici,ocr_upi
TO:VIKRAM vikram.19576@kotakbank From:UTSAVJANA (kotak phonepe : sender8868@okkotakbank,99,friends,upi,phonepe,kotak,ocr_upi
exam fee se fees bhar diya 1967 rupay ka PhonePe pe,1967,education,upi,phonepe,,hinglish_natural
ghar jaate waqt 1859 rupay paisa daala Zerodha pe debit card se,1859,investment,card,,,hinglish_natural
abhi Blinkit me 2320 rupees ka kha liya cash me,2320,food,cash,,,hinglish_natural
ghar jaate waqt Cleartrip se petrol bharra 43856 ₹ ka debit card se,43856,travel,card,,,hinglish_natural
ghar jaate waqt Pizza Hut se food order kya 3256 rs. ka paytm pe,3256,food,upi,paytm,jupiter,hinglish_natural
lab test 19634 rupaye cash diye yaar,19634,healthcare,cash,,,hinglish_natural
2463 rs PPF card se pay kya,2463,investment,card,,,hinglish_natural
₹160 to YouTube Premium via Visa,160,entertainment,card,,,english_natural
office se aate hue Zara ka shopping kya 720 rs card se pay kiya,10411,shopping,card,,,source_hinglish
car loan EMI mein 39532 lag gaye card se bhara,39532,emi,card,,,voice_transcript
338 to HDFC loan via credit card HDFC Bank account,338,emi,card,,hdfc,english_natural
electronics clothes shoes accessories purchase Rs.1181 via card,1181,shopping,card,,,cue_row
Groww 31464.40 fi Completed sbi 2836,31464.40,investment,upi,fi,sbi,ocr_upi
spent 14798 rupees on Croma via Fi Money,14798,shopping,upi,fi,,voice_transcript
"Receipt #9784
Practo
Amount Paid: Rs.311
Mode: CARD",311,healthcare,card,,,ocr_receipt
"D GASBILL 4273.95 Completed 10Mar 2026,8:18 pm HDFC Bank Bank 8122 UPI transaction ID 41251730717853 TO:GASBILL gas bill.56027@hdfc bankbank Goog1etransaction lD XYZabc309800 OPI paytm",4273.95,utilities,upi,paytm,hdfc,ocr_upi
Slice payment Rs.413 Coursera HDFC Bank 8677 successful,413,education,upi,slice,hdfc,ocr_upi
Snapdeal 2509.39,2509.39,shopping,card,,,english_natural
sent Rs.638 to Pooja on card,638,friends,card,,,friends_synthetic
rent Rs 56 paytm,56,utilities,upi,paytm,kotak,ocr_upi
"Pizza Hut
Net Amount 655
Paid via Phonepe",655,food,upi,phonepe,federal bank,ocr_receipt
SIP pe 4263 ₹ ka invest kiya UPI se de diya State Bank se kata zyada ho gaya,4263,investment,upi,paytm,sbi,hinglish_natural
petrol diesel fuel ?25 at pump cash,25,travel,cash,,,cue_row
home loan car loan credit card EMI monthly ₹2220 autopay card,2220,emi,card,,,cue_row
"AIRTEL RECHARGE RESTAURANT
Total 1067
Cash Received
Change 0.00",1067,utilities,upi,slice,,ocr_receipt
43769 rs. Lenskart UPI se pay kiya,43769,healthcare,upi,phonepe,axis,hinglish_natural
eye checkup mein 1686 lag gaye card se bhara,1686,healthcare,card,,,voice_transcript
Paid DMart 3818.45 using Phone Pe,3818.45,food,upi,phonepe,,english_natural
abhi 2777 rupaye SonyLIV haath se diy,2777,entertainment,cash,,jupiter,hinglish_natural
"H&M 393 Completed 11Mar 2026,11:19 am Axis Bank 7679 UPI transaction ID 47710027578986",393,shopping,upi,bhim,axis,ocr_upi
Zomato dinner INR 20350,20350,food,card,,,source_english
Rahul 281 rs. cash die,281,friends,cash,,hdfc,hinglish_natural
breakfast snacks chai coffee Rs.4787 cash,4787,food,cash,,kotak,cue_row
abhi eye checkup ka checkup karaya 3909 rupay cash de diye,3909,healthcare,cash,,,hinglish_natural
Lenskart se test karaya 14503 rupaiye ka G Pay pe budget tod diya,14503,healthcare,upi,gpay,,hinglish_natural
35957 ka ACT Fibernet bill pay kiya PayTM se,35957,utilities,upi,paytm,,voice_transcript
stationery se admission kiya 1758 rupaye ka cred se pay kiyaa ICICI Bank account se,1758,education,upi,cred,icici,hinglish_natural
school college tuition course books fees Rs 781 card,781,education,card,,,cue_row
bhai 458 rupaye insurance premium via gpay,458,utilities,upi,gpay,,hinglish_natural
₹62.12 paid to personal loan EMI via debit card from icici,62.12,emi,card,,icici,english_natural
"DHABA RESTAURANT
Total 124
Cash Received
Change 0.00",124,food,cash,,,ocr_receipt
230.84 slice auto,230.84,travel,upi,slice,,english_natural
₹8946 paid to Subway via Slice from Niyo,8946,food,upi,slice,niyo,english_natural
ATM/CASH/AXIS BANK/10052,10052,entertainment,card,,axis,english_natural
gaming pe 3446 rs. ka ticket liya card se,3446,entertainment,card,,,hinglish_natural
dopahar ko 36 rs installment diyee Bajaj Finance EMI ko debit card se bohot mehenga,36,emi,card,,,hinglish_natural
friend Rs 1928.49 debited from NIYO,1928.49,friends,card,,niyo,english_natural
kal Air India pe 4189 rupaye ka petrol bhra naqad,4189,travel,cash,,,hinglish_natural
"TAX INVOICE
Faasos
Grand Total: 1508.97
Payment: CARD",1508.97,food,card,,hdfc,ocr_receipt
netflix spotify hotstar subscription movie show INR 828 card,828,entertainment,card,,hdfc,cue_row
352 rupees Rohan card,352,friends,card,,,voice_transcript
paid 182 to PVR through cred,182,entertainment,upi,cred,,voice_transcript
Vikram 605 ₹ Google Pay se,605,friends,upi,gpay,,hinglish_natural
abhi 214 rs recharge kya rent ko Phone Pe se,214,utilities,upi,phonepe,,hinglish_natural
Amazon Prime ka subscription renew kr diya 4468 rupees card se,4468,entertainment,card,,,hinglish_natural
maine 57 rupaye Faasos ko diye cash se,57,food,cash,,sbi,voice_transcript
"TAX INVOICE
mall
Grand Total: 20502
Payment: Gpay",20502,shopping,upi,gpay,,ocr_receipt
paid back friend lent money ₹4155 cash,4155,friends,cash,,,cue_row
4665 ka Airtel recharge bill pay kiya cash se,4665,utilities,cash,,,voice_transcript
Water bill INR 29403,29403,utilities,upi,paytm,,source_english
YouTube Premium ka ticket lia 2036 rs. debit card se State Bank se,2036,entertainment,card,,sbi,hinglish_natural
society maintenance 4830 rupay PayTM pe sasta tha,4830,utilities,upi,paytm,,hinglish_natural
301 admission kiya school fees pe via Slice,301,education,upi,slice,pnb,hinglish_natural
dopahar ko 213 rupaiye fees bhra Coursera pe cash de diye,213,education,cash,,,hinglish_natural
14070 ₹ Priya cash die,14070,friends,cash,,sbi,hinglish_natural
524 ka SIP bill pay kiya card se,524,investment,card,,,voice_transcript
yaar 2918.01 icici,2918.01,friends,cash,,icici,english_natural
ghar jaate waqt Practo ka medicine liya 35771 ₹ credit card se,35771,healthcare,card,,jupiter,hinglish_natural
"D BIKELOANEMI 461 Completed 10Apr 2026,8:54 pm Axis Bank Bank 9864 UPI transaction ID 88824375968686 TO:BIKELOANEMI bike loan emi.33195@axis bankbank Googletransaction lD XYZabc230097 OPI Gpay",461,emi,upi,gpay,axis,ocr_upi
259 show dekha SonyLIV ko Paytm se pay kya,259,entertainment,upi,paytm,,hinglish_natural
aaj JioCinema se ticket liya 775 rupees ka PayTM se pay kia,13967,entertainment,upi,paytm,,source_hinglish
Paid Rs 1910.16 for home loan EMI from my slice account via Mastercard,1910.16,emi,card,,slice,english_natural
sent money to dost 198 on PayTM,198,friends,upi,paytm,idfc,friends_synthetic
uber ola cab ride airport train ticket Rs.7376 card,7376,travel,card,,,cue_row
FIRSTCRY INR 10440.01 SBI,10440.01,shopping,upi,phonepe,sbi,english_natural
electronics clothes shoes accessories purchase INR 20960 via card,20960,shopping,card,,,cue_row
i did 2810 expense on MakeMyTrip using Cred,2810,travel,upi,cred,,voice_transcript
kal 233 rs Divya Paytm se,233,friends,upi,paytm,jupiter,hinglish_natural
JioCinema payment Rs 102 done via Mastercard,102,entertainment,card,,axis,english_natural
subah EaseMyTrip ka ticket book kiya 3929 rupaye card se,3929,travel,card,,,hinglish_natural
UPI/33535998/RAPIDO/BANK,460.97,travel,upi,cred,,english_natural
uber ola cab ride airport train ticket ₹4224 cash,4224,travel,cash,,,cue_row
"school fees 201 Completed 7May 2025,2:25 am Bandhan 8517 UPI transaction ID 61010830153527",201,education,upi,phonepe,bandhan,ocr_upi
ghar jaate waqt Bajaj Finance EMI 4034 ₹ G Pay se Axis se kata,33532,emi,upi,gpay,axis,source_hinglish
ATM/CASH/BANK/1463,1463,shopping,cash,,,english_natural
Spent 1705 on eye checkup using debit card,1705,healthcare,card,,,english_natural
bike loan EMI pe 4704 ₹ ka loan payment kiyaa credit card se SBI wale account se,7170,emi,card,,sbi,source_hinglish
raat ko Unacademy pe 329 rs ka fees bhra credit card se,329,education,card,,axis,hinglish_natural
DishTV ka bill bharra 15868 ₹ CRED se pay kiya,15868,utilities,upi,cred,,hinglish_natural
Paid 344 to Ajio paytm UPI HDFC 7282 Completed,344,shopping,upi,paytm,hdfc,ocr_upi
Paid Rs.33015 for mutual fund from my SBI account via credit card,33015,investment,card,,sbi,english_natural
247 bike loan EMI UPI se pay kya,247,emi,upi,jupiter,union bank,hinglish_natural
coaching 3806 rupees cash die,3806,education,cash,,,hinglish_natural
kal Zee5 pe 44044 rupaiye ka ticket liyaa UPI se YES BANK card se,5,entertainment,upi,paytm,yes bank,hinglish_natural
Used HDFC BHIM to pay ₹316 for electronics store,316,shopping,upi,bhim,hdfc,english_natural
492 ka mutual fund bill pay kiya Paytm se,492,investment,upi,paytm,,voice_transcript
Bharat Petroleum INR 426.35 Jupiter,426.35,travel,upi,jupiter,hdfc,ocr_upi
Paid Haldirams 351.77 using Phonepe from jupiter,351.77,food,upi,phonepe,jupiter,english_natural
dopahar ko doctor pe 389 rupaye ka test karaya via PayTM,389,healthcare,upi,paytm,,hinglish_natural
electricity water broadband mobile recharge bill Rs.2009 Phone Pe,2009,utilities,upi,phonepe,,cue_row
₹53 debited from your icici account for canteen (PhonePe UPI),53,food,upi,phonepe,icici,ocr_upi
UPI/34023258/MEDPLUS/BANK,2408,healthcare,upi,phonepe,,english_natural
Udemy 1730 rupay debit card se,1730,education,card,,,hinglish_natural
maine 20827 rupaye broadband ko diye cash se,20827,utilities,cash,,slice,voice_transcript
i paid 10197 rupees for hospital using cash,10197,healthcare,cash,,,voice_transcript
mall pe 38865 rs ka khareed lya via gpay HDFC wale account se,38865,shopping,upi,gpay,hdfc,hinglish_natural
personal loan EMI 72,72,emi,card,,sbi,english_natural
"BigBasket 3892 Completed 27Feb 2025,10:01 pm SBI 3893 UPI transaction ID 7368523747611",3892,food,upi,slice,sbi,ocr_upi
Stock purchase INR 9709,9709,investment,upi,jupiter,,source_english
"Vi recharge
Net Amount 411
Paid via Slice",411,utilities,upi,slice,hdfc,ocr_receipt
gold pe 352 rupay ka mutual fund kiyaa UPI se pay kr diya,352,investment,upi,niyo,,hinglish_natural
H&M 2163.04 cred Completed Bandhan 8915,2163.04,shopping,upi,cred,bandhan,ocr_upi
paid 4975 to FD through card from jupiter,4975,investment,card,,jupiter,voice_transcript
bhai 4752 rupay paise bheje colleague pe Google Pay se matlab,4752,friends,upi,gpay,,hinglish_natural
Paid Vikram Rs46169 using jupiter,46169,friends,upi,jupiter,,english_natural
split bill 14246 bhim se Rohan ko diya,14246,friends,upi,bhim,,friends_synthetic
Spent ₹35 on books using CRED,35,education,upi,cred,,english_natural
lab test 35256.34,35256.34,healthcare,upi,paytm,kotak,english_natural
abhi dentist me 381 rs ka doctor ko diy via Paytm matlab,381,healthcare,upi,paytm,,hinglish_natural
PharmEasy 3939 rupees UPI se pay kiya,3939,healthcare,upi,phonepe,,hinglish_natural
Box8 2014,2014,food,upi,phonepe,,english_natural
277 rupay khareed lia Meesho pe haath se diy,277,shopping,cash,,niyo,hinglish_natural
HALDIRAMS INR 103.10,103.10,food,cash,,,english_natural
112.93 phonepe Airtel recharge,112.93,utilities,upi,phonepe,,english_natural
"BILL
Amazon Prime
Rs 3040
CARD
Thank You Visit Again",3040,entertainment,card,,,ocr_receipt
"Receipt #2224
Jio recharge
Amount Paid: 394.56
Mode: CARD",394.56,utilities,card,,hdfc,ocr_receipt
home loan EMI se EMI bhara 3460 rs. ka credit card se,3460,emi,card,,,hinglish_natural
Meesho ka saman lya 881 rupaye Phonepe pe,881,shopping,upi,phonepe,hdfc,hinglish_natural
paid Pooja ₹4014 via cash,4014,friends,cash,,,friends_synthetic
raat ko 456 rupaye petrol bharaa petrol pump pe naqad,456,travel,cash,,axis,hinglish_natural
Gas bill payment INR 25017,25017,utilities,cash,,,source_english
"LENSKART
Item 1 ₹368
Item 2 ₹345
Total INR 354
paytm",354,healthcare,upi,paytm,,ocr_receipt
aaj H&M pe 26371 rupaye kharcha hua card se,26371,shopping,card,,hdfc,voice_transcript
school college tuition course books fees t4671 cash,4671,education,cash,,,cue_row
444 debited from your IDFC First account for Bajaj Finance EMI (gpay UPI),444,emi,upi,gpay,idfc,ocr_upi
"HOSPITAL RESTAURANT
Total 232
Cash Received
Change 0.00",232,healthcare,upi,gpay,,ocr_receipt
440 rupaye show dekha Gaana pe card se pay kia,33127,entertainment,card,,,source_hinglish
BSNL me 215 rs ka payment kr diya card se Axis account se,215,utilities,card,,axis,hinglish_natural
breakfast snacks chai coffee ₹35724 Fi,35724,food,upi,fi,,cue_row
1mg 365 rupaiye haath se diyee HDFC Bank card se,1,healthcare,cash,,hdfc,hinglish_natural
Just paid Rs 41594 to broadband through CRED,41594,utilities,upi,cred,fi,english_natural
aaj eye checkup ka checkup karaya 365 rs. via Gpay,365,healthcare,upi,gpay,,hinglish_natural
Swiggy se food order kya 11535 ₹ ka Cred se pay kiya,11535,food,upi,cred,,hinglish_natural
Tata Play ka 1953 rupees ka bill card se pay kiya,1953,utilities,card,,,voice_transcript
rent ka 1675 rupees ka bill G Pay se pay kiya,1675,utilities,upi,gpay,hdfc,voice_transcript
MakeMyTrip pe 2356 ka kiraya die Gpay pe,2356,travel,upi,gpay,axis,hinglish_natural
aaj personal loan EMI pe 428 rs ka EMI kat gayi debit card se,428,emi,card,,,hinglish_natural
dinner split 1545 rupaye Rohan Google Pay,1545,friends,upi,gpay,,friends_synthetic
Electricity bill payment INR 11347,11347,utilities,card,,sbi,source_english
Rs.324 debited from your hdfc account for metro (Phone Pe UPI),324,travel,upi,phonepe,hdfc,ocr_upi
subah Flipkart 1638 rupaiye via NIYO,1638,shopping,upi,niyo,,hinglish_natural
"BOOKMYSHOW RESTAURANT
Total 1486.39
Cash Received
Change 0.00",1486.39,entertainment,upi,slice,,ocr_receipt
Rs 297.01 debited from your ICICI Bank account for society maintenance (phonepe UPI),297.01,utilities,upi,phonepe,icici,ocr_upi
clinic ka 328 rupees ka bill card se pay kiya,328,healthcare,card,,icici,voice_transcript
R 162 to petrol pump via card State Bank account,162,travel,card,,sbi,english_natural
Paid Rs 4497.14 to broadband paytm UPI Axis 9100 Done,4497.14,utilities,upi,paytm,axis,ocr_upi
"McDonald's
Net Amount 2867
Paid via CARD",2867,food,card,,,ocr_receipt
₹399.42 paid to eye checkup via credit card from ICICI Bank,399.42,healthcare,card,,icici,english_natural
PharmEasy ka medicine lia 15640 rupaiye card se Yes Bank account se,15640,healthcare,card,,yes bank,hinglish_natural
BYJU'S pe 40330 rupay ka admission kar diya cash de diya,40330,education,cash,,,hinglish_natural
"TAX INVOICE
1mg
Grand Total: Rs.330.07
Payment: CARD",330.07,healthcare,card,,,ocr_receipt
17879 rs Paytm Money card se,17879,investment,card,,,hinglish_natural
Tata Play me 2496 rupaye ka recharge kya via PayTM,2496,utilities,upi,paytm,jupiter,hinglish_natural
POS/LENSKART/CREDIT CARD/1959,406,healthcare,card,,fi,english_natural
HDFC loan ₹2099.55 credit card,2099.55,emi,card,,kotak,english_natural
Bought IndiGo for INR 2378.28 with card,2378.28,travel,card,,,english_natural
ATM/CASH/RBL/49476,49476,food,upi,phonepe,rbl,english_natural
cred payment Rs 138 Unacademy IndusInd 6011 successful,138,education,upi,cred,indusind,ocr_upi
SBI loan 7086 Jupiter,7086,emi,upi,jupiter,kotak,english_natural
771.99 charged for electricity bill on Google Pay,771.99,utilities,upi,gpay,,english_natural
dopahar ko Uber pe 15350 rs ka cab liyaa haath se de diye,15350,travel,cash,,,hinglish_natural
college fees 482 card se budget tod diya,482,education,card,,icici,hinglish_natural
80 card Flipkart,80,shopping,card,,,english_natural
spent 781 rupees on Air India via cash,781,travel,cash,,,voice_transcript
Bharat Petroleum 414 rs. debit card se,414,travel,card,,hdfc,hinglish_natural
28372 rupees stock liyaa stocks pe via Google Pay,28372,investment,upi,gpay,,hinglish_natural
3835 Chai Point UPI se pay kia,3835,food,upi,phonepe,sbi,hinglish_natural
ATM/CASH/BANK/7782.66,7782.66,investment,card,,,english_natural
Spent 230 on Practo using Visa,230,healthcare,card,,,english_natural
Rs.3760 to bro gpay UPI,3760,friends,upi,gpay,axis,friends_synthetic
Paid ₹4723.97 for friend via jupiter,4723.97,friends,upi,jupiter,,english_natural
JioCinema ka movie dekhi 2204 rupay via Bhim Kotak account se,2204,entertainment,upi,bhim,kotak,hinglish_natural
INR 3848 paid to Goibibo via credit card from Axis,3848,travel,card,,axis,english_natural
t2921 to mobile recharge via Mastercard,2921,utilities,card,,,english_natural
Personal loan installment INR 41367,41367,emi,card,,,source_english
today i spent 1101 on FD via card,1101,investment,card,,,voice_transcript
spent 41153 rupees on Chai Point via Gpay,41153,food,upi,gpay,,voice_transcript
Gaana 2009,2009,entertainment,card,,,english_natural
"restaurant
Net Amount 12283
Paid via CARD",12283,food,card,,axis,ocr_receipt
Apple Music ka game le liya 477 ₹ card se pay kr diya,477,entertainment,card,,,hinglish_natural
Paid 47014 to dentist cred UPI ICICI 8096 Completed,47014,healthcare,upi,cred,icici,ocr_upi
ghar jaate waqt 21228 rupaiye dost ko diy bhai ko haath se de diye,21228,friends,cash,,,hinglish_natural
35.39 Mastercard MakeMyTrip,35.39,travel,card,,,english_natural
Vi recharge 4729 rupaiye card se,4729,utilities,card,,,hinglish_natural
gold 3148 rupees UPI se pay kiyaa matlab,3148,investment,upi,niyo,,hinglish_natural
3726 rupees DishTV G Pay,3726,utilities,upi,gpay,,voice_transcript
Bought Tata CLiQ for Rs.218.57 with Mastercard,218.57,shopping,card,,,english_natural
Reliance Digital ka khareed le liya 3234 rupay card se pay kiyaa,3234,shopping,card,,,hinglish_natural
friend mein 14126 lag gaye Phone Pe se bhara,14126,friends,upi,phonepe,,voice_transcript
Doctor consultation INR 40227,40227,healthcare,upi,paytm,sbi,source_english
i did 92 expense on Zepto using paytm,92,food,upi,paytm,,voice_transcript
"TAX INVOICE
Pizza Hut
Grand Total: 30496.25
Payment: jupiter",30496.25,food,upi,jupiter,,ocr_receipt
education loan EMI mein 15860 lag gaye bhim se bhara,15860,emi,upi,bhim,,voice_transcript
Paid Rs.2048.23 for H&M via CRED,2048.23,shopping,upi,cred,slice,english_natural
Movie ticket booking INR 42054,42054,entertainment,card,,,source_english
dinner split 10217 rupaye flatmate card,10217,friends,card,,,friends_synthetic
gaming concert event ticket 295 card,295,entertainment,card,,sbi,cue_row
"Rahul 330 Completed 6May 2025,1:22 am SBI 8861 UPI transaction ID 35963300374172",330,friends,upi,phonepe,sbi,ocr_upi
raat ko Yatra me 837 rupaiye ka cab lya card se pay kia,837,travel,card,,,hinglish_natural
SonyLIV 30414 card se axis wale account se sasta tha,30414,entertainment,card,,axis,hinglish_natural
"Biryani Blues
Net Amount 34286
Paid via CARD",34286,food,card,,yes bank,ocr_receipt
mutual fund SIP stocks PPF FD investment Rs4656 slice,4656,investment,upi,slice,,cue_row
books me 188 rupees ka tuition die debit card se,188,education,card,,,hinglish_natural
2188 BYJU'S Phone Pe se,2188,education,upi,phonepe,bob,hinglish_natural
breakfast snacks chai coffee t3789 paytm,3789,food,upi,paytm,,cue_row
POS/DOCTOR/CASH/6987,31.30,healthcare,cash,,slice,english_natural
medical checkup lab test health insurance 442 cash,442,healthcare,cash,,,cue_row
SBI loan ka EMI bharra 40077 ₹ card se,40077,emi,card,,,hinglish_natural
BookMyShow 641,641,entertainment,upi,gpay,,english_natural
t22030 debited from your State Bank account for Indian Oil (phonepe UPI),22030,travel,upi,phonepe,sbi,ocr_upi
crypto gold bonds NPS portfolio t264 CRED,264,investment,upi,cred,,cue_row
Bought mutual fund for ₹469 with Phone Pe,469,investment,upi,phonepe,yes bank,english_natural
BYJU'S se fees bharaa 4097 rupees ka UPI se pay kiya,4097,education,upi,paytm,,hinglish_natural
"JIO RECHARGE RESTAURANT
Total 3680.60
Cash Received
Change 0.00",3680.60,utilities,card,,,ocr_receipt
SBI loan se EMI kat gayi 2181 rs ka credit card se,2181,emi,card,,,hinglish_natural
"MCDONALD'S
Item 1 ₹328
Item 2 Rs444
Total ₹32092
jupiter",32092,food,upi,jupiter,,ocr_receipt
EatFit mein 23260 lag gaye card se bhara,23260,food,card,,sbi,voice_transcript
home loan car loan credit card EMI monthly Rs.29997 autopay card,29997,emi,card,,,cue_row
Bike loan EMI INR 44302,44302,emi,upi,gpay,,source_english
McDonald's R 34750 debited from State Bank,34750,food,upi,phonepe,sbi,english_natural
electricity water broadband mobile recharge bill 15104 slice,15104,utilities,upi,slice,icici,cue_row
paid back friend lent money R 266 phonepe,266,friends,upi,phonepe,,cue_row
electronics clothes shoes accessories purchase INR 30330 via PhonePe,30330,shopping,upi,phonepe,pnb,cue_row
kal rent se bill bhara 4306 ka UPI se die,4306,utilities,upi,phonepe,,hinglish_natural
HDFC loan 267 rupees debit card se,267,emi,card,,kotak,hinglish_natural
upGrad payment INR 38 done via cash,38,education,cash,,canara,english_natural
218 rupay medicine liyaa PharmEasy ko UPI se diy,218,healthcare,upi,gpay,,hinglish_natural
Payment of ₹359.13 to NPS was successful via Paytm UPI Ref No 4219634610875 State Bank Account 3058,359.13,investment,upi,paytm,sbi,ocr_upi
Used ICICI debit card to pay Rs.1704 for Unacademy,1704,education,card,,icici,english_natural
43574 rs books lya school fees pe credit card se,43574,education,card,,kotak,hinglish_natural
Bought Reliance Digital for ₹403 with Mastercard,403,shopping,card,,slice,english_natural
12673 ka books bill pay kiya cash se,12673,education,cash,,,voice_transcript
home loan EMI payment ₹4853 done via Mastercard,4853,emi,card,,,english_natural
ATM/CASH/ICICI BANK/804.03,804.03,healthcare,upi,phonepe,icici,english_natural
ET Money Rs.4332 Niyo,4332,investment,upi,niyo,hdfc,ocr_upi
ghar jaate waqt auto ka ride lya 13001 rs. via CRED achha deal mila,13001,travel,upi,cred,,hinglish_natural
4332 rupay SBI loan UPI se pay kar diya,4332,emi,upi,slice,,hinglish_natural
"metro 415 Completed 9Nov 2025,5:18 am SBI 6894 UPI transaction ID 2047148908049",415,travel,upi,gpay,sbi,ocr_upi
179 ka SpiceJet bill pay kiya cash se,179,travel,cash,,,voice_transcript
"mall BILL
St: Rs 786
CASH approved",786,shopping,cash,,,ocr_receipt
raat ko Ajio 32458 UPI se de diya HDFC card se,32458,shopping,upi,niyo,hdfc,hinglish_natural
Flipkart 389 rupaiye naqad,389,shopping,cash,,,hinglish_natural
UPI/68521077/GAANA/BANK,306,entertainment,upi,bhim,,english_natural
3366 rupaiye invest kar diya FD ko Bhim se pay kar diya,3366,investment,upi,bhim,,hinglish_natural
NEFT/TRANSFER/CLINIC/,173,healthcare,upi,gpay,,english_natural
POS/SIP/CRED/1735,451,investment,upi,cred,,english_natural
Mobile recharge INR 39432,39432,utilities,card,,hdfc,source_english
paid 99 to electricity bill through card from Jupiter,99,utilities,card,,jupiter,voice_transcript
KFC INR 3386.21 Phonepe,3386.21,food,upi,phonepe,axis,ocr_upi
spent 4196 rupees on dost via Cred,4196,friends,upi,cred,niyo,voice_transcript
Bought home loan EMI for Rs 1285.36 with card,1285.36,emi,card,,,english_natural
Paid 1218 for clinic via cash,1218,healthcare,cash,,,english_natural
bro ka paise bheje 2231 rupees naqad,2231,friends,cash,,,hinglish_natural
ghar jaate waqt Apollo Pharmacy se medicine le liya 3061 rupaiye ka debit card se,3061,healthcare,card,,pnb,hinglish_natural
spent 4211 rupees on NPS via Phonepe,4211,investment,upi,phonepe,,voice_transcript
Groww ka mutual fund kia 689 UPI se diy budget tod diya,689,investment,upi,gpay,,hinglish_natural
Just paid ₹494.57 to dost through G Pay,494.57,friends,upi,gpay,,english_natural
office se aate hue petrol pump me 3839 rupaye ka petrol bhar diya naqad,3839,travel,cash,,,hinglish_natural
27655 ka school fees bill pay kiya card se,27655,education,card,,,voice_transcript
crypto gold bonds NPS portfolio 36563 card,36563,investment,card,,,cue_row
DishTV payment ₹3961 done via GPay,3961,utilities,upi,gpay,hdfc,english_natural
i did 1036 expense on college fees using card,1036,education,card,,hdfc,voice_transcript
ET Money 4563,4563,investment,upi,gpay,niyo,english_natural
11263 rupaiye game le liya PVR pe UPI se,11263,entertainment,upi,phonepe,,hinglish_natural
dinner split 351 rupaye bro paytm,351,friends,upi,paytm,,friends_synthetic
Paid 20589 for Tata Play via cred,20589,utilities,upi,cred,,english_natural
274 Coin credit card se,274,investment,card,,,hinglish_natural
Paid 3689.22 to Behrouz Fi Money UPI HDFC 7194 Completed,3689.22,food,upi,fi,hdfc,ocr_upi
2356 MakeMyTrip card se pay kar diya,2356,travel,card,,,hinglish_natural
PVR Rs.244 debited from kotak,244,entertainment,upi,gpay,kotak,english_natural
paid 97 to BYJU'S through cash from icici,97,education,cash,,icici,voice_transcript
Payment of t18754 to electronics store was successful via cred UPI Ref No 60003206631771 Canara Bank Account 8755,18754,shopping,upi,cred,canara,ocr_upi
1783 rupay bhai UPI se diye,1783,friends,upi,phonepe,sbi,hinglish_natural
broadband 69 rs UPI se de diye,69,utilities,upi,paytm,,hinglish_natural
7463 paid to Hotstar via paytm from axis,7463,entertainment,upi,paytm,axis,english_natural
bhai doctor ka 3959 rupaye gpay se de diya,3959,healthcare,upi,gpay,,voice_transcript
Bewakoof ka khareed liyaa 250 UPI se die,250,shopping,upi,gpay,,hinglish_natural
291 rupaye Yatra haath se diyee,291,travel,cash,,sbi,hinglish_natural
Bought Coursera for ₹48431 with Visa,48431,education,card,,,english_natural
Practo 461 rupaiye card se pay kr diya ICICI card se,461,healthcare,card,,icici,hinglish_natural
4124 rs. Airtel recharge PhonePe se pay kar diya,4124,utilities,upi,phonepe,,hinglish_natural
"BSNL 3009 Completed 3Jan 2025,1:30 am hdfc 3411 UPI transaction ID 22747830194",3009,utilities,upi,paytm,hdfc,ocr_upi
"BILL
PharmEasy
12709.78
CARD
Thank You Visit Again",12709.78,healthcare,card,,,ocr_receipt
HDFC loan se loan payment kr diya 455 rs ka debit card se,15972,emi,card,,,source_hinglish
Karan me 3576 rupees ka transfer kya Paytm pe ICICI Bank se kata,3576,friends,upi,paytm,icici,hinglish_natural
netflix spotify hotstar subscription movie show ₹3323 card,3323,entertainment,card,,,cue_row
aaj insurance premium pe 4793 rupaye kharcha hua card se,4793,utilities,card,,axis,voice_transcript
Paytm payment Rs 29189.30 Zepto PNB 9478 completed,29189.30,food,upi,paytm,pnb,ocr_upi
Practo mein 31425 lag gaye cash se bhara,31425,healthcare,cash,,,voice_transcript
NEFT/TRANSFER/JIOCINEMA/PUNJAB NATIONAL BANK,39331.24,entertainment,upi,phonepe,pnb,english_natural
Library fee INR 21166,21166,education,card,,,source_english
Rs.2843.57 charged for Ajio on phonepe,2843.57,shopping,upi,phonepe,,english_natural
paid 2999 to lab test through Phone Pe from State Bank,2999,healthcare,upi,phonepe,sbi,voice_transcript
split bill 21663 cash se bro ko diya,21663,friends,cash,,,friends_synthetic
DOMINOS INR 33296.42 STATE BANK,33296.42,food,upi,gpay,sbi,english_natural
phonepe payment ₹396 Apple Music Punjab National Bank 6338 completed,396,entertainment,upi,phonepe,pnb,ocr_upi
Paid PharmEasy INR 41729.18 using credit card,41729.18,healthcare,card,,,english_natural
Paid ₹3454 for Zee5 from my Yes Bank account via PhonePe,3454,entertainment,upi,phonepe,yes bank,english_natural
Gpay payment Rs.460.69 Chai Point BOB 7464 done,460.69,food,upi,gpay,bob,ocr_upi
abhi 37914 rupay test karaya PharmEasy ko naqad,37914,healthcare,cash,,,hinglish_natural
spent 1367 rupees on exam fee via card,1367,education,card,,,voice_transcript
crypto gold bonds NPS portfolio ₹6553 Jupiter,6553,investment,upi,jupiter,hdfc,cue_row
personal loan installment EMI deduction ₹302 card,302,emi,card,,,cue_row
i paid 2488 rupees for personal loan EMI using card,2488,emi,card,,,voice_transcript
13661 credit card MakeMyTrip,13661,travel,card,,hdfc,english_natural
"DOCTOR
Item 1 Rs 318
Item 2 Rs.379
Total ₹41312
Slice",41312,healthcare,upi,slice,,ocr_receipt
i paid 178 rupees for HDFC loan using Jupiter,178,emi,upi,jupiter,,voice_transcript
sent ₹1502 to dost on SLICE,1502,friends,upi,slice,,friends_synthetic
Car loan EMI INR 20206,20206,emi,upi,slice,icici,source_english
Paid 7913 to Practo CRED UPI HDFC 8238 Successful,7913,healthcare,upi,cred,hdfc,ocr_upi
Ajio 334.29 phonepe Payment done BOB 1448,334.29,shopping,upi,phonepe,bob,ocr_upi
Just paid INR 49748 to credit card EMI through Mastercard,49748,emi,card,,sbi,english_natural
Paid Rs.114 for Zerodha via Mastercard,114,investment,card,,,english_natural
"eye checkup BILL
St: ₹4553
CASH approved",4553,healthcare,cash,,icici,ocr_receipt
Bajaj Finance EMI pe 66 rupaiye ka EMI kat gayi Paytm se pay kia,66,emi,upi,paytm,,hinglish_natural
Reliance Fresh 39225 Gpay,39225,food,upi,gpay,,english_natural
253 rs kiraya diye Bharat Petroleum pe via paytm,253,travel,upi,paytm,,hinglish_natural
Bewakoof se shopping kya 38439 ₹ ka gpay se pay kr diya HDFC card se,38439,shopping,upi,gpay,hdfc,hinglish_natural
Cleartrip ka kiraya diy 439 rupees cash diye,21924,travel,cash,,pnb,source_hinglish
Paid Gaana Rs3399 using Visa,3399,entertainment,card,,,english_natural
1mg 2792 rupaye card se,1,healthcare,card,,,hinglish_natural
SBI LOAN INR 246.97 AXIS,246.97,emi,upi,paytm,axis,english_natural
Angel One me 442 rupaiye ka SIP bhra UPI se die,442,investment,upi,gpay,niyo,hinglish_natural
Paid Rs.10343 for SpiceJet via Mastercard,10343,travel,card,,icici,english_natural
lunch dinner food order swiggy zomato restaurant meal 14822 cash,14822,food,cash,,,cue_row
dopahar ko BYJU'S pe 46572 rs. ka admission kia UPI se pay kya Kotak se kata bhai,29249,education,upi,niyo,kotak,source_hinglish
petrol diesel fuel ?171 at pump card,171,travel,card,,sbi,cue_row
cred payment 252 education loan EMI PNB 9892 completed,252,emi,upi,cred,pnb,ocr_upi
Coin 4653 rs Paytm se pay kiya,4653,investment,upi,paytm,,hinglish_natural
Zee5 3194 rupees card se,5,entertainment,card,,jupiter,hinglish_natural
"BILL
Lenskart
Rs.97
CARD
Thank You Visit Again",97,shopping,card,,icici,ocr_receipt
Spent Rs18520 on Karan using Visa,18520,friends,card,,slice,english_natural
TO:NETMEDS netmeds.18143@hdfcbank From:PRIYASHARMA (hdfc paytm : user2492@okhdfcbank,4113,healthcare,upi,paytm,hdfc,ocr_upi
Gaana ka 62 rupees ka bill cred se pay kiya,62,entertainment,upi,cred,,voice_transcript
home loan car loan credit card EMI monthly ₹36679 autopay NIYO,36679,emi,upi,niyo,,cue_row
1822 ₹ cab le liya EaseMyTrip ko card se pay kr diya,1822,travel,card,,,hinglish_natural
flatmate ?47347 CRED,47347,friends,upi,cred,sbi,ocr_upi
Airtel recharge ₹4967 debited from slice,4967,utilities,cash,,slice,english_natural
Phonepe payment Rs.4689 SIP Punjab National Bank 7367 completed,4689,investment,upi,phonepe,pnb,ocr_upi
"BILL
canteen
INR 11448
CASH
Thank You Visit Again",11448,food,cash,,,ocr_receipt
23808 ka library bill pay kiya Bhim se Axis Bank se kata,23808,education,upi,bhim,axis,voice_transcript
Paid food court 405 using cash,405,food,cash,,,english_natural
7741 ka BYJU'S bill pay kiya PhonePe se,7741,education,upi,phonepe,,voice_transcript
21092 rupees EMI kat gayi credit card EMI ko via G Pay,21092,emi,upi,gpay,,hinglish_natural
Spent ₹38893 on Vedantu using cash,38893,education,cash,,,english_natural
Netflix pe 2083 rs ka ticket lia card se pay kiya,2083,entertainment,card,,,hinglish_natural
Paid Lenskart Rs 2430 using cash,2430,shopping,cash,,,english_natural
JioCinema me 46958 rs. ka subscription renew kia debit card se Kotak account se,46958,entertainment,card,,kotak,hinglish_natural
214 rupay Bajaj Finance EMI UPI se de diye,214,emi,upi,cred,,hinglish_natural
Paid Rs.2645 to PharmEasy Gpay UPI Axis 4057 Done,2645,healthcare,upi,gpay,axis,ocr_upi
Pizza Hut 295 rupaiye card se pay kr diya,295,food,card,,idfc,hinglish_natural
dopahar ko Apple Music me 3263 rupaye ka game le liya Google Pay se pay kiya,27072,entertainment,upi,gpay,,source_hinglish
Nykaa me 11913 ka shopping kia card se pay kiya sbi account se,18715,shopping,card,,sbi,source_hinglish
netflix spotify hotstar subscription movie show Rs.3421 card,3421,entertainment,card,,,cue_row
home loan EMI se EMI kat gayi 3562 rs. ka card se pay kya,3562,emi,card,,,hinglish_natural
POS/CLINIC/CASH/3528,3480,healthcare,cash,,fi,english_natural
3908 ka bhai bill pay kiya Jupiter se idfc se kata,3908,friends,upi,jupiter,idfc,voice_transcript
bike loan EMI ka 227 rupees ka bill card se pay kiya,227,emi,card,,slice,voice_transcript
sent money to Priya ₹22162 on Cred,22162,friends,upi,cred,,friends_synthetic
i paid 2784 rupees for market using card,2784,shopping,card,,hdfc,voice_transcript
Udemy me 5426 ka books lia via Paytm,5426,education,upi,paytm,,hinglish_natural
"Apple Music BILL
St: Rs.2467
Google Pay APPROVED",2467,entertainment,upi,gpay,,ocr_receipt
"LENSKART RESTAURANT
Total 75.38
Cash Received
Change 0.00",75.38,shopping,card,,,ocr_receipt
Hotel booking INR 48576,48576,travel,card,,,source_english
422 rupay clinic UPI se,422,healthcare,upi,gpay,,hinglish_natural
maine 1876 rupaye Lenskart ko diye card se,1876,healthcare,card,,sbi,voice_transcript
sent Rs3976 to Arjun on cash,3976,friends,cash,,,friends_synthetic
AMAZON INR 44651,44651,shopping,upi,niyo,,english_natural
grocery vegetables milk bread fruits ₹25591 paid card,25591,food,card,,,cue_row
aaj Reliance Digital pe 46219 rupaye kharcha hua cash se,46219,shopping,cash,,,voice_transcript
Just paid ₹4380 to books through Mastercard,4380,education,card,,,english_natural
JioMart 2085.95,2085.95,food,upi,phonepe,,english_natural
46339 ka personal loan EMI bill pay kiya card se,46339,emi,card,,,voice_transcript
Angel One ka stock lia 3890 rupees G Pay se,3890,investment,upi,gpay,slice,hinglish_natural
ghar jaate waqt 29770 rs. insurance premium credit card se,29770,utilities,card,,,hinglish_natural
2488 charged for Zee5 on Visa,2488,entertainment,card,,,english_natural
Concert ticket INR 32308,32308,entertainment,card,,axis,source_english
aaj SonyLIV pe 349 rupaye kharcha hua Gpay se,349,entertainment,upi,gpay,,voice_transcript
dost flatmate ko 4358 rupaye gpay se bheje,4358,friends,upi,gpay,,friends_synthetic
maine 24556 rupaye dost ko diye gpay se,24556,friends,upi,gpay,,voice_transcript
"Receipt #6701
Croma
Amount Paid: ₹409.47
Mode: CARD",409.47,shopping,card,,,ocr_receipt
kal metro 4044 rupaiye UPI se,4044,travel,upi,phonepe,sbi,hinglish_natural
₹3998 paid to society maintenance via GPay from YES BANK,3998,utilities,upi,gpay,yes bank,english_natural
"TAX INVOICE
Apple Music
Grand Total: 780.93
Payment: gpay",780.93,entertainment,upi,gpay,hdfc,ocr_receipt
Used ICICI Bank Gpay to pay 49236 for car loan EMI,49236,emi,upi,gpay,icici,english_natural
sent money to Vikram R 223 on Phonepe,223,friends,upi,phonepe,,friends_synthetic
dopahar ko credit card EMI 44201 rupay card se sasta tha,44201,emi,card,,slice,hinglish_natural
2406 rent jupiter pe,2406,utilities,upi,jupiter,,hinglish_natural
292 rs. HDFC loan card se,292,emi,card,,,hinglish_natural
education loan EMI Rs.16222 debited from Jupiter,16222,emi,card,,jupiter,english_natural
Used Niyo Mastercard to pay ?4565.07 for doctor,4565.07,healthcare,card,,niyo,english_natural
42413 ka home loan EMI bill pay kiya card se icici se kata,42413,emi,card,,icici,voice_transcript
i paid 256 rupees for SonyLIV using Gpay,256,entertainment,upi,gpay,jupiter,voice_transcript
society maintenance se payment kia 1944 rs ka paytm se pay kya,1944,utilities,upi,paytm,,hinglish_natural
gold pe 3098 rs ka mutual fund kar diya debit card se,3098,investment,card,,sbi,hinglish_natural
"D ROOMMATE 4308 Completed 18Mar 2026,6:54 pm kotak Bank 8651 UPI transaction ID 79579711491794 TO:ROOMMATE roommate.64622@kotakbank Soogletransaction lD CICAgJjg923951 OPI Phonepe",4308,friends,upi,phonepe,kotak,ocr_upi
crypto gold bonds NPS portfolio INR 3665 phonepe,3665,investment,upi,phonepe,,cue_row
Gpay payment ₹109 BSNL State Bank 3766 completed,109,utilities,upi,gpay,sbi,ocr_upi
Amazon Prime 21933 rupay haath se diye SBI se achha deal mila,21933,entertainment,cash,,sbi,hinglish_natural
Fi Money payment Rs271 SBI loan HDFC 7769 completed,271,emi,upi,fi,hdfc,ocr_upi
45637 rs. test karaya Netmeds ko card se pay kiya,45637,healthcare,card,,,hinglish_natural
"BILL
cafe
Rs.347
Gpay
Thank You Visit Again",347,food,upi,gpay,,ocr_receipt
Jio recharge ka 35419 rupees ka bill cred se pay kiya,35419,utilities,upi,cred,,voice_transcript
uber ola cab ride airport train ticket INR 3043 cash,3043,travel,cash,,,cue_row
PPF contribution INR 197,197,investment,card,,idfc,source_english
42195 ka Jio recharge bill pay kiya PhonePe se,42195,utilities,upi,phonepe,,voice_transcript
"HOTSTAR RESTAURANT
Total 2830
Cash Received
Change 0.00",2830,entertainment,upi,slice,kotak,ocr_receipt
tuition ka tuition de diye 278 debit card se bhai,278,education,card,,hdfc,hinglish_natural
Behrouz ka mangwaya 621 rupay via Phonepe HDFC Bank wale account se,621,food,upi,phonepe,hdfc,hinglish_natural
Rs2931 paid to Amazon Prime via cash from Niyo,2931,entertainment,cash,,niyo,english_natural
bhai se paise bheje 1182 ka PhonePe se pay kiyaa bohot mehenga,1182,friends,upi,phonepe,,hinglish_natural
439 rs khareed le liya Croma pe UPI se,439,shopping,upi,phonepe,jupiter,hinglish_natural
"D BRO 3146 Completed 17Mar 2026,1:29 pm HDFC Bank Bank 9568 UPI transaction ID 25791629077 TO:BRO bro.31709@hdfc bankbank Googletransaction lD CICAgJjg232099 OPI Jupiter",3146,friends,upi,jupiter,hdfc,ocr_upi
aaj 10549 car loan EMI jupiter pe,10549,emi,upi,jupiter,,hinglish_natural
"SNAPDEAL
Item 1 ₹438
Item 2 Rs.86
Total ₹25716
CARD",25716,shopping,card,,,ocr_receipt
Rs.4804 paid to Unacademy via PayTM UPI from Punjab National Bank Bank ending 9058,4804,education,upi,paytm,pnb,ocr_upi
bhai Neha ka 174 rupaye Gpay se de diya,174,friends,upi,gpay,,voice_transcript
dost Vikram ko 2794 rupaye GPay se bheje,2794,friends,upi,gpay,hdfc,friends_synthetic
yaar Hotstar ka subscription renew kya 92 rupay debit card se,92,entertainment,card,,,hinglish_natural
478 ₹ ticket lia Netflix pe GPay se sbi wale account se bohot mehenga,478,entertainment,upi,gpay,sbi,hinglish_natural
₹237 paid to Ola via card from Fi Money,237,travel,card,,fi,english_natural
canteen 345 Niyo,345,food,upi,niyo,hdfc,english_natural
spent 491 rupees on Pizza Hut via cash,491,food,cash,,,voice_transcript
Neha Rs.5085 paytm,5085,friends,upi,paytm,icici,ocr_upi
bhai Jio recharge ka 320 rupaye Fi se de diya,320,utilities,upi,fi,,voice_transcript
bhai bro ko udhar return kiya 4958 rs slice se,4958,friends,upi,slice,,friends_synthetic
"ACT Fibernet 19266 Completed 28Oct 2025,1:15 am ICICI 7369 UPI transaction ID 4656571665",19266,utilities,upi,bhim,icici,ocr_upi
kal Bajaj Finance EMI ka loan payment kar diya 847 ₹ credit card se State Bank se,847,emi,card,,sbi,hinglish_natural
Croma se saman lia 117 rupaiye ka cred pe,117,shopping,upi,cred,jupiter,hinglish_natural
broadband ₹2128 PhonePe,2128,utilities,upi,phonepe,icici,ocr_upi
Paid ₹390 for SonyLIV via G Pay,390,entertainment,upi,gpay,,english_natural
i did 3483 expense on mutual fund using Gpay,3483,investment,upi,gpay,,voice_transcript
dopahar ko 3431 rs. RedBus CRED pe,3431,travel,upi,cred,,hinglish_natural
spent 4171 rupees on Angel One via card,4171,investment,card,,,voice_transcript
gpay payment 43775 Unacademy Punjab National Bank 9574 completed,43775,education,upi,gpay,pnb,ocr_upi
2633 rupees BookMyShow cash diyee,2633,entertainment,cash,,,hinglish_natural
34913 paid to Coin via debit card from Kotak,34913,investment,card,,kotak,english_natural
medical checkup lab test health insurance Rs 94 card,94,healthcare,card,,,cue_row
2341 rupees movie dekhi YouTube Premium pe UPI se de diya,2341,entertainment,upi,fi,,hinglish_natural
Behrouz se khana order kiya 230 rupaye ka debit card se,230,food,card,,,hinglish_natural
today i spent 4882 on Apollo Pharmacy via cash from my State Bank bank,4882,healthcare,cash,,sbi,voice_transcript
rent payment R 4274.41 done via Mastercard,4274.41,utilities,card,,niyo,english_natural
293 rupay Uber Jupiter se pay kiya,293,travel,upi,jupiter,,hinglish_natural
"BILL
Croma
Rs.387
CARD
Thank You Visit Again",387,shopping,card,,,ocr_receipt
INR 2111 charged for Nykaa on G Pay,2111,shopping,upi,gpay,,english_natural
home loan EMI pe 3780 rupaye ka EMI bharra card se pay kr diya,3780,emi,card,,sbi,hinglish_natural
Paid INR 2219 for crypto from my Fi Money account via CRED,2219,investment,upi,cred,fi,english_natural
Priya 395 ₹ cash me,395,friends,cash,,,hinglish_natural
aaj Tata CLiQ pe 125 rupaye kharcha hua cash se,125,shopping,cash,,,voice_transcript
49924 rs medicine lia PharmEasy ko UPI se,49924,healthcare,upi,gpay,,hinglish_natural
Airtel recharge 27004 rs card se bhai,27004,utilities,card,,,hinglish_natural
personal loan installment EMI deduction INR 7754 card,7754,emi,card,,,cue_row
179 rs split kar diya Ananya ko UPI se pay kiya,179,friends,upi,cred,,hinglish_natural
POS/UDEMY/JUPITER/7469,4394,education,upi,jupiter,kotak,english_natural
aaj metro pe 3413 rupaye kharcha hua PayTM se,3413,travel,upi,paytm,hdfc,voice_transcript
Coursera me 311 rupay ka tuition de diya UPI se axis account se,311,education,upi,phonepe,axis,hinglish_natural
NEFT/TRANSFER/COLLEGE FEES/,426,education,card,,,english_natural
69 rupaiye mangwaya dhaba ko gpay se pay kr diya,69,food,upi,gpay,,hinglish_natural
"DHABA RESTAURANT
Total 2250
Cash Received
Change 0.00",2250,food,cash,,,ocr_receipt
school fees 2882 Paytm Payment done idfc 6407,2882,education,upi,paytm,idfc,ocr_upi
subah restaurant 1293 rs. gpay se pay kr diya IDFC First account se,1293,food,upi,gpay,idfc,hinglish_natural
177 ₹ ride liyaa Air India pe debit card se yaar,177,travel,card,,slice,hinglish_natural
rent maintenance gas connection Rs.301 NIYO,301,utilities,upi,niyo,,cue_row
21916 cash gaming,21916,entertainment,cash,,icici,english_natural
Croma 47119 phonepe Payment done HDFC Bank 8562,47119,shopping,upi,phonepe,hdfc,ocr_upi
Arjun ko 120 transfer kiya SLICE se,120,friends,upi,slice,hdfc,friends_synthetic
Spent ₹219 on SIP using Visa,219,investment,card,,hdfc,english_natural
Reliance Digital se shopping kiya 373 ₹ ka credit card se,373,shopping,card,,,hinglish_natural
Nature's Basket 16012 rs haath se de diye,16012,food,cash,,hdfc,hinglish_natural
4663 rupees Groww Paytm Punjab National Bank account,4663,investment,upi,paytm,pnb,voice_transcript
2397 rs auto UPI se,2397,travel,upi,gpay,,hinglish_natural
UPI/86009626/AJIO/NIYO,438,shopping,upi,gpay,niyo,english_natural
Paid 454 to Myntra gpay UPI Bank of Baroda 1138 Done,454,shopping,upi,gpay,bob,ocr_upi
diagnostic ka dawai liya 4570 card se,4570,healthcare,card,,,hinglish_natural
sent R 449 to friend on card split bill UPI,449,friends,card,,,cue_row
crypto gold bonds NPS portfolio Rs.1518 card,1518,investment,card,,,cue_row
Paid Rs.1930 to books Gpay UPI kotak 8032 Done,1930,education,upi,gpay,kotak,ocr_upi
"NYKAA
Item 1 ₹447
Item 2 Rs 482
Total ?2926
CARD",2926,shopping,card,,hdfc,ocr_receipt
maine 4238 rupaye Vikram ko diye jupiter se,4238,friends,upi,jupiter,,voice_transcript
162 rupaye paisa daala Kuvera ko UPI se diy,162,investment,upi,paytm,,hinglish_natural
"D FAASOS 41667 Completed 3Apr 2026,9:59 pm State Bank Bank 2027 UPI transaction ID 7709763292 TO:FAASOS faasos.37378@state bankbank Googletransaction lD CICAgJjg351423 OPI CRED",41667,food,upi,cred,sbi,ocr_upi
Paid concert 20006 using CRED,20006,entertainment,upi,cred,,english_natural
yaar Ola me 4604 ₹ ka ride liya cash me,4604,travel,cash,,,hinglish_natural
Dunkin 378 BHIM Payment done State Bank 3953,378,food,upi,bhim,sbi,ocr_upi
subah Tata Play ka bill pay kar diya 6949 rupees UPI se de diye,6949,utilities,upi,slice,,hinglish_natural
Cleartrip 457 rupees card se jupiter card se,457,travel,card,,jupiter,hinglish_natural
dopahar ko mutual fund pe 4343 rupaye ka mutual fund kiyaa card se pay kia zyada ho gaya,4343,investment,card,,,hinglish_natural
117 ₹ installment die car loan EMI ko UPI se Jupiter wale account se yaar,117,emi,upi,gpay,jupiter,hinglish_natural
dinner split 22727 rupaye colleague CRED,22727,friends,upi,cred,,friends_synthetic
i paid 2259 rupees for Karan using jupiter,2259,friends,upi,jupiter,sbi,voice_transcript
rent maintenance gas connection ₹2883 jupiter,2883,utilities,upi,jupiter,,cue_row
lab test se checkup karaya 4098 rs. ka UPI se diy,4098,healthcare,upi,bhim,,hinglish_natural
electricity water broadband mobile recharge bill R 1581 BHIM,1581,utilities,upi,bhim,hdfc,cue_row
subah 39323 rs. cab liyaa metro pe debit card se,39323,travel,card,,sbi,hinglish_natural
"JIOCINEMA
Item 1 Rs 319
Item 2 322
Total ₹3099.58
CARD",3099.58,entertainment,card,,hdfc,ocr_receipt
Indian Oil me 739 rupees ka ride lya UPI se,739,travel,upi,phonepe,,hinglish_natural
Just paid 1989 to HDFC loan through debit card,1989,emi,card,,,english_natural
ghar jaate waqt DMart ka kha liya 4754 rupaye cred se pay kya,4754,food,upi,cred,,hinglish_natural
439 to Amit GPay UPI,439,friends,upi,gpay,,friends_synthetic
319 rupees credit card EMI card se pay kiyaa,319,emi,card,,,hinglish_natural
Paid bhai INR 1093.55 using GPay from HDFC,1093.55,friends,upi,gpay,hdfc,english_natural
Spent Rs.4234 on Ola using Visa,4234,travel,card,,hdfc,english_natural
abhi 16695 ₹ Rahul UPI se,16695,friends,upi,cred,,hinglish_natural
Practo 3971.77 Slice Payment done State Bank 6454,3971.77,healthcare,upi,slice,sbi,ocr_upi
TO:AMAZON amazon.51920@hdfcbankbank From:UTSAVJANA (HDFC Bank slice : sender6008@okhdfcbankbank,148.17,shopping,upi,slice,hdfc,ocr_upi
flight booking travel ticket Rs766 NIYO,766,travel,upi,niyo,,cue_row
Swiggy order INR 42755,42755,food,upi,gpay,hdfc,source_english
Netflix 127 rs. via SLICE Fi card se,127,entertainment,upi,slice,fi,hinglish_natural
Payment of 15280.40 to Amit was successful via paytm UPI Ref No 05613111372 BOB Account 4458,15280.40,friends,upi,paytm,bob,ocr_upi
dinner split 7629 rupaye Karan phonepe,7629,friends,upi,phonepe,hdfc,friends_synthetic
Dominos pe 215 ka food order kiyaa debit card se,215,food,card,,,hinglish_natural
sent money to Priya Rs.194 on jupiter,194,friends,upi,jupiter,,friends_synthetic
"Ananya 2185 Completed 24Apr 2025,12:11 pm axis 6316 UPI transaction ID 2179316250553",2185,friends,upi,paytm,axis,ocr_upi
clinic 93.15 paytm,93.15,healthcare,upi,paytm,,english_natural
236 rupay fees bhar diya Vedantu ko card se pay kar diya slice se achha deal mila,236,education,card,,slice,hinglish_natural
education loan EMI 165 credit card se,165,emi,card,,kotak,hinglish_natural
diagnostic ka test karaya 20375 PhonePe se zyada ho gaya,20375,healthcare,upi,phonepe,sbi,hinglish_natural
kal Zee5 3735 rupaiye UPI se diye,5,entertainment,upi,gpay,,hinglish_natural
aaj FD pe 56 rupaye kharcha hua card se,56,investment,card,,fi,voice_transcript
Croma ka shopping kiyaa 519 rupaye cash me Canara se,519,shopping,cash,,canara,hinglish_natural
"Kuvera 379.66 Completed 19Aug 2026,4:18 pm Axis Bank 5384 UPI transaction ID 7880071921",379.66,investment,upi,phonepe,axis,ocr_upi
34481 rs Paytm Money UPI se de diya,34481,investment,upi,gpay,hdfc,hinglish_natural
39551 ka crypto bill pay kiya PhonePe se HDFC Bank se kata,39551,investment,upi,phonepe,hdfc,voice_transcript
TO:NEHA neha.18607@icicibankbank From:UTSAVJANA (ICICI Bank Phone Pe : sender2976@okicicibankbank,488.95,friends,upi,phonepe,icici,ocr_upi
office se aate hue gas bill se bill pay kya 27588 rupaiye ka UPI se,27588,utilities,upi,phonepe,,hinglish_natural
"TAX INVOICE
electricity bill
Grand Total: ₹4245
Payment: Cred",4245,utilities,upi,cred,hdfc,ocr_receipt
ATM/CASH/BANK/26359,26359,food,cash,,,english_natural
Payment of Rs.46933.46 to coaching was successful via Jupiter UPI Ref No 179364708944065 kotak Account 9981,46933.46,education,upi,jupiter,kotak,ocr_upi
Ananya se udhar return kiyaa 30281 rs ka UPI se,30281,friends,upi,phonepe,sbi,hinglish_natural
ATM/CASH/PUNJAB NATIONAL BANK/422,422,friends,upi,fi,pnb,english_natural
maine 886 rupaye Ajio ko diye bhim se,886,shopping,upi,bhim,,voice_transcript
personal loan installment EMI deduction Rs.399 Niyo,399,emi,upi,niyo,axis,cue_row
dopahar ko hospital ka dawai liyaa 27113 rs. card se pay kiyaa SBI se kata,27113,healthcare,card,,sbi,hinglish_natural
"BOX8
Item 1 Rs.54
Item 2 Rs103
Total INR 3660
Niyo",3660,food,upi,niyo,hdfc,ocr_receipt
POS/NYKAA/GOOGLE PAY/8891,9005,shopping,upi,gpay,,english_natural
488 rupees show dekha BookMyShow pe PhonePe se pay kr diya sbi se kata,488,entertainment,upi,phonepe,sbi,hinglish_natural
metro ka cab liyaa 18761 rupees card se,43691,travel,card,,,source_hinglish
bhim payment 3844 RedBus hdfc 9828 completed,3844,travel,upi,bhim,hdfc,ocr_upi
ZERODHA INR 3212 HDFC,3212,investment,card,,hdfc,english_natural
278 ka BSNL bill pay kiya card se,278,utilities,card,,,voice_transcript
Food court payment INR 3710,3710,food,cash,,idfc,source_english
Paid Pizza Hut Rs63 using jupiter,63,food,upi,jupiter,,english_natural
sent money to Karan ₹99 on cred,99,friends,upi,cred,,friends_synthetic
"TAX INVOICE
H&M
Grand Total: R 290
Payment: Phone Pe",290,shopping,upi,phonepe,,ocr_receipt
245 gold,245,investment,upi,bhim,axis,english_natural
"dentist
Net Amount 30591
Paid via CARD",30591,healthcare,card,,,ocr_receipt
Zomato dinner INR 9334,9334,food,upi,phonepe,,source_english
"TAX INVOICE
Practo
Grand Total: 4896
Payment: CASH",4896,healthcare,cash,,bob,ocr_receipt
gaming 566 rupaye fi pe,566,entertainment,upi,fi,,hinglish_natural
today i spent 227 on Paytm Money via card,227,investment,card,,,voice_transcript
INR 425 paid to Faasos via cash from HDFC Bank,425,food,cash,,hdfc,english_natural
₹1758 debited from your HDFC Bank account for broadband (CRED UPI),1758,utilities,upi,cred,hdfc,ocr_upi
CCD 2953 Paytm Payment done HDFC Bank 2242,2953,food,upi,paytm,hdfc,ocr_upi
i did 194 expense on Priya using CRED,194,friends,upi,cred,,voice_transcript
rent maintenance gas connection 563 card,563,utilities,card,,kotak,cue_row
aaj credit card EMI ka installment diy 552 rupaiye card se,552,emi,card,,,hinglish_natural
bike loan EMI pe 31 rs ka EMI kat gayi debit card se,31,emi,card,,,hinglish_natural
personal loan EMI se installment die 457 rs ka credit card se State Bank se kata,457,emi,card,,sbi,hinglish_natural
?33450 debited from your Kotak account for personal loan EMI (Google Pay UPI),33450,emi,upi,gpay,kotak,ocr_upi
24353 to colleague Fi UPI,24353,friends,upi,fi,,friends_synthetic
IRCTC me 24657 ka ticket book kya UPI se,24657,travel,upi,slice,,hinglish_natural
uber ola cab ride airport train ticket ?3553 card,3553,travel,card,,,cue_row
3795 paid to Croma via CRED from HDFC,3795,shopping,upi,cred,hdfc,english_natural
coaching pe 4140 rupaye ka admission kar diya debit card se Punjab National Bank se kata,4140,education,card,,pnb,hinglish_natural
paid back friend lent money 36676 Bhim,36676,friends,upi,bhim,,cue_row
"BILL
Tata Play
389
CARD
Thank You Visit Again",389,utilities,card,,,ocr_receipt
Ajio pe 2502 rupees ka saman liya debit card se,2502,shopping,card,,,hinglish_natural
IRCTC ka ticket book kiya 292 rupaiye UPI se diye,292,travel,upi,phonepe,,hinglish_natural
30889 ka Chai Point bill pay kiya cash se,30889,food,cash,,,voice_transcript
"BILL
mobile recharge
10187
CASH
Thank You Visit Again",10187,utilities,cash,,,ocr_receipt
bhai Bajaj Finance EMI me 575 rupaye ka installment die credit card se,33306,emi,card,,,source_hinglish
PharmEasy Rs.4287.67 debited from Yes Bank,4287.67,healthcare,card,,yes bank,english_natural
paid back friend lent money ₹1466 cash,1466,friends,cash,,,cue_row
dopahar ko 37172 ₹ Vi recharge paytm se yaar,37172,utilities,upi,paytm,,hinglish_natural
i paid 465 rupees for Goibibo using gpay,465,travel,upi,gpay,,voice_transcript
INOX ka ticket le liya 3272 rupaye Gpay se,17925,entertainment,upi,gpay,,source_hinglish
BookMyShow ka show dekha 14655 debit card se Kotak Mahindra wale account se,14655,entertainment,card,,kotak,hinglish_natural
TO:PETROLPUMP petrolpump.48879@yesbankbank From:RAHULKUMAR (YES BANK slice : sender9691@okyesbankbank,2371.78,travel,upi,slice,yes bank,ocr_upi
MedPlus 299 rupees gpay se pay kiyaa,299,healthcare,upi,gpay,,hinglish_natural
"PVR BILL
St: INR 302.57
paytm Approved",302.57,entertainment,upi,paytm,,ocr_receipt
paid 188 to MedPlus through card,188,healthcare,card,,,voice_transcript
SOCIETY MAINTENANCE INR 4222,4222,utilities,upi,gpay,,english_natural
abhi HDFC loan se installment diyee 93 rs. ka credit card se,93,emi,card,,fi,hinglish_natural
upGrad 4218 ₹ credit card se axis se kata,36422,education,card,,axis,source_hinglish
petrol diesel fuel Rs 11757 at pump G Pay,11757,travel,upi,gpay,,cue_row
Paid 244.97 for Zerodha via debit card,244.97,investment,card,,,english_natural
"roommate 21418 Completed 14Feb 2025,3:32 am Axis Bank 3351 UPI transaction ID 960616483123",21418,friends,upi,jupiter,axis,ocr_upi
237 rupaiye Zara credit card se,237,shopping,card,,hdfc,hinglish_natural
Payment of ₹47320 to insurance premium was successful via PhonePe UPI Ref No 308544184366020 ICICI Bank Account 1790,47320,utilities,upi,phonepe,icici,ocr_upi
bhai 2837 petrol bhara Rapido pe UPI se diy budget tod diya,2837,travel,upi,paytm,,hinglish_natural
"BILL
diagnostic
₹2719.36
jupiter
Thank You Visit Again",2719.36,healthcare,upi,jupiter,,ocr_receipt
ghar jaate waqt dost ka dost ko diye 3945 rs. UPI se diy bc,3945,friends,upi,phonepe,axis,hinglish_natural
today i spent 20852 on metro via Fi Money from my RBL bank,20852,travel,upi,fi,rbl,voice_transcript
Used ICICI jupiter to pay 820 for Neha,820,friends,upi,jupiter,icici,english_natural
i did 436 expense on Biryani Blues using paytm,436,food,upi,paytm,,voice_transcript
yaar INOX se game le liya 105 ka Bhim se pay kar diya,105,entertainment,upi,bhim,,hinglish_natural
paid dost INR 121 via Gpay,121,friends,upi,gpay,,friends_synthetic
"BILL
Netmeds
INR 236
CASH
Thank You Visit Again",236,healthcare,cash,,,ocr_receipt
Rapido se ticket book kya 1101 rupaye ka via PhonePe IDFC First se kata budget tod diya,1101,travel,upi,phonepe,idfc,hinglish_natural
BigBasket se food order kr diya 24074 rs. ka cash diyee bohot mehenga,24074,food,cash,,,hinglish_natural
i paid 237 rupees for PharmEasy using card,237,healthcare,card,,jupiter,voice_transcript
Shreya Rs 3576 cash,3576,friends,cash,,canara,english_natural
McDonald's se food order kiya 4114 rupaiye ka cash diye,4114,food,cash,,,hinglish_natural
SBI loan ka 223 rupees ka bill G Pay se pay kiya,223,emi,upi,gpay,axis,voice_transcript
Online shopping payment INR 16565,16565,shopping,upi,gpay,sbi,source_english
bhai concert ka 1550 rupaye card se de diya,1550,entertainment,card,,hdfc,voice_transcript
TO:INDIANOIL indianoil.60209@federalbankbank From:AMITSINGH (Federal Bank Fi : user3952@okfederalbankbank,316.59,travel,upi,fi,federal bank,ocr_upi
34528.56 to car loan EMI via card hdfc account,34528.56,emi,card,,hdfc,english_natural
"library 4655.25 Completed 5Aug 2025,6:41 pm HDFC 6555 UPI transaction ID 2619584361273",4655.25,education,upi,niyo,hdfc,ocr_upi
Rs 10488 to NPS via PhonePe IndusInd account,10488,investment,upi,phonepe,indusind,english_natural
₹127 paid to Amit via Slice from NIYO,127,friends,upi,slice,niyo,english_natural
friend me 39766 rupaiye ka transfer kr diya Phonepe pe,39766,friends,upi,phonepe,,hinglish_natural
3224 rs EMI kat gayi Bajaj Finance EMI ko credit card se PNB account se,3224,emi,card,,pnb,hinglish_natural
SpiceJet pe 20826 rupaye ka kiraya de diye debit card se,20826,travel,card,,,hinglish_natural
"TAX INVOICE
Pizza Hut
Grand Total: INR 4759
Payment: G Pay",4759,food,upi,gpay,,ocr_receipt
personal loan installment EMI deduction INR 1031 SLICE,1031,emi,upi,slice,sbi,cue_row
flatmate rent share 21389 cash bhai,21389,friends,cash,,,friends_synthetic
1151 rs. Hotstar naqad,1151,entertainment,cash,,,hinglish_natural
i did 2549 expense on PVR using Phonepe,2549,entertainment,upi,phonepe,,voice_transcript
paid 34 to crypto through card from jupiter,34,investment,card,,jupiter,voice_transcript
yaar Gaana 13249 rupay credit card se jupiter card se,13249,entertainment,card,,jupiter,hinglish_natural
1176 rs. Reliance Fresh haath se de diye,1176,food,cash,,,hinglish_natural
Reliance Digital 3521 rupaiye UPI se die,3521,shopping,upi,gpay,,hinglish_natural
TO:CLEARTRIP cleartrip.52992@icicibank From:UTSAVJANA (ICICI PayTM : sender8648@okicicibank,390,travel,upi,paytm,icici,ocr_upi
sent money to Rahul 3099 on Phonepe,3099,friends,upi,phonepe,pnb,friends_synthetic
abhi school fees me 22876 rupaiye ka books liya card se pay kya,22876,education,card,,,hinglish_natural
"BILL
JioCinema
t295
CARD
Thank You Visit Again",295,entertainment,card,,,ocr_receipt
kal tuition me 48223 rupay ka course lia haath se diy,48223,education,cash,,,hinglish_natural
811 GPay Yatra,811,travel,upi,gpay,icici,english_natural
breakfast snacks chai coffee Rs 3285 cash,3285,food,cash,,,cue_row
maine 381 rupaye education loan EMI ko diye card se,381,emi,card,,,voice_transcript
INR 46079 to credit card EMI via Visa,46079,emi,card,,,english_natural
electronics clothes shoes accessories purchase ₹2767 via SLICE,2767,shopping,upi,slice,,cue_row
paid 4906 to concert through cash from HDFC Bank,4906,entertainment,cash,,hdfc,voice_transcript
3101 rupaye recharge kia mobile recharge ko UPI se diyee budget tod diya,3101,utilities,upi,slice,,hinglish_natural
Rs2865 to Bewakoof via Slice,2865,shopping,upi,slice,,english_natural
coaching exam preparation study material Rs1416 cash,1416,education,cash,,,cue_row
Spent Rs 4533 on ACT Fibernet using Google Pay,4533,utilities,upi,gpay,,english_natural
Netflix ?77.88 Jupiter,77.88,entertainment,upi,jupiter,,english_natural
NPS ₹431 debited from HDFC,431,investment,card,,hdfc,english_natural
bike loan EMI 14846 debit card se yaar,14846,emi,card,,,hinglish_natural
i paid 306 rupees for Vi recharge using cash,306,utilities,cash,,niyo,voice_transcript
SBI loan me 420 rs ka loan payment kia UPI se yaar,420,emi,upi,gpay,,hinglish_natural
Practo me 44284 ₹ ka dawai liya credit card se,44284,healthcare,card,,,hinglish_natural
ANGEL ONE INR 31095 SLICE,31095,investment,upi,paytm,slice,english_natural
"BILL
PVR
₹1844
CARD
Thank You Visit Again",1844,entertainment,card,,icici,ocr_receipt
1591 rupees Apollo Pharmacy UPI se pay kiya,1591,healthcare,upi,cred,,hinglish_natural
coaching exam preparation study material 27994 card,27994,education,card,,,cue_row
Zerodha ka SIP bhra 196 rupaiye card se SBI se,196,investment,card,,sbi,hinglish_natural
Just paid Rs 180 to Burger King through Phonepe,180,food,upi,phonepe,,english_natural
Paid ₹229 for yaar via Phone Pe,229,friends,upi,phonepe,,english_natural
hospital pe 919 rs ka checkup karaya UPI se pay kia,919,healthcare,upi,phonepe,,hinglish_natural
"AJIO
Item 1 Rs 136
Item 2 Rs.373
Total INR 16899
CARD",16899,shopping,card,,,ocr_receipt
electronics store pe 315 rs ka khareed lia card se pay kr diya,315,shopping,card,,,hinglish_natural
INR 4220 charged for gaming on niyo,4220,entertainment,upi,niyo,,english_natural
NEFT/TRANSFER/PETROL PUMP/,13206,travel,cash,,,english_natural
school college tuition course books fees Rs.40 phonepe,40,education,upi,phonepe,bandhan,cue_row
flatmate se paise bheje 23853 rupaye ka naqad,23853,friends,cash,,,hinglish_natural
amazon flipkart myntra online shopping order Rs 716 PayTM,716,shopping,upi,paytm,,cue_row
dopahar ko Coursera pe 13815 rupaiye ka fees bharaa via Gpay,13815,education,upi,gpay,,hinglish_natural
gaming pe 2864 rs ka movie dekhi credit card se,2864,entertainment,card,,,hinglish_natural
electronics clothes shoes accessories purchase Rs.3470 via card,3470,shopping,card,,union bank,cue_row
226 rs subscription renew kia Hotstar ko card se pay kr diya,226,entertainment,card,,,hinglish_natural
bhai Amazon Prime ka 2038 rupaye card se de diya,2038,entertainment,card,,,voice_transcript
gas bill pe 4429 rs. ka bill pay kiya UPI se zyada ho gaya,4429,utilities,upi,slice,,hinglish_natural
netflix spotify hotstar subscription movie show Rs.18621 Fi,18621,entertainment,upi,fi,,cue_row
4696 rupees education loan EMI G Pay,4696,emi,upi,gpay,,voice_transcript
Paid Rs125 for RedBus via debit card,125,travel,card,,,english_natural
paid flatmate 17847 via cash,17847,friends,cash,,,friends_synthetic
"BILL
Chai Point
22645.50
CARD
Thank You Visit Again",22645.50,food,card,,,ocr_receipt
flatmate se paise bheje 315 rs. ka cash me Fi Money se,315,friends,cash,,fi,hinglish_natural
aaj PVR pe 1451 rupaye kharcha hua niyo se,1451,entertainment,upi,niyo,,voice_transcript
PharmEasy 487 cash,487,healthcare,cash,,,english_natural
Nature's Basket ka 201 rupees ka bill G Pay se pay kiya,201,food,upi,gpay,,voice_transcript
4668 rupaiye Tata Play cash diyee budget tod diya,45125,utilities,cash,,,source_hinglish
POS/LAB TEST/PHONE PE/3500,490,healthcare,upi,phonepe,,english_natural
2539 rs ticket book kiya SpiceJet ko via slice HDFC Bank card se,2539,travel,upi,slice,hdfc,hinglish_natural
Bought Tata Play for ₹1767.20 with cash,1767.20,utilities,cash,,,english_natural
264 rupees Groww phonepe,264,investment,upi,phonepe,,voice_transcript
raat ko Zee5 ka movie dekhi 18561 rupaye credit card se PNB wale account se,5,entertainment,card,,pnb,hinglish_natural
R 680.86 paid to Apple Music via Fi Money UPI from State Bank Bank ending 7372,680.86,entertainment,upi,fi,sbi,ocr_upi
abhi 1775 rs. tuition cash me,1775,education,cash,,,hinglish_natural
i did 296 expense on Udemy using card,296,education,card,,,voice_transcript
Rohan INR 325.33 Slice,325.33,friends,upi,slice,indusind,english_natural
bhai roommate ko udhar return kiya 3466 rs paytm se,3466,friends,upi,paytm,,friends_synthetic
484.41 to Zee5 via CRED,484.41,entertainment,upi,cred,,english_natural
sent Rs.922 to Divya on card,922,friends,card,,,friends_synthetic
26236 rupaiye udhar return kar diya Priya ko cash me budget tod diya,26236,friends,cash,,,hinglish_natural
dopahar ko Practo 33742 rs card se pay kiya,33742,healthcare,card,,,hinglish_natural
Bewakoof INR 2560 Visa,2560,shopping,card,,,english_natural
Spent Rs 3929 on Starbucks using cash,3929,food,cash,,,english_natural
1478 rupaye home loan EMI card se,1478,emi,card,,,hinglish_natural
personal loan EMI se EMI kat gayi 3314 rupay ka credit card se,3314,emi,card,,,hinglish_natural
Paytm Money 1589.86 Bhim,1589.86,investment,upi,bhim,kotak,ocr_upi
split bill 437 Google Pay se yaar ko diya,437,friends,upi,gpay,pnb,friends_synthetic
paid Ananya Rs.17326 via card,17326,friends,card,,,friends_synthetic
society maintenance me 3024 rupaye ka recharge kia debit card se,3024,utilities,card,,,hinglish_natural
sent ₹4242 to Rohan on card,4242,friends,card,,,friends_synthetic
yaar credit card EMI ka EMI kat gayi 1951 rupaye debit card se bc,1951,emi,card,,,hinglish_natural
Flight ticket booking INR 21855,21855,travel,card,,kotak,source_english
Rs.749 charged for Subway on cash,749,food,cash,,,english_natural
auto payment 43999 done via CRED,43999,travel,upi,cred,,english_natural
4519 rupay Amazon UPI se,4519,shopping,upi,paytm,,hinglish_natural
bhai personal loan EMI ka 111 rupaye card se de diya,111,emi,card,,,voice_transcript
home loan car loan credit card EMI monthly 321 autopay Gpay,321,emi,upi,gpay,pnb,cue_row
"BILL
JioMart
₹123
CASH
Thank You Visit Again",123,food,cash,,,ocr_receipt
Lenskart pe 10284 rs ka test karaya debit card se,10284,healthcare,card,,,hinglish_natural
Bought Practo for 31033 with cash,31033,healthcare,cash,,,english_natural
Amazon Prime ?3589.51 phonepe,3589.51,entertainment,upi,phonepe,bandhan,ocr_upi
bro ko 230 transfer kiya Paytm se,230,friends,upi,paytm,,friends_synthetic
car loan EMI 417 card,417,emi,card,,,english_natural
Behrouz 1023,1023,food,card,,,english_natural
45304 ACT Fibernet UPI se pay kar diya,45304,utilities,upi,gpay,hdfc,hinglish_natural
Rs.181 to Rohan via PayTM Jupiter account,181,friends,upi,paytm,jupiter,english_natural
car loan EMI Rs2456.89 Cred,2456.89,emi,upi,cred,sbi,ocr_upi
Tata CLiQ se order kiya 431 rs ka Phonepe se slice wale account se,431,shopping,upi,phonepe,slice,hinglish_natural
215 rupees payment kia BSNL ko slice se pay kiya,215,utilities,upi,slice,,hinglish_natural
Rs.8530 paid to tuition via gpay UPI from sbi Bank ending 7871,8530,education,upi,gpay,sbi,ocr_upi
INOX ka game liyaa 188 rupees card se pay kiyaa,188,entertainment,card,,,hinglish_natural
Tata Play pe 275 rupaye ka payment kia BHIM se,275,utilities,upi,bhim,,hinglish_natural
bhai Nature's Basket ka 1511 rupaye cash se de diya,1511,food,cash,,,voice_transcript
Paid 19472.43 to gas bill CRED UPI ICICI Bank 5866 Done,19472.43,utilities,upi,cred,icici,ocr_upi
Arjun 204 rupay CRED se pay kia,204,friends,upi,cred,hdfc,hinglish_natural
"Receipt #2717
society maintenance
Amount Paid: ₹106
Mode: Phonepe",106,utilities,upi,phonepe,,ocr_receipt
aaj bike loan EMI se EMI kat gayi 294 rs ka jupiter se pay kr diya,294,emi,upi,jupiter,,hinglish_natural
i did 447 expense on Biryani Blues using Slice,447,food,upi,slice,niyo,voice_transcript
netflix spotify hotstar subscription movie show R 40792 cash,40792,entertainment,cash,,,cue_row
Box8 se food order kya 1832 rupees ka UPI se pay kia,8,food,upi,slice,slice,hinglish_natural
Payment of R 1376 to rickshaw was successful via SLICE UPI Ref No 862342234226 ICICI Account 4418,1376,travel,upi,slice,icici,ocr_upi
Used SLICE card to pay Rs 395 for Amazon Prime,395,entertainment,card,,slice,english_natural
GPay payment INR 117.79 colleague Kotak 2654 done,117.79,friends,upi,gpay,kotak,ocr_upi
Used icici PayTM to pay 222 for flatmate,222,friends,upi,paytm,icici,english_natural
Just paid Rs.945.75 to Yatra through credit card,945.75,travel,card,,,english_natural
37088 rs. ticket book kar diya EaseMyTrip ko GPay pe,37088,travel,upi,gpay,,hinglish_natural
"Reliance Digital BILL
St: ₹3770.11
CARD approved",3770.11,shopping,card,,,ocr_receipt
30369 rs. tuition Google Pay se,30369,education,upi,gpay,niyo,hinglish_natural
"stocks 356 Completed 18Feb 2026,11:15 pm HDFC 2987 UPI transaction ID 0524938350",356,investment,upi,paytm,hdfc,ocr_upi
paid Vikram 2118 via card,2118,friends,card,,,friends_synthetic
home loan EMI ka loan payment kr diya 477 rs UPI se de diya HDFC se,477,emi,upi,gpay,hdfc,hinglish_natural
TO:UNACADEMY unacademy.64316@sbibank From:AMITSINGH (sbi cred : user9908@oksbibank,3646,education,upi,cred,sbi,ocr_upi
3397 paid to Kuvera via slice UPI from sbi Bank ending 6145,3397,investment,upi,slice,sbi,ocr_upi
Gaana ka 153 rupees ka bill cash se pay kiya,153,entertainment,cash,,,voice_transcript
flight booking travel ticket INR 12706 cash,12706,travel,cash,,kotak,cue_row
Reliance Digital ka saman liyaa 45 ₹ card se,45,shopping,card,,,hinglish_natural
aaj 4226 rupaiye doctor card se pay kya,4226,healthcare,card,,,hinglish_natural
"D JIOMART 2081 Completed 10Mar 2026,2:55 pm Axis Bank Bank 5466 UPI transaction ID 5707943218302 TO:JIOMART jiomart.45574@axis bankbank Soogletransaction lD XYZabc468551 OPI Jupiter",2081,food,upi,jupiter,axis,ocr_upi
flatmate 1973 rupees cash de diye,1973,friends,cash,,bob,hinglish_natural
1806 fees bhar diya stationery ko PhonePe pe,1806,education,upi,phonepe,,hinglish_natural
SIP payment 37177 done via cred,37177,investment,upi,cred,,english_natural
"Indian Oil 4367 Completed 1Aug 2025,9:26 am HDFC 4130 UPI transaction ID 69484674752914",4367,travel,upi,gpay,hdfc,ocr_upi
Just paid Rs27904 to electronics store through G Pay,27904,shopping,upi,gpay,niyo,english_natural
Gas bill payment INR 43655,43655,utilities,upi,fi,,source_english
aaj Air India pe 35828 rupaye kharcha hua card se,35828,travel,card,,sbi,voice_transcript
Subway pe 9364 ka kha liya cash diyee SBI account se,9364,food,cash,,sbi,hinglish_natural
Pizza Hut t16337.18 cash,16337.18,food,cash,,,english_natural
flatmate rent share 7370 jupiter Priya,7370,friends,upi,jupiter,,friends_synthetic
Udemy 18218 rs. credit card se,18218,education,card,,,hinglish_natural
concert 221 ₹ G Pay se,221,entertainment,upi,gpay,,hinglish_natural
dentist me 111 rs. ka test karaya naqad,111,healthcare,cash,,,hinglish_natural
Behrouz se khana khayaa 479 rupaiye ka cash me Fi wale account se,479,food,cash,,fi,hinglish_natural
2763 GPay Groww,2763,investment,upi,gpay,idfc,english_natural
Just paid ₹19873 to Chai Point through cash,19873,food,cash,,,english_natural
Bought Airtel recharge for 33875 with jupiter,33875,utilities,upi,jupiter,,english_natural
credit card EMI ka EMI kat gayi 29791 rupees card se pay kar diya,29791,emi,card,,,hinglish_natural
JioMart Rs2078 Cred,2078,food,upi,cred,,english_natural
Ananya 3700 rupay via paytm budget tod diya,3700,friends,upi,paytm,,hinglish_natural
Spent Rs 3744.90 on diagnostic using cash,3744.90,healthcare,cash,,,english_natural
1MG INR 172,172,healthcare,card,,,english_natural
24523 ₹ paise bheje Shreya ko UPI se pay kiyaa,24523,friends,upi,cred,,hinglish_natural
bhai yaar ko udhar return kiya 1646 rs paytm se,1646,friends,upi,paytm,,friends_synthetic
Neha ko 3617 transfer kiya phonepe se,3617,friends,upi,phonepe,,friends_synthetic
Bought JioCinema for Rs333.29 with debit card,333.29,entertainment,card,,,english_natural
"Receipt #1503
Chai Point
Amount Paid: ₹3574
Mode: PhonePe",3574,food,upi,phonepe,,ocr_receipt
UPI/63329098/DOMINOS/BANK,188,food,upi,jupiter,,english_natural
yaar restaurant 1389 rupaye debit card se,1389,food,card,,,hinglish_natural
1598 rupaiye flatmate cash me,1598,friends,cash,,niyo,hinglish_natural
4367 rupees dost Fi Money,4367,friends,upi,fi,,voice_transcript
dost Rohan ko 2511 rupaye cash se bheje,2511,friends,cash,,,friends_synthetic
Rs 30984 debited from your PNB account for dhaba (Phonepe UPI),30984,food,upi,phonepe,pnb,ocr_upi
dopahar ko SIP pe 29249 rs. ka mutual fund kya card se zyada ho gaya,29249,investment,card,,hdfc,hinglish_natural
Unacademy 1038 gpay Completed State Bank 3130,1038,education,upi,gpay,sbi,ocr_upi
Paid MakeMyTrip ₹44613 using cash from hdfc,44613,travel,cash,,hdfc,english_natural
personal loan EMI t928.52 debited from jupiter,928.52,emi,card,,jupiter,english_natural
5383 rupaye gaming credit card se,5383,entertainment,card,,,hinglish_natural
personal loan installment EMI deduction Rs 223 slice,223,emi,upi,slice,,cue_row
Zomato Rs.465.99 bhim,465.99,food,upi,bhim,,english_natural
Coin ka paisa daala 4935 rupaye card se Punjab National Bank account se,4935,investment,card,,pnb,hinglish_natural
20771 to petrol pump via cash jupiter account,20771,travel,cash,,jupiter,english_natural
1417 rupaiye car loan EMI UPI se pay kia,1417,emi,upi,phonepe,icici,hinglish_natural
dost Neha ko 21771 rupaye cash se bheje,21771,friends,cash,,,friends_synthetic
"TAX INVOICE
PharmEasy
Grand Total: Rs362
Payment: Niyo",362,healthcare,upi,niyo,hdfc,ocr_receipt
EaseMyTrip se cab lya 24137 rupaiye ka haath se de diye,24137,travel,cash,,,hinglish_natural
PhonePe payment Rs4309 car loan EMI HDFC 9016 successful,4309,emi,upi,phonepe,hdfc,ocr_upi
coaching se course lia 3678 rs ka UPI se diye Bank of Baroda se,3678,education,upi,phonepe,bob,hinglish_natural
bhai Bajaj Finance EMI ka 32470 rupaye GPay se de diya,32470,emi,upi,gpay,,voice_transcript
metro ka ride lya 312 rupees UPI se diy Bandhan Bank card se,20930,travel,upi,bhim,bandhan,source_hinglish
Just paid 4786.75 to Coursera through Phone Pe,4786.75,education,upi,phonepe,,english_natural
39984 cab lia EaseMyTrip ko card se pay kiya,39984,travel,card,,,hinglish_natural
HDFC loan payment Rs.4575 done via Mastercard,4575,emi,card,,fi,english_natural
280 rupay mutual fund card se pay kya,280,investment,card,,,hinglish_natural
yaar Lenskart se dawai le liya 2378 ka UPI se,2378,healthcare,upi,gpay,,hinglish_natural
Priya 436.95 Slice Completed SBI 5232,436.95,friends,upi,slice,sbi,ocr_upi
14969 rupees McDonald's card,14969,food,card,,,voice_transcript
Used ICICI Bank debit card to pay INR 48240 for Croma,48240,shopping,card,,icici,english_natural
home loan car loan credit card EMI monthly Rs.367 autopay card,367,emi,card,,,cue_row
28074 Groww,28074,investment,upi,slice,,english_natural
2704 HDFC loan credit card se,2704,emi,card,,,hinglish_natural
i paid 313 rupees for Rahul using SLICE,313,friends,upi,slice,,voice_transcript
2145 rupaye bhai UPI se,2145,friends,upi,gpay,,hinglish_natural
school college tuition course books fees ₹7073 cash,7073,education,cash,,,cue_row
Apollo Pharmacy se dawai lya 363 ka UPI se diye budget tod diya,363,healthcare,upi,cred,,hinglish_natural
Coin 2941 paytm Completed State Bank 9214,2941,investment,upi,paytm,sbi,ocr_upi
lab test se checkup karaya 8569 rupay ka naqad,8569,healthcare,cash,,,hinglish_natural
spent 4506 rupees on society maintenance via cash,4506,utilities,cash,,,voice_transcript
spent 349 rupees on Croma via card,349,shopping,card,,hdfc,voice_transcript
NEFT/TRANSFER/DIAGNOSTIC/KOTAK,561.54,healthcare,cash,,kotak,english_natural
mutual fund SIP stocks PPF FD investment Rs 4578 card,4578,investment,card,,,cue_row
Bus ticket INR 20140,20140,travel,cash,,,source_english
split bill 14294 slice se bro ko diya,14294,friends,upi,slice,idfc,friends_synthetic
hospital doctor pharmacy medicine diagnostic ₹1307 PayTM,1307,healthcare,upi,paytm,,cue_row
PharmEasy se dawai lya 388 rupees ka slice pe,15222,healthcare,upi,slice,sbi,source_hinglish
Reliance Digital 14508 card se zyada ho gaya,14508,shopping,card,,,hinglish_natural
office se aate hue books pe 42079 ka fees bhara debit card se ICICI Bank account se,42079,education,card,,icici,hinglish_natural
TO:CANTEEN canteen.73350@hdfcbank From:PRIYASHARMA (HDFC GPay : user1379@okhdfcbank,1586,food,upi,gpay,hdfc,ocr_upi
"Receipt #7730
Amazon Prime
Amount Paid: ₹19470
Mode: gpay",19470,entertainment,upi,gpay,,ocr_receipt
"TAX INVOICE
electronics store
Grand Total: Rs611
Payment: Cred",611,shopping,upi,cred,hdfc,ocr_receipt
crypto gold bonds NPS portfolio Rs.133 Fi,133,investment,upi,fi,,cue_row
aaj Bajaj Finance EMI pe 28042 ka loan payment kiya card se pay kr diya,28042,emi,card,,,hinglish_natural
books pe 486 rupaye ka tuition diye UPI se,486,education,upi,phonepe,,hinglish_natural
JioCinema 32065 rupaye card se pay kar diya,32065,entertainment,card,,,hinglish_natural
gold 367 debit card,367,investment,card,,,english_natural
education loan EMI payment 116.13 done via PhonePe,116.13,emi,upi,phonepe,sbi,english_natural
INR 41021.26 charged for Nykaa on credit card,41021.26,shopping,card,,axis,english_natural
aaj Nykaa pe 15643 rupaye kharcha hua card se,15643,shopping,card,,,voice_transcript
electricity water broadband mobile recharge bill ₹2497 PayTM,2497,utilities,upi,paytm,kotak,cue_row
Paid t4597 to Arjun phonepe UPI SBI 5555 Successful,4597,friends,upi,phonepe,sbi,ocr_upi
INOX 32009 debit card,32009,entertainment,card,,,english_natural
Amazon Prime 3110 rupay slice se pay kr diya,3110,entertainment,upi,slice,,hinglish_natural
"Receipt #9659
YouTube Premium
Amount Paid: Rs.40283
Mode: CARD",40283,entertainment,card,,union bank,ocr_receipt
"TAX INVOICE
H&M
Grand Total: ₹9307
Payment: Google Pay",9307,shopping,upi,gpay,hdfc,ocr_receipt
home loan EMI ka loan payment kia 3017 ₹ UPI se die,3017,emi,upi,niyo,,hinglish_natural
school college tuition course books fees 268 card,268,education,card,,,cue_row
2042 rupay hospital credit card se budget tod diya,2042,healthcare,card,,,hinglish_natural
438 rs EMI bharra personal loan EMI ko card se pay kr diya hdfc se kata,438,emi,card,,hdfc,hinglish_natural
Bought ET Money for ₹224 with Visa,224,investment,card,,,english_natural
yaar se dost ko diyee 3232 ka cred pe,3232,friends,upi,cred,,hinglish_natural
i did 376 expense on tuition using CRED,376,education,upi,cred,,voice_transcript
aaj 452 rupaye eye checkup UPI se de diye,452,healthcare,upi,slice,,hinglish_natural
"Airtel recharge
Net Amount 24086
Paid via bhim",24086,utilities,upi,bhim,,ocr_receipt
bhai DishTV ka 44 rupaye GPay se de diya,44,utilities,upi,gpay,fi,voice_transcript
"ZARA
Item 1 INR 58
Item 2 ₹286
Total INR 4647
Paytm",4647,shopping,upi,paytm,indusind,ocr_receipt
netflix spotify hotstar subscription movie show ₹681 Phone Pe,681,entertainment,upi,phonepe,,cue_row
spent 16375 rupees on library via card,16375,education,card,,,voice_transcript
rickshaw se kiraya de diya 1247 ₹ ka via Phonepe,1247,travel,upi,phonepe,,hinglish_natural
28585 ka Bajaj Finance EMI bill pay kiya card se sbi se kata,28585,emi,card,,sbi,voice_transcript
tuition 309 rupaye Gpay pe,309,education,upi,gpay,niyo,hinglish_natural
Kuvera 437.57 credit card,437.57,investment,card,,,english_natural
"GAMING
Item 1 INR 107
Item 2 264
Total ₹410.35
CARD",410.35,entertainment,card,,,ocr_receipt
concert 434 ₹ UPI se axis account se,434,entertainment,upi,gpay,axis,hinglish_natural
dhaba ₹6080 credit card,6080,food,card,,icici,english_natural
bhai market se order kya 2963 rupaye ka cash de diye bohot mehenga,2963,shopping,cash,,kotak,hinglish_natural
electronics store pe 10540 ₹ ka khareed lya card se hdfc wale account se,10540,shopping,card,,hdfc,hinglish_natural
Paid t25993.25 to Udemy phonepe UPI IndusInd 5032 Completed,25993.25,education,upi,phonepe,indusind,ocr_upi
Udemy payment 3344 done via Fi Money,3344,education,upi,fi,,english_natural
₹391 charged for eye checkup on cred,391,healthcare,upi,cred,,english_natural
33 ₹ khana order kr diya EatFit ko UPI se de diya,33,food,upi,phonepe,,hinglish_natural
paid Priya 12296 via cash,12296,friends,cash,,,friends_synthetic
PVR 30581 rs GPay pe,30581,entertainment,upi,gpay,,hinglish_natural
restaurant ka food order kiyaa 737 rupaiye cash de diye sasta tha,737,food,cash,,,hinglish_natural
108 debited from your BOB account for Zara (G Pay UPI),108,shopping,upi,gpay,bob,ocr_upi
Paid ₹4238.53 for tuition via Gpay,4238.53,education,upi,gpay,hdfc,english_natural
dopahar ko 11477 rupaiye bill pay kya water bill ko card se,11477,utilities,card,,fi,hinglish_natural
274 kiraya de diya Indian Oil pe credit card se bhai,274,travel,card,,,hinglish_natural
"BSNL RESTAURANT
Total 1963
Cash Received
Change 0.00",1963,utilities,cash,,,ocr_receipt
i did 59 expense on Hotstar using Bhim,59,entertainment,upi,bhim,,voice_transcript
netflix spotify hotstar subscription movie show Rs.3667 G Pay,3667,entertainment,upi,gpay,,cue_row
IRCTC 40004 rupaye cash me HDFC account se,16749,travel,cash,,hdfc,source_hinglish
school college tuition course books fees ₹235 jupiter,235,education,upi,jupiter,,cue_row
HP Petrol Rs 303.33 phonepe,303.33,travel,upi,phonepe,sbi,ocr_upi
bhai Divya ko udhar return kiya 4180 rs Gpay se,4180,friends,upi,gpay,,friends_synthetic
breakfast snacks chai coffee 737 cash,737,food,cash,,,cue_row
Paid Rs 1636.68 to SBI loan jupiter UPI Bandhan 9184 Completed,1636.68,emi,upi,jupiter,bandhan,ocr_upi
Angel One se invest kya 362 rupay ka UPI se die,362,investment,upi,gpay,,hinglish_natural
broadband 485 rupay UPI se,485,utilities,upi,fi,,hinglish_natural
359 paid to Spotify via gpay UPI from HDFC Bank Bank ending 1169,359,entertainment,upi,gpay,hdfc,ocr_upi
rent maintenance gas connection Rs 978 BHIM,978,utilities,upi,bhim,,cue_row
yaar Croma 43 ₹ card se bc,43,shopping,card,,,hinglish_natural
450.60 Pooja,450.60,friends,upi,paytm,,english_natural
NEFT/TRANSFER/BIKE LOAN EMI/,55,emi,upi,gpay,,english_natural
Zepto 25568,25568,food,upi,paytm,,english_natural
586 ka Reliance Fresh bill pay kiya card se,586,food,card,,,voice_transcript
"home loan EMI 1526 Completed 1Apr 2025,9:51 am Kotak Mahindra 5250 UPI transaction ID 64851002182",1526,emi,upi,gpay,kotak,ocr_upi
"D DOCTOR 1933 Completed 24Feb 2026,10:53 pm HDFC Bank Bank 4241 UPI transaction ID 85249672111320 TO:DOCTOR doctor.82141@hdfc bankbank Soogletransaction lD XYZabc269500 OPI paytm",1933,healthcare,upi,paytm,hdfc,ocr_upi
POS/UPGRAD/MASTERCARD/1629,3285.42,education,card,,,english_natural
Paid Indian Oil R 1347.93 using Cred from ICICI,1347.93,travel,upi,cred,icici,english_natural
"BILL
Burger King
₹290.46
CARD
Thank You Visit Again",290.46,food,card,,,ocr_receipt
i paid 3982 rupees for Divya using cash,3982,friends,cash,,,voice_transcript
251 ₹ yaar G Pay se,251,friends,upi,gpay,,hinglish_natural
4284 rs Yatra cash de diya,4284,travel,cash,,,hinglish_natural
i did 2525 expense on concert using card,2525,entertainment,card,,,voice_transcript
uber ola cab ride airport train ticket ₹18043 paytm,18043,travel,upi,paytm,,cue_row
kal KFC 155 rupaye UPI se diye,155,food,upi,bhim,,hinglish_natural
"Receipt #5652
Tata CLiQ
Amount Paid: Rs.2399
Mode: CARD",2399,shopping,card,,,ocr_receipt
"TAX INVOICE
Zomato
Grand Total: Rs.4675.93
Payment: slice",4675.93,food,upi,slice,kotak,ocr_receipt
rent 170,170,utilities,upi,phonepe,,english_natural
paid back friend lent money ₹394 PayTM,394,friends,upi,paytm,,cue_row
ghar jaate waqt Jio recharge me 39188 rupaiye ka recharge kar diya via Phone Pe,39188,utilities,upi,phonepe,,hinglish_natural
dhaba 194 rupaye via slice bhai,194,food,upi,slice,,hinglish_natural
maine 42509 rupaye Flipkart ko diye card se,42509,shopping,card,,hdfc,voice_transcript
Rs 7390 paid to tuition via Visa from hdfc,7390,education,card,,hdfc,english_natural
₹482.42 to Apollo Pharmacy via cash,482.42,healthcare,cash,,,english_natural
₹755 debited from your ICICI account for rickshaw (Gpay UPI),755,travel,upi,gpay,icici,ocr_upi
137 charged for gaming on credit card,137,entertainment,card,,fi,english_natural
MakeMyTrip mein 65 lag gaye Phonepe se bhara,65,travel,upi,phonepe,,voice_transcript
Uber 38274 cash,38274,travel,cash,,,english_natural
aaj Myntra pe 608 rupaye kharcha hua cash se,608,shopping,cash,,sbi,voice_transcript
Rs.4068 to BookMyShow via cash,4068,entertainment,cash,,,english_natural
SBI LOAN INR 44238,44238,emi,card,,,english_natural
166 paytm school fees,166,education,upi,paytm,sbi,english_natural
Just paid Rs.1322 to Ola through debit card,1322,travel,card,,,english_natural
Netflix 14116 BHIM,14116,entertainment,upi,bhim,,english_natural
subah Haldirams ka food order kar diya 213 ₹ GPay se,213,food,upi,gpay,,hinglish_natural
847 rs dawai liyaa PharmEasy ko card se,847,healthcare,card,,,hinglish_natural
19787 BookMyShow naqad,19787,entertainment,cash,,,hinglish_natural
Paid SonyLIV Rs 668.78 using PayTM,668.78,entertainment,upi,paytm,,english_natural
education loan EMI payment 4189 done via card,4189,emi,card,,jupiter,english_natural
"broadband
Net Amount 403.06
Paid via CASH",403.06,utilities,cash,,pnb,ocr_receipt
Karan 3753,3753,friends,upi,phonepe,,english_natural
PayTM payment Rs.27180.90 CCD ICICI Bank 5814 done,27180.90,food,upi,paytm,icici,ocr_upi
Concert ticket INR 27551,27551,entertainment,card,,,source_english
2339 rupaye movie dekhi BookMyShow ko naqad HDFC se,2339,entertainment,cash,,hdfc,hinglish_natural
Rs.253.69 paid to Rohan via Cred UPI from HDFC Bank ending 6415,253.69,friends,upi,cred,hdfc,ocr_upi
mall ka buy kr diya 115 rs. card se pay kya,115,shopping,card,,,hinglish_natural
Spent 414 on petrol pump using cash,414,travel,cash,,,english_natural
abhi Divya ka udhar return kr diya 33912 rs naqad Jupiter wale account se bhai,33912,friends,cash,,jupiter,hinglish_natural
Phone Pe payment ₹4729 credit card EMI Union Bank 4530 done,4729,emi,upi,phonepe,union bank,ocr_upi
MedPlus 18318 rs. paytm se,18318,healthcare,upi,paytm,sbi,hinglish_natural
flatmate rent share 329 cash Amit,329,friends,cash,,,friends_synthetic
Paid R 3517 for food court via Google Pay,3517,food,upi,gpay,hdfc,english_natural
"TAX INVOICE
Croma
Grand Total: ₹17755
Payment: Phone Pe",17755,shopping,upi,phonepe,,ocr_receipt
JioCinema ka game liya 374 rs UPI se,374,entertainment,upi,cred,,hinglish_natural
Payment of 37705.81 to SpiceJet was successful via gpay UPI Ref No 8805074511524 icici Account 8522,37705.81,travel,upi,gpay,icici,ocr_upi
91 DishTV via gpay,91,utilities,upi,gpay,,hinglish_natural
273 ₹ kha liya Subway ko naqad axis card se,273,food,cash,,axis,hinglish_natural
ATM/CASH/BANK/300.86,300.86,utilities,upi,gpay,,english_natural
PVR payment 914 done via phonepe,914,entertainment,upi,phonepe,jupiter,english_natural
education loan EMI ka installment diyee 21020 rupay card se NIYO se,21020,emi,card,,niyo,hinglish_natural
Ola ka petrol bharaa 2257 ₹ card se pay kiyaa,2257,travel,card,,,hinglish_natural
Rs364 debited from your sbi account for Reliance Fresh (Gpay UPI),364,food,upi,gpay,sbi,ocr_upi
ghar jaate waqt ACT Fibernet 328 PhonePe se,328,utilities,upi,phonepe,,hinglish_natural
13640 ka Uber bill pay kiya card se,13640,travel,card,,,voice_transcript
Used Fi Money GPay to pay Rs.44280 for gas bill,44280,utilities,upi,gpay,fi,english_natural
electronics clothes shoes accessories purchase ₹506 via card,506,shopping,card,,,cue_row
3350.19 card Meesho,3350.19,shopping,card,,,english_natural
"SonyLIV 2206.98 Completed 23Jan 2025,11:37 am sbi 1225 UPI transaction ID 6532448343871",2206.98,entertainment,upi,phonepe,sbi,ocr_upi
car loan EMI 918 rupaiye card se pay kya,918,emi,card,,,hinglish_natural
bhai friend ko udhar return kiya 17583 rs cash se,17583,friends,cash,,,friends_synthetic
personal loan installment EMI deduction Rs.255 GPay,255,emi,upi,gpay,,cue_row
sent Rs.4851 to Karan on SLICE,4851,friends,upi,slice,,friends_synthetic
COIN INR 1242.87,1242.87,investment,card,,,english_natural
38397 rupees society maintenance UPI se,38397,utilities,upi,phonepe,hdfc,hinglish_natural
2641.84 debited from your Union Bank account for society maintenance (Google Pay UPI),2641.84,utilities,upi,gpay,union bank,ocr_upi
broadband se bill bhara 313 rupees ka debit card se,313,utilities,card,,,hinglish_natural
crypto gold bonds NPS portfolio Rs.12743 card,12743,investment,card,,pnb,cue_row
"RENT RESTAURANT
Total 329
Cash Received
Change 0.00",329,utilities,upi,fi,,ocr_receipt
9963 to Arjun BHIM UPI,9963,friends,upi,bhim,kotak,friends_synthetic
YouTube Premium 4202 PayTM se pay kiya State Bank wale account se zyada ho gaya,4202,entertainment,upi,paytm,sbi,hinglish_natural
split bill 2570 G Pay se Neha ko diya,2570,friends,upi,gpay,hdfc,friends_synthetic
POS/BOOKS/GPAY/7754,57,education,upi,gpay,,english_natural
crypto gold bonds NPS portfolio ₹4319 phonepe,4319,investment,upi,phonepe,,cue_row
raat ko IRCTC ka ticket book kiyaa 26204 rupaye card se pay kar diya slice wale account se,26204,travel,card,,slice,hinglish_natural
Paid ₹232.07 for Amazon via cash,232.07,shopping,cash,,,english_natural
Croma ka khareed lya 31283 rs. via Jupiter bc,33641,shopping,upi,jupiter,,source_hinglish
Bajaj Finance EMI 4221.03 card,4221.03,emi,card,,,english_natural
Paid Rs 210 for Yatra from my Axis account via cash,210,travel,cash,,axis,english_natural
Game purchase INR 33524,33524,entertainment,upi,gpay,hdfc,source_english
Snapdeal se khareed lya 57 ka credit card se,57,shopping,card,,,hinglish_natural
Amazon Prime 28906 rupay cash me,28906,entertainment,cash,,,hinglish_natural
"doctor
Net Amount 49667
Paid via CARD",49667,healthcare,card,,bob,ocr_receipt
grocery vegetables milk bread fruits 23659 paid card,23659,food,card,,,cue_row
amazon flipkart myntra online shopping order INR 486 card,486,shopping,card,,,cue_row
i paid 17634 rupees for Nature's Basket using Phonepe,17634,food,upi,phonepe,,voice_transcript
Used NIYO Mastercard to pay 491 for Ananya,491,friends,card,,niyo,english_natural
water bill mein 221 lag gaye phonepe se bhara,221,utilities,upi,phonepe,,voice_transcript
TO:SOCIETYMAINTENANCE societymaintenance.79341@punjabnationalbankbank From:RAHULKUMAR (Punjab National Bank gpay : sender8866@okpunjabnationalbankbank,142,utilities,upi,gpay,pnb,ocr_upi
BYJU'S ka tuition de diye 2005 UPI se,2005,education,upi,gpay,,hinglish_natural
"TAX INVOICE
Pizza Hut
Grand Total: Rs165.00
Payment: G Pay",165.00,food,upi,gpay,,ocr_receipt
Credit card EMI INR 2925,2925,emi,upi,gpay,,source_english
Paid Rs 49.30 for Dominos via slice,49.30,food,upi,slice,fi,english_natural
Rs.445 to SIP via paytm,445,investment,upi,paytm,,english_natural
petrol diesel fuel ?39119 at pump card,39119,travel,card,,,cue_row
CRED payment 3744 Lenskart Indusind Bank 7195 successful,3744,shopping,upi,cred,indusind,ocr_upi
broadband 3990.86,3990.86,utilities,upi,phonepe,,english_natural
Amazon 44177 rs debit card se,44177,shopping,card,,,hinglish_natural
₹1530.83 debited from your Punjab National Bank account for Lenskart (GPay UPI),1530.83,shopping,upi,gpay,pnb,ocr_upi
Rs.619.36 debited from your PNB account for gaming (cred UPI),619.36,entertainment,upi,cred,pnb,ocr_upi
Just paid t144.84 to upGrad through Paytm,144.84,education,upi,paytm,,english_natural
abhi 3406 rupay split kiyaa roommate ko card se pay kia HDFC Bank card se,3406,friends,card,,hdfc,hinglish_natural
IRCTC ka ticket book kia 18896 rupaiye via PayTM State Bank se,6097,travel,upi,paytm,sbi,source_hinglish
gas bill 28 Google Pay,28,utilities,upi,gpay,,english_natural
G Pay payment Rs.4685.98 mobile recharge icici 5356 successful,4685.98,utilities,upi,gpay,icici,ocr_upi
Rs 3985.85 charged for Apollo Pharmacy on card,3985.85,healthcare,card,,,english_natural
450 rupees coaching debit card se,450,education,card,,,hinglish_natural
paid 16727 to Shreya through cred from sbi,16727,friends,upi,cred,sbi,voice_transcript
stocks se mutual fund kiyaa 43094 ₹ ka card se,43094,investment,card,,,hinglish_natural
"TAX INVOICE
Netmeds
Grand Total: INR 3182
Payment: Paytm",3182,healthcare,upi,paytm,,ocr_receipt
12616 ₹ Lenskart UPI se,12616,healthcare,upi,gpay,,hinglish_natural
uber ola cab ride airport train ticket R 88 cash,88,travel,cash,,,cue_row
PharmEasy me 3639 rupaiye ka dawai liyaa UPI se die,3639,healthcare,upi,slice,,hinglish_natural
"Kuvera 4089.48 Completed 26Jun 2026,1:55 pm ICICI 9116 UPI transaction ID 738410960066",4089.48,investment,upi,gpay,icici,ocr_upi
ghar jaate waqt Air India se ride le liya 2165 rupaye ka haath se de diya,2165,travel,cash,,,hinglish_natural
netflix spotify hotstar subscription movie show 58 G Pay,58,entertainment,upi,gpay,sbi,cue_row
Rs306.80 to canteen via Cred PNB account,306.80,food,upi,cred,pnb,english_natural
"PVR RESTAURANT
Total 111.93
Cash Received
Change 0.00",111.93,entertainment,card,,sbi,ocr_receipt
SIP ka 423 rupees ka bill Cred se pay kiya,423,investment,upi,cred,fi,voice_transcript
tuition se tuition de diye 4379 rupees ka cash diyee,4379,education,cash,,,hinglish_natural
31697 ka rent bill pay kiya Google Pay se,31697,utilities,upi,gpay,,voice_transcript
today i spent 31892 on Groww via card,31892,investment,card,,,voice_transcript
Spent R 2325 on Groww using Gpay,2325,investment,upi,gpay,,english_natural
476 rupaiye NPS UPI se,476,investment,upi,phonepe,sbi,hinglish_natural
maine 2230 rupaye broadband ko diye Google Pay se,2230,utilities,upi,gpay,,voice_transcript
31693.26 debited from your hdfc account for clinic (G Pay UPI),31693.26,healthcare,upi,gpay,hdfc,ocr_upi
1430 ka food court bill pay kiya cred se Slice se kata,1430,food,upi,cred,slice,voice_transcript
dinner split 16149 rupaye Vikram Jupiter,16149,friends,upi,jupiter,,friends_synthetic
bike loan EMI 4090 rs NIYO se pay kya,4090,emi,upi,niyo,niyo,hinglish_natural
office se aate hue 486 rupaiye ticket book kya Uber pe card se bohot mehenga,486,travel,card,,sbi,hinglish_natural
Uber se cab lya 1951 rs. ka cash de diya,1951,travel,cash,,,hinglish_natural
POS/SBI LOAN/DEBIT CARD/5232,7393,emi,card,,niyo,english_natural
aaj exam fee se course liyaa 27339 rupaye ka debit card se Kotak card se,27339,education,card,,kotak,hinglish_natural
Practo se doctor ko de diye 120 ₹ ka card se pay kr diya,120,healthcare,card,,,hinglish_natural
Shreya ₹45461.21 Jupiter,45461.21,friends,upi,jupiter,,english_natural
bhai 145 ₹ credit card se,145,friends,card,,,hinglish_natural
yaar Hotstar pe 196 rupees ka ticket lya card se pay kiya,196,entertainment,card,,,hinglish_natural
1067 rupees kiraya diy SpiceJet ko cash die,1067,travel,cash,,,hinglish_natural
Pharmacy medicine purchase INR 22871,22871,healthcare,upi,gpay,bob,source_english
Priya 767 rupaye UPI se jupiter se,767,friends,upi,gpay,jupiter,hinglish_natural
crypto gold bonds NPS portfolio ₹409 CRED,409,investment,upi,cred,yes bank,cue_row
Zomato ka kha liya 4465 ₹ haath se diyee,4465,food,cash,,,hinglish_natural
₹696.91 to Bewakoof via credit card,696.91,shopping,card,,,english_natural
i paid 35379 rupees for electricity bill using GPay,35379,utilities,upi,gpay,,voice_transcript
books se course le liya 304 rupay ka card se pay kya,304,education,card,,,hinglish_natural
Netflix subscription INR 22830,22830,entertainment,cash,,,source_english
raat ko Netflix 4776 ₹ card se pay kia,4776,entertainment,card,,,hinglish_natural
16794 to Neha via gpay,16794,friends,upi,gpay,,english_natural
₹49308 charged for Bajaj Finance EMI on card,49308,emi,card,,,english_natural
"ZEE5 RESTAURANT
Total 4688
Cash Received
Change 0.00",4688,entertainment,upi,gpay,,ocr_receipt
Paid Rs.251 for Jio recharge via Google Pay,251,utilities,upi,gpay,,english_natural
Rapido pe 34324 rs. ka ticket book kiya cash diy Fi Money se,34324,travel,cash,,fi,hinglish_natural
Just paid 17553 to stationery through Phonepe,17553,education,upi,phonepe,,english_natural
i paid 467 rupees for DishTV using cred,467,utilities,upi,cred,hdfc,voice_transcript
doctor INR 379 jupiter,379,healthcare,upi,jupiter,hdfc,ocr_upi
today i spent 4712 on INOX via Niyo,4712,entertainment,upi,niyo,,voice_transcript
grocery vegetables milk bread fruits Rs 83 paid card,83,food,card,,,cue_row
i paid 35216 rupees for Tata CLiQ using card,35216,shopping,card,,,voice_transcript
paid Amit Rs.3861 via Jupiter,3861,friends,upi,jupiter,,friends_synthetic
i paid 166 rupees for auto using card,166,travel,card,,,voice_transcript
"BILL
lab test
R 46963.72
CASH
Thank You Visit Again",46963.72,healthcare,cash,,,ocr_receipt
Paid 257 to library Gpay UPI HDFC 4550 Successful,257,education,upi,gpay,hdfc,ocr_upi
47965 rupees electricity bill G Pay NIYO account,47965,utilities,upi,gpay,niyo,voice_transcript
Udemy 146 rupaye card se bhai,146,education,card,,,hinglish_natural
BYJU'S Rs3331 debited from slice,3331,education,card,,slice,english_natural
maine 4068 rupaye BYJU'S ko diye card se,4068,education,card,,,voice_transcript
₹9339 to Pooja GPay UPI,9339,friends,upi,gpay,,friends_synthetic
"Receipt #7287
Reliance Fresh
Amount Paid: Rs 27024
Mode: CARD",27024,food,card,,hdfc,ocr_receipt
"TAX INVOICE
diagnostic
Grand Total: Rs 295.97
Payment: CARD",295.97,healthcare,card,,,ocr_receipt
raat ko cafe me 4266 rupaiye ka khana order kr diya haath se de diye bohot mehenga,4266,food,cash,,,hinglish_natural
POS/HOSPITAL/BHIM/7365,4848.74,healthcare,upi,bhim,,english_natural
Haldirams Rs 48627 PayTM,48627,food,upi,paytm,kotak,ocr_upi
₹251 debited from your State Bank account for exam fee (Fi Money UPI),251,education,upi,fi,sbi,ocr_upi
today i spent 2820 on education loan EMI via Google Pay from my axis bank,2820,emi,upi,gpay,axis,voice_transcript
mutual fund SIP stocks PPF FD investment 47481 card,47481,investment,card,,,cue_row
"BILL
broadband
4225.78
jupiter
Thank You Visit Again",4225.78,utilities,upi,jupiter,,ocr_receipt
FD mein 34435 lag gaye Phone Pe se bhara,34435,investment,upi,phonepe,,voice_transcript
1660 rupay split kiya Divya pe Paytm pe matlab,1660,friends,upi,paytm,,hinglish_natural
abhi HDFC loan 4732 rupees card se,4732,emi,card,,,hinglish_natural
SBI loan mein 2308 lag gaye gpay se bhara,2308,emi,upi,gpay,,voice_transcript
grocery vegetables milk bread fruits Rs.12034 paid cash,12034,food,cash,,,cue_row
college fees ₹43492 cred,43492,education,upi,cred,sbi,english_natural
Just paid INR 3921.49 to Shreya through cash,3921.49,friends,cash,,kotak,english_natural
Divya se split kiya 38059 rupees ka cash diye,38059,friends,cash,,,hinglish_natural
"1MG RESTAURANT
Total 3447
Cash Received
Change 0.00",3447,healthcare,upi,slice,,ocr_receipt
Used NIYO G Pay to pay 80.09 for home loan EMI,80.09,emi,upi,gpay,niyo,english_natural
Paid Rs.177 for society maintenance via Paytm,177,utilities,upi,paytm,,english_natural
gas bill R 419 debited from SBI,419,utilities,card,,sbi,english_natural
₹2809 charged for education loan EMI on BHIM,2809,emi,upi,bhim,,english_natural
"D DENTIST 3978 Completed 14Jan 2026,4:53 pm SBI Bank 6912 UPI transaction ID 174919538088 TO:DENTIST dentist.49030@sbibank Soogletransaction lD XYZabc233990 OPI paytm",3978,healthcare,upi,paytm,sbi,ocr_upi
ET Money 29519.64 debited from hdfc,29519.64,investment,card,,hdfc,english_natural
₹309 to PVR via Phonepe,309,entertainment,upi,phonepe,,english_natural
Vedantu 10328 ₹ card se,10328,education,card,,,hinglish_natural
3088 rupees Vikram card Fi Money account,3088,friends,card,,fi,voice_transcript
"BOOKMYSHOW RESTAURANT
Total 266.71
Cash Received
Change 0.00",266.71,entertainment,upi,slice,,ocr_receipt
Rohan 287 cash,287,friends,cash,,,english_natural
medical checkup lab test health insurance Rs.11937 SLICE,11937,healthcare,upi,slice,,cue_row
Vikram pe 2846 rupaye ka split kiya phonepe se pay kar diya,2846,friends,upi,phonepe,,hinglish_natural
Used HDFC jupiter to pay ₹491 for Barbeque Nation,491,food,upi,jupiter,hdfc,english_natural
Paid HDFC loan Rs.593.38 using phonepe from NIYO,593.38,emi,upi,phonepe,niyo,english_natural
maine 228 rupaye Vi recharge ko diye card se,228,utilities,card,,,voice_transcript
1mg Rs.406 debit card,406,healthcare,card,,kotak,english_natural
eye checkup se checkup karaya 5873 ka UPI se diy achha deal mila,5873,healthcare,upi,paytm,,hinglish_natural
dhaba Rs222.66 GPay,222.66,food,upi,gpay,hdfc,ocr_upi
uber ola cab ride airport train ticket t315 paytm,315,travel,upi,paytm,,cue_row
Coin 258 rs. card se pay kia,258,investment,card,,,hinglish_natural
"TAX INVOICE
JioCinema
Grand Total: t3591.17
Payment: paytm",3591.17,entertainment,upi,paytm,,ocr_receipt
electronics clothes shoes accessories purchase ?479 via card,479,shopping,card,,axis,cue_row
aaj 384 rs. bill bhar diya Vi recharge ko naqad budget tod diya,384,utilities,cash,,,hinglish_natural
Payment of 71 to library was successful via jupiter UPI Ref No 7726156849 State Bank Account 1115,71,education,upi,jupiter,sbi,ocr_upi
dost bhai ko 4097 rupaye Gpay se bheje,4097,friends,upi,gpay,federal bank,friends_synthetic
office se aate hue Indian Oil se cab lia 1737 rupaiye ka debit card se Punjab National Bank wale account se,1737,travel,card,,pnb,hinglish_natural
Used sbi Gpay to pay 234 for Zepto,234,food,upi,gpay,sbi,english_natural
hospital doctor pharmacy medicine diagnostic ?163 cash,163,healthcare,cash,,,cue_row
electronics store 1561.90,1561.90,shopping,card,,,english_natural
Indian Oil se ride liyaa 2880 ka haath se de diye,2880,travel,cash,,slice,hinglish_natural
1393.13 to Zomato via cash Axis account,1393.13,food,cash,,axis,english_natural
"D 1MG 18761 Completed 17Jan 2026,1:30 pm Punjab National Bank Bank 9473 UPI transaction ID 863201970307817 TO:1MG 1mg.65551@punjab national bankbank Soogletransaction lD CICAgJjg255881 OPI Fi",18761,healthcare,upi,fi,pnb,ocr_upi
rickshaw Rs241.94 debited from Canara,241.94,travel,card,,canara,english_natural
₹3176.89 charged for SonyLIV on GPay,3176.89,entertainment,upi,gpay,,english_natural
BookMyShow 2545 rupay UPI se,2545,entertainment,upi,paytm,,hinglish_natural
split bill 2521 Gpay se Shreya ko diya,2521,friends,upi,gpay,,friends_synthetic
Rs60 paid to Snapdeal via CRED from slice,60,shopping,upi,cred,slice,english_natural
447.85 to electronics store via card,447.85,shopping,card,,,english_natural
1547 mobile recharge Cred se,1547,utilities,upi,cred,axis,hinglish_natural
"D BRO 43924 Completed 3Jan 2026,9:27 pm HDFC Bank Bank 1861 UPI transaction ID 7042957903540 TO:BRO bro.60771@hdfc bankbank Googletransaction lD CICAgJjg823598 OPI Google Pay",43924,friends,upi,gpay,hdfc,ocr_upi
"D DIAGNOSTIC 35353 Completed 10Mar 2026,12:50 pm State Bank Bank 2492 UPI transaction ID 296435221732 TO:DIAGNOSTIC diagnostic.82311@state bankbank Googletransaction lD CICAgJjg872980 OPI CRED",35353,healthcare,upi,cred,sbi,ocr_upi
93 rupaye installment diyee HDFC loan pe debit card se,93,emi,card,,,hinglish_natural
dinner split 4952 rupaye Neha card,4952,friends,card,,,friends_synthetic
personal loan installment EMI deduction 21 card,21,emi,card,,sbi,cue_row
kal 242 Rahul UPI se diy,242,friends,upi,phonepe,,hinglish_natural
school college tuition course books fees R 2368 card,2368,education,card,,,cue_row
i paid 8603 rupees for library using cash,8603,education,cash,,,voice_transcript
spent 1469 rupees on Tata Play via card,1469,utilities,card,,,voice_transcript
H&M me 1016 rupaiye ka order kr diya credit card se,1016,shopping,card,,,hinglish_natural
Paid Unacademy Rs.371 using paytm from HDFC,371,education,upi,paytm,hdfc,english_natural
Faasos pe 3755 ka food order kia Phone Pe se,3755,food,upi,phonepe,hdfc,hinglish_natural
₹996 to Vikram cash UPI,996,friends,cash,,,friends_synthetic
mutual fund SIP stocks PPF FD investment Rs.1079 Gpay,1079,investment,upi,gpay,,cue_row
bhai Karan ko udhar return kiya 2201 rs jupiter se,2201,friends,upi,jupiter,icici,friends_synthetic
IndiGo payment 4176 done via cash,4176,travel,cash,,,english_natural
slice payment t3281.27 Tata Play Bank of Baroda 3195 completed,3281.27,utilities,upi,slice,bob,ocr_upi
rent maintenance gas connection 205 PayTM,205,utilities,upi,paytm,,cue_row
today i spent 28049 on society maintenance via Phonepe,28049,utilities,upi,phonepe,,voice_transcript
Rs493 debited from your SBI account for education loan EMI (GPay UPI),493,emi,upi,gpay,sbi,ocr_upi
petrol diesel fuel ₹1294 at pump card,1294,travel,card,,,cue_row
dinner split 114 rupaye Amit card,114,friends,card,,,friends_synthetic
Online course subscription INR 40270,40270,education,upi,cred,hdfc,source_english
Paid ₹1685 for Bharat Petroleum from my Punjab National Bank account via debit card,1685,travel,card,,pnb,english_natural
office se aate hue 4360 rupaiye Lenskart cash diy,4360,healthcare,cash,,slice,hinglish_natural
Neha Rs 1734.60 debited from HDFC,1734.60,friends,cash,,hdfc,english_natural
dopahar ko crypto 44973 rupees paytm se yaar,44973,investment,upi,paytm,,hinglish_natural
i paid 12306 rupees for Netmeds using cash,12306,healthcare,cash,,,voice_transcript
"YOUTUBE PREMIUM
Item 1 Rs496
Item 2 R 420
Total ?4466
CARD",4466,entertainment,card,,,ocr_receipt
224 rupees Unacademy haath se diy,224,education,cash,,,hinglish_natural
crypto gold bonds NPS portfolio Rs110 Paytm,110,investment,upi,paytm,,cue_row
"APOLLO PHARMACY RESTAURANT
Total 116
Cash Received
Change 0.00",116,healthcare,upi,gpay,pnb,ocr_receipt
Spent Rs 48489 on Spotify using gpay,48489,entertainment,upi,gpay,niyo,english_natural
ACT Fibernet ka bill bhara 213 rupaiye cash de diye,213,utilities,cash,,jupiter,hinglish_natural
electronics clothes shoes accessories purchase ₹192 via cash,192,shopping,cash,,,cue_row
1639 rupees books Phone Pe,1639,education,upi,phonepe,,voice_transcript
education loan EMI ₹14912.60 Paytm,14912.60,emi,upi,paytm,axis,ocr_upi
Behrouz 23325 rupaye card se,23325,food,card,,,hinglish_natural
Spent R 4658 on McDonald's using phonepe,4658,food,upi,phonepe,,english_natural
Bought MedPlus for 62.97 with slice,62.97,healthcare,upi,slice,kotak,english_natural
yaar cafe 115 rupaye naqad budget tod diya,115,food,cash,,,hinglish_natural
i paid 4221 rupees for Dunkin using gpay,4221,food,upi,gpay,,voice_transcript
hospital ka checkup karaya 34180 ₹ cred se bc,34180,healthcare,upi,cred,,hinglish_natural
Zerodha 17694 UPI se diyee,17694,investment,upi,slice,fi,hinglish_natural
abhi 4931 rupaiye BookMyShow cash me,4931,entertainment,cash,,jupiter,hinglish_natural
Coursera payment 840.82 done via PhonePe,840.82,education,upi,phonepe,,english_natural
Paid Pizza Hut ₹3805.18 using gpay from ICICI Bank,3805.18,food,upi,gpay,icici,english_natural
395 Gaana,395,entertainment,card,,,english_natural
bike loan EMI INR 444.50 Mastercard,444.50,emi,card,,,english_natural
354 rupay tuition de diye exam fee ko card se pay kiyaa,354,education,card,,,hinglish_natural
personal loan EMI 10953 HDFC,10953,emi,card,,hdfc,english_natural
dinner split 2035 rupaye Divya Gpay,2035,friends,upi,gpay,axis,friends_synthetic
Train ticket IRCTC INR 43827,43827,travel,upi,gpay,,source_english
paid Rohan t74 via cash,74,friends,cash,,,friends_synthetic
today i spent 1261 on dentist via card,1261,healthcare,card,,,voice_transcript
34144 rupees khana order kiya EatFit pe naqad,34144,food,cash,,,hinglish_natural
grocery vegetables milk bread fruits Rs 4419 paid cash,4419,food,cash,,,cue_row
3705 stationery,3705,education,card,,,english_natural
dopahar ko 315 rs. kha liya Nature's Basket pe debit card se,315,food,card,,,hinglish_natural
dost Priya ko 244 rupaye Phone Pe se bheje,244,friends,upi,phonepe,,friends_synthetic
Rs.3260 paid to IRCTC via credit card from Axis Bank,3260,travel,card,,axis,english_natural
"mall
Net Amount 1255
Paid via CARD",1255,shopping,card,,,ocr_receipt
exam fee 253 Phone Pe Successful sbi 3898,253,education,upi,phonepe,sbi,ocr_upi
paid 2425 to Paytm Money through card,2425,investment,card,,,voice_transcript
IndiGo 195,195,travel,cash,,,english_natural
dost flatmate ko 324 rupaye slice se bheje,324,friends,upi,slice,hdfc,friends_synthetic
sent Rs.2954 to friend on Phonepe split bill UPI,2954,friends,upi,phonepe,,cue_row
INR 110.22 paid to Air India via Gpay from SBI,110.22,travel,upi,gpay,sbi,english_natural
Clothing store bill INR 27285,27285,shopping,upi,phonepe,,source_english
petrol pump mein 26431 lag gaye cash se bhara,26431,travel,cash,,,voice_transcript
yaar 436 ₹ ride liyaa rickshaw pe card se,436,travel,card,,yes bank,hinglish_natural
1626 ₹ water bill phonepe se pay kiya bc,1626,utilities,upi,phonepe,sbi,hinglish_natural
split bill 545 Slice se Ananya ko diya,545,friends,upi,slice,,friends_synthetic
personal loan installment EMI deduction 8151 card,8151,emi,card,,,cue_row
aaj Rapido se ride le liya 3937 ₹ ka naqad,3937,travel,cash,,hdfc,hinglish_natural
"D UPGRAD 89 Completed 17Feb 2026,3:09 pm State Bank Bank 6985 UPI transaction ID 2485993178587 TO:UPGRAD upgrad.76206@state bankbank Goog1etransaction lD XYZabc405386 OPI Gpay",89,education,upi,gpay,sbi,ocr_upi
1657 ka ET Money bill pay kiya card se,1657,investment,card,,,voice_transcript
mutual fund SIP stocks PPF FD investment 133 cred,133,investment,upi,cred,,cue_row
raat ko books se admission kar diya 101 rupees ka debit card se hdfc wale account se,101,education,card,,hdfc,hinglish_natural
Hotel booking INR 10523,10523,travel,card,,,source_english
"MedPlus
Net Amount 2937
Paid via slice",2937,healthcare,upi,slice,,ocr_receipt
UPI/25598380/COURSERA/BANK,362,education,card,,,english_natural
t446 charged for Myntra on paytm,446,shopping,upi,paytm,,english_natural
bhai Arjun ko udhar return kiya 4331 rs Google Pay se,4331,friends,upi,gpay,,friends_synthetic
Phonepe payment Rs 473 Rahul axis 4242 completed,473,friends,upi,phonepe,axis,ocr_upi
electronics clothes shoes accessories purchase Rs2190 via card,2190,shopping,card,,,cue_row
Tata CLiQ 79 rupaye card se,79,shopping,card,,slice,hinglish_natural
SLICE payment Rs729 Unacademy icici 9752 completed,729,education,upi,slice,icici,ocr_upi
coaching 12616,12616,education,cash,,,english_natural
dinner split 2071 rupaye Karan Google Pay,2071,friends,upi,gpay,yes bank,friends_synthetic
office se aate hue Zara ka order kya 1153 ₹ credit card se slice se kata,1153,shopping,card,,slice,hinglish_natural
Spent Rs 1133 on Meesho using debit card,1133,shopping,card,,yes bank,english_natural
Paid Rs 21364 to Pooja cred UPI Axis 6468 Done,21364,friends,upi,cred,axis,ocr_upi
Flipkart 33572 rs. UPI se HDFC Bank card se,33572,shopping,upi,jupiter,hdfc,hinglish_natural
Bought Angel One for Rs 2470.19 with Mastercard,2470.19,investment,card,,,english_natural
Payment of R 3946 to Myntra was successful via Gpay UPI Ref No 611869814218592 Bank of Baroda Account 5244,3946,shopping,upi,gpay,bob,ocr_upi
"personal loan EMI 3112 Completed 8Jun 2025,9:52 am Yes Bank 6920 UPI transaction ID 60400819822283",3112,emi,upi,gpay,yes bank,ocr_upi
auto ₹775 Visa,775,travel,card,,,english_natural
Paytm Money se mutual fund kiyaa 300 rupees ka card se,19898,investment,card,,,source_hinglish
2025 mutual fund kiyaa gold pe UPI se pay kiyaa State Bank se,2025,investment,upi,gpay,sbi,hinglish_natural
1175 rs Karan Paytm pe,1175,friends,upi,paytm,hdfc,hinglish_natural
"BILL
1mg
R 14444
Jupiter
Thank You Visit Again",14444,healthcare,upi,jupiter,axis,ocr_receipt
stocks 6979 rupay Fi Money pe,6979,investment,upi,fi,,hinglish_natural
Zee5 me 1316 rupaiye ka ticket lya card se hdfc card se,5,entertainment,card,,hdfc,hinglish_natural
Bought college fees for 43812 with phonepe,43812,education,upi,phonepe,hdfc,english_natural
Paid Rs 16515 for Flipkart from my kotak account via Phone Pe,16515,shopping,upi,phonepe,kotak,english_natural
"hospital BILL
St: t156.50
Phonepe Approved",156.50,healthcare,upi,phonepe,,ocr_receipt
grocery vegetables milk bread fruits 4400 paid phonepe,4400,food,upi,phonepe,,cue_row
Paytm Money me 5295 rs. ka mutual fund kar diya card se,5295,investment,card,,,hinglish_natural
bhai Hotstar ka 21639 rupaye card se de diya,21639,entertainment,card,,,voice_transcript
Vikram payment Rs504 done via Slice,504,friends,upi,slice,,english_natural
bhai Arjun ka 4015 rupaye CRED se de diya,4015,friends,upi,cred,,voice_transcript
2811 charged for flatmate on cash,2811,friends,cash,,,english_natural
NEFT/TRANSFER/GAMING/,280,entertainment,upi,gpay,,english_natural
"TAX INVOICE
FreshMenu
Grand Total: 46719
Payment: CARD",46719,food,card,,,ocr_receipt
19866.74 home loan EMI,19866.74,emi,card,,,english_natural
lunch dinner food order swiggy zomato restaurant meal ₹4276 cash,4276,food,cash,,,cue_row
tuition 131 card,131,education,card,,sbi,english_natural
"D NETFLIX 428.96 Completed 9Mar 2026,10:01 pm RBL Bank Bank 8040 UPI transaction ID 0603229698 TO:NETFLIX netflix.90578@rbl bankbank Soogletransaction lD CICAgJjg456625 OPI Jupiter",428.96,entertainment,upi,jupiter,rbl,ocr_upi
2124 rupees Karan cash ICICI account,2124,friends,cash,,icici,voice_transcript
dentist 408 rupees card se pay kr diya,408,healthcare,card,,,hinglish_natural
paid back friend lent money INR 2820 Slice,2820,friends,upi,slice,,cue_row
37954 rupaye food court Google Pay pe,37954,food,upi,gpay,,hinglish_natural
maine 36888 rupaye Tata CLiQ ko diye card se,36888,shopping,card,,pnb,voice_transcript
subah 43026 ₹ udhar return kia Neha pe cash me,43026,friends,cash,,,hinglish_natural
medical checkup lab test health insurance Rs 1184 cred,1184,healthcare,upi,cred,,cue_row
Divya 164.82 PhonePe Completed Union Bank 6502,164.82,friends,upi,phonepe,union bank,ocr_upi
1623 rupees shopping kya Myntra ko credit card se ICICI se kata bc,1623,shopping,card,,icici,hinglish_natural
aaj IRCTC pe 57 rupaye kharcha hua card se,57,travel,card,,niyo,voice_transcript
netflix spotify hotstar subscription movie show ?1941 cash,1941,entertainment,cash,,,cue_row
MedPlus ka doctor ko die 1828 rs. Cred se,1828,healthcare,upi,cred,,hinglish_natural
electronics clothes shoes accessories purchase 2151 via card,2151,shopping,card,,,cue_row
today i spent 2882 on BSNL via slice,2882,utilities,upi,slice,,voice_transcript
Exam fee INR 39380,39380,education,card,,,source_english
crypto gold bonds NPS portfolio INR 4261 SLICE,4261,investment,upi,slice,,cue_row
13684 rupaye ticket book kya IRCTC ko naqad,13684,travel,cash,,hdfc,hinglish_natural
₹322.58 to Priya via jupiter,322.58,friends,upi,jupiter,,english_natural
paid friend ₹109 via cred,109,friends,upi,cred,,friends_synthetic
maine 23304 rupaye Apollo Pharmacy ko diye G Pay se,23304,healthcare,upi,gpay,,voice_transcript
Bajaj Finance EMI 3402 rupaye bhim se,3402,emi,upi,bhim,icici,hinglish_natural
Paid Rs.188 for Spotify via cash,188,entertainment,cash,,,english_natural
amazon flipkart myntra online shopping order ₹8131 paytm,8131,shopping,upi,paytm,,cue_row
Paid Rs 372 for bro via cash,372,friends,cash,,,english_natural
628 Unacademy,628,education,cash,,,english_natural
hospital se checkup karaya 1790 rupees ka Phone Pe pe,1790,healthcare,upi,phonepe,,hinglish_natural
351 rupay SBI loan card se pay kia,351,emi,card,,,hinglish_natural
aaj diagnostic 946 rupees jupiter se,946,healthcare,upi,jupiter,,hinglish_natural
petrol pump payment ₹110.46 done via cash,110.46,travel,cash,,,english_natural
ATM/CASH/HDFC BANK/18148,18148,shopping,upi,phonepe,hdfc,english_natural
bhai 326 rupay college fees via PayTM zyada ho gaya,326,education,upi,paytm,axis,hinglish_natural
personal loan installment EMI deduction ₹35685 card,35685,emi,card,,,cue_row
aaj clinic se medicine le liya 771 rupay ka debit card se,771,healthcare,card,,,hinglish_natural
ghar jaate waqt JioCinema ka movie dekhi 478 rs. card se sasta tha,478,entertainment,card,,,hinglish_natural
medical checkup lab test health insurance ₹48130 Paytm,48130,healthcare,upi,paytm,axis,cue_row
Mobile recharge INR 35489,35489,utilities,upi,gpay,,source_english
"DISHTV
Item 1 Rs 66
Item 2 INR 203
Total INR 4931
GPay",4931,utilities,upi,gpay,,ocr_receipt
301 rupees installment diy home loan EMI pe via Phonepe,301,emi,upi,phonepe,,hinglish_natural
grocery vegetables milk bread fruits ₹3517 paid Gpay,3517,food,upi,gpay,yes bank,cue_row
Just paid ₹2099.85 to Box8 through G Pay,2099.85,food,upi,gpay,hdfc,english_natural
raat ko Meesho se khareed liyaa 36449 rs. ka via cred sbi wale account se,36449,shopping,upi,cred,sbi,hinglish_natural
bhai Shreya ko udhar return kiya 488 rs cash se,488,friends,cash,,,friends_synthetic
31965 rupaye mutual fund kr diya crypto ko Google Pay pe,31965,investment,upi,gpay,,hinglish_natural
paid back friend lent money R 2797 Google Pay,2797,friends,upi,gpay,,cue_row
11117 rupees order kr diya Croma pe jupiter pe Jupiter se kata,11117,shopping,upi,jupiter,jupiter,hinglish_natural
spent 14286 rupees on RedBus via card,14286,travel,card,,hdfc,voice_transcript
3622.89 to mall via PayTM sbi account,3622.89,shopping,upi,paytm,sbi,english_natural
25313 rupaiye car loan EMI card se,25313,emi,card,,,hinglish_natural
Used HDFC Bank paytm to pay 995.48 for Vikram,995.48,friends,upi,paytm,hdfc,english_natural
paid Arjun INR 371 via cash,371,friends,cash,,bob,friends_synthetic
aaj 391 rupaiye bike loan EMI card se bc,391,emi,card,,hdfc,hinglish_natural
aaj 1727 rs subscription renew kya Gaana pe debit card se,1727,entertainment,card,,,hinglish_natural
Payment of Rs.31320.93 to Reliance Fresh was successful via Paytm UPI Ref No 6292356213 Punjab National Bank Account 1555,31320.93,food,upi,paytm,pnb,ocr_upi
Spotify 239.61 PhonePe Payment done YES BANK 4330,239.61,entertainment,upi,phonepe,yes bank,ocr_upi
Paid stocks ₹2457 using Visa,2457,investment,card,,,english_natural
mutual fund SIP stocks PPF FD investment Rs 45 NIYO,45,investment,upi,niyo,,cue_row
Gpay payment 1484 Bajaj Finance EMI PNB 5502 done,1484,emi,upi,gpay,pnb,ocr_upi
3849 rs. concert G Pay se pay kia,3849,entertainment,upi,gpay,axis,hinglish_natural
4252 rupaiye loan payment kiya bike loan EMI ko card se,4252,emi,card,,icici,hinglish_natural
flatmate rent share 2409 CRED Karan,2409,friends,upi,cred,,friends_synthetic
Tata Play 3498 rupay Bhim se kotak se sasta tha,3498,utilities,upi,bhim,kotak,hinglish_natural
mutual fund SIP stocks PPF FD investment INR 2930 Google Pay,2930,investment,upi,gpay,,cue_row
TO:LENSKART lenskart.62679@icicibankbank From:AMITSINGH (ICICI Bank phonepe : sender7344@okicicibankbank,2413,healthcare,upi,phonepe,icici,ocr_upi
Goibibo me 4174 ₹ ka petrol bharra haath se de diya,4174,travel,cash,,sbi,hinglish_natural
PRACTO INR 32 SLICE,32,healthcare,upi,gpay,slice,english_natural
electricity water broadband mobile recharge bill ?52 bhim,52,utilities,upi,bhim,hdfc,cue_row
amazon flipkart myntra online shopping order INR 3887 Google Pay,3887,shopping,upi,gpay,,cue_row
food court se khana kha liya 83 rupees ka naqad Jupiter card se,83,food,cash,,jupiter,hinglish_natural
dopahar ko 47807 ₹ JioMart UPI se pay kiya,47807,food,upi,gpay,,hinglish_natural
paid 24773 to books through CRED from Punjab National Bank,24773,education,upi,cred,pnb,voice_transcript
Electronics shopping INR 18134,18134,shopping,card,,icici,source_english
"ELECTRICITY BILL
Item 1 ₹365
Item 2 ₹267
Total INR 378
Phonepe",378,utilities,upi,phonepe,,ocr_receipt
kal 20578 ₹ McDonald's Slice se pay kr diya,20578,food,upi,slice,pnb,hinglish_natural
Yatra 2791 phonepe,2791,travel,upi,phonepe,,english_natural
Just paid 3280.02 to RedBus through Mastercard,3280.02,travel,card,,niyo,english_natural
paid bhai ₹154 via GPay,154,friends,upi,gpay,,friends_synthetic
"TAX INVOICE
Dominos
Grand Total: Rs487
Payment: CASH",487,food,cash,,idfc,ocr_receipt
PharmEasy pe 267 rupaye ka doctor ko de diya debit card se Fi se kata bhai,267,healthcare,card,,fi,hinglish_natural
"D APPLEMUSIC 39 Completed 7Feb 2026,1:48 pm HDFC Bank 1217 UPI transaction ID 14319384153118 TO:APPLEMUSIC apple music.87869@hdfcbank Soogletransaction lD CICAgJjg731397 OPI PhonePe",39,entertainment,upi,phonepe,hdfc,ocr_upi
Nykaa Rs428 Mastercard,428,shopping,card,,,english_natural
Rs393.44 paid to HDFC loan via gpay UPI from Yes Bank Bank ending 5270,393.44,emi,upi,gpay,yes bank,ocr_upi
BSNL ka recharge kya 34958 rupees cash diy,43625,utilities,cash,,,source_hinglish
"BILL
Haldirams
Rs304
BHIM
Thank You Visit Again",304,food,upi,bhim,,ocr_receipt
JioMart ka food order kiyaa 46 rs. cash me jupiter card se,46,food,cash,,jupiter,hinglish_natural
Tata CLiQ pe 379 ka shopping kr diya phonepe se pay kya,379,shopping,upi,phonepe,,hinglish_natural
today i spent 3049 on Zee5 via card,3049,entertainment,card,,,voice_transcript
electricity water broadband mobile recharge bill Rs455 card,455,utilities,card,,,cue_row
grocery vegetables milk bread fruits ₹47786 paid cash,47786,food,cash,,,cue_row
gaming ka movie dekhi 4706 haath se diye,4706,entertainment,cash,,,hinglish_natural
petrol diesel fuel Rs 41556 at pump card,41556,travel,card,,sbi,cue_row
spent 59 rupees on Flipkart via card,59,shopping,card,,,voice_transcript
office se aate hue Bewakoof pe 32249 rupees ka saman liyaa UPI se diyee,32249,shopping,upi,phonepe,jupiter,hinglish_natural
Paid 12003 for MakeMyTrip via phonepe,12003,travel,upi,phonepe,,english_natural
home loan car loan credit card EMI monthly ₹526 autopay card,526,emi,card,,,cue_row
bhai se dost ko die 349 ka fi se pay kiya,349,friends,upi,fi,,hinglish_natural
grocery vegetables milk bread fruits t12308 paid cash,12308,food,cash,,,cue_row
₹18374.77 paid to Amazon via card from HDFC Bank,18374.77,shopping,card,,hdfc,english_natural
dopahar ko Amazon Prime 722 rs card se pay kia,722,entertainment,card,,,hinglish_natural
subah 125 rupaiye 1mg UPI se de diye,125,healthcare,upi,gpay,,hinglish_natural
diagnostic payment ₹26113 done via cash,26113,healthcare,cash,,,english_natural
yaar 186 rupay EMI bharra credit card EMI pe debit card se kotak se,186,emi,card,,kotak,hinglish_natural
Payment of Rs4069.33 to IRCTC was successful via PhonePe UPI Ref No 689068878580 icici Account 2712,4069.33,travel,upi,phonepe,icici,ocr_upi
₹296 to 1mg via paytm ICICI account,296,healthcare,upi,paytm,icici,english_natural
canteen ka khana order kr diya 4701 rupaye naqad,4701,food,cash,,jupiter,hinglish_natural
PPF mein 60 lag gaye card se bhara,60,investment,card,,,voice_transcript
aaj bike loan EMI 40516 ₹ Niyo se pay kiyaa,40516,emi,upi,niyo,,hinglish_natural
medical checkup lab test health insurance 4329 card,4329,healthcare,card,,,cue_row
?304 paid to Behrouz via paytm UPI from sbi Bank ending 9790,304,food,upi,paytm,sbi,ocr_upi
Paid 2209 to society maintenance slice UPI BOB 8559 Successful,2209,utilities,upi,slice,bob,ocr_upi
"D GOLD 461.53 Completed 6Jan 2026,8:54 pm sbi Bank 8396 UPI transaction ID 952075704648371 TO:GOLD gold.51686@sbibank Soogletransaction lD CICAgJjg763174 OPI gpay",461.53,investment,upi,gpay,sbi,ocr_upi
SIP ka invest kr diya 308 rs debit card se HDFC card se,308,investment,card,,hdfc,hinglish_natural
sent money to Pooja ₹2417 on cash,2417,friends,cash,,,friends_synthetic
ATM/CASH/BANK/376.39,376.39,entertainment,upi,cred,,english_natural
INR 30624.88 to Goibibo via cash,30624.88,travel,cash,,,english_natural
INSURANCE PREMIUM INR 4867 STATE BANK,4867,utilities,upi,phonepe,sbi,english_natural
"diagnostic
Net Amount 6364.86
Paid via CARD",6364.86,healthcare,card,,,ocr_receipt
Just paid Rs 30586.45 to Zerodha through Slice,30586.45,investment,upi,slice,,english_natural
"Apple Music BILL
St: ?1351
CARD Approved",1351,entertainment,card,,pnb,ocr_receipt
today i spent 14384 on mall via BHIM,14384,shopping,upi,bhim,,voice_transcript
"Receipt #9557
dentist
Amount Paid: ?44682
Mode: phonepe",44682,healthcare,upi,phonepe,,ocr_receipt
Coin 89 ₹ Paytm se pay kr diya sasta tha,89,investment,upi,paytm,,hinglish_natural
2747 ka Pizza Hut bill pay kiya cash se,2747,food,cash,,,voice_transcript
i paid 320 rupees for Lenskart using card,320,shopping,card,,,voice_transcript
i paid 1782 rupees for car loan EMI using gpay,1782,emi,upi,gpay,,voice_transcript
abhi 45284 ₹ kiraya diy auto ko naqad,45284,travel,cash,,,hinglish_natural
hospital doctor pharmacy medicine diagnostic ₹625 Cred,625,healthcare,upi,cred,,cue_row
ATM/CASH/FI MONEY/479,479,food,cash,,fi,english_natural
Personal loan installment INR 33184,33184,emi,upi,paytm,,source_english
mess ₹24001 debited from IDFC First,24001,food,card,,idfc,english_natural
eye checkup me 2873 rupaye ka test karaya via niyo,2873,healthcare,upi,niyo,sbi,hinglish_natural
school college tuition course books fees 2126 card,2126,education,card,,,cue_row
aaj Zerodha pe 4316 rupaye kharcha hua card se,4316,investment,card,,jupiter,voice_transcript
263 charged for FD on jupiter,263,investment,upi,jupiter,,english_natural
INR 1382 to Flipkart via BHIM,1382,shopping,upi,bhim,,english_natural
hospital doctor pharmacy medicine diagnostic 3161 PayTM,3161,healthcare,upi,paytm,icici,cue_row
bhai 2641 rs. mutual fund kar diya NPS pe via Jupiter,2641,investment,upi,jupiter,,hinglish_natural
JioCinema 211.31,211.31,entertainment,cash,,,english_natural
639 rupees stocks card,639,investment,card,,,voice_transcript
"D SNAPDEAL 90.17 Completed 28Mar 2026,6:25 pm kotak Bank 2413 UPI transaction ID 54571752614220 TO:SNAPDEAL snapdeal.67639@kotakbank Goog1etransaction lD CICAgJjg307220 OPI BHIM",90.17,shopping,upi,bhim,kotak,ocr_upi
market payment ₹92 done via Visa,92,shopping,card,,,english_natural
3898 rupay Airtel recharge UPI se,3898,utilities,upi,paytm,hdfc,hinglish_natural
doctor se checkup karaya 29 rs. ka card se Fi Money card se yaar,29,healthcare,card,,fi,hinglish_natural
TO:AMAZON amazon.23080@icicibank From:PRIYASHARMA (icici PayTM : sender7666@okicicibank,857,shopping,upi,paytm,icici,ocr_upi
1264 ₹ Zee5 PhonePe pe,1264,entertainment,upi,phonepe,,hinglish_natural
Bought food court for Rs.832.30 with cash,832.30,food,cash,,icici,english_natural
dopahar ko Bajaj Finance EMI se installment de diya 73 ₹ ka debit card se,73,emi,card,,,hinglish_natural
dopahar ko exam fee 4182 rupay card se pay kya,4182,education,card,,sbi,hinglish_natural
FD payment ₹315 done via Gpay,315,investment,upi,gpay,,english_natural
Paid ₹419 to gas bill Cred UPI State Bank 7976 Completed,419,utilities,upi,cred,sbi,ocr_upi
42676 rs. Burger King haath se diy,42676,food,cash,,pnb,hinglish_natural
2717 rs. Amit paytm pe bohot mehenga,2717,friends,upi,paytm,,hinglish_natural
electricity water broadband mobile recharge bill INR 201 card,201,utilities,card,,,cue_row
YouTube Premium pe 38994 rupay ka ticket lia credit card se,38994,entertainment,card,,,hinglish_natural
772 rupaye DishTV UPI se diye,772,utilities,upi,phonepe,,hinglish_natural
home loan EMI ka loan payment kiya 8086 rupees bhim se pay kiya,8086,emi,upi,bhim,,hinglish_natural
bhai education loan EMI se EMI bharra 4266 rupay ka GPay se,4266,emi,upi,gpay,,hinglish_natural
312 rupees Rahul PayTM,312,friends,upi,paytm,,voice_transcript
clinic 98,98,healthcare,upi,phonepe,,english_natural
Rs.653 paid to coaching via slice UPI from hdfc Bank ending 4453,653,education,upi,slice,hdfc,ocr_upi
crypto ka stock le liya 3062 debit card se,3062,investment,card,,,hinglish_natural
"broadband
Net Amount 7488
Paid via G Pay",7488,utilities,upi,gpay,,ocr_receipt
paid 448 to Hotstar through niyo from slice,448,entertainment,upi,niyo,slice,voice_transcript
flight booking travel ticket ₹215 Phonepe,215,travel,upi,phonepe,,cue_row
ghar jaate waqt lab test 34670 rs. credit card se Kotak Mahindra wale account se,34670,healthcare,card,,kotak,hinglish_natural
abhi Vedantu ka admission kar diya 461 rupaye card se pay kr diya,461,education,card,,idfc,hinglish_natural
subah BookMyShow pe 120 rs. ka game le liya credit card se,120,entertainment,card,,,hinglish_natural
Payment of Rs.140.55 to Faasos was successful via Phonepe UPI Ref No 265875031049791 Axis Bank Account 8279,140.55,food,upi,phonepe,axis,ocr_upi
SonyLIV ka game liya 20540 rupaiye credit card se SLICE card se,20540,entertainment,card,,slice,hinglish_natural
dopahar ko 4033 rs mobile recharge Jupiter se pay kr diya,4033,utilities,upi,jupiter,,hinglish_natural
"TAX INVOICE
Croma
Grand Total: INR 1039.02
Payment: CRED",1039.02,shopping,upi,cred,,ocr_receipt
mobile recharge Rs28488.11 cash,28488.11,utilities,cash,,,english_natural
2450 rupaiye dentist debit card se bhai,2450,healthcare,card,,hdfc,hinglish_natural
95 card Flipkart,95,shopping,card,,hdfc,english_natural
41351 ka FD bill pay kiya card se sbi se kata,41351,investment,card,,sbi,voice_transcript
Rs 30423.77 to Rahul via cash HDFC account,30423.77,friends,cash,,hdfc,english_natural
Paid INR 45900 for Snapdeal from my SLICE account via card,45900,shopping,card,,slice,english_natural
electronics clothes shoes accessories purchase 394 via card,394,shopping,card,,hdfc,cue_row
kal 2573 rs friend UPI se bohot mehenga,2573,friends,upi,jupiter,,hinglish_natural
481 rupaiye bike loan EMI Google Pay se pay kya,481,emi,upi,gpay,,hinglish_natural
aaj CCD pe 16568 rupaye kharcha hua card se,16568,food,card,,slice,voice_transcript
spent 2596 rupees on Amit via PayTM,2596,friends,upi,paytm,idfc,voice_transcript
books ₹32162.67 debited from PNB,32162.67,education,upi,phonepe,pnb,english_natural
"Receipt #9585
mall
Amount Paid: 46884
Mode: CARD",46884,shopping,card,,axis,ocr_receipt
i did 3987 expense on HP Petrol using cash,3987,travel,cash,,sbi,voice_transcript
"Receipt #2256
insurance premium
Amount Paid: Rs120
Mode: Google Pay",120,utilities,upi,gpay,,ocr_receipt
ET Money pe 387 rupay ka stock le liya PhonePe se pay kar diya,387,investment,upi,phonepe,,hinglish_natural
sent INR 316 to dost on phonepe,316,friends,upi,phonepe,sbi,friends_synthetic
subah Bajaj Finance EMI me 105 rupaiye ka installment de diya UPI se pay kia State Bank account se,13363,emi,upi,slice,sbi,source_hinglish
Zara mein 484 lag gaye card se bhara,484,shopping,card,,jupiter,voice_transcript
Angel One ka stock liyaa 32321 rs. UPI se Axis account se bohot mehenga,32321,investment,upi,phonepe,axis,hinglish_natural
Dominos 300 rupees gpay se SLICE se kata,300,food,upi,gpay,slice,hinglish_natural
476 rupaiye Amazon Prime debit card se,476,entertainment,card,,hdfc,hinglish_natural
Paid t622 for Angel One via slice,622,investment,upi,slice,,english_natural
853 gpay coaching,853,education,upi,gpay,,english_natural
dost dost ko 131 rupaye Phonepe se bheje,131,friends,upi,phonepe,,friends_synthetic
water bill 31921 PhonePe Successful ICICI 1474,31921,utilities,upi,phonepe,icici,ocr_upi
bhim payment Rs 41867 Karan Indusind Bank 2539 completed,41867,friends,upi,bhim,indusind,ocr_upi
Rs.4258 debited from your Axis Bank account for Air India (GPay UPI),4258,travel,upi,gpay,axis,ocr_upi
Spent ₹18227 on Coin using card,18227,investment,card,,kotak,english_natural
bhai Pooja ko udhar return kiya 101 rs Phone Pe se,101,friends,upi,phonepe,sbi,friends_synthetic
paid 402 to HDFC loan through SLICE,402,emi,upi,slice,,voice_transcript
dopahar ko 67 rs medicine lia Practo pe Phone Pe se,67,healthcare,upi,phonepe,,hinglish_natural
Just paid t4749 to doctor through Slice,4749,healthcare,upi,slice,slice,english_natural
Rs.1290 debited from your HDFC Bank account for Goibibo (bhim UPI),1290,travel,upi,bhim,hdfc,ocr_upi
273 rupay dost ko die flatmate ko Phone Pe se,273,friends,upi,phonepe,,hinglish_natural
2437 rs. dawai liya eye checkup pe via cred,2437,healthcare,upi,cred,idfc,hinglish_natural
i paid 248 rupees for home loan EMI using card,248,emi,card,,,voice_transcript
bhai Zomato 39410 rupaiye cash me,39410,food,cash,,,hinglish_natural
Bought DishTV for ₹1740 with slice,1740,utilities,upi,slice,,english_natural
gpay payment 3127 FreshMenu RBL Bank 7890 completed,3127,food,upi,gpay,rbl,ocr_upi
HDFC loan 4757 jupiter,4757,emi,upi,jupiter,axis,ocr_upi
191 paid to clinic via Phone Pe UPI from icici Bank ending 3353,191,healthcare,upi,phonepe,icici,ocr_upi
2649 ₹ INOX Phonepe pe,2649,entertainment,upi,phonepe,canara,hinglish_natural
Arjun ka 2406 rupees ka bill GPay se pay kiya,2406,friends,upi,gpay,bob,voice_transcript
"TAX INVOICE
gaming
Grand Total: Rs.4719.76
Payment: CARD",4719.76,entertainment,card,,,ocr_receipt
Gas bill payment INR 25781,25781,utilities,upi,paytm,,source_english
427 rs. order kar diya Ajio pe via Paytm,427,shopping,upi,paytm,niyo,hinglish_natural
today i spent 133 on Paytm Money via card from my Niyo bank,133,investment,card,,niyo,voice_transcript
raat ko Dominos ka food order kya 1084 rs. UPI se diy,1084,food,upi,fi,federal bank,hinglish_natural
Used Niyo PhonePe to pay 101 for gas bill,101,utilities,upi,phonepe,niyo,english_natural
eye checkup 1424.03,1424.03,healthcare,upi,gpay,jupiter,english_natural
INR 315 debited from your HDFC Bank account for bro (cred UPI),315,friends,upi,cred,hdfc,ocr_upi
Zepto pe 36 ka mangwaya cash diy,36,food,cash,,,hinglish_natural
bike loan EMI pe 486 rs ka EMI kat gayi card se,486,emi,card,,idfc,hinglish_natural
Spent t12813.86 on Paytm Money using GPay,12813.86,investment,upi,gpay,,english_natural
₹48627 debited from your State Bank account for FirstCry (Phonepe UPI),48627,shopping,upi,phonepe,sbi,ocr_upi
75 rs BookMyShow card se,75,entertainment,card,,fi,hinglish_natural
124 paid to bike loan EMI via PayTM UPI from HDFC Bank ending 2001,124,emi,upi,paytm,hdfc,ocr_upi
Zomato payment 1109.83 done via cash,1109.83,food,cash,,,english_natural
Zerodha pe 34065 ka mutual fund kia UPI se de diye,34065,investment,upi,gpay,,hinglish_natural
Paid ?153 to 1mg gpay UPI HDFC 4791 Completed,153,healthcare,upi,gpay,hdfc,ocr_upi
subah Coin se invest kya 1555 ₹ ka card se,1555,investment,card,,icici,hinglish_natural
3268 Slice SpiceJet,3268,travel,upi,slice,,english_natural
spent 31289 rupees on home loan EMI via card,31289,emi,card,,hdfc,voice_transcript
school college tuition course books fees 2720 G Pay,2720,education,upi,gpay,,cue_row
hospital pe 4488 rupaiye ka doctor ko diyee naqad,4488,healthcare,cash,,,hinglish_natural
bhai Divya ko udhar return kiya 8930 rs Gpay se,8930,friends,upi,gpay,kotak,friends_synthetic
t3632 debited from your icici account for Reliance Digital (phonepe UPI),3632,shopping,upi,phonepe,icici,ocr_upi
spent 4839 rupees on yaar via slice,4839,friends,upi,slice,sbi,voice_transcript
aaj colleague pe 1408 rupaye kharcha hua slice se,1408,friends,upi,slice,,voice_transcript
Spent INR 21656 on Meesho using cash,21656,shopping,cash,,,english_natural
36677 rupaye Nykaa Gpay se pay kya,36677,shopping,upi,gpay,,hinglish_natural
books mein 904 lag gaye card se bhara,904,education,card,,,voice_transcript
492 paytm credit card EMI,492,emi,upi,paytm,yes bank,english_natural
UPI/37556859/ANGEL ONE/BANK,293.37,investment,upi,cred,,english_natural
i did 22274 expense on yaar using CRED,22274,friends,upi,cred,axis,voice_transcript
College fees payment INR 29249,29249,education,upi,niyo,kotak,source_english
Faasos me 267 rupaiye ka kha liya jupiter se pay kr diya HDFC account se,267,food,upi,jupiter,hdfc,hinglish_natural
362 rs Lenskart card se,362,shopping,card,,icici,hinglish_natural
264 paid to Hotstar via PayTM UPI from SBI Bank ending 6947,264,entertainment,upi,paytm,sbi,ocr_upi
maine 198 rupaye clinic ko diye Slice se,198,healthcare,upi,slice,,voice_transcript
netflix spotify hotstar subscription movie show Rs.65 card,65,entertainment,card,,,cue_row
31091 DishTV,31091,utilities,upi,phonepe,hdfc,english_natural
Jupiter payment Rs 4768 Nature's Basket HDFC 9716 done,4768,food,upi,jupiter,hdfc,ocr_upi
10188 rupaye Practo UPI se,10188,healthcare,upi,gpay,idfc,hinglish_natural
1mg pe 48002 ₹ ka checkup karaya G Pay pe Kotak Mahindra account se,1,healthcare,upi,gpay,kotak,hinglish_natural
Spent ₹4606 on Groww using CRED,4606,investment,upi,cred,,english_natural
home loan EMI pe 339 rupay ka installment de diye card se budget tod diya,339,emi,card,,,hinglish_natural
Unacademy me 3577 ₹ ka books le liya card se HDFC Bank se,3577,education,card,,hdfc,hinglish_natural
KFC 69.95,69.95,food,upi,phonepe,pnb,english_natural
dost bhai ko 188 rupaye PayTM se bheje,188,friends,upi,paytm,sbi,friends_synthetic
insurance premium 409 naqad,409,utilities,cash,,,hinglish_natural
amazon flipkart myntra online shopping order INR 2501 cash,2501,shopping,cash,,,cue_row
bhai HDFC loan se installment diyee 27227 rs ka credit card se,27227,emi,card,,,hinglish_natural
car loan EMI ka 4391 rupees ka bill card se pay kiya,4391,emi,card,,,voice_transcript
aaj PharmEasy pe 456 rupaye kharcha hua card se,456,healthcare,card,,,voice_transcript
maine 1334 rupaye Lenskart ko diye card se,1334,healthcare,card,,,voice_transcript
Airtel recharge me 16431 rs. ka recharge kia cash me,16431,utilities,cash,,,hinglish_natural
flatmate rent share 2378 cash roommate,2378,friends,cash,,,friends_synthetic
457 rs. Zerodha credit card se achha deal mila,457,investment,card,,niyo,hinglish_natural
"D PETROLPUMP 3823 Completed 1Jan 2026,8:20 pm ICICI Bank Bank 4505 UPI transaction ID 6823373393 TO:PETROLPUMP petrol pump.46575@icici bankbank Googletransaction lD XYZabc126788 OPI Phonepe",3823,travel,upi,phonepe,icici,ocr_upi
Paid ₹2023 for Uber via cash,2023,travel,cash,,,english_natural
6718 rupay mutual fund kar diya mutual fund pe card se RBL card se,6718,investment,card,,rbl,hinglish_natural
POS/BYJU'S/CRED/5009,84,education,upi,cred,sbi,english_natural
Spent Rs440 on gold using credit card,440,investment,card,,bandhan,english_natural
2472.47 debited from your sbi account for Subway (CRED UPI),2472.47,food,upi,cred,sbi,ocr_upi
subah cafe se food order kiyaa 41653 rupaiye ka haath se diye,41653,food,cash,,,hinglish_natural
TO:MCDONALD'S mcdonald's.69047@hdfcbankbank From:RAHULKUMAR (HDFC Bank paytm : user1831@okhdfcbankbank,359,food,upi,paytm,hdfc,ocr_upi
TO:UPGRAD upgrad.35339@icicibankbank From:RAHULKUMAR (ICICI Bank CRED : user9397@okicicibankbank,415.34,education,upi,cred,icici,ocr_upi
doctor 29029.87 card,29029.87,healthcare,card,,jupiter,english_natural
electronics store 2779 rupay credit card se bc,2779,shopping,card,,hdfc,hinglish_natural
t238 charged for petrol pump on card,238,travel,card,,hdfc,english_natural
bhai 132 rs. ticket book kiya Uber ko card se pay kr diya hdfc wale account se budget tod diya,11927,travel,card,,hdfc,source_hinglish
"D BURGERKING 41527 Completed 20Apr 2026,3:50 pm sbi Bank 8891 UPI transaction ID 372436752356 TO:BURGERKING burger king.41693@sbibank Googletransaction lD CICAgJjg897335 OPI PayTM",41527,food,upi,paytm,sbi,ocr_upi
1MG INR 3164 JUPITER,3164,healthcare,upi,slice,jupiter,english_natural
Payment of t126 to Indian Oil was successful via BHIM UPI Ref No 98215900713204 HDFC Account 3234,126,travel,upi,bhim,hdfc,ocr_upi
IRCTC mein 49361 lag gaye card se bhara,49361,travel,card,,,voice_transcript
Paid Cleartrip Rs 74 using phonepe from NIYO,74,travel,upi,phonepe,niyo,english_natural
personal loan EMI ka EMI kat gayi 415 ₹ credit card se yaar,415,emi,card,,hdfc,hinglish_natural
BookMyShow 2624 rupaye card se,2624,entertainment,card,,icici,hinglish_natural
₹706 to Divya PayTM UPI,706,friends,upi,paytm,,friends_synthetic
maine 257 rupaye gold ko diye BHIM se,257,investment,upi,bhim,hdfc,voice_transcript
aaj Neha 4658 rs cred se,4658,friends,upi,cred,idfc,hinglish_natural
yaar BSNL 1528 rupay naqad axis card se,1528,utilities,cash,,axis,hinglish_natural
68 rupay course liya Coursera ko cash me,68,education,cash,,fi,hinglish_natural
Spent t2820 on Rohan using cash,2820,friends,cash,,,english_natural
sent money to Amit R 1051 on jupiter,1051,friends,upi,jupiter,icici,friends_synthetic
Haldirams me 47796 ₹ ka mangwaya bhim se pay kr diya,47796,food,upi,bhim,,hinglish_natural
i paid 300 rupees for Zara using card,300,shopping,card,,axis,voice_transcript
spent 2625 rupees on Faasos via paytm,2625,food,upi,paytm,jupiter,voice_transcript
2002 rs bill pay kr diya Jio recharge ko gpay pe bohot mehenga,2002,utilities,upi,gpay,,hinglish_natural
40940 debited from your SBI account for Tata CLiQ (Paytm UPI),40940,shopping,upi,paytm,sbi,ocr_upi
"clinic 16332 Completed 21Mar 2026,11:59 pm SBI 8512 UPI transaction ID 526746934432228",16332,healthcare,upi,paytm,sbi,ocr_upi
uber ola cab ride airport train ticket ₹3782 cash,3782,travel,cash,,,cue_row
electricity bill ka payment kia 2988 rs. credit card se zyada ho gaya,2988,utilities,card,,,hinglish_natural
bhai bhai ko udhar return kiya 354 rs paytm se,354,friends,upi,paytm,,friends_synthetic
aaj mutual fund ka stock lya 190 ₹ Phonepe se pay kiyaa HDFC Bank card se,10856,investment,upi,phonepe,hdfc,source_hinglish
Coin ₹3702 debited from ICICI,3702,investment,upi,fi,icici,english_natural
Spotify Rs12626.96 debited from HDFC,12626.96,entertainment,upi,slice,hdfc,english_natural
subah H&M ka shopping kr diya 140 rs. slice se,34623,shopping,upi,slice,,source_hinglish
personal loan installment EMI deduction 935 PayTM,935,emi,upi,paytm,,cue_row
today i spent 45915 on Netflix via Paytm from my hdfc bank,45915,entertainment,upi,paytm,hdfc,voice_transcript
26834 rupay dost ko diy yaar ko phonepe pe,26834,friends,upi,phonepe,fi,hinglish_natural
POS/POOJA/DEBIT CARD/1591,407.69,friends,card,,,english_natural
aaj eye checkup pe 37257 rupaye kharcha hua G Pay se,37257,healthcare,upi,gpay,,voice_transcript
Chai Point pe 6763 rupees ka food order kya UPI se State Bank wale account se,23342,food,upi,gpay,sbi,source_hinglish
today i spent 2739 on Coursera via G Pay,2739,education,upi,gpay,,voice_transcript
Bought Yatra for INR 415.58 with card,415.58,travel,card,,sbi,english_natural
paid 3857 to PPF through card,3857,investment,card,,,voice_transcript
UPI/37512550/PRACTO/STATE BANK,19735,healthcare,upi,phonepe,sbi,english_natural
flatmate rent share 3681 card yaar,3681,friends,card,,,friends_synthetic
184 car loan EMI,184,emi,card,,,english_natural
grocery vegetables milk bread fruits 19933 paid card,19933,food,card,,,cue_row
JioCinema se movie dekhi 1703 rupay ka debit card se HDFC Bank se,1703,entertainment,card,,hdfc,hinglish_natural
Paid 115.68 to Rahul PayTM UPI Kotak 1379 Completed,115.68,friends,upi,paytm,kotak,ocr_upi
flatmate ka split kiya 69 Jupiter se pay kia,69,friends,upi,jupiter,,hinglish_natural
2545 rs. credit card EMI credit card se,2545,emi,card,,hdfc,hinglish_natural
Used sbi Mastercard to pay ₹43972.84 for Pizza Hut,43972.84,food,card,,sbi,english_natural
4689 rs kiraya die HP Petrol pe naqad,4689,travel,cash,,icici,hinglish_natural
Rs 338 debited from your HDFC Bank account for INOX (G Pay UPI),338,entertainment,upi,gpay,hdfc,ocr_upi
Bought hospital for 153 with gpay,153,healthcare,upi,gpay,,english_natural
aaj concert pe 2559 rupaye kharcha hua card se,2559,entertainment,card,,icici,voice_transcript
SonyLIV 13564 paytm,13564,entertainment,upi,paytm,kotak,ocr_upi
Behrouz pe 221 ka mangwaya Phonepe se ICICI se,221,food,upi,phonepe,icici,hinglish_natural
29923 rs food order kr diya FreshMenu ko UPI se diye,29923,food,upi,gpay,,hinglish_natural
sent 1128 to friend on cash split bill UPI,1128,friends,cash,,hdfc,cue_row
Stock purchase INR 21427,21427,investment,upi,cred,,source_english
Payment of Rs.2041 to metro was successful via PhonePe UPI Ref No 99525800096 HDFC Account 6795,2041,travel,upi,phonepe,hdfc,ocr_upi
"BILL
Dominos
R 415
SLICE
Thank You Visit Again",415,food,upi,slice,axis,ocr_receipt
Rs230 to PharmEasy via cash ICICI Bank account,230,healthcare,cash,,icici,english_natural
43804 rs rent UPI se diy,43804,utilities,upi,cred,,hinglish_natural
Used sbi Mastercard to pay 27223 for bike loan EMI,27223,emi,card,,sbi,english_natural
grocery vegetables milk bread fruits 4204 paid cash,4204,food,cash,,,cue_row
broadband 3462 rupaiye UPI se bohot mehenga,35323,utilities,upi,phonepe,,source_hinglish
TO:NETMEDS netmeds.31036@pnbbank From:PRIYASHARMA (PNB Jupiter : sender7610@okpnbbank,25641.88,healthcare,upi,jupiter,pnb,ocr_upi
280 rupees SBI loan card,280,emi,card,,,voice_transcript
₹1701 to Karan jupiter UPI,1701,friends,upi,jupiter,,friends_synthetic
NEFT/TRANSFER/CLEARTRIP/,2689,travel,cash,,,english_natural
exam fee se books liyaa 415 rupaiye ka card se pay kr diya,415,education,card,,sbi,hinglish_natural
Rohan 81 rs. credit card se,81,friends,card,,,hinglish_natural
3389 rs. subscription renew kiyaa INOX ko UPI se,3389,entertainment,upi,gpay,,hinglish_natural
dopahar ko doctor pe 2742 rupees ka doctor ko diyee UPI se diyee,2742,healthcare,upi,slice,,hinglish_natural
paid 32809 to Bajaj Finance EMI through PhonePe,32809,emi,upi,phonepe,,voice_transcript
3712.55 mess,3712.55,food,card,,axis,english_natural
45009 rupaye mall credit card se,45009,shopping,card,,hdfc,hinglish_natural
NEFT/TRANSFER/CLINIC/SLICE,5326,healthcare,upi,phonepe,slice,english_natural
yaar 2527.93,2527.93,friends,upi,gpay,hdfc,english_natural
4315 rupaiye medicine lya dentist ko credit card se,4315,healthcare,card,,sbi,hinglish_natural
4836 rs. shopping kar diya Nykaa ko UPI se BOB card se,4836,shopping,upi,jupiter,bob,hinglish_natural
INR 22332 to Amit paytm UPI,22332,friends,upi,paytm,,friends_synthetic
Swiggy pe 243 rs. ka kha liya Phonepe se pay kya,243,food,upi,phonepe,,hinglish_natural
Paid Rs.6752.62 for PPF via PayTM,6752.62,investment,upi,paytm,,english_natural
petrol pump se petrol bharra 2047 rupaiye ka UPI se pay kar diya,2047,travel,upi,jupiter,icici,hinglish_natural
ghar jaate waqt DishTV pe 1531 rupaye ka bill pay kr diya via Bhim,1531,utilities,upi,bhim,,hinglish_natural
subah Vedantu me 691 rupees ka admission kiyaa debit card se ICICI Bank account se,691,education,card,,icici,hinglish_natural
colleague ko 14674 transfer kiya paytm se,14674,friends,upi,paytm,union bank,friends_synthetic
sent R 34100 to friend on cred split bill UPI,34100,friends,upi,cred,,cue_row
t1818 to colleague PhonePe UPI,1818,friends,upi,phonepe,,friends_synthetic
"Practo
Net Amount 309
Paid via CARD",309,healthcare,card,,,ocr_receipt
TO:AMAZON amazon.30961@hdfcbank From:RAHULKUMAR (hdfc Phonepe : user7539@okhdfcbank,32826.96,shopping,upi,phonepe,hdfc,ocr_upi
Hotstar 106 rupay debit card se,106,entertainment,card,,,hinglish_natural
Coin ka invest kia 3491 rupaye UPI se,3491,investment,upi,gpay,,hinglish_natural
1mg se test karaya 2064 rs ka Fi Money se pay kia,1,healthcare,upi,fi,,hinglish_natural
Coursera pe 282 rupaiye ka books liya cash me yaar,282,education,cash,,,hinglish_natural
Bought PPF for Rs.22280 with Slice,22280,investment,upi,slice,,english_natural
Payment of Rs.362 to library was successful via Google Pay UPI Ref No 298148978390 SBI Account 6412,362,education,upi,gpay,sbi,ocr_upi
sent money to Vikram ₹481 on Google Pay,481,friends,upi,gpay,,friends_synthetic
bhai eye checkup ka 3011 rupaye paytm se de diya,3011,healthcare,upi,paytm,,voice_transcript
249 rupaye gaming cash me,249,entertainment,cash,,,hinglish_natural
18612 ₹ kiraya diy Bharat Petroleum pe UPI se die bc,18612,travel,upi,cred,niyo,hinglish_natural
kal 30175 rupaye PPF card se sasta tha,30175,investment,card,,,hinglish_natural
Paid Rs.1366.56 for Udemy via gpay,1366.56,education,upi,gpay,,english_natural
YouTube Premium 238 rs card se pay kiya,238,entertainment,card,,sbi,hinglish_natural
aaj 411 rupaye stock liya NPS pe UPI se pay kya,411,investment,upi,bhim,,hinglish_natural
i paid 99 rupees for Divya using Google Pay,99,friends,upi,gpay,,voice_transcript
lunch dinner food order swiggy zomato restaurant meal Rs 21064 paytm,21064,food,upi,paytm,hdfc,cue_row
Bajaj Finance EMI se EMI kat gayi 45533 ka credit card se Canara Bank card se,45533,emi,card,,canara,hinglish_natural
Rs 252.00 debited from your IDFC First account for Airtel recharge (slice UPI),252.00,utilities,upi,slice,idfc,ocr_upi
"DMart
Net Amount 2948.27
Paid via gpay",2948.27,food,upi,gpay,,ocr_receipt
raat ko 209 rs. Tata CLiQ card se pay kiyaa,209,shopping,card,,,hinglish_natural
31104 rupees library cash,31104,education,cash,,,voice_transcript
"ZEPTO
Item 1 ₹331
Item 2 127
Total Rs.68.93
PhonePe",68.93,food,upi,phonepe,,ocr_receipt
netflix spotify hotstar subscription movie show ₹327 gpay,327,entertainment,upi,gpay,sbi,cue_row
today i spent 2149 on Lenskart via card from my sbi bank,2149,shopping,card,,sbi,voice_transcript
Amazon purchase INR 15088,15088,shopping,upi,paytm,,source_english
"bike loan EMI 30995.62 Completed 10Jan 2026,7:45 am Punjab National Bank 2367 UPI transaction ID 69652415731802",30995.62,emi,upi,paytm,pnb,ocr_upi
amazon flipkart myntra online shopping order ₹420 card,420,shopping,card,,,cue_row
Rs.116 to FreshMenu via cash,116,food,cash,,,english_natural
school fees mein 3032 lag gaye Google Pay se bhara,3032,education,upi,gpay,,voice_transcript
Paid 2302.00 for Hotstar via card,2302.00,entertainment,card,,federal bank,english_natural
raat ko SpiceJet ka ride lya 21339 ₹ haath se die,21339,travel,cash,,,hinglish_natural
bhai Uber ka 4903 rupaye cash se de diya,4903,travel,cash,,,voice_transcript
flatmate rent share 388 Paytm yaar,388,friends,upi,paytm,,friends_synthetic
electronics store Rs.216 paytm,216,shopping,upi,paytm,,english_natural
Game purchase INR 19281,19281,entertainment,upi,phonepe,,source_english
2719 cash college fees,2719,education,cash,,,english_natural
office se aate hue 432 khana kha liya Blinkit ko card se,432,food,card,,,hinglish_natural
TO:DISHTV dishtv.33257@axisbank From:PRIYASHARMA (axis G Pay : user1591@okaxisbank,4706.68,utilities,upi,gpay,axis,ocr_upi
personal loan EMI Rs35876.91 paytm,35876.91,emi,upi,paytm,hdfc,english_natural
abhi Zomato se khana order kar diya 1178 rupaiye ka cash me,41436,food,cash,,,source_hinglish
?314.47 charged for gas bill on NIYO,314.47,utilities,upi,niyo,axis,english_natural
today i spent 353 on FD via Paytm,353,investment,upi,paytm,,voice_transcript
POS/YAAR/SLICE/3215,359,friends,upi,slice,sbi,english_natural
friend 212,212,friends,upi,phonepe,,english_natural
POS/CAR LOAN EMI/VISA/7839,139,emi,card,,hdfc,english_natural
diagnostic ka doctor ko diy 126 rupees via NIYO,126,healthcare,upi,niyo,,hinglish_natural
2139 rs Yatra PayTM se pay kia,2139,travel,upi,paytm,yes bank,hinglish_natural
"Meesho BILL
St: INR 49504
Gpay Approved",49504,shopping,upi,gpay,,ocr_receipt
Udemy se books liya 2556 rs ka fi se pay kr diya,2556,education,upi,fi,jupiter,hinglish_natural
"BSNL BILL
St: 56
CARD approved",56,utilities,card,,,ocr_receipt
Zepto ka khana khaya 2257 rs. Phone Pe se pay kiya,2257,food,upi,phonepe,,hinglish_natural
ATM/CASH/BANK/19505,19505,investment,upi,phonepe,,english_natural
stationery 375.07 Visa,375.07,education,card,,bob,english_natural
BYJU'S ₹401 G Pay,401,education,upi,gpay,hdfc,ocr_upi
228 credit card Croma,228,shopping,card,,hdfc,english_natural
Bajaj Finance EMI 1351.25 cred Payment done Union Bank 4217,1351.25,emi,upi,cred,union bank,ocr_upi
Used Niyo Phonepe to pay Rs4754.74 for school fees,4754.74,education,upi,phonepe,niyo,english_natural
Udemy 837.11 GPay,837.11,education,upi,gpay,niyo,english_natural
paid back friend lent money 4713 slice,4713,friends,upi,slice,,cue_row
Payment of t324.89 to Rahul was successful via Google Pay UPI Ref No 63557754372954 axis Account 9213,324.89,friends,upi,gpay,axis,ocr_upi
spent 14938 rupees on Jio recharge via Fi,14938,utilities,upi,fi,,voice_transcript
1268 ka auto bill pay kiya cash se SBI se kata,1268,travel,cash,,sbi,voice_transcript
sent Rs.440 to friend on Paytm split bill UPI,440,friends,upi,paytm,kotak,cue_row
dopahar ko Yatra ka ride lya 16511 rs. haath se de diye,16511,travel,cash,,kotak,hinglish_natural
FirstCry ka khareed liyaa 3388 rupees UPI se diy Bandhan Bank se,3388,shopping,upi,gpay,bandhan,hinglish_natural
Myntra payment Rs.37783 done via debit card,37783,shopping,card,,,english_natural
Paid INR 298 for YouTube Premium via phonepe,298,entertainment,upi,phonepe,,english_natural
"AMAZON
Item 1 ₹383
Item 2 206
Total Rs3168.21
CASH",3168.21,shopping,cash,,hdfc,ocr_receipt
sent money to colleague 4180 on cash,4180,friends,cash,,icici,friends_synthetic
paid 177 to Groww through Gpay,177,investment,upi,gpay,,voice_transcript
UPI/20357935/AIR INDIA/YES BANK,419.43,travel,card,,yes bank,english_natural
2963 rupees Airtel recharge card Kotak Mahindra account,2963,utilities,card,,kotak,voice_transcript
electricity water broadband mobile recharge bill ₹27982 gpay,27982,utilities,upi,gpay,,cue_row
coaching exam preparation study material ₹20023 slice,20023,education,upi,slice,kotak,cue_row
Google Pay payment Rs.32759.17 YouTube Premium HDFC 7658 successful,32759.17,entertainment,upi,gpay,hdfc,ocr_upi
12630.96 Visa Uber,12630.96,travel,card,,axis,english_natural
25602 ka doctor bill pay kiya cash se,25602,healthcare,cash,,,voice_transcript
TO:BAJAJFINANCEEMI bajajfinanceemi.98457@sbibank From:UTSAVJANA (SBI Bhim : sender6476@oksbibank,29678.63,emi,upi,bhim,sbi,ocr_upi
Paid stationery ?37 using cash,37,education,cash,,,english_natural
Rs.464 debited from your Axis Bank account for Karan (Paytm UPI),464,friends,upi,paytm,axis,ocr_upi
petrol diesel fuel ₹25480 at pump cash,25480,travel,cash,,,cue_row
car loan EMI me 1761 rupees ka loan payment kya debit card se,1761,emi,card,,,hinglish_natural
Paid Rs171 to PharmEasy PhonePe UPI Canara 1814 Completed,171,healthcare,upi,phonepe,canara,ocr_upi
spent 4459 rupees on Rapido via cash,4459,travel,cash,,fi,voice_transcript
"PVR
Item 1 Rs.275
Item 2 R 235
Total Rs.4449.84
CARD",4449.84,entertainment,card,,,ocr_receipt
spent 2542 rupees on Angel One via card,2542,investment,card,,,voice_transcript
electronics clothes shoes accessories purchase Rs.1496 via card,1496,shopping,card,,indusind,cue_row
Karan 256.74 Paytm,256.74,friends,upi,paytm,,english_natural
Paid INR 164 for PVR via slice,164,entertainment,upi,slice,bob,english_natural
BYJU'S 1497 rupees card se pay kr diya,1497,education,card,,,hinglish_natural
TO:RESTAURANT restaurant.90798@icicibank From:AMITSINGH (icici cred : sender8577@okicicibank,4879,food,upi,cred,icici,ocr_upi
Used Slice cash to pay ₹3147.00 for hospital,3147.00,healthcare,cash,,slice,english_natural
Spent 3298 on Vi recharge using Slice,3298,utilities,upi,slice,niyo,english_natural
doctor pe 21188 ₹ ka medicine le liya gpay pe,21188,healthcare,upi,gpay,,hinglish_natural
"D BLINKIT 45862 Completed 28Feb 2026,2:14 pm hdfc Bank 7233 UPI transaction ID 85166318498 TO:BLINKIT blinkit.40114@hdfcbank Googletransaction lD CICAgJjg457081 OPI paytm",45862,food,upi,paytm,hdfc,ocr_upi
"D ZEE5 20113 Completed 2Feb 2026,3:21 pm HDFC Bank 5086 UPI transaction ID 175094221505744 TO:ZEE5 zee5.53943@hdfcbank Googletransaction lD CICAgJjg098619 OPI paytm",20113,entertainment,upi,paytm,hdfc,ocr_upi
coaching exam preparation study material Rs.36356 card,36356,education,card,,,cue_row
HDFC loan 3348 rs UPI se,3348,emi,upi,gpay,,hinglish_natural
28813 rupees school fees via PhonePe,28813,education,upi,phonepe,hdfc,hinglish_natural
Zomato 412 rs. cash de diya,412,food,cash,,,hinglish_natural
466 rupees auto card,466,travel,card,,,voice_transcript
"Amazon Prime BILL
St: INR 21240
CARD approved",21240,entertainment,card,,,ocr_receipt
4186 rupay dentist UPI se bhai,4186,healthcare,upi,gpay,,hinglish_natural
hospital se medicine lya 9852 rupay ka via Gpay Axis Bank card se,24420,healthcare,upi,gpay,axis,source_hinglish
Paid 1063 to Tata Play GPay UPI sbi 9078 Completed,1063,utilities,upi,gpay,sbi,ocr_upi
kal Jio recharge ka bill pay kya 13514 rupay debit card se,13514,utilities,card,,,hinglish_natural
Nykaa 1165 credit card,1165,shopping,card,,,english_natural
Bewakoof 958 rs. debit card se sasta tha,958,shopping,card,,,hinglish_natural
Paid Rs167 for ACT Fibernet via debit card,167,utilities,card,,kotak,english_natural
54 rupaye order kr diya Flipkart pe UPI se diye Canara wale account se,54,shopping,upi,niyo,canara,hinglish_natural
41257 rupees Zara card,41257,shopping,card,,,voice_transcript
Bewakoof ka 643 rupees ka bill card se pay kiya,643,shopping,card,,kotak,voice_transcript
home loan car loan credit card EMI monthly ?198 autopay jupiter,198,emi,upi,jupiter,,cue_row
aaj 255 rupay IRCTC Niyo se,255,travel,upi,niyo,,hinglish_natural
DMart payment Rs 2008 done via cash,2008,food,cash,,,english_natural
1393 rupees Uber via phonepe matlab,1393,travel,upi,phonepe,kotak,hinglish_natural
Bajaj Finance EMI pe 4550 ₹ ka installment diy card se pay kiyaa,4550,emi,card,,,hinglish_natural
Paid upGrad INR 22.62 using cash,22.62,education,cash,,,english_natural
Faasos 4601,4601,food,cash,,slice,english_natural
Payment of Rs.4624.52 to Yatra was successful via Slice UPI Ref No 71918387833268 Canara Account 8369,4624.52,travel,upi,slice,canara,ocr_upi
aaj 44443 ₹ Priya naqad,44443,friends,cash,,,hinglish_natural
dost roommate ko 14438 rupaye gpay se bheje,14438,friends,upi,gpay,,friends_synthetic
42 rupay movie dekhi concert pe UPI se,42,entertainment,upi,jupiter,,hinglish_natural
maine 3040 rupaye Zara ko diye GPay se,3040,shopping,upi,gpay,,voice_transcript
3682 rs Lenskart naqad,3682,healthcare,cash,,,hinglish_natural
bro 1957 rs. SLICE se pay kr diya zyada ho gaya,1957,friends,upi,slice,,hinglish_natural
1963 rupaiye movie dekhi Gaana ko debit card se sbi wale account se,1963,entertainment,card,,sbi,hinglish_natural
"CAFE RESTAURANT
Total 36782.13
Cash Received
Change 0.00",36782.13,food,card,,,ocr_receipt
188 ka auto bill pay kiya cash se,188,travel,cash,,,voice_transcript
bhai Snapdeal ka 12234 rupaye phonepe se de diya,12234,shopping,upi,phonepe,,voice_transcript
Paid t3678.91 to Yatra G Pay UPI hdfc 2087 Successful,3678.91,travel,upi,gpay,hdfc,ocr_upi
petrol diesel fuel ?28697 at pump G Pay,28697,travel,upi,gpay,,cue_row
Rs.434.30 paid to HP Petrol via Phonepe from Fi Money,434.30,travel,upi,phonepe,fi,english_natural
?397.18 to Udemy via cash,397.18,education,cash,,,english_natural
Library fee INR 31302,31302,education,card,,,source_english
spent 388 rupees on eye checkup via cash,388,healthcare,cash,,,voice_transcript
Rs 2914.02 paid to diagnostic via cash from slice,2914.02,healthcare,cash,,slice,english_natural
amazon flipkart myntra online shopping order 22715 Google Pay,22715,shopping,upi,gpay,,cue_row
3091.91 school fees,3091.91,education,card,,niyo,english_natural
bhai Rohan ko udhar return kiya 6365 rs paytm se,6365,friends,upi,paytm,,friends_synthetic
McDonald's mein 3685 lag gaye slice se bhara,3685,food,upi,slice,,voice_transcript
3450.86 paid to home loan EMI via Google Pay UPI from HDFC Bank Bank ending 7054,3450.86,emi,upi,gpay,hdfc,ocr_upi
sent money to Rahul 2290 on Phonepe,2290,friends,upi,phonepe,,friends_synthetic
abhi 12639 game le liya Amazon Prime ko UPI se de diye,12639,entertainment,upi,paytm,,hinglish_natural
POS/CLEARTRIP/PHONEPE/3315,438,travel,upi,phonepe,,english_natural
personal loan EMI payment Rs 19108.85 done via Paytm,19108.85,emi,upi,paytm,hdfc,english_natural
Hotstar 44 Mastercard,44,entertainment,card,,,english_natural
FreshMenu se khana order kr diya 2956 rupaye ka niyo pe bohot mehenga,2956,food,upi,niyo,,hinglish_natural
mobile recharge 260 PhonePe,260,utilities,upi,phonepe,,english_natural
i did 2920 expense on mutual fund using paytm,2920,investment,upi,paytm,,voice_transcript
spent 791 rupees on BigBasket via cash,791,food,cash,,niyo,voice_transcript
flight booking travel ticket INR 2916 cash,2916,travel,cash,,axis,cue_row
split bill 527 Cred se Arjun ko diya,527,friends,upi,cred,,friends_synthetic
Mobile recharge INR 24747,24747,utilities,upi,cred,,source_english
Vedantu 260 Slice,260,education,upi,slice,fi,english_natural
"electricity bill BILL
St: INR 51
paytm APPROVED",51,utilities,upi,paytm,,ocr_receipt
library se tuition de diya 1963 ₹ ka debit card se bhai,1963,education,card,,fi,hinglish_natural
"lab test BILL
St: t24478
CASH APPROVED",24478,healthcare,cash,,,ocr_receipt
ghar jaate waqt 97 rupaye buy kiyaa Zara ko debit card se,97,shopping,card,,,hinglish_natural
TO:SHREYA shreya.89895@hdfcbankbank From:UTSAVJANA (HDFC Bank Bhim : sender5241@okhdfcbankbank,9598,friends,upi,bhim,hdfc,ocr_upi
bhai 8757 rupay mutual fund kr diya gold pe UPI se pay kr diya,8757,investment,upi,niyo,fi,hinglish_natural
office se aate hue 2108 rupaye mall UPI se de diye yaar,2108,shopping,upi,gpay,sbi,hinglish_natural
PayTM payment INR 257 Lenskart axis 7349 completed,257,healthcare,upi,paytm,axis,ocr_upi
bhai friend ka 32432 rupaye Paytm se de diya,32432,friends,upi,paytm,,voice_transcript
"DENTIST RESTAURANT
Total 4435
Cash Received
Change 0.00",4435,healthcare,card,,,ocr_receipt
Bought Snapdeal for ₹275 with debit card,275,shopping,card,,,english_natural
t256 paid to Pizza Hut via CRED UPI from Canara Bank ending 9397,256,food,upi,cred,canara,ocr_upi
ET Money se SIP bhara 42 ₹ ka UPI se,42,investment,upi,slice,,hinglish_natural
office se aate hue Tata CLiQ me 470 rupay ka buy kiya UPI se sasta tha,470,shopping,upi,phonepe,,hinglish_natural
Rs49527 debited from your HDFC account for mobile recharge (phonepe UPI),49527,utilities,upi,phonepe,hdfc,ocr_upi
personal loan installment EMI deduction 4309 card,4309,emi,card,,,cue_row
MedPlus ka doctor ko de diya 2259 gpay se pay kiyaa,2259,healthcare,upi,gpay,,hinglish_natural
Uber 309 rupaye via CRED,309,travel,upi,cred,hdfc,hinglish_natural
school college tuition course books fees ₹3254 card,3254,education,card,,,cue_row
Paid 30136 for doctor via Gpay,30136,healthcare,upi,gpay,,english_natural
amazon flipkart myntra online shopping order ₹194 card,194,shopping,card,,,cue_row
spent 87 rupees on Divya via cash,87,friends,cash,,,voice_transcript
aaj doctor pe 336 rupaye kharcha hua Phonepe se,336,healthcare,upi,phonepe,fi,voice_transcript
bike loan EMI 7635.81 Visa,7635.81,emi,card,,,english_natural
personal loan installment EMI deduction ₹38863 card,38863,emi,card,,,cue_row
Phonepe payment Rs 35341 friend Union Bank 1284 done,35341,friends,upi,phonepe,union bank,ocr_upi
paid Amit ₹3865 via phonepe,3865,friends,upi,phonepe,,friends_synthetic
4863 cash Dunkin,4863,food,cash,,,english_natural
paid yaar Rs 2088 via cash,2088,friends,cash,,,friends_synthetic
college fees pe 3021 ka course lya Google Pay pe,3021,education,upi,gpay,,hinglish_natural
Used jupiter Phone Pe to pay Rs.3708.66 for auto,3708.66,travel,upi,phonepe,jupiter,english_natural
Rs4585 debited from your State Bank account for upGrad (BHIM UPI),4585,education,upi,bhim,sbi,ocr_upi
Neha pe 3834 rs ka transfer kia card se pay kar diya,3834,friends,card,,yes bank,hinglish_natural
38336 paid to diagnostic via phonepe from hdfc,38336,healthcare,upi,phonepe,hdfc,english_natural
4678 ₹ Bewakoof debit card se,4678,shopping,card,,,hinglish_natural
Rs15463 charged for Indian Oil on card,15463,travel,card,,,english_natural
Google Pay payment ₹36302 Vedantu BOB 1796 completed,36302,education,upi,gpay,bob,ocr_upi
home loan car loan credit card EMI monthly INR 2700 autopay paytm,2700,emi,upi,paytm,,cue_row
"Airtel recharge BILL
St: 382
Phonepe approved",382,utilities,upi,phonepe,indusind,ocr_receipt
PharmEasy ka doctor ko die 137 rupees cash diy budget tod diya,137,healthcare,cash,,jupiter,hinglish_natural
"TAX INVOICE
Tata CLiQ
Grand Total: 3962
Payment: CARD",3962,shopping,card,,,ocr_receipt
gaming ka subscription renew kiya 1137 rupaye debit card se HDFC Bank se,1557,entertainment,card,,hdfc,source_hinglish
"D EXAMFEE 30574 Completed 3Apr 2026,1:03 pm icici Bank 1057 UPI transaction ID 27628058777 TO:EXAMFEE exam fee.74980@icicibank Soogletransaction lD CICAgJjg972682 OPI Paytm",30574,education,upi,paytm,icici,ocr_upi
"ZEPTO RESTAURANT
Total 153.35
Cash Received
Change 0.00",153.35,food,upi,cred,,ocr_receipt
bhai flatmate ka 3375 rupaye Google Pay se de diya,3375,friends,upi,gpay,hdfc,voice_transcript
flight booking travel ticket 648 card,648,travel,card,,,cue_row
Bharat Petroleum ₹2443 Paytm,2443,travel,upi,paytm,axis,ocr_upi
274 ka PVR bill pay kiya Phonepe se NIYO se kata,274,entertainment,upi,phonepe,niyo,voice_transcript
electricity water broadband mobile recharge bill INR 972 card,972,utilities,card,,,cue_row
dopahar ko dost me 30105 rupay ka paise bheje via fi,30105,friends,upi,fi,canara,hinglish_natural
Spent ₹2439.22 on dentist using Visa,2439.22,healthcare,card,,,english_natural
personal loan EMI 6564.75,6564.75,emi,card,,,english_natural
ATM/CASH/BANK/16127,16127,travel,card,,,english_natural
Reliance Fresh ka food order kia 3685 rupaiye cash die Niyo wale account se sasta tha,3685,food,cash,,niyo,hinglish_natural
bhai MakeMyTrip ka 2287 rupaye cash se de diya,2287,travel,cash,,icici,voice_transcript
dopahar ko rent pe 1947 ₹ ka payment kia card se bohot mehenga,1947,utilities,card,,,hinglish_natural
FirstCry 40964 rupay debit card se,40964,shopping,card,,,hinglish_natural
Divya se dost ko diy 409 rupay ka card se pay kia,409,friends,card,,hdfc,hinglish_natural
211 rs. khareed lya Snapdeal pe card se,211,shopping,card,,,hinglish_natural
maine 63 rupaye rickshaw ko diye Phone Pe se,63,travel,upi,phonepe,,voice_transcript
today i spent 745 on coaching via card,745,education,card,,,voice_transcript
Kuvera se SIP bharra 708 rs. ka SLICE se,708,investment,upi,slice,axis,hinglish_natural
bhai Ananya pe 4586 ka transfer kar diya UPI se Slice account se,4586,friends,upi,gpay,slice,hinglish_natural
"diagnostic BILL
St: 4383
gpay approved",4383,healthcare,upi,gpay,,ocr_receipt
split bill 1021 card se Priya ko diya,1021,friends,card,,,friends_synthetic
3534 rupees buy kiyaa FirstCry pe cash die,3534,shopping,cash,,icici,hinglish_natural
colleague ko 343 transfer kiya Google Pay se,343,friends,upi,gpay,,friends_synthetic
maine 32123 rupaye petrol pump ko diye card se,32123,travel,card,,,voice_transcript
"crypto 89.99 Completed 4Apr 2025,7:46 pm axis 7970 UPI transaction ID 11490604679",89.99,investment,upi,gpay,axis,ocr_upi
BSNL ka recharge kr diya 34084 rupaiye paytm pe Fi Money account se,34084,utilities,upi,paytm,fi,hinglish_natural
school college tuition course books fees Rs 259 gpay,259,education,upi,gpay,,cue_row
41155 ka Indian Oil bill pay kiya cash se,41155,travel,cash,,,voice_transcript
"BEWAKOOF
Item 1 ₹61
Item 2 ₹186
Total ₹202
CARD",202,shopping,card,,,ocr_receipt
NEFT/TRANSFER/GAS BILL/JUPITER,3291.50,utilities,upi,cred,jupiter,english_natural
"electricity bill
Net Amount 23533
Paid via Phonepe",23533,utilities,upi,phonepe,pnb,ocr_receipt
1070 rupaye Snapdeal Phone Pe se zyada ho gaya,3536,shopping,upi,phonepe,,source_hinglish
"INOX
Net Amount 1173.04
Paid via CARD",1173.04,entertainment,card,,,ocr_receipt
Spent Rs2761 on canteen using G Pay,2761,food,upi,gpay,,english_natural
Rs.454 to Faasos via jupiter slice account,454,food,upi,jupiter,slice,english_natural
"DENTIST
Item 1 ₹258
Item 2 Rs381
Total INR 40306.47
CARD",40306.47,healthcare,card,,sbi,ocr_receipt
car loan EMI pe 3210 rupaiye ka EMI bhra card se,3210,emi,card,,,hinglish_natural
8601 paid to Paytm Money via Google Pay UPI from SBI Bank ending 2489,8601,investment,upi,gpay,sbi,ocr_upi
Spent 11116 on Lenskart using Slice,11116,shopping,upi,slice,,english_natural
"SONYLIV
Item 1 t348
Item 2 ?338
Total 17534.84
SLICE",17534.84,entertainment,upi,slice,,ocr_receipt
₹288 debited from your ICICI account for Ananya (jupiter UPI),288,friends,upi,jupiter,icici,ocr_upi
2543 ka Groww bill pay kiya card se,2543,investment,card,,,voice_transcript
bhai FirstCry 33408 rupees gpay se pay kr diya bc,33408,shopping,upi,gpay,,hinglish_natural
1135 rs. petrol pump naqad,1135,travel,cash,,,hinglish_natural
Paid Practo INR 2387.45 using Mastercard,2387.45,healthcare,card,,,english_natural
rent maintenance gas connection R 2427 CRED,2427,utilities,upi,cred,,cue_row
3228 bill pay kr diya ACT Fibernet ko GPay pe,3228,utilities,upi,gpay,,hinglish_natural
Paid ₹1297.57 for Indian Oil from my SBI account via Google Pay,1297.57,travel,upi,gpay,sbi,english_natural
134 insurance premium,134,utilities,cash,,hdfc,english_natural
Spent 374 on SIP using Mastercard,374,investment,card,,,english_natural
ACT Fibernet se payment kiyaa 4203 rupees ka card se,4203,utilities,card,,,hinglish_natural
Bewakoof 9451 rs credit card se,9451,shopping,card,,,hinglish_natural
education loan EMI 36,36,emi,card,,,english_natural
gold 2957.64 Visa,2957.64,investment,card,,,english_natural
Air India 6344 rupaiye haath se de diya hdfc se,6344,travel,cash,,hdfc,hinglish_natural
17944 ₹ shopping kia Nykaa ko UPI se de diya ICICI Bank card se yaar,17944,shopping,upi,phonepe,icici,hinglish_natural
23744 ₹ ticket book kya metro ko UPI se de diye bhai,23744,travel,upi,gpay,,hinglish_natural
i did 152 expense on Meesho using Phonepe,152,shopping,upi,phonepe,,voice_transcript
upGrad se fees bhra 82 rs ka card se pay kia,82,education,card,,,hinglish_natural
Spent Rs.26570 on SBI loan using Visa,26570,emi,card,,,english_natural
ATM/CASH/BANK/11356,11356,healthcare,upi,gpay,,english_natural
"AJIO RESTAURANT
Total 717.18
Cash Received
Change 0.00",717.18,shopping,upi,bhim,sbi,ocr_receipt
Paid Air India R 92 using Mastercard from Axis Bank,92,travel,card,,axis,english_natural
371 paid to Yatra via PayTM UPI from idfc Bank ending 3963,371,travel,upi,paytm,idfc,ocr_upi
stationery pe 141 rupaiye ka admission kiyaa UPI se de diye,141,education,upi,paytm,,hinglish_natural
amazon flipkart myntra online shopping order 3347 card,3347,shopping,card,,hdfc,cue_row
metro 5534 Slice,5534,travel,upi,slice,kotak,ocr_upi
3603 debit card Udemy,3603,education,card,,,english_natural
society maintenance pe 307 rupaiye ka bill pay kia via Gpay,307,utilities,upi,gpay,,hinglish_natural
ROHAN INR 34502,34502,friends,cash,,,english_natural
Reliance Digital 29712 rupaiye cash diy jupiter card se bhai,29712,shopping,cash,,jupiter,hinglish_natural
electricity water broadband mobile recharge bill ₹4824 Google Pay,4824,utilities,upi,gpay,,cue_row
bhai 35831 rs. EMI kat gayi personal loan EMI pe card se pay kiya bohot mehenga,35831,emi,card,,,hinglish_natural
Exam fee INR 9760,9760,education,card,,,source_english
coaching 4103 rs card se pay kiyaa,4103,education,card,,,hinglish_natural
Bharat Petroleum ka 294 rupees ka bill card se pay kiya,294,travel,card,,,voice_transcript
HALDIRAMS INR 47054.76,47054.76,food,cash,,,english_natural
3005 rupay checkup karaya Netmeds ko naqad,3005,healthcare,cash,,niyo,hinglish_natural
coaching exam preparation study material Rs 2193 jupiter,2193,education,upi,jupiter,icici,cue_row
ghar jaate waqt Angel One se paisa daala 1269 ka credit card se,1269,investment,card,,,hinglish_natural
3844.17 paid to ACT Fibernet via CRED UPI from State Bank Bank ending 7039,3844.17,utilities,upi,cred,sbi,ocr_upi
Bought Uber for Rs 166.77 with Visa,166.77,travel,card,,,english_natural
280 rupaye subscription renew kiyaa Apple Music ko card se,280,entertainment,card,,,hinglish_natural
dopahar ko stocks pe 2056 rupaiye ka invest kar diya credit card se zyada ho gaya,2056,investment,card,,,hinglish_natural
Ola mein 177 lag gaye cash se bhara,177,travel,cash,,,voice_transcript
home loan car loan credit card EMI monthly 24298 autopay card,24298,emi,card,,,cue_row
29065 ₹ khana order kiya CCD ko cash me,29065,food,cash,,,hinglish_natural
amazon flipkart myntra online shopping order Rs77 G Pay,77,shopping,upi,gpay,,cue_row
Used Jupiter gpay to pay Rs.2537 for Goibibo,2537,travel,upi,gpay,jupiter,english_natural
FD ka stock liyaa 3283 rupaiye UPI se de diye zyada ho gaya,43173,investment,upi,jupiter,,source_hinglish
4890 rs. udhar return kiya Priya pe cash de diya,4890,friends,cash,,,hinglish_natural
NPS ka invest kar diya 12441 rs via Phonepe,12441,investment,upi,phonepe,,hinglish_natural
dost roommate ko 284 rupaye cash se bheje,284,friends,cash,,,friends_synthetic
151 rupees upGrad cash,151,education,cash,,,voice_transcript
flatmate rent share 489 slice yaar,489,friends,upi,slice,icici,friends_synthetic
library 7215 credit card se,7215,education,card,,,hinglish_natural
Bought bike loan EMI for Rs3408.58 with card,3408.58,emi,card,,axis,english_natural
TO:KARAN karan.11018@statebankbank From:RAHULKUMAR (State Bank paytm : user7813@okstatebankbank,1206,friends,upi,paytm,sbi,ocr_upi
friend Rs.28880 Gpay,28880,friends,upi,gpay,,english_natural
Payment of ₹919 to FreshMenu was successful via Paytm UPI Ref No 7238521329106 Bank of Baroda Account 5481,919,food,upi,paytm,bob,ocr_upi
?231 charged for gold on Google Pay,231,investment,upi,gpay,,english_natural
Just paid ₹3205 to mutual fund through Cred,3205,investment,upi,cred,,english_natural
Payment of ₹3451 to books was successful via PayTM UPI Ref No 04300631910 Kotak Account 3683,3451,education,upi,paytm,kotak,ocr_upi
Rs1773.15 to auto via cash,1773.15,travel,cash,,,english_natural
school college tuition course books fees 34936 Phone Pe,34936,education,upi,phonepe,,cue_row
414.18 debit card bike loan EMI,414.18,emi,card,,,english_natural
347 rupay order kya Bewakoof pe card se SLICE se kata,347,shopping,card,,slice,hinglish_natural
home loan car loan credit card EMI monthly 2040 autopay card,2040,emi,card,,,cue_row
dost ko 133 transfer kiya Fi Money se,133,friends,upi,fi,hdfc,friends_synthetic
amazon flipkart myntra online shopping order ₹2417 card,2417,shopping,card,,,cue_row
3997 rupaye installment de diya home loan EMI pe PayTM se,3997,emi,upi,paytm,,hinglish_natural
hospital se checkup karaya 37592 ₹ ka G Pay se pay kia,37592,healthcare,upi,gpay,,hinglish_natural
Paid 2086 to Udemy Phonepe UPI icici 5878 Completed,2086,education,upi,phonepe,icici,ocr_upi
ghar jaate waqt Lenskart se order kiya 192 rs ka cash diye SBI wale account se,192,shopping,cash,,sbi,hinglish_natural
raat ko Vi recharge 41633 rs. debit card se,41633,utilities,card,,,hinglish_natural
school college tuition course books fees Rs.345 card,345,education,card,,,cue_row
credit card EMI Rs.3251 phonepe,3251,emi,upi,phonepe,hdfc,ocr_upi
paid 9827 to Meesho through slice from ICICI,9827,shopping,upi,slice,icici,voice_transcript
"TAX INVOICE
Snapdeal
Grand Total: t393.80
Payment: Phonepe",393.80,shopping,upi,phonepe,indusind,ocr_receipt
coaching exam preparation study material Rs 136 paytm,136,education,upi,paytm,,cue_row
i did 6548 expense on Bharat Petroleum using Fi,6548,travel,upi,fi,hdfc,voice_transcript
sent ₹247 to Pooja on Google Pay,247,friends,upi,gpay,,friends_synthetic
TO:HOSPITAL hospital.49983@icicibank From:RAHULKUMAR (ICICI PhonePe : user5757@okicicibank,4675,healthcare,upi,phonepe,icici,ocr_upi
Arjun payment ₹119.90 done via PhonePe,119.90,friends,upi,phonepe,sbi,english_natural
dinner split 6226 rupaye bro BHIM,6226,friends,upi,bhim,,friends_synthetic
medical checkup lab test health insurance INR 4248 cred,4248,healthcare,upi,cred,,cue_row
Just paid R 363 to BookMyShow through credit card,363,entertainment,card,,,english_natural
Barbeque Nation 4209,4209,food,upi,gpay,pnb,english_natural
paid Rahul Rs.7705 via paytm,7705,friends,upi,paytm,hdfc,friends_synthetic
paid 17215 to education loan EMI through slice,17215,emi,upi,slice,,voice_transcript
ET Money 421.41 gpay,421.41,investment,upi,gpay,fi,english_natural
subah gas bill se bill pay kiya 1512 rs. ka via NIYO yaar,1512,utilities,upi,niyo,,hinglish_natural
dopahar ko society maintenance ka bill pay kia 198 ₹ UPI se,198,utilities,upi,gpay,,hinglish_natural
"D AMAZONPRIME 384 Completed 5Mar 2026,5:34 pm sbi Bank 9492 UPI transaction ID 5642643969 TO:AMAZONPRIME amazon prime.45563@sbibank Googletransaction lD CICAgJjg116131 OPI PhonePe",384,entertainment,upi,phonepe,sbi,ocr_upi
"TAX INVOICE
DishTV
Grand Total: Rs4185.74
Payment: gpay",4185.74,utilities,upi,gpay,axis,ocr_receipt
subah 32 HDFC loan debit card se,32,emi,card,,,hinglish_natural
raat ko gaming ka movie dekhi 466 rs Paytm se pay kiyaa Yes Bank se kata,466,entertainment,upi,paytm,yes bank,hinglish_natural
today i spent 3363 on lab test via card,3363,healthcare,card,,,voice_transcript
1766 ₹ BookMyShow UPI se,1766,entertainment,upi,paytm,,hinglish_natural
32127 rs. yaar UPI se diye budget tod diya,32127,friends,upi,slice,kotak,hinglish_natural
"Receipt #8803
Hotstar
Amount Paid: Rs22838
Mode: CARD",22838,entertainment,card,,hdfc,ocr_receipt
FirstCry se saman le liya 154 rupaiye ka UPI se pay kar diya HDFC Bank se kata,154,shopping,upi,paytm,hdfc,hinglish_natural
547 rupees Apollo Pharmacy naqad matlab,2009,healthcare,cash,,sbi,source_hinglish
Spent INR 133.11 on Paytm Money using PayTM,133.11,investment,upi,paytm,,english_natural
mall 1930 debit card,1930,shopping,card,,hdfc,english_natural
t2958.30 charged for crypto on Phone Pe,2958.30,investment,upi,phonepe,jupiter,english_natural
Hotstar 26323 rs. credit card se,26323,entertainment,card,,,hinglish_natural
"Box8
Net Amount 3601
Paid via gpay",3601,food,upi,gpay,,ocr_receipt
Rs.16920.25 to Zepto via cash,16920.25,food,cash,,,english_natural
Croma me 4219 rupay ka saman liyaa G Pay se,4219,shopping,upi,gpay,axis,hinglish_natural
HDFC loan 1085 rupees credit card se,1085,emi,card,,,hinglish_natural
325 rupaye DishTV via Slice,325,utilities,upi,slice,niyo,hinglish_natural
auto 516.16,516.16,travel,cash,,kotak,english_natural
raat ko 34869 EMI bharaa car loan EMI pe card se pay kiyaa,34869,emi,card,,,hinglish_natural
aaj gold ka stock le liya 114 rs debit card se Indusind Bank card se,114,investment,card,,indusind,hinglish_natural
HDFC loan se loan payment kya 2615 rs ka debit card se,2615,emi,card,,,hinglish_natural
2355 charged for ET Money on G Pay,2355,investment,upi,gpay,,english_natural
Stock purchase INR 35192,35192,investment,upi,gpay,sbi,source_english
Rs.33108 to Blinkit via Gpay,33108,food,upi,gpay,,english_natural
electricity water broadband mobile recharge bill 1052 Niyo,1052,utilities,upi,niyo,,cue_row
INOX me 93 rs. ka subscription renew kr diya phonepe se pay kr diya,93,entertainment,upi,phonepe,,hinglish_natural
"BILL
mall
912
CASH
Thank You Visit Again",912,shopping,cash,,,ocr_receipt
Flipkart ka order kiyaa 28565 rupay card se pay kia Axis Bank se kata,28565,shopping,card,,axis,hinglish_natural
3702.23 paid to H&M via credit card from Jupiter,3702.23,shopping,card,,jupiter,english_natural
gaming concert event ticket INR 22198 card,22198,entertainment,card,,,cue_row
Apple Music me 145 rupees ka game le liya Jupiter pe,145,entertainment,upi,jupiter,,hinglish_natural
"TAX INVOICE
insurance premium
Grand Total: Rs 39435.37
Payment: CRED",39435.37,utilities,upi,cred,,ocr_receipt
breakfast snacks chai coffee INR 6802 slice,6802,food,upi,slice,,cue_row
H&M 291.72 Phonepe Successful HDFC 8130,291.72,shopping,upi,phonepe,hdfc,ocr_upi
Bought mutual fund for Rs 2773.99 with Bhim,2773.99,investment,upi,bhim,,english_natural
"BILL
Tata Play
₹2231
GPay
Thank You Visit Again",2231,utilities,upi,gpay,,ocr_receipt
INR 48461.47 to insurance premium via niyo,48461.47,utilities,upi,niyo,,english_natural
crypto gold bonds NPS portfolio 3298 card,3298,investment,card,,,cue_row
401 rs. order kr diya Snapdeal ko Phone Pe se pay kya,401,shopping,upi,phonepe,,hinglish_natural
paytm payment ₹330 Kuvera icici 7411 successful,330,investment,upi,paytm,icici,ocr_upi
spent 35742 rupees on coaching via card,35742,education,card,,,voice_transcript
dinner split 187 rupaye Rohan cash,187,friends,cash,,,friends_synthetic
aaj JioMart pe 3302 rupaye kharcha hua phonepe se,3302,food,upi,phonepe,,voice_transcript
74.67 debited from your sbi account for car loan EMI (fi UPI),74.67,emi,upi,fi,sbi,ocr_upi
crypto gold bonds NPS portfolio ₹445 card,445,investment,card,,,cue_row
Payment of 3052.35 to restaurant was successful via Gpay UPI Ref No 241997711801677 ICICI Account 4128,3052.35,food,upi,gpay,icici,ocr_upi
194 rupaye Zara credit card se,194,shopping,card,,,hinglish_natural
2284 rupay order kar diya Amazon pe naqad,2284,shopping,cash,,,hinglish_natural
Paid Rs.2099.24 for auto from my Niyo account via Visa,2099.24,travel,card,,niyo,english_natural
4840 ka CCD bill pay kiya GPay se Fi se kata,4840,food,upi,gpay,fi,voice_transcript
coaching exam preparation study material ₹2554 cash,2554,education,cash,,,cue_row
office se aate hue 3952 rs. hospital via jupiter,3952,healthcare,upi,jupiter,,hinglish_natural
abhi dost ka dost ko de diya 4959 rupaye PhonePe se pay kya,4959,friends,upi,phonepe,,hinglish_natural
rent ka bill pay kia 13088 via Gpay,13088,utilities,upi,gpay,,hinglish_natural
water bill 2693.50 credit card,2693.50,utilities,card,,slice,english_natural
UPI/61194053/YATRA/BANK,3737.74,travel,card,,,english_natural
subah school fees me 102 ka tuition diyee UPI se die matlab,102,education,upi,jupiter,,hinglish_natural
Pizza Hut ka food order kya 3456 ₹ haath se diyee,3456,food,cash,,,hinglish_natural
Payment of ₹290.82 to MedPlus was successful via cred UPI Ref No 8814742507438 SBI Account 9322,290.82,healthcare,upi,cred,sbi,ocr_upi
22385 rupaye Divya via phonepe,22385,friends,upi,phonepe,,hinglish_natural
personal loan installment EMI deduction Rs 274 card,274,emi,card,,,cue_row
"KFC BILL
St: ₹427
CASH Approved",427,food,cash,,icici,ocr_receipt
phonepe payment t4433 Paytm Money Axis Bank 8161 done,4433,investment,upi,phonepe,axis,ocr_upi
Internet recharge INR 11450,11450,utilities,upi,paytm,,source_english
Vi recharge ka payment kya 351 rs UPI se,351,utilities,upi,cred,,hinglish_natural
Neha 23826 rs naqad,23826,friends,cash,,slice,hinglish_natural
48137 ₹ flatmate cash de diya,48137,friends,cash,,,hinglish_natural
₹478 to JioCinema via Visa State Bank account,478,entertainment,card,,sbi,english_natural
aaj 1446 rupaye ticket book kar diya Bharat Petroleum ko cash me,1446,travel,cash,,,hinglish_natural
HOME LOAN EMI INR 47316,47316,emi,card,,,english_natural
Paid upGrad Rs 3219 using Mastercard,3219,education,card,,,english_natural
47791 rupees roommate PayTM,47791,friends,upi,paytm,,voice_transcript
Practo ka doctor ko die 9788 rupaiye UPI se SBI wale account se,9788,healthcare,upi,niyo,sbi,hinglish_natural
dost Ananya ko 1503 rupaye jupiter se bheje,1503,friends,upi,jupiter,,friends_synthetic
TO:RELIANCEDIGITAL reliancedigital.42583@statebankbank From:UTSAVJANA (State Bank phonepe : sender9414@okstatebankbank,37337.86,shopping,upi,phonepe,sbi,ocr_upi
electronics clothes shoes accessories purchase t426 via G Pay,426,shopping,upi,gpay,,cue_row
JioCinema mein 3888 lag gaye cash se bhara,3888,entertainment,cash,,,voice_transcript
Google Pay payment Rs326 Airtel recharge icici 8898 successful,326,utilities,upi,gpay,icici,ocr_upi
337 to bhai Phone Pe UPI,337,friends,upi,phonepe,,friends_synthetic
sent 837 to friend on card split bill UPI,837,friends,card,,,cue_row
rent maintenance gas connection Rs.594 gpay,594,utilities,upi,gpay,,cue_row
MakeMyTrip ₹2335 SLICE,2335,travel,upi,slice,sbi,ocr_upi
i paid 500 rupees for Goibibo using phonepe,500,travel,upi,phonepe,,voice_transcript
home loan EMI mein 45804 lag gaye card se bhara,45804,emi,card,,,voice_transcript
"TAX INVOICE
Reliance Digital
Grand Total: 1786
Payment: CARD",1786,shopping,card,,,ocr_receipt
aaj cafe pe 49800 rupaye kharcha hua cash se,49800,food,cash,,hdfc,voice_transcript
37347 rs. fees bhara library ko card se,47233,education,card,,,source_hinglish
education loan EMI 12607 Jupiter,12607,emi,upi,jupiter,icici,ocr_upi
Behrouz 434.30,434.30,food,card,,,english_natural
metro 4216 rupaiye card se,12291,travel,card,,,source_hinglish
today i spent 235 on BYJU'S via GPay,235,education,upi,gpay,,voice_transcript
108 rupees Ajio card,108,shopping,card,,,voice_transcript
Bajaj Finance EMI Rs.415.27 Visa,415.27,emi,card,,,english_natural
"Receipt #7454
DishTV
Amount Paid: Rs2168.95
Mode: CASH",2168.95,utilities,cash,,,ocr_receipt
concert 891 debit card se,891,entertainment,card,,,hinglish_natural
school fees me 1286 rupay ka books liya cash me,1286,education,cash,,,hinglish_natural
flatmate rent share 4702 paytm flatmate,4702,friends,upi,paytm,,friends_synthetic
Spent t152 on hospital using card,152,healthcare,card,,,english_natural
Used SBI BHIM to pay Rs.120.59 for SonyLIV,120.59,entertainment,upi,bhim,sbi,english_natural
Paid 792 for diagnostic via cred,792,healthcare,upi,cred,,english_natural
Reliance Fresh 891 rs. via Gpay,891,food,upi,gpay,,hinglish_natural
"NYKAA
Item 1 ?316
Item 2 490
Total Rs.13957.22
G Pay",13957.22,shopping,upi,gpay,sbi,ocr_receipt
bhai college fees ka 4743 rupaye card se de diya,4743,education,card,,axis,voice_transcript
paid back friend lent money 4478 cash,4478,friends,cash,,,cue_row
flatmate rent share 10749 Google Pay Amit,10749,friends,upi,gpay,,friends_synthetic
gpay payment 374.45 Angel One Axis Bank 9083 successful,374.45,investment,upi,gpay,axis,ocr_upi
Spent 2317 on FD using Visa,2317,investment,card,,,english_natural
sent money to Ananya 237 on Gpay,237,friends,upi,gpay,,friends_synthetic
"Starbucks 35500.80 Completed 9May 2026,7:36 pm Bank of Baroda 4834 UPI transaction ID 94259634900197",35500.80,food,upi,jupiter,bob,ocr_upi
electricity water broadband mobile recharge bill INR 2435 card,2435,utilities,card,,,cue_row
4621 rs. Vikram BHIM se pay kiyaa,4621,friends,upi,bhim,,hinglish_natural
electronics store ka saman liyaa 452 rupay card se pay kr diya,452,shopping,card,,,hinglish_natural
gpay payment 238.88 food court IDFC First 5586 done,238.88,food,upi,gpay,idfc,ocr_upi
i did 48738 expense on Reliance Digital using card,48738,shopping,card,,pnb,voice_transcript
coaching 2249 rs cash me bohot mehenga,2249,education,cash,,,hinglish_natural
crypto gold bonds NPS portfolio Rs.1305 card,1305,investment,card,,,cue_row
Paid 3552 for Karan from my sbi account via Visa,3552,friends,card,,sbi,english_natural
education loan EMI se EMI bharaa 130 rupay ka UPI se,130,emi,upi,gpay,,hinglish_natural
paid 468 to Zerodha through G Pay,468,investment,upi,gpay,,voice_transcript
personal loan EMI Rs 3372.05 debited from SBI,3372.05,emi,card,,sbi,english_natural
rickshaw pe 59 ka ticket book kar diya Google Pay se pay kia,59,travel,upi,gpay,,hinglish_natural
29888 rupees Apple Music Bhim Canara account,29888,entertainment,upi,bhim,canara,voice_transcript
142 ka Croma bill pay kiya card se,142,shopping,card,,,voice_transcript
128 ka Apollo Pharmacy bill pay kiya Gpay se ICICI se kata,128,healthcare,upi,gpay,icici,voice_transcript
dost Divya ko 84 rupaye Slice se bheje,84,friends,upi,slice,,friends_synthetic
"Airtel recharge
Net Amount 297
Paid via Phonepe",297,utilities,upi,phonepe,,ocr_receipt
119 rupaye game le liya Apple Music pe card se pay kiya Axis wale account se,119,entertainment,card,,axis,hinglish_natural
SBI loan 17166 rs. debit card se,37737,emi,card,,,source_hinglish
Dominos payment ₹2454 done via Mastercard,2454,food,card,,,english_natural
DMart ka mangwaya 344 rupaye slice se pay kia,344,food,upi,slice,icici,hinglish_natural
Vi recharge t2376 debited from HDFC Bank,2376,utilities,card,,hdfc,english_natural
Nykaa ka buy kiyaa 4963 rupay card se,4963,shopping,card,,fi,hinglish_natural
PPF contribution INR 17397,17397,investment,upi,slice,icici,source_english
719 ₹ show dekha gaming ko card se bohot mehenga,719,entertainment,card,,,hinglish_natural
lunch dinner food order swiggy zomato restaurant meal 1752 cash,1752,food,cash,,,cue_row
Paid INR 130 for CCD via CRED,130,food,upi,cred,,english_natural
home loan EMI ka 337 rupees ka bill slice se pay kiya,337,emi,upi,slice,slice,voice_transcript
394.69 paid to broadband via jupiter UPI from RBL Bank Bank ending 8182,394.69,utilities,upi,jupiter,rbl,ocr_upi
Spent ₹4714 on ET Money using NIYO,4714,investment,upi,niyo,,english_natural
bhai 259 rupay admission kya BYJU'S ko Jupiter se icici se kata,259,education,upi,jupiter,icici,hinglish_natural
uber ola cab ride airport train ticket ?1243 Jupiter,1243,travel,upi,jupiter,yes bank,cue_row
4176 ka MedPlus bill pay kiya fi se,4176,healthcare,upi,fi,,voice_transcript
amazon flipkart myntra online shopping order Rs 858 PhonePe,858,shopping,upi,phonepe,,cue_row
Just paid R 4440.76 to Blinkit through Slice,4440.76,food,upi,slice,slice,english_natural
261 rupaye Divya phonepe pe,261,friends,upi,phonepe,,hinglish_natural
canteen ka khana order kia 946 rupaiye Fi se,946,food,upi,fi,,hinglish_natural
College fees payment INR 28920,28920,education,cash,,,source_english
Car loan EMI INR 35906,35906,emi,card,,hdfc,source_english
paid flatmate Rs 1245 via cash,1245,friends,cash,,,friends_synthetic
Hospital bill INR 24420,24420,healthcare,upi,gpay,axis,source_english
Payment of Rs2229 to DishTV was successful via GPay UPI Ref No 804886725140961 Kotak Mahindra Account 6848,2229,utilities,upi,gpay,kotak,ocr_upi
Vikram payment ?2791 done via GPay,2791,friends,upi,gpay,,english_natural
medical checkup lab test health insurance Rs.853 cash,853,healthcare,cash,,,cue_row
₹4148 to Air India via card,4148,travel,card,,,english_natural
school college tuition course books fees INR 106 card,106,education,card,,,cue_row
Used SBI PayTM to pay Rs.4300.92 for BookMyShow,4300.92,entertainment,upi,paytm,sbi,english_natural
188 ka lab test bill pay kiya Paytm se,188,healthcare,upi,paytm,,voice_transcript
Paid Rs 372.03 for Bewakoof via cash,372.03,shopping,cash,,niyo,english_natural
"SONYLIV
Item 1 Rs.230
Item 2 Rs321
Total INR 34777.84
G Pay",34777.84,entertainment,upi,gpay,sbi,ocr_receipt
"Zomato
Net Amount 416.04
Paid via Phonepe",416.04,food,upi,phonepe,kotak,ocr_receipt
rent maintenance gas connection Rs4925 slice,4925,utilities,upi,slice,,cue_row
Amazon 5068 naqad bohot mehenga,5068,shopping,cash,,,hinglish_natural
267 rupay gas bill UPI se,267,utilities,upi,gpay,canara,hinglish_natural
1708 to EatFit via Fi axis account,1708,food,upi,fi,axis,english_natural
Paid Rs.206.46 for Ajio from my Yes Bank account via G Pay,206.46,shopping,upi,gpay,yes bank,english_natural
subah 321 rupaye Bharat Petroleum Phone Pe pe,321,travel,upi,phonepe,,hinglish_natural
dhaba se mangwaya 3857 rupaye ka via paytm,3857,food,upi,paytm,fi,hinglish_natural
Vedantu 3308 cash,3308,education,cash,,axis,english_natural
yaar Vikram ka paise bheje 18829 rupees UPI se diyee,18829,friends,upi,fi,,hinglish_natural
3810 udhar return kr diya Divya pe CRED pe,3810,friends,upi,cred,,hinglish_natural
Uber ride INR 10465,10465,travel,upi,phonepe,bob,source_english
bhai Haldirams pe 45682 ₹ ka food order kiyaa UPI se,45682,food,upi,niyo,,hinglish_natural
Paid ?64 for YouTube Premium via bhim,64,entertainment,upi,bhim,,english_natural
sent money to Rahul ₹17741 on Paytm,17741,friends,upi,paytm,pnb,friends_synthetic
today i spent 1447 on 1mg via cash from my jupiter bank,1447,healthcare,cash,,jupiter,voice_transcript
31271 rs. stationery Paytm pe,31271,education,upi,paytm,kotak,hinglish_natural
"hospital BILL
St: Rs 4708
CARD approved",4708,healthcare,card,,,ocr_receipt
bhai friend ko udhar return kiya 6388 rs Gpay se,6388,friends,upi,gpay,,friends_synthetic
dopahar ko FD me 93 rupay ka paisa daala Bhim pe bhai,93,investment,upi,bhim,,hinglish_natural
Rs.43239.35 to coaching via PayTM,43239.35,education,upi,paytm,,english_natural
4961 SIP bharra Kuvera ko credit card se,4961,investment,card,,,hinglish_natural
hospital 49.90,49.90,healthcare,upi,phonepe,,english_natural
ET Money ka stock lya 325 rupay Cred se pay kar diya,325,investment,upi,cred,,hinglish_natural
INOX payment Rs248.46 done via Google Pay,248.46,entertainment,upi,gpay,sbi,english_natural
SBI LOAN INR 47781 HDFC,47781,emi,card,,hdfc,english_natural
Payment of ₹4957.05 to Gaana was successful via gpay UPI Ref No 575974887697 IndusInd Account 6535,4957.05,entertainment,upi,gpay,indusind,ocr_upi
Internet recharge INR 23519,23519,utilities,upi,paytm,,source_english
Zerodha 1460 rupay debit card se Axis account se,1460,investment,card,,axis,hinglish_natural
yaar Tata Play ka recharge kya 23 rs. via Slice,23,utilities,upi,slice,pnb,hinglish_natural
lab test se doctor ko de diya 465 ka naqad,465,healthcare,cash,,,hinglish_natural
"Zee5 BILL
St: Rs1433.99
CASH approved",1433.99,entertainment,cash,,,ocr_receipt
Netflix subscription INR 38905,38905,entertainment,card,,,source_english
Just paid t432.34 to car loan EMI through credit card,432.34,emi,card,,,english_natural
school fees 262 rupaye GPay pe bc,262,education,upi,gpay,,hinglish_natural
Shreya 257,257,friends,upi,gpay,,english_natural
Paid CCD 358 using cash,358,food,cash,,,english_natural
Paid credit card EMI Rs343 using card,343,emi,card,,,english_natural
TO:1MG 1mg.23643@hdfcbank From:UTSAVJANA (hdfc Phonepe : sender9635@okhdfcbank,404.81,healthcare,upi,phonepe,hdfc,ocr_upi
Groww se invest kr diya 2510 rs ka debit card se,38046,investment,card,,,source_hinglish
exam fee 23287.04 Google Pay,23287.04,education,upi,gpay,idfc,ocr_upi
SBI loan ka EMI kat gayi 220 rs. debit card se,5913,emi,card,,,source_hinglish
Apple Music ka ticket lia 20608 ₹ UPI se de diye,20608,entertainment,upi,gpay,,hinglish_natural
43059 ka SBI loan bill pay kiya SLICE se icici se kata,43059,emi,upi,slice,icici,voice_transcript
school college tuition course books fees 264 Slice,264,education,upi,slice,hdfc,cue_row
Kuvera Rs.4762.31 Google Pay,4762.31,investment,upi,gpay,hdfc,ocr_upi
dost flatmate ko 497 rupaye Paytm se bheje,497,friends,upi,paytm,hdfc,friends_synthetic
maine 500 rupaye HDFC loan ko diye card se,500,emi,card,,sbi,voice_transcript
Spotify mein 2609 lag gaye card se bhara,2609,entertainment,card,,,voice_transcript
650 rs. books lya Unacademy ko Paytm pe NIYO card se,650,education,upi,paytm,niyo,hinglish_natural
bike loan EMI ka loan payment kiya 487 rupaye debit card se Fi Money account se,487,emi,card,,fi,hinglish_natural
Paid t3121 for personal loan EMI via credit card,3121,emi,card,,,english_natural
"PVR 47079 Completed 19Aug 2025,4:12 am HDFC Bank 6638 UPI transaction ID 87038242985270",47079,entertainment,upi,phonepe,hdfc,ocr_upi
VIKRAM INR 1847.10 HDFC BANK,1847.10,friends,upi,gpay,hdfc,english_natural
R 332 to Ananya via cash,332,friends,cash,,,english_natural
Rs.4935 paid to Snapdeal via card from State Bank,4935,shopping,card,,sbi,english_natural
Barbeque Nation pe 23 rupaye ka khana khaaya cash me,23,food,cash,,,hinglish_natural
"TAX INVOICE
BSNL
Grand Total: Rs 385
Payment: CARD",385,utilities,card,,,ocr_receipt
Myntra INR 1568 Visa,1568,shopping,card,,,english_natural
"Lenskart BILL
St: ₹1358
CARD Approved",1358,shopping,card,,federal bank,ocr_receipt
MakeMyTrip 276.00 Mastercard,276.00,travel,card,,icici,english_natural
i paid 3150 rupees for home loan EMI using card,3150,emi,card,,,voice_transcript
POS/ZARA/VISA/4373,296,shopping,card,,,english_natural
2585 ₹ paise bheje bro ko Cred se yaar,2585,friends,upi,cred,,hinglish_natural
Used HDFC cash to pay ₹4516.46 for Neha,4516.46,friends,cash,,hdfc,english_natural
Paid Rs.40298.74 for Uber via Visa,40298.74,travel,card,,hdfc,english_natural
Just paid Rs 476.05 to RedBus through cash,476.05,travel,cash,,,english_natural
45841 ₹ FirstCry debit card se,45841,shopping,card,,sbi,hinglish_natural
Spent Rs4581.63 on Air India using credit card,4581.63,travel,card,,,english_natural
IRCTC 262 ₹ card se hdfc card se,262,travel,card,,hdfc,hinglish_natural
electricity water broadband mobile recharge bill Rs 406 jupiter,406,utilities,upi,jupiter,,cue_row
diagnostic ka dawai liyaa 4765 rupaye UPI se diyee IDFC card se,4765,healthcare,upi,phonepe,idfc,hinglish_natural
spent 299 rupees on Karan via Paytm,299,friends,upi,paytm,,voice_transcript
today i spent 20941 on Haldirams via cash from my Niyo bank,20941,food,cash,,niyo,voice_transcript
44174 rupees Meesho Phonepe,44174,shopping,upi,phonepe,,voice_transcript
Arjun 29746,29746,friends,cash,,,english_natural
Neha ?102 PhonePe,102,friends,upi,phonepe,hdfc,ocr_upi
35530 rs. shopping kar diya Lenskart ko card se pay kya icici card se,35530,shopping,card,,icici,hinglish_natural
Groww ka 4710 rupees ka bill gpay se pay kiya,4710,investment,upi,gpay,icici,voice_transcript
abhi concert se ticket lya 34465 rupay ka card se pay kiya,34465,entertainment,card,,indusind,hinglish_natural
2651 rs. mutual fund credit card se,2651,investment,card,,,hinglish_natural
dopahar ko Bajaj Finance EMI me 2680 rupees ka EMI kat gayi credit card se,2680,emi,card,,,hinglish_natural
bhai mutual fund 2646 ₹ via Fi Money,2646,investment,upi,fi,kotak,hinglish_natural
441 rupees kha liya Nature's Basket ko Slice se pay kiya,441,food,upi,slice,hdfc,hinglish_natural
1145 rupay water bill UPI se pay kiyaa,15151,utilities,upi,paytm,,source_hinglish
grocery vegetables milk bread fruits 10843 paid phonepe,10843,food,upi,phonepe,,cue_row
lunch dinner food order swiggy zomato restaurant meal Rs482 card,482,food,card,,,cue_row
paid Neha ₹1125 via card,1125,friends,card,,,friends_synthetic
"BILL
PVR
₹144
CARD
Thank You Visit Again",144,entertainment,card,,,ocr_receipt
Paid ₹47165 to metro phonepe UPI sbi 7949 Done,47165,travel,upi,phonepe,sbi,ocr_upi
Bajaj Finance EMI ka loan payment kr diya 412 ₹ GPay pe,412,emi,upi,gpay,,hinglish_natural
Used icici Visa to pay 307.02 for Gaana,307.02,entertainment,card,,icici,english_natural
3090 rupees mobile recharge Google Pay,3090,utilities,upi,gpay,,voice_transcript
abhi gold se SIP bharaa 41976 rs ka card se matlab,41976,investment,card,,,hinglish_natural
paid 4843 to EaseMyTrip through niyo from Slice,4843,travel,upi,niyo,slice,voice_transcript
Bought stocks for INR 3771.12 with CRED,3771.12,investment,upi,cred,fi,english_natural
bro ko 21597 transfer kiya phonepe se,21597,friends,upi,phonepe,axis,friends_synthetic
234 rupaye water bill debit card se,234,utilities,card,,sbi,hinglish_natural
CREDIT CARD EMI INR 25259 JUPITER,25259,emi,card,,jupiter,english_natural
Lenskart ka 31802 rupees ka bill GPay se pay kiya,31802,healthcare,upi,gpay,,voice_transcript
SBI loan payment ₹976 done via debit card,976,emi,card,,federal bank,english_natural
netflix spotify hotstar subscription movie show t421 cash,421,entertainment,cash,,,cue_row
₹12404 to colleague card UPI,12404,friends,card,,hdfc,friends_synthetic
paid back friend lent money ?56 Cred,56,friends,upi,cred,,cue_row
bhai IRCTC ka 455 rupaye card se de diya,455,travel,card,,slice,voice_transcript
bhai water bill 316 via Slice HDFC card se,316,utilities,upi,slice,hdfc,hinglish_natural
Paid t184.50 for Amazon via G Pay,184.50,shopping,upi,gpay,pnb,english_natural
Paid Rs.705.41 to Lenskart phonepe UPI ICICI 8808 Completed,705.41,healthcare,upi,phonepe,icici,ocr_upi
49740 ka school fees bill pay kiya PhonePe se,49740,education,upi,phonepe,,voice_transcript
Hotstar 21287.01,21287.01,entertainment,card,,,english_natural
yaar personal loan EMI se loan payment kya 73 rs ka credit card se,73,emi,card,,,hinglish_natural
maine 302 rupaye crypto ko diye paytm se,302,investment,upi,paytm,,voice_transcript
lunch dinner food order swiggy zomato restaurant meal t10238 Phonepe,10238,food,upi,phonepe,,cue_row
"Zerodha 687 Completed 22Aug 2025,3:04 am HDFC Bank 3773 UPI transaction ID 87127083971",687,investment,upi,slice,hdfc,ocr_upi
Ajio me 636 rs ka buy kiyaa credit card se,636,shopping,card,,,hinglish_natural
220 ₹ food court Google Pay se pay kiya,220,food,upi,gpay,sbi,hinglish_natural
personal loan EMI 4751.52 fi,4751.52,emi,upi,fi,indusind,english_natural
netflix spotify hotstar subscription movie show t270 card,270,entertainment,card,,,cue_row
NEFT/TRANSFER/EASEMYTRIP/STATE BANK,1230,travel,cash,,sbi,english_natural
Exam fee INR 46161,46161,education,upi,slice,kotak,source_english
mutual fund SIP stocks PPF FD investment 3807 PayTM,3807,investment,upi,paytm,kotak,cue_row
INR 13891.62 debited from your Punjab National Bank account for Starbucks (Gpay UPI),13891.62,food,upi,gpay,pnb,ocr_upi
262 ka FreshMenu bill pay kiya phonepe se,262,food,upi,phonepe,,voice_transcript
bhai MedPlus ka 341 rupaye card se de diya,341,healthcare,card,,jupiter,voice_transcript
coaching exam preparation study material Rs27 card,27,education,card,,,cue_row
"NETMEDS
Item 1 R 375
Item 2 Rs 216
Total 3217.01
jupiter",3217.01,healthcare,upi,jupiter,,ocr_receipt
INOX 2057 cash,2057,entertainment,cash,,,english_natural
490 rupees Netmeds paytm,490,healthcare,upi,paytm,,voice_transcript
Netflix subscription INR 5487,5487,entertainment,card,,,source_english
INR 323 to Rahul Google Pay UPI,323,friends,upi,gpay,,friends_synthetic
EaseMyTrip ka ride lya 119 credit card se,119,travel,card,,,hinglish_natural
subah Vedantu 1531 rupaiye card se pay kiya Fi Money se,1531,education,card,,fi,hinglish_natural
338 rupees food order kr diya Swiggy ko UPI se pay kia,338,food,upi,slice,,hinglish_natural
Divya 3649.34 debited from NIYO,3649.34,friends,upi,phonepe,niyo,english_natural
NEFT/TRANSFER/RAPIDO/,34999,travel,cash,,,english_natural
NEFT/TRANSFER/EDUCATION LOAN EMI/IDFC,789,emi,card,,idfc,english_natural
80 ₹ Zee5 debit card se,80,entertainment,card,,,hinglish_natural
flatmate rent share 24530 cash roommate,24530,friends,cash,,,friends_synthetic
4103 bill pay kiya electricity bill pe NIYO se,4103,utilities,upi,niyo,,hinglish_natural
2447 rupaiye PPF Paytm pe,2447,investment,upi,paytm,hdfc,hinglish_natural
Behrouz se kha liya 2737 rupaye ka card se,2737,food,card,,,hinglish_natural
flatmate rent share 2467 card bhai,2467,friends,card,,axis,friends_synthetic
Flipkart order INR 7479,7479,shopping,cash,,sbi,source_english
car loan EMI payment Rs89 done via debit card,89,emi,card,,,english_natural
paid 8098 to gold through card,8098,investment,card,,,voice_transcript
PhonePe payment ₹449 H&M State Bank 6510 completed,449,shopping,upi,phonepe,sbi,ocr_upi
INR 48365 to water bill via Google Pay Fi account,48365,utilities,upi,gpay,fi,english_natural
992 ₹ cab le liya Rapido ko Phonepe se pay kiya,49758,travel,upi,phonepe,,source_hinglish
school college tuition course books fees 3490 paytm,3490,education,upi,paytm,,cue_row
mess payment Rs.47766.78 done via G Pay,47766.78,food,upi,gpay,,english_natural
bhai school fees ka 48 rupaye card se de diya,48,education,card,,,voice_transcript
4150 Coin,4150,investment,upi,paytm,icici,english_natural
split bill 121 gpay se colleague ko diya,121,friends,upi,gpay,,friends_synthetic
4460 rupaiye Bewakoof debit card se zyada ho gaya,4460,shopping,card,,,hinglish_natural
Payment of 59 to Coursera was successful via GPay UPI Ref No 70265781496 ICICI Account 5584,59,education,upi,gpay,icici,ocr_upi
320 slice clinic,320,healthcare,upi,slice,,english_natural
sent money to colleague Rs 239 on card,239,friends,card,,,friends_synthetic
Paid yaar R 39.37 using PhonePe from Indusind Bank,39.37,friends,upi,phonepe,indusind,english_natural
ATM/CASH/BANK/4049.31,4049.31,emi,card,,,english_natural
"D BOOKS 15562.44 Completed 15Mar 2026,1:24 pm HDFC Bank Bank 9555 UPI transaction ID 0675141483515 TO:BOOKS books.62840@hdfc bankbank Soogletransaction lD XYZabc427702 OPI PhonePe",15562.44,education,upi,phonepe,hdfc,ocr_upi
"D BLINKIT 2313 Completed 22Apr 2026,1:15 pm axis Bank 7066 UPI transaction ID 79064546609648 TO:BLINKIT blinkit.43103@axisbank Googletransaction lD XYZabc156600 OPI bhim",2313,food,upi,bhim,axis,ocr_upi
Bought exam fee for INR 5999.96 with G Pay,5999.96,education,upi,gpay,,english_natural
electronics clothes shoes accessories purchase R 38514 via cash,38514,shopping,cash,,kotak,cue_row
colleague 105 PayTM Payment done SBI 5173,105,friends,upi,paytm,sbi,ocr_upi
"GAS BILL
Item 1 ₹198
Item 2 Rs.436
Total Rs179
G Pay",179,utilities,upi,gpay,,ocr_receipt
eye checkup se checkup karaya 18361 rupay ka UPI se,18361,healthcare,upi,phonepe,slice,hinglish_natural
"LAB TEST
Item 1 ₹287
Item 2 Rs316
Total Rs431
jupiter",431,healthcare,upi,jupiter,,ocr_receipt
Biryani Blues ka khana order kiyaa 313 rupay UPI se diy,313,food,upi,paytm,,hinglish_natural
Used jupiter SLICE to pay ₹145 for ET Money,145,investment,upi,slice,jupiter,english_natural
bhai Karan ko udhar return kiya 15302 rs Paytm se,15302,friends,upi,paytm,,friends_synthetic
dost Divya ko 3448 rupaye Phonepe se bheje,3448,friends,upi,phonepe,,friends_synthetic
office se aate hue 721 rs. books lia stationery pe debit card se jupiter card se yaar,721,education,card,,jupiter,hinglish_natural
"TAX INVOICE
Apple Music
Grand Total: t4335
Payment: BHIM",4335,entertainment,upi,bhim,,ocr_receipt
"LAB TEST RESTAURANT
Total 38977.04
Cash Received
Change 0.00",38977.04,healthcare,cash,,,ocr_receipt
"BILL
PVR
₹150
G Pay
Thank You Visit Again",150,entertainment,upi,gpay,,ocr_receipt
R 218.82 debited from your sbi account for Vedantu (paytm UPI),218.82,education,upi,paytm,sbi,ocr_upi
226 rupees home loan EMI card,226,emi,card,,,voice_transcript
2220 rupees Unacademy card,2220,education,card,,,voice_transcript
282 rs FD via PhonePe,5423,investment,upi,phonepe,,source_hinglish
bhai DishTV ka 4337 rupaye cash se de diya,4337,utilities,cash,,bandhan,voice_transcript
aaj 299 cafe UPI se de diya,299,food,upi,phonepe,axis,hinglish_natural
kal 79 rupees 1mg debit card se,79,healthcare,card,,slice,hinglish_natural
sent money to Rohan t3937 on card,3937,friends,card,,,friends_synthetic
17695 Dunkin,17695,food,upi,phonepe,,english_natural
sent Rs.4330 to yaar on Phone Pe,4330,friends,upi,phonepe,kotak,friends_synthetic
i did 456 expense on Apollo Pharmacy using G Pay,456,healthcare,upi,gpay,fi,voice_transcript
483 rupees PPF card,483,investment,card,,,voice_transcript
Paid 1mg Rs4195 using cash from SLICE,4195,healthcare,cash,,slice,english_natural
48588 metro,48588,travel,card,,slice,english_natural
"D BOOKMYSHOW 12333 Completed 6Jan 2026,1:27 pm sbi Bank 4639 UPI transaction ID 86852100735 TO:BOOKMYSHOW bookmyshow.88191@sbibank Soogletransaction lD CICAgJjg257044 OPI PayTM",12333,entertainment,upi,paytm,sbi,ocr_upi
"Netmeds
Net Amount 139
Paid via CARD",139,healthcare,card,,idfc,ocr_receipt
Gaana 4922 card,4922,entertainment,card,,,english_natural
Rs.88 to Priya cash UPI,88,friends,cash,,,friends_synthetic
432 to Shreya phonepe UPI,432,friends,upi,phonepe,,friends_synthetic
"Receipt #6588
BSNL
Amount Paid: Rs.82
Mode: bhim",82,utilities,upi,bhim,icici,ocr_receipt
Credit card EMI INR 18928,18928,emi,card,,,source_english
R 22012 charged for Bajaj Finance EMI on debit card,22012,emi,card,,,english_natural
crypto me 1654 rs. ka invest kiya card se pay kr diya,1654,investment,card,,sbi,hinglish_natural
Just paid INR 176 to SonyLIV through credit card,176,entertainment,card,,,english_natural
3346.24 SLICE Jio recharge,3346.24,utilities,upi,slice,slice,english_natural
Lenskart se checkup karaya 3292 rupaye ka card se pay kya hdfc card se,3292,healthcare,card,,hdfc,hinglish_natural
petrol diesel fuel ₹40335 at pump card,40335,travel,card,,,cue_row
today i spent 736 on SpiceJet via Gpay,736,travel,upi,gpay,,voice_transcript
INOX mein 191 lag gaye card se bhara,191,entertainment,card,,,voice_transcript
9843 rupay dost ko diy roommate ko card se pay kya,9843,friends,card,,fi,hinglish_natural
coaching exam preparation study material Rs 2719 card,2719,education,card,,,cue_row
"mall BILL
St: ₹4215.04
CARD APPROVED",4215.04,shopping,card,,,ocr_receipt
FD ka stock liyaa 217 rupaiye card se pay kar diya,217,investment,card,,,hinglish_natural
INR 959 charged for Rohan on BHIM,959,friends,upi,bhim,niyo,english_natural
gold se invest kya 3289 rupaiye ka UPI se pay kiyaa IDFC First wale account se,3289,investment,upi,phonepe,idfc,hinglish_natural
paid bro 58 via Gpay,58,friends,upi,gpay,hdfc,friends_synthetic
JioCinema pe 4166 rs ka game liyaa debit card se,4166,entertainment,card,,,hinglish_natural
car loan EMI 73 rupees UPI se pay kia,14705,emi,upi,phonepe,,source_hinglish
₹256 paid to bhai via PhonePe UPI from ICICI Bank ending 2309,256,friends,upi,phonepe,icici,ocr_upi
crypto gold bonds NPS portfolio 55 card,55,investment,card,,,cue_row
today i spent 44535 on Groww via card from my Fi Money bank,44535,investment,card,,fi,voice_transcript
Nature's Basket me 184 rupaiye ka khana khya UPI se pay kr diya,184,food,upi,phonepe,icici,hinglish_natural
IRCTC me 2310 rupaiye ka ride lia CRED se pay kya,2310,travel,upi,cred,,hinglish_natural
today i spent 4304 on PharmEasy via card,4304,healthcare,card,,,voice_transcript
aaj gaming ka ticket liyaa 1262 rupaye UPI se de diya sasta tha,1262,entertainment,upi,niyo,,hinglish_natural
"Spotify
Net Amount 124
Paid via paytm",124,entertainment,upi,paytm,,ocr_receipt
abhi SIP 1342 rupaiye card se pay kr diya,1342,investment,card,,pnb,hinglish_natural
Bought gold for Rs.35119.20 with debit card,35119.20,investment,card,,hdfc,english_natural
Just paid Rs 632 to SIP through Mastercard,632,investment,card,,,english_natural
SpiceJet se ride liyaa 4063 rupay ka card se pay kya,4063,travel,card,,,hinglish_natural
2209.27 card Apollo Pharmacy,2209.27,healthcare,card,,jupiter,english_natural
SIP 19385.90 sbi,19385.90,investment,card,,sbi,english_natural
Rs.44001.82 charged for Yatra on Mastercard,44001.82,travel,card,,sbi,english_natural
Spent Rs.3747 on Pooja using Paytm,3747,friends,upi,paytm,,english_natural
Uber me 5235 rs. ka ride lia credit card se State Bank se kata,5235,travel,card,,sbi,hinglish_natural
gaming pe 703 rupees ka show dekha card se pay kiya,703,entertainment,card,,,hinglish_natural
Snapdeal se buy kar diya 106 rupaye ka UPI se diye,45288,shopping,upi,phonepe,axis,source_hinglish
10593 rs transfer kya Divya ko UPI se,10593,friends,upi,paytm,,hinglish_natural
"Receipt #7689
DMart
Amount Paid: Rs 4101.74
Mode: Jupiter",4101.74,food,upi,jupiter,axis,ocr_receipt
Yatra me 120 rs. ka petrol bhra cash me,120,travel,cash,,icici,hinglish_natural
TO:GOIBIBO goibibo.31515@bobbank From:UTSAVJANA (BOB NIYO : user9256@okbobbank,2877,travel,upi,niyo,bob,ocr_upi
H&M 4680 rupaye CRED se,4680,shopping,upi,cred,,hinglish_natural
Paid Rs2185 for Yatra via card,2185,travel,card,,,english_natural
POS/BIGBASKET/MASTERCARD/8138,30118,food,card,,slice,english_natural
credit card EMI 2904 rupaiye credit card se,14878,emi,card,,,source_hinglish
Paid t1917.66 to Dominos CRED UPI State Bank 2787 Done,1917.66,food,upi,cred,sbi,ocr_upi
today i spent 495 on BookMyShow via bhim,495,entertainment,upi,bhim,,voice_transcript
TO:BAJAJFINANCEEMI bajajfinanceemi.39456@kotakmahindrabank From:RAHULKUMAR (Kotak Mahindra Paytm : sender7981@okkotakmahindrabank,6488,emi,upi,paytm,kotak,ocr_upi
Home loan EMI INR 40384,40384,emi,upi,phonepe,,source_english
i did 1102 expense on HP Petrol using card,1102,travel,card,,hdfc,voice_transcript
stationery 368 ₹ card se,368,education,card,,,hinglish_natural
medical checkup lab test health insurance Rs 2508 paytm,2508,healthcare,upi,paytm,,cue_row
yaar diagnostic ka medicine liyaa 379 rupay card se,33024,healthcare,card,,,source_hinglish
MedPlus se medicine le liya 426 rupees ka Jupiter se,426,healthcare,upi,jupiter,,hinglish_natural
2220 rupay food order kia JioMart ko via jupiter,2220,food,upi,jupiter,,hinglish_natural
abhi market 1973 rupaiye card se jupiter se,1973,shopping,card,,jupiter,hinglish_natural
Paid Rs.231 for Flipkart from my State Bank account via PayTM,231,shopping,upi,paytm,sbi,english_natural
sent ?200 to colleague on card,200,friends,card,,,friends_synthetic
Groww ka invest kr diya 975 rs Cred se pay kr diya,975,investment,upi,cred,,hinglish_natural
"BILL
FirstCry
?487
CASH
Thank You Visit Again",487,shopping,cash,,,ocr_receipt
abhi 3233 food order kya Chai Point pe UPI se pay kr diya,3233,food,upi,gpay,,hinglish_natural
Bought home loan EMI for t19422 with Visa,19422,emi,card,,sbi,english_natural
bhai Shreya ko udhar return kiya 562 rs GPay se,562,friends,upi,gpay,,friends_synthetic
"MCDONALD'S RESTAURANT
Total 3164
Cash Received
Change 0.00",3164,food,upi,paytm,,ocr_receipt
gaming concert event ticket 3882 Paytm,3882,entertainment,upi,paytm,idfc,cue_row
Gaana 41122 SLICE,41122,entertainment,upi,slice,,english_natural
yaar 1319 rupaiye Bajaj Finance EMI card se,1319,emi,card,,,hinglish_natural
YouTube Premium 35270 rupay credit card se bhai,35270,entertainment,card,,,hinglish_natural
494 credit card college fees,494,education,card,,jupiter,english_natural
ghar jaate waqt 1244 rupaiye invest kia crypto pe card se,1244,investment,card,,jupiter,hinglish_natural
8093 rupees BSNL via Cred,8093,utilities,upi,cred,,hinglish_natural
884 ka IRCTC bill pay kiya card se,884,travel,card,,,voice_transcript
Rs.23961 charged for Bharat Petroleum on card,23961,travel,card,,kotak,english_natural
subah insurance premium pe 28538 rupay ka bill pay kr diya paytm se pay kiya,28538,utilities,upi,paytm,,hinglish_natural
UPI/50563716/RAPIDO/STATE BANK,10871,travel,cash,,sbi,english_natural
DishTV pe 41337 rs ka bill pay kiya UPI se de diya matlab,41337,utilities,upi,phonepe,,hinglish_natural
dinner split 482 rupaye Shreya gpay,482,friends,upi,gpay,,friends_synthetic
yaar Priya pe 3657 rs. ka split kiya cash de diye,3657,friends,cash,,,hinglish_natural
SBI loan Rs 279 slice,279,emi,upi,slice,icici,ocr_upi
dost Ananya ko 220 rupaye phonepe se bheje,220,friends,upi,phonepe,,friends_synthetic
Payment of ₹32797 to Shreya was successful via niyo UPI Ref No 53402610158526 axis Account 7920,32797,friends,upi,niyo,axis,ocr_upi
Crypto investment INR 43388,43388,investment,card,,hdfc,source_english
Angel One se invest kiya 20047 rupaye ka SLICE se pay kiya,20047,investment,upi,slice,,hinglish_natural
home loan car loan credit card EMI monthly INR 4517 autopay card,4517,emi,card,,,cue_row
Paid Rs.28333 for colleague via Cred,28333,friends,upi,cred,,english_natural
aaj Ajio 409 rupees haath se diye zyada ho gaya,409,shopping,cash,,,hinglish_natural
1234 rupees EMI kat gayi car loan EMI ko Jupiter se pay kar diya,1234,emi,upi,jupiter,,hinglish_natural
Unacademy 432 rupaye UPI se pay kia,432,education,upi,phonepe,,hinglish_natural
Paid mutual fund ₹450.45 using debit card from HDFC,450.45,investment,card,,hdfc,english_natural
95 SBI loan credit card se sasta tha,95,emi,card,,fi,hinglish_natural
"Receipt #7724
Amazon Prime
Amount Paid: ₹195.82
Mode: Google Pay",195.82,entertainment,upi,gpay,,ocr_receipt
sent money to yaar ₹21308 on cash,21308,friends,cash,,,friends_synthetic
Flight ticket booking INR 39555,39555,travel,card,,,source_english
split bill 198 GPay se Rahul ko diya,198,friends,upi,gpay,,friends_synthetic
EASEMYTRIP INR 237 SLICE,237,travel,card,,slice,english_natural
water bill 34939 rupaiye bhim pe yaar,34939,utilities,upi,bhim,,hinglish_natural
mall se khareed lia 49014 ₹ ka cash me,49014,shopping,cash,,,hinglish_natural
aaj auto me 182 rupees ka petrol bharaa card se pay kiyaa,182,travel,card,,,hinglish_natural
bhai Shreya ko udhar return kiya 10230 rs Cred se,10230,friends,upi,cred,,friends_synthetic
rent ka 18130 rupees ka bill Phonepe se pay kiya,18130,utilities,upi,phonepe,,voice_transcript
Rohan 256 GPay Completed Axis Bank 6039,256,friends,upi,gpay,axis,ocr_upi
lab test 143 phonepe,143,healthcare,upi,phonepe,,english_natural
mutual fund SIP stocks PPF FD investment Rs 82 Phonepe,82,investment,upi,phonepe,kotak,cue_row
TO:NETMEDS netmeds.15290@statebankbank From:PRIYASHARMA (State Bank G Pay : user5466@okstatebankbank,4579,healthcare,upi,gpay,sbi,ocr_upi
dopahar ko SBI loan ka EMI kat gayi 19562 rs debit card se,19562,emi,card,,kotak,hinglish_natural
"PVR RESTAURANT
Total 289.95
Cash Received
Change 0.00",289.95,entertainment,upi,cred,,ocr_receipt
paid back friend lent money Rs2262 CRED,2262,friends,upi,cred,axis,cue_row
Concert ticket INR 11018,11018,entertainment,upi,paytm,,source_english
R 121.97 to food court via G Pay icici account,121.97,food,upi,gpay,icici,english_natural
TO:PHARMEASY pharmeasy.68141@sbibank From:UTSAVJANA (sbi Phonepe : user8758@oksbibank,47687,healthcare,upi,phonepe,sbi,ocr_upi
sent money to Rohan 330 on CRED,330,friends,upi,cred,,friends_synthetic
38067 rs. Bajaj Finance EMI debit card se,38067,emi,card,,,hinglish_natural
maine 3824 rupaye Arjun ko diye Niyo se,3824,friends,upi,niyo,icici,voice_transcript
4798 rupaye tuition diy coaching pe debit card se HDFC Bank wale account se,4798,education,card,,hdfc,hinglish_natural
amazon flipkart myntra online shopping order Rs.1850 card,1850,shopping,card,,,cue_row
netflix spotify hotstar subscription movie show Rs 572 cash,572,entertainment,cash,,hdfc,cue_row
breakfast snacks chai coffee ₹176 Gpay,176,food,upi,gpay,,cue_row
INOX ka show dekha 1420 UPI se diyee,1420,entertainment,upi,paytm,bob,hinglish_natural
credit card EMI se loan payment kia 9724 ₹ ka UPI se,33964,emi,upi,niyo,,source_hinglish
Subway 63 GPay,63,food,upi,gpay,sbi,english_natural
"CROMA RESTAURANT
Total 4505.25
Cash Received
Change 0.00",4505.25,shopping,cash,,,ocr_receipt
Exam fee INR 49514,49514,education,card,,,source_english
INR 340.40 debited from your SBI account for stocks (GPay UPI),340.40,investment,upi,gpay,sbi,ocr_upi
bhai MedPlus ka checkup karaya 43778 rupaye card se,43778,healthcare,card,,hdfc,hinglish_natural
Rs 4622 paid to Apollo Pharmacy via paytm UPI from sbi Bank ending 4445,4622,healthcare,upi,paytm,sbi,ocr_upi
"Receipt #9824
Nykaa
Amount Paid: INR 2289.16
Mode: CARD",2289.16,shopping,card,,icici,ocr_receipt
Paid Rs979.82 to Subway BHIM UPI sbi 6658 Done,979.82,food,upi,bhim,sbi,ocr_upi
Netflix se show dekha 34834 rupees ka UPI se,34834,entertainment,upi,fi,,hinglish_natural
SonyLIV ka subscription renew kya 754 ₹ card se,754,entertainment,card,,,hinglish_natural
i did 1689 expense on mutual fund using card,1689,investment,card,,,voice_transcript
concert ka game liya 26515 rs UPI se die Fi account se,26515,entertainment,upi,phonepe,fi,hinglish_natural
bhai diagnostic ka 4539 rupaye gpay se de diya,4539,healthcare,upi,gpay,,voice_transcript
i paid 41148 rupees for Karan using gpay,41148,friends,upi,gpay,,voice_transcript
Rs22568 charged for Meesho on G Pay,22568,shopping,upi,gpay,slice,english_natural
Yatra se ticket book kar diya 4701 ka debit card se yaar,24121,travel,card,,,source_hinglish
"SonyLIV BILL
St: INR 131
Google Pay approved",131,entertainment,upi,gpay,indusind,ocr_receipt
dinner split 1634 rupaye Arjun GPay,1634,friends,upi,gpay,,friends_synthetic
petrol diesel fuel 377 at pump card,377,travel,card,,,cue_row
₹441 charged for credit card EMI on Paytm,441,emi,upi,paytm,,english_natural
McDonald's 100 rupaiye UPI se de diye,100,food,upi,bhim,idfc,hinglish_natural
medical checkup lab test health insurance Rs367 card,367,healthcare,card,,icici,cue_row
Water bill INR 20501,20501,utilities,card,,,source_english
personal loan installment EMI deduction Rs.49124 card,49124,emi,card,,,cue_row
kal JioCinema 2318 ₹ via PayTM,2318,entertainment,upi,paytm,,hinglish_natural
"BookMyShow
Net Amount 4234
Paid via CARD",4234,entertainment,card,,,ocr_receipt
ACT Fibernet 2564 rupees haath se die yaar,2564,utilities,cash,,,hinglish_natural
Arjun ko 163 transfer kiya jupiter se,163,friends,upi,jupiter,,friends_synthetic
abhi Vi recharge 399 rupees UPI se,399,utilities,upi,gpay,,hinglish_natural
Rapido 16597 jupiter Payment done ICICI 2190,16597,travel,upi,jupiter,icici,ocr_upi
Netmeds mein 266 lag gaye cred se bhara,266,healthcare,upi,cred,,voice_transcript
dinner split 2726 rupaye Priya Gpay,2726,friends,upi,gpay,,friends_synthetic
"Receipt #8621
Behrouz
Amount Paid: Rs 4150.92
Mode: gpay",4150.92,food,upi,gpay,,ocr_receipt
4288 rs Bewakoof Phonepe pe,4288,shopping,upi,phonepe,,hinglish_natural
raat ko DMart pe 1580 rupees ka kha liya cash me,1580,food,cash,,,hinglish_natural
Rs29085 paid to EatFit via cred from sbi,29085,food,upi,cred,sbi,english_natural
yaar 28 rupaye Spotify card se pay kiyaa,28,entertainment,card,,,hinglish_natural
Paid electricity bill ?12448 using gpay,12448,utilities,upi,gpay,,english_natural
dost Ananya ko 684 rupaye niyo se bheje,684,friends,upi,niyo,,friends_synthetic
hospital 3611.24 paytm,3611.24,healthcare,upi,paytm,,english_natural
UPI/75448670/LENSKART/HDFC,452,shopping,card,,hdfc,english_natural
DOMINOS INR 1047,1047,food,upi,gpay,,english_natural
Cleartrip 3301 phonepe Completed Axis Bank 4878,3301,travel,upi,phonepe,axis,ocr_upi
Paid Rs26187 for Behrouz via cash,26187,food,cash,,,english_natural
bhai dost ka 18899 rupaye gpay se de diya,18899,friends,upi,gpay,,voice_transcript
aaj Chai Point pe 15883 rupaye kharcha hua PayTM se,15883,food,upi,paytm,,voice_transcript
POS/JIO RECHARGE/CREDIT CARD/1982,106.83,utilities,card,,yes bank,english_natural
personal loan installment EMI deduction R 3430 card,3430,emi,card,,,cue_row
449 education loan EMI,449,emi,card,,,english_natural
"Receipt #7497
Snapdeal
Amount Paid: R 164
Mode: CARD",164,shopping,card,,,ocr_receipt
"TAX INVOICE
Blinkit
Grand Total: 215
Payment: NIYO",215,food,upi,niyo,,ocr_receipt
mobile recharge se bill bhar diya 33533 ka card se budget tod diya,33533,utilities,card,,,hinglish_natural
Udemy 262 debit card se,262,education,card,,hdfc,hinglish_natural
"SonyLIV
Net Amount 302
Paid via CARD",302,entertainment,card,,icici,ocr_receipt
Bajaj Finance EMI ka installment de diye 3348 ₹ card se hdfc account se,3348,emi,card,,hdfc,hinglish_natural
Rs 2534.20 to Croma via card Slice account,2534.20,shopping,card,,slice,english_natural
Paid ET Money Rs.21728.16 using credit card,21728.16,investment,card,,,english_natural
"TAX INVOICE
MedPlus
Grand Total: INR 3900
Payment: Google Pay",3900,healthcare,upi,gpay,,ocr_receipt
Shreya me 23434 rs. ka transfer kia paytm se pay kr diya,23434,friends,upi,paytm,,hinglish_natural
clinic 27388 debit card,27388,healthcare,card,,indusind,english_natural
ghar jaate waqt 133 tuition diyee school fees pe via cred icici account se yaar,133,education,upi,cred,icici,hinglish_natural
Used Niyo bhim to pay Rs.10041.85 for roommate,10041.85,friends,upi,bhim,niyo,english_natural
Rs.664 to bhai cred UPI,664,friends,upi,cred,,friends_synthetic
personal loan installment EMI deduction ₹19392 card,19392,emi,card,,axis,cue_row
sent INR 947 to Karan on Phone Pe,947,friends,upi,phonepe,,friends_synthetic
"MCDONALD'S RESTAURANT
Total 160.77
Cash Received
Change 0.00",160.77,food,upi,jupiter,kotak,ocr_receipt
paid back friend lent money 8346 Fi Money,8346,friends,upi,fi,,cue_row
Pizza Hut 327,327,food,cash,,,english_natural
friend 285 fi Completed hdfc 6536,285,friends,upi,fi,hdfc,ocr_upi
spent 849 rupees on Airtel recharge via card,849,utilities,card,,hdfc,voice_transcript
college fees ka books liyaa 44574 debit card se HDFC Bank se kata,44574,education,card,,hdfc,hinglish_natural
"YouTube Premium
Net Amount 3294
Paid via CARD",3294,entertainment,card,,icici,ocr_receipt
269.29 DishTV,269.29,utilities,upi,phonepe,,english_natural
"BILL
Jio recharge
₹99
Gpay
Thank You Visit Again",99,utilities,upi,gpay,kotak,ocr_receipt
"Receipt #4953
Amazon Prime
Amount Paid: Rs 406
Mode: CARD",406,entertainment,card,,,ocr_receipt
Rs 25599.34 charged for Lenskart on Mastercard,25599.34,shopping,card,,,english_natural
flatmate rent share 17495 Gpay Priya,17495,friends,upi,gpay,,friends_synthetic
Paid Rs 276.12 for MedPlus via Google Pay,276.12,healthcare,upi,gpay,slice,english_natural
"TAX INVOICE
dentist
Grand Total: Rs4531
Payment: slice",4531,healthcare,upi,slice,,ocr_receipt
1388 test karaya MedPlus pe naqad,1388,healthcare,cash,,,hinglish_natural
ACT Fibernet ka recharge kia 3821 ₹ PhonePe se pay kr diya SLICE card se bc,3821,utilities,upi,phonepe,slice,hinglish_natural
27895 rupees stationery via CRED,27895,education,upi,cred,,hinglish_natural
Paid ₹1079 to Vedantu Phonepe UPI icici 4588 Completed,1079,education,upi,phonepe,icici,ocr_upi
"PharmEasy 29929 Completed 13Jul 2026,11:57 pm HDFC 8311 UPI transaction ID 6331191611",29929,healthcare,upi,gpay,hdfc,ocr_upi
flatmate rent share 8258 G Pay flatmate,8258,friends,upi,gpay,sbi,friends_synthetic
POS/RELIANCE DIGITAL/FI/5771,4679.15,shopping,upi,fi,sbi,english_natural
NPS pe 39 rupaye ka paisa daala UPI se de diye,41777,investment,upi,cred,,source_hinglish
Ajio pe 34933 rupaiye ka shopping kr diya UPI se,34933,shopping,upi,cred,,hinglish_natural
yaar water bill pe 1771 ka payment kr diya Bhim se pay kya,1771,utilities,upi,bhim,,hinglish_natural
bhai MakeMyTrip ka 2523 rupaye cash se de diya,2523,travel,cash,,,voice_transcript
Bought SonyLIV for t4769 with debit card,4769,entertainment,card,,,english_natural
"Receipt #3468
Croma
Amount Paid: t464
Mode: PayTM",464,shopping,upi,paytm,,ocr_receipt
rent maintenance gas connection Rs.142 Google Pay,142,utilities,upi,gpay,,cue_row
aaj friend pe 3440 rupaye kharcha hua Phonepe se,3440,friends,upi,phonepe,,voice_transcript
32795 charged for bike loan EMI on Cred,32795,emi,upi,cred,jupiter,english_natural
Angel One ka stock le liya 45 rs. card se,45,investment,card,,,hinglish_natural
TO:BAJAJFINANCEEMI bajajfinanceemi.15201@hdfcbankbank From:PRIYASHARMA (HDFC Bank paytm : user4918@okhdfcbankbank,4063.25,emi,upi,paytm,hdfc,ocr_upi
sent Rs.10321 to dost on cash,10321,friends,cash,,,friends_synthetic
bhai yaar ko udhar return kiya 262 rs BHIM se,262,friends,upi,bhim,sbi,friends_synthetic
Coin se SIP bharra 1255 ₹ ka debit card se,1255,investment,card,,,hinglish_natural
Medical test charges INR 20572,20572,healthcare,cash,,,source_english
Bought Croma for INR 1084.65 with PhonePe,1084.65,shopping,upi,phonepe,,english_natural
Electronics shopping INR 44640,44640,shopping,upi,bhim,axis,source_english
"INOX 1509 Completed 11Nov 2025,2:57 pm HDFC 1071 UPI transaction ID 5473880842740",1509,entertainment,upi,phonepe,hdfc,ocr_upi
429 rupay DishTV UPI se die,429,utilities,upi,phonepe,,hinglish_natural
office se aate hue 166 Burger King GPay se,166,food,upi,gpay,jupiter,hinglish_natural
46882 rupaiye order kar diya Reliance Digital ko Google Pay se pay kar diya bc,3182,shopping,upi,gpay,,source_hinglish
Vi recharge 1991 via slice,1991,utilities,upi,slice,,hinglish_natural
cafe ₹4911 debited from Axis,4911,food,card,,axis,english_natural
amazon flipkart myntra online shopping order Rs.139 Gpay,139,shopping,upi,gpay,,cue_row
32830 ka Coin bill pay kiya card se,32830,investment,card,,,voice_transcript
Shreya ko 15820 transfer kiya G Pay se,15820,friends,upi,gpay,,friends_synthetic
Spent ₹315.47 on bro using credit card,315.47,friends,card,,,english_natural
45329 rupay movie dekhi Spotify ko card se,45329,entertainment,card,,,hinglish_natural
Payment of 4521.35 to Cleartrip was successful via Jupiter UPI Ref No 800272917141121 Axis Bank Account 7163,4521.35,travel,upi,jupiter,axis,ocr_upi
"ZEPTO
Item 1 t153
Item 2 ?101
Total Rs.150
Slice",150,food,upi,slice,pnb,ocr_receipt
doctor ka checkup karaya 613 rupaiye credit card se,613,healthcare,card,,,hinglish_natural
SonyLIV 637 cash,637,entertainment,cash,,,english_natural
NEFT/TRANSFER/APPLE MUSIC/,34432,entertainment,upi,phonepe,,english_natural
electronics clothes shoes accessories purchase ₹3982 via cash,3982,shopping,cash,,,cue_row
Spotify 418.81 cred Completed idfc 4116,418.81,entertainment,upi,cred,idfc,ocr_upi
Meesho pe 1544 ka shopping kia SLICE se pay kiyaa,1544,shopping,upi,slice,,hinglish_natural
"CAFE
Item 1 ₹173
Item 2 R 93
Total Rs.4915
CASH",4915,food,cash,,kotak,ocr_receipt
3736 ka BookMyShow bill pay kiya card se,3736,entertainment,card,,,voice_transcript
subah education loan EMI 28239 ₹ card se,28239,emi,card,,,hinglish_natural
lunch dinner food order swiggy zomato restaurant meal Rs.34 card,34,food,card,,,cue_row
129 rupees rickshaw Bhim,129,travel,upi,bhim,,voice_transcript
Just paid Rs204 to books through cash,204,education,cash,,icici,english_natural
paid Shreya Rs.88 via Gpay,88,friends,upi,gpay,,friends_synthetic
bike loan EMI ka EMI kat gayi 3200 rupaye card se,17303,emi,card,,,source_hinglish
Used Kotak Mahindra Cred to pay INR 3741 for Zomato,3741,food,upi,cred,kotak,english_natural
Starbucks ka khana order kiyaa 282 UPI se pay kiyaa jupiter card se,282,food,upi,phonepe,jupiter,hinglish_natural
paid 42199 to DishTV through Google Pay,42199,utilities,upi,gpay,,voice_transcript
paid Rahul Rs.684 via Phone Pe,684,friends,upi,phonepe,icici,friends_synthetic
Rs.20151.01 charged for Vedantu on cash,20151.01,education,cash,,,english_natural
Medical test charges INR 28567,28567,healthcare,card,,axis,source_english
TO:SIP sip.11820@hdfcbankbank From:RAHULKUMAR (HDFC Bank jupiter : user9759@okhdfcbankbank,45809,investment,upi,jupiter,hdfc,ocr_upi
raat ko 24073 rupaye hospital UPI se,24073,healthcare,upi,gpay,slice,hinglish_natural
Swiggy 4892.67 G Pay,4892.67,food,upi,gpay,,english_natural
subah Box8 se khana order kar diya 304 rupaiye ka credit card se,8,food,card,,,hinglish_natural
Spotify pe 148 rupay ka show dekha credit card se,148,entertainment,card,,slice,hinglish_natural
Rs.191 paid to mutual fund via GPay UPI from ICICI Bank Bank ending 4082,191,investment,upi,gpay,icici,ocr_upi
yaar 2347 rs IRCTC UPI se pay kar diya,2347,travel,upi,gpay,fi,hinglish_natural
Rs.302 paid to Practo via phonepe UPI from sbi Bank ending 9910,302,healthcare,upi,phonepe,sbi,ocr_upi
subah 460 rupay shopping kiyaa Croma ko UPI se die IDFC First card se,460,shopping,upi,phonepe,idfc,hinglish_natural
bhai FD 34118 ₹ UPI se pay kiya,34118,investment,upi,paytm,,hinglish_natural
468 MakeMyTrip Jupiter se pay kia,468,travel,upi,jupiter,,hinglish_natural
Goibibo se ride liyaa 443 rupay ka GPay pe,443,travel,upi,gpay,jupiter,hinglish_natural
41736 rs. gas bill UPI se de diya,41736,utilities,upi,phonepe,,hinglish_natural
"Apollo Pharmacy
Net Amount 22048.15
Paid via Paytm",22048.15,healthcare,upi,paytm,hdfc,ocr_receipt
dopahar ko flatmate me 465 rs ka transfer kar diya Cred pe,465,friends,upi,cred,,hinglish_natural
486 rs game le liya Netflix pe cash diy sbi account se,25858,entertainment,cash,,sbi,source_hinglish
24637 rs Apple Music UPI se pay kar diya,24637,entertainment,upi,jupiter,icici,hinglish_natural
Just paid ₹2296 to Behrouz through cash,2296,food,cash,,,english_natural
"electronics store BILL
St: ₹2025.90
Google Pay approved",2025.90,shopping,upi,gpay,,ocr_receipt
349 ₹ home loan EMI card se pay kiya,349,emi,card,,,hinglish_natural
"BURGER KING RESTAURANT
Total 49306.27
Cash Received
Change 0.00",49306.27,food,upi,paytm,,ocr_receipt
ATM/CASH/BANK/452,452,education,cash,,,english_natural
dost Shreya ko 21614 rupaye paytm se bheje,21614,friends,upi,paytm,,friends_synthetic
"D LENSKART 16796 Completed 4Apr 2026,7:11 pm State Bank Bank 7405 UPI transaction ID 00373637570 TO:LENSKART lenskart.77912@state bankbank Soogletransaction lD XYZabc807783 OPI Phone Pe",16796,shopping,upi,phonepe,sbi,ocr_upi
BigBasket 153 cash,153,food,cash,,niyo,english_natural
Paid Rs.3890 for petrol pump from my Slice account via Mastercard,3890,travel,card,,slice,english_natural
Airtel recharge pe 35 ₹ ka bill pay kiyaa naqad yaar,17251,utilities,cash,,,source_hinglish
TO:FAASOS faasos.58994@statebankbank From:UTSAVJANA (State Bank Cred : user2585@okstatebankbank,291.97,food,upi,cred,sbi,ocr_upi
Payment of ?255 to Groww was successful via Gpay UPI Ref No 33833876883868 Bank of Baroda Account 5007,255,investment,upi,gpay,bob,ocr_upi
i paid 110 rupees for personal loan EMI using card,110,emi,card,,,voice_transcript
food court ka 313 rupees ka bill cash se pay kiya,313,food,cash,,sbi,voice_transcript
BookMyShow 1220 rupaye card se pay kia,1220,entertainment,card,,,hinglish_natural
sent 2167 to Arjun on G Pay,2167,friends,upi,gpay,,friends_synthetic
Used hdfc debit card to pay ₹4564 for Croma,4564,shopping,card,,hdfc,english_natural
gaming payment INR 168 done via credit card,168,entertainment,card,,,english_natural
"BILL
Zee5
INR 28589
CARD
Thank You Visit Again",28589,entertainment,card,,,ocr_receipt
"JioMart BILL
St: Rs.20895.61
CARD APPROVED",20895.61,food,card,,,ocr_receipt
881 to education loan EMI via debit card,881,emi,card,,,english_natural
"Receipt #3274
dentist
Amount Paid: 380.04
Mode: CARD",380.04,healthcare,card,,,ocr_receipt
bike loan EMI me 46252 ka EMI bharra card se pay kar diya zyada ho gaya,46252,emi,card,,,hinglish_natural
POS/ZERODHA/GPAY/4715,70,investment,upi,gpay,,english_natural
Paid Rs 35744 to PPF cred UPI ICICI Bank 1634 Completed,35744,investment,upi,cred,icici,ocr_upi
dost Shreya ko 444 rupaye cash se bheje,444,friends,cash,,,friends_synthetic
school college tuition course books fees INR 7050 Google Pay,7050,education,upi,gpay,,cue_row
Paid coaching Rs6853.56 using cash,6853.56,education,cash,,,english_natural
Paid Rs.244.71 to Air India GPay UPI sbi 2345 Successful,244.71,travel,upi,gpay,sbi,ocr_upi
medical checkup lab test health insurance ₹30930 cash,30930,healthcare,cash,,hdfc,cue_row
Ananya ka split kr diya 2251 rs. phonepe se pay kya bc,2251,friends,upi,phonepe,,hinglish_natural
netflix spotify hotstar subscription movie show 3804 Phonepe,3804,entertainment,upi,phonepe,,cue_row
Spent ₹193 on auto using cash,193,travel,cash,,,english_natural
Tata CLiQ Rs 4334 debited from Indusind Bank,4334,shopping,card,,indusind,english_natural
bhai Hotstar ka 1904 rupaye card se de diya,1904,entertainment,card,,,voice_transcript
upGrad se course liyaa 34820 rupaiye ka naqad sbi account se,34820,education,cash,,sbi,hinglish_natural
upGrad 287 rupay card se pay kya,287,education,card,,,hinglish_natural
dost bro ko 4247 rupaye paytm se bheje,4247,friends,upi,paytm,,friends_synthetic
bhai yaar ko udhar return kiya 559 rs PhonePe se,559,friends,upi,phonepe,,friends_synthetic
Used IDFC Visa to pay Rs.241 for SpiceJet,241,travel,card,,idfc,english_natural
"TAX INVOICE
Zara
Grand Total: Rs 19413
Payment: CARD",19413,shopping,card,,,ocr_receipt
Angel One se invest kar diya 242 rupaye ka PayTM se,242,investment,upi,paytm,sbi,hinglish_natural
107 rs. bill pay kr diya broadband pe cash diyee hdfc account se,107,utilities,cash,,hdfc,hinglish_natural
372.96 to Behrouz via debit card hdfc account,372.96,food,card,,hdfc,english_natural
Rs.45142.94 charged for Hotstar on credit card,45142.94,entertainment,card,,,english_natural
yaar 4136 Apple Music UPI se pay kiyaa,4136,entertainment,upi,phonepe,,hinglish_natural
Rs.4641.06 debited from your HDFC Bank account for mobile recharge (Phonepe UPI),4641.06,utilities,upi,phonepe,hdfc,ocr_upi
Rohan 345 gpay Successful HDFC 6956,345,friends,upi,gpay,hdfc,ocr_upi
Apollo Pharmacy ka checkup karaya 19721 debit card se HDFC Bank account se,19721,healthcare,card,,hdfc,hinglish_natural
"DISHTV
Item 1 Rs.278
Item 2 Rs267
Total ₹1536.93
G Pay",1536.93,utilities,upi,gpay,,ocr_receipt
paid 24349 to NPS through card from Punjab National Bank,24349,investment,card,,pnb,voice_transcript
FD ka SIP bhar diya 45 rupay card se pay kar diya,45,investment,card,,jupiter,hinglish_natural
abhi Amazon Prime ka ticket liya 46 rupay Fi se pay kiyaa,46,entertainment,upi,fi,hdfc,hinglish_natural
raat ko library ka course lya 5373 rs card se bohot mehenga,5373,education,card,,idfc,hinglish_natural
UPI/25125828/COIN/HDFC,310,investment,upi,phonepe,hdfc,english_natural
"mobile recharge
Net Amount 863.37
Paid via Google Pay",863.37,utilities,upi,gpay,,ocr_receipt
i did 4888 expense on Spotify using Phonepe,4888,entertainment,upi,phonepe,,voice_transcript
dopahar ko 2830 rs medicine lia MedPlus ko UPI se pay kiya achha deal mila,2830,healthcare,upi,phonepe,,hinglish_natural
office se aate hue Spotify 2067 rupaye slice se pay kr diya,2067,entertainment,upi,slice,,hinglish_natural
CREDIT CARD EMI INR 2970.29 SLICE,2970.29,emi,upi,slice,slice,english_natural
Paid Rs2546.47 for Apple Music from my kotak account via Visa,2546.47,entertainment,card,,kotak,english_natural
bhai Netmeds ka 40468 rupaye Phone Pe se de diya,40468,healthcare,upi,phonepe,,voice_transcript
Used idfc Visa to pay ₹21.15 for Zepto,21.15,food,card,,idfc,english_natural
auto 42597 rs. debit card se achha deal mila,42597,travel,card,,,hinglish_natural
Paid diagnostic ?25254 using debit card from Axis Bank,25254,healthcare,card,,axis,english_natural
Spent Rs.38220 on BSNL using Phonepe,38220,utilities,upi,phonepe,,english_natural
personal loan EMI ₹1462.51 niyo,1462.51,emi,upi,niyo,,english_natural
flight booking travel ticket INR 3284 card,3284,travel,card,,,cue_row
kal 17424 rs. tuition de diya books ko card se matlab,17424,education,card,,,hinglish_natural
flatmate rent share 3150 G Pay colleague,3150,friends,upi,gpay,icici,friends_synthetic
aaj Biryani Blues pe 496 rupaye kharcha hua Phonepe se,496,food,upi,phonepe,,voice_transcript
POS/BYJU'S/NIYO/2819,4011,education,upi,niyo,,english_natural
3006 DMart,3006,food,upi,gpay,hdfc,english_natural
school fees ka fees bharaa 144 rupaye debit card se,144,education,card,,,hinglish_natural
"D BURGERKING 46990.41 Completed 7Feb 2026,11:32 pm Indusind Bank Bank 5308 UPI transaction ID 06719174251869 TO:BURGERKING burger king.71116@indusind bankbank Goog1etransaction lD XYZabc667175 OPI Bhim",46990.41,food,upi,bhim,indusind,ocr_upi
dinner split 1497 rupaye roommate Phone Pe,1497,friends,upi,phonepe,hdfc,friends_synthetic
Paytm payment ₹30171 stationery PNB 8103 done,30171,education,upi,paytm,pnb,ocr_upi
UPI/70609876/FRESHMENU/BANK,27609,food,upi,paytm,,english_natural
1038 debit card Subway,1038,food,card,,,english_natural
POS/DIAGNOSTIC/BHIM/5581,60.96,healthcare,upi,bhim,,english_natural
"JIOCINEMA RESTAURANT
Total 4514
Cash Received
Change 0.00",4514,entertainment,upi,cred,sbi,ocr_receipt
"D FLATMATE 2723 Completed 11Feb 2026,3:27 pm Axis Bank Bank 6397 UPI transaction ID 2528716944424 TO:FLATMATE flatmate.88392@axis bankbank Goog1etransaction lD XYZabc635784 OPI PhonePe",2723,friends,upi,phonepe,axis,ocr_upi
HP Petrol 39323 niyo,39323,travel,upi,niyo,hdfc,ocr_upi
aaj crypto pe 4269 rupaye kharcha hua card se,4269,investment,card,,,voice_transcript
dopahar ko 1902 SBI loan UPI se pay kia,1902,emi,upi,phonepe,bob,hinglish_natural
POS/RICKSHAW/SLICE/7806,157,travel,upi,slice,fi,english_natural
NEFT/TRANSFER/NETMEDS/,382,healthcare,card,,,english_natural
36540 mangwaya McDonald's pe UPI se diy bhai,36540,food,upi,phonepe,,hinglish_natural
1106 Pooja,1106,friends,upi,jupiter,idfc,english_natural
3720 rupees Meesho Phonepe Niyo account,3720,shopping,upi,phonepe,niyo,voice_transcript
Bought Divya for 407 with PhonePe,407,friends,upi,phonepe,,english_natural
345 ₹ FD UPI se pay kar diya,345,investment,upi,phonepe,,hinglish_natural
Jio recharge se recharge kia 1043 ₹ ka UPI se,30520,utilities,upi,gpay,,source_hinglish
NEFT/TRANSFER/EDUCATION LOAN EMI/,239,emi,card,,,english_natural
Lenskart pe 1649 ₹ ka shopping kiya debit card se,1649,shopping,card,,,hinglish_natural
raat ko Flipkart ka order kiya 736 card se pay kia,736,shopping,card,,,hinglish_natural
"dhaba BILL
St: Rs.4562
CARD Approved",4562,food,card,,,ocr_receipt
276.02 rent,276.02,utilities,upi,gpay,,english_natural
subah BookMyShow 323 rs haath se de diye,323,entertainment,cash,,,hinglish_natural
22853 bill bhra mobile recharge pe naqad Axis Bank wale account se,22853,utilities,cash,,axis,hinglish_natural
"SPOTIFY
Item 1 Rs.458
Item 2 INR 270
Total Rs 29573
CARD",29573,entertainment,card,,,ocr_receipt
medical checkup lab test health insurance Rs.24915 card,24915,healthcare,card,,,cue_row
crypto gold bonds NPS portfolio 585 phonepe,585,investment,upi,phonepe,,cue_row
hospital doctor pharmacy medicine diagnostic INR 1148 Phone Pe,1148,healthcare,upi,phonepe,,cue_row
Paid Reliance Digital t3922.46 using debit card,3922.46,shopping,card,,,english_natural
hospital doctor pharmacy medicine diagnostic 155 cred,155,healthcare,upi,cred,,cue_row
Bharat Petroleum ka ride lya 18610 rupaye haath se diyee,18610,travel,cash,,,hinglish_natural
Payment of Rs.49773.06 to Coursera was successful via gpay UPI Ref No 9472621631 idfc Account 2287,49773.06,education,upi,gpay,idfc,ocr_upi
Kuvera 47633 ₹ card se pay kiyaa,47633,investment,card,,kotak,hinglish_natural
i paid 200 rupees for Jio recharge using BHIM,200,utilities,upi,bhim,hdfc,voice_transcript
petrol pump 378 rupaiye cash de diya,378,travel,cash,,,hinglish_natural
Unacademy ka books lya 261 rupees naqad,261,education,cash,,,hinglish_natural
Payment of Rs.3721.75 to broadband was successful via PhonePe UPI Ref No 1205144984 State Bank Account 7751,3721.75,utilities,upi,phonepe,sbi,ocr_upi
split bill 3721 G Pay se Karan ko diya,3721,friends,upi,gpay,,friends_synthetic
Payment of ₹3067 to DishTV was successful via CRED UPI Ref No 53436466937 HDFC Bank Account 6446,3067,utilities,upi,cred,hdfc,ocr_upi
21039 PayTM HP Petrol,21039,travel,upi,paytm,axis,english_natural
paid 3680 to Snapdeal through card,3680,shopping,card,,,voice_transcript
split bill 23684 cash se bhai ko diya,23684,friends,cash,,,friends_synthetic
Arjun ?4943 credit card,4943,friends,card,,,english_natural
IndiGo 4478 rupaye haath se diyee,4478,travel,cash,,,hinglish_natural
BSNL pe 34368 rupay ka bill pay kar diya cash de diye,34368,utilities,cash,,,hinglish_natural
₹66 charged for electronics store on GPay,66,shopping,upi,gpay,axis,english_natural
Bought electronics store for ₹3610.49 with cash,3610.49,shopping,cash,,,english_natural
"TAX INVOICE
ACT Fibernet
Grand Total: Rs.4757
Payment: CARD",4757,utilities,card,,,ocr_receipt
paid 13457 to credit card EMI through card from State Bank,13457,emi,card,,sbi,voice_transcript
i paid 5534 rupees for Apollo Pharmacy using cash,5534,healthcare,cash,,,voice_transcript
maine 75 rupaye SBI loan ko diye gpay se,75,emi,upi,gpay,,voice_transcript
i did 484 expense on PPF using card,484,investment,card,,,voice_transcript
library payment ?3609 done via cred,3609,education,upi,cred,,english_natural
EatFit pe 2631 rupaiye ka kha liya card se,2631,food,card,,,hinglish_natural
electronics store ka 4241 rupees ka bill card se pay kiya,4241,shopping,card,,idfc,voice_transcript
crypto mein 43836 lag gaye card se bhara,43836,investment,card,,,voice_transcript
crypto gold bonds NPS portfolio Rs3462 cred,3462,investment,upi,cred,,cue_row
68 to CCD via PayTM,68,food,upi,paytm,,english_natural
Exam fee INR 27378,27378,education,card,,,source_english
bhai Rohan ko udhar return kiya 226 rs card se,226,friends,card,,,friends_synthetic
SonyLIV ka 511 rupees ka bill card se pay kiya,511,entertainment,card,,jupiter,voice_transcript
Spotify ka 3902 rupees ka bill card se pay kiya,3902,entertainment,card,,axis,voice_transcript
i did 1597 expense on Apollo Pharmacy using cash,1597,healthcare,cash,,,voice_transcript
raat ko Indian Oil pe 2343 rs. ka cab liyaa card se pay kr diya,2343,travel,card,,,hinglish_natural
TO:MEESHO meesho.27553@axisbankbank From:RAHULKUMAR (Axis Bank Cred : sender5630@okaxisbankbank,39196,shopping,upi,cred,axis,ocr_upi
Nature's Basket 44434 cash,44434,food,cash,,,english_natural
raat ko auto 2621 cash me HDFC se matlab,2621,travel,cash,,hdfc,hinglish_natural
dost ka split kar diya 27572 rupay UPI se Niyo account se,27572,friends,upi,phonepe,niyo,hinglish_natural
3693 stock lia Paytm Money pe UPI se pay kar diya,3693,investment,upi,jupiter,pnb,hinglish_natural
"Receipt #2888
Ajio
Amount Paid: Rs.4673
Mode: Jupiter",4673,shopping,upi,jupiter,,ocr_receipt
Coin pe 200 rupees ka SIP bharaa via PayTM,200,investment,upi,paytm,,hinglish_natural
ghar jaate waqt colleague 159 rs naqad,159,friends,cash,,,hinglish_natural
495 paid to PharmEasy via Visa from Canara Bank,495,healthcare,card,,canara,english_natural
Blinkit Rs.4751.68 cash,4751.68,food,cash,,,english_natural
dost Rs 242 Jupiter,242,friends,upi,jupiter,axis,english_natural
Lenskart pe 237 rupay ka dawai lia credit card se,237,healthcare,card,,,hinglish_natural
2306 khareed liyaa Tata CLiQ ko UPI se diy,2306,shopping,upi,cred,,hinglish_natural
109 ka PPF bill pay kiya card se,109,investment,card,,,voice_transcript
"mall BILL
St: Rs.101
CARD APPROVED",101,shopping,card,,,ocr_receipt
kal 1mg ka medicine lya 550 rupees debit card se,1,healthcare,card,,,hinglish_natural
today i spent 217 on Zomato via cash,217,food,cash,,,voice_transcript
Rs4248 to Shreya phonepe UPI,4248,friends,upi,phonepe,sbi,friends_synthetic
2274 rs Nature's Basket naqad,17154,food,cash,,,source_hinglish
"LAB TEST
Item 1 t200
Item 2 ₹366
Total Rs 12993
niyo",12993,healthcare,upi,niyo,,ocr_receipt
Croma 1199.79 cash,1199.79,shopping,cash,,,english_natural
HDFC loan 4131.93,4131.93,emi,card,,,english_natural
gaming concert event ticket 21034 phonepe,21034,entertainment,upi,phonepe,,cue_row
bhai Karan ko udhar return kiya 23031 rs cash se,23031,friends,cash,,,friends_synthetic
HDFC loan 130 Paytm Completed HDFC 9822,130,emi,upi,paytm,hdfc,ocr_upi
paid 2125 to SIP through card,2125,investment,card,,,voice_transcript
yaar market pe 4474 rs. ka order kya via PhonePe,4474,shopping,upi,phonepe,,hinglish_natural
Vikram ka dost ko diy 231 rupay PayTM pe,231,friends,upi,paytm,slice,hinglish_natural
INOX se ticket liya 557 ₹ ka via Phonepe,557,entertainment,upi,phonepe,,hinglish_natural
i did 32477 expense on Priya using CRED,32477,friends,upi,cred,icici,voice_transcript
"FRESHMENU RESTAURANT
Total 2775
Cash Received
Change 0.00",2775,food,upi,gpay,,ocr_receipt
875.93 books,875.93,education,upi,paytm,,english_natural
mess 13898 rupaye naqad,13898,food,cash,,,hinglish_natural
POS/1MG/NIYO/3372,4662.68,healthcare,upi,niyo,niyo,english_natural
2958 rs. exam fee UPI se die,2958,education,upi,gpay,axis,hinglish_natural
Stock purchase INR 3326,3326,investment,card,,icici,source_english
36802 ka stationery bill pay kiya gpay se,36802,education,upi,gpay,,voice_transcript
1917.78 GPay mobile recharge,1917.78,utilities,upi,gpay,pnb,english_natural
sent money to Karan ₹24077 on gpay,24077,friends,upi,gpay,,friends_synthetic
PVR ₹1657.10 paytm,1657.10,entertainment,upi,paytm,hdfc,english_natural
netflix spotify hotstar subscription movie show 456 Cred,456,entertainment,upi,cred,,cue_row
today i spent 31008 on Goibibo via card,31008,travel,card,,,voice_transcript
mutual fund SIP stocks PPF FD investment 2626 Phonepe,2626,investment,upi,phonepe,,cue_row
aaj DMart pe 352 rupaye kharcha hua card se,352,food,card,,hdfc,voice_transcript
subah car loan EMI ka loan payment kar diya 42102 debit card se,42102,emi,card,,,hinglish_natural
stocks 479 rupees UPI se,479,investment,upi,bhim,hdfc,hinglish_natural
POS/EXAM FEE/CASH/7399,1273.99,education,cash,,,english_natural
Paid INR 441.37 for Tata CLiQ via Mastercard,441.37,shopping,card,,,english_natural
"1MG
Item 1 ₹78
Item 2 170
Total ₹2212
Phone Pe",2212,healthcare,upi,phonepe,,ocr_receipt
Apple Music pe 3823 ₹ ka movie dekhi card se pay kia,3823,entertainment,card,,sbi,hinglish_natural
kal Amazon Prime ka movie dekhi 28241 rupees debit card se,28241,entertainment,card,,,hinglish_natural
TO:RENT rent.21195@hdfcbank From:RAHULKUMAR (hdfc Slice : user4669@okhdfcbank,31212,utilities,upi,slice,hdfc,ocr_upi
i did 4653 expense on dost using PhonePe,4653,friends,upi,phonepe,,voice_transcript
Used hdfc cash to pay Rs.4178.74 for MakeMyTrip,4178.74,travel,cash,,hdfc,english_natural
dinner split 240 rupaye colleague CRED,240,friends,upi,cred,,friends_synthetic
Just paid Rs41 to JioCinema through Jupiter,41,entertainment,upi,jupiter,,english_natural
paid 3596 to Gaana through PayTM from Canara,3596,entertainment,upi,paytm,canara,voice_transcript
YOUTUBE PREMIUM INR 3541 RBL BANK,3541,entertainment,card,,rbl,english_natural
rickshaw payment 2232 done via debit card,2232,travel,card,,,english_natural
MedPlus 2610.12 gpay,2610.12,healthcare,upi,gpay,axis,english_natural
bhai car loan EMI ka installment diyee 4621 rupaiye card se NIYO se,4621,emi,card,,niyo,hinglish_natural
202 card metro,202,travel,card,,,english_natural
MakeMyTrip se ride liya 24845 rupaiye ka card se matlab,24845,travel,card,,,hinglish_natural
Just paid 297 to Practo through paytm,297,healthcare,upi,paytm,,english_natural
Haldirams 67,67,food,upi,slice,,english_natural
kal 2624 ₹ test karaya Lenskart ko cash me Axis se,2624,healthcare,cash,,axis,hinglish_natural
PharmEasy ka test karaya 2622 rs via paytm,2622,healthcare,upi,paytm,jupiter,hinglish_natural
ATM/CASH/BANK/171.27,171.27,investment,card,,,english_natural
Spent Rs.2265 on Coin using GPay,2265,investment,upi,gpay,,english_natural
9605 to PPF via Visa,9605,investment,card,,,english_natural
Paid Rs 33198 for Paytm Money from my icici account via card,33198,investment,card,,icici,english_natural
SonyLIV 916.23,916.23,entertainment,upi,phonepe,,english_natural
UPI/79814247/AIRTEL RECHARGE/BANK,4020,utilities,upi,bhim,,english_natural
Tata Play ₹974 debited from kotak,974,utilities,cash,,kotak,english_natural
paid Neha Rs.1606 via NIYO,1606,friends,upi,niyo,,friends_synthetic
upGrad 39045 rupay UPI se,39045,education,upi,fi,,hinglish_natural
subah MedPlus se doctor ko die 4472 ka phonepe pe matlab,4472,healthcare,upi,phonepe,hdfc,hinglish_natural
₹217 paid to INOX via Paytm UPI from Kotak Mahindra Bank ending 3761,217,entertainment,upi,paytm,kotak,ocr_upi
kal crypto se paisa daala 5573 ₹ ka card se pay kr diya,5573,investment,card,,jupiter,hinglish_natural
2508 rs. exam fee haath se de diye,2508,education,cash,,,hinglish_natural
spent 302 rupees on society maintenance via Fi,302,utilities,upi,fi,slice,voice_transcript
364 rupay show dekha Amazon Prime ko UPI se,364,entertainment,upi,gpay,,hinglish_natural
rent se bill bharra 627 rupees ka UPI se diyee Indusind Bank wale account se,627,utilities,upi,phonepe,indusind,hinglish_natural
bro ko 242 transfer kiya Jupiter se,242,friends,upi,jupiter,icici,friends_synthetic
ATM/CASH/BANK/47670,47670,entertainment,upi,fi,,english_natural
FD ka SIP bhara 1095 rs. UPI se de diye,1095,investment,upi,phonepe,axis,hinglish_natural
insurance premium payment Rs.316 done via Phone Pe,316,utilities,upi,phonepe,,english_natural
2738 rupaye doctor ko diyee clinic ko card se State Bank wale account se,2738,healthcare,card,,sbi,hinglish_natural
bike loan EMI 103,103,emi,card,,,english_natural
Paid Rs 46545 to Air India Phone Pe UPI hdfc 4705 Successful,46545,travel,upi,phonepe,hdfc,ocr_upi
education loan EMI pe 127 rs. ka installment diye card se hdfc se kata,127,emi,card,,hdfc,hinglish_natural
rent maintenance gas connection Rs26480 Fi Money,26480,utilities,upi,fi,,cue_row
Just paid ₹4166.82 to home loan EMI through card,4166.82,emi,card,,,english_natural
"concert 23737.05 Completed 7Dec 2026,10:43 pm PNB 9926 UPI transaction ID 000105689779",23737.05,entertainment,upi,phonepe,pnb,ocr_upi
aaj Ajio 698 rupees cash me Niyo wale account se,698,shopping,cash,,niyo,hinglish_natural
VIKRAM INR 37140.30,37140.30,friends,cash,,,english_natural
electronics clothes shoes accessories purchase INR 4600 via jupiter,4600,shopping,upi,jupiter,,cue_row
electricity bill mein 486 lag gaye NIYO se bhara,486,utilities,upi,niyo,kotak,voice_transcript
Yatra me 47021 rs ka ride liyaa naqad,47021,travel,cash,,,hinglish_natural
hospital doctor pharmacy medicine diagnostic Rs 488 card,488,healthcare,card,,,cue_row
dinner split 138 rupaye Karan slice,138,friends,upi,slice,,friends_synthetic
1173 rs ride lya HP Petrol ko card se,42168,travel,card,,sbi,source_hinglish
304 ₹ mutual fund kya crypto pe card se pay kr diya bohot mehenga,304,investment,card,,,hinglish_natural
494 rs Ananya bhim se,494,friends,upi,bhim,,hinglish_natural
Netmeds mein 887 lag gaye card se bhara,887,healthcare,card,,,voice_transcript
424 rs. Vikram Gpay se achha deal mila,424,friends,upi,gpay,,hinglish_natural
Spent ₹4587.10 on PharmEasy using Gpay,4587.10,healthcare,upi,gpay,,english_natural
paid Pooja Rs.65 via Phonepe,65,friends,upi,phonepe,,friends_synthetic
paid 28151 to roommate through slice,28151,friends,upi,slice,,voice_transcript
breakfast snacks chai coffee ₹1562 card,1562,food,card,,,cue_row
Paid 419 for BSNL from my Fi account via GPay,419,utilities,upi,gpay,fi,english_natural
medical checkup lab test health insurance 361 cash,361,healthcare,cash,,,cue_row
1954 stocks,1954,investment,card,,slice,english_natural
aaj 294 rupaiye Priya cash me,294,friends,cash,,slice,hinglish_natural
McDonald's payment Rs 16080 done via GPay,16080,food,upi,gpay,sbi,english_natural
Used NIYO niyo to pay 34743.72 for Croma,34743.72,shopping,upi,niyo,niyo,english_natural
Personal loan installment INR 25049,25049,emi,upi,paytm,,source_english
i did 3297 expense on SonyLIV using card,3297,entertainment,card,,,voice_transcript
Just paid t778.98 to Apollo Pharmacy through Gpay,778.98,healthcare,upi,gpay,,english_natural
bhai Amit ko udhar return kiya 1531 rs Phonepe se,1531,friends,upi,phonepe,,friends_synthetic
"D RENT 3306 Completed 9Mar 2026,2:23 pm sbi Bank 4434 UPI transaction ID 969813221249543 TO:RENT rent.98142@sbibank Soogletransaction lD CICAgJjg253614 OPI Bhim",3306,utilities,upi,bhim,sbi,ocr_upi
Movie ticket booking INR 6585,6585,entertainment,cash,,,source_english
"Apple Music BILL
St: INR 16324
jupiter APPROVED",16324,entertainment,upi,jupiter,,ocr_receipt
mutual fund SIP stocks PPF FD investment INR 359 card,359,investment,card,,,cue_row
123 Vi recharge Google Pay se pay kiya,123,utilities,upi,gpay,,hinglish_natural
340 ka Ananya bill pay kiya SLICE se,340,friends,upi,slice,,voice_transcript
canteen se food order kr diya 433 rs. ka UPI se pay kiya,433,food,upi,fi,,hinglish_natural
"D KUVERA 1840.33 Completed 28Mar 2026,10:11 pm axis Bank 7554 UPI transaction ID 22006597741 TO:KUVERA kuvera.48915@axisbank Googletransaction lD CICAgJjg018034 OPI Phonepe",1840.33,investment,upi,phonepe,axis,ocr_upi
"hospital 126 Completed 25Jan 2025,3:16 am BOB 1991 UPI transaction ID 1277606625",126,healthcare,upi,fi,bob,ocr_upi
Bajaj Finance EMI ka 209 rupees ka bill card se pay kiya,209,emi,card,,bandhan,voice_transcript
TO:ROOMMATE roommate.58506@sbibank From:AMITSINGH (SBI SLICE : sender3103@oksbibank,1137.67,friends,upi,slice,sbi,ocr_upi
ACT Fibernet mein 438 lag gaye Jupiter se bhara,438,utilities,upi,jupiter,jupiter,voice_transcript
spent 1500 rupees on Zerodha via phonepe,1500,investment,upi,phonepe,,voice_transcript
Arjun 4313 Google Pay,4313,friends,upi,gpay,,english_natural
"Practo
Net Amount 1689
Paid via CASH",1689,healthcare,cash,,sbi,ocr_receipt
Payment of 49471 to hospital was successful via Slice UPI Ref No 45416460715006 hdfc Account 9896,49471,healthcare,upi,slice,hdfc,ocr_upi
aaj EatFit pe 32 rupaye kharcha hua Jupiter se,32,food,upi,jupiter,niyo,voice_transcript
abhi 1800 rs. petrol pump cash diy,1800,travel,cash,,sbi,hinglish_natural
Paid ₹36947.76 for exam fee from my SBI account via G Pay,36947.76,education,upi,gpay,sbi,english_natural
"BILL
dentist
INR 1881.79
Fi
Thank You Visit Again",1881.79,healthcare,upi,fi,,ocr_receipt
market 2507.36 paytm,2507.36,shopping,upi,paytm,sbi,english_natural
INR 2655.38 paid to mall via credit card from Axis,2655.38,shopping,card,,axis,english_natural
gaming concert event ticket 259 Slice,259,entertainment,upi,slice,,cue_row
RedBus se ride le liya 158 ka naqad,158,travel,cash,,,hinglish_natural
split bill 897 Phone Pe se Rahul ko diya,897,friends,upi,phonepe,,friends_synthetic
"TAX INVOICE
Apollo Pharmacy
Grand Total: INR 3173
Payment: cred",3173,healthcare,upi,cred,,ocr_receipt
Rs.488.26 charged for stationery on Phone Pe,488.26,education,upi,phonepe,,english_natural
sent INR 1070 to friend on cred split bill UPI,1070,friends,upi,cred,,cue_row
personal loan installment EMI deduction 48085 card,48085,emi,card,,,cue_row
Bought Amit for INR 27088.77 with Visa,27088.77,friends,card,,,english_natural
Angel One me 32606 ₹ ka SIP bhara credit card se,32606,investment,card,,,hinglish_natural
i did 4388 expense on Lenskart using PayTM,4388,shopping,upi,paytm,,voice_transcript
Used HDFC card to pay Rs481 for FirstCry,481,shopping,card,,hdfc,english_natural
₹473 paid to gold via Phonepe UPI from IndusInd Bank ending 6098,473,investment,upi,phonepe,indusind,ocr_upi
Paid Rs 315 to Flipkart GPay UPI Axis 5601 Done,315,shopping,upi,gpay,axis,ocr_upi
gaming concert event ticket 4136 cash,4136,entertainment,cash,,,cue_row
"SNAPDEAL RESTAURANT
Total 8328.06
Cash Received
Change 0.00",8328.06,shopping,card,,,ocr_receipt
college fees ka tuition diyee 27883 rs. card se Jupiter se yaar,27883,education,card,,jupiter,hinglish_natural
MedPlus 30657 SLICE se pay kr diya,30657,healthcare,upi,slice,,hinglish_natural
2870 ₹ Karan Phone Pe pe,2870,friends,upi,phonepe,,hinglish_natural
3895 ₹ Jio recharge UPI se sasta tha,3895,utilities,upi,gpay,,hinglish_natural
electricity bill ka recharge kr diya 26128 rupay via Gpay,26128,utilities,upi,gpay,hdfc,hinglish_natural
Rs2646 charged for lab test on Mastercard,2646,healthcare,card,,,english_natural
abhi 24691 movie dekhi SonyLIV ko G Pay pe icici wale account se,24691,entertainment,upi,gpay,icici,hinglish_natural
Kuvera 13877 rs credit card se Axis se kata,37359,investment,card,,axis,source_hinglish
INOX 1743 rupees cash de diye sbi se,1743,entertainment,cash,,sbi,hinglish_natural
₹23291.56 to FD via credit card,23291.56,investment,card,,,english_natural
kal 2838 rs. shopping kiyaa H&M pe UPI se die,2838,shopping,upi,paytm,,hinglish_natural
office se aate hue Zee5 se ticket liyaa 4363 rupaye ka card se,5,entertainment,card,,,hinglish_natural
sent 144 to Neha on card,144,friends,card,,,friends_synthetic
UPI/07422951/VEDANTU/BANK,27212.08,education,upi,phonepe,,english_natural
subah personal loan EMI ka EMI bhara 44616 debit card se,44616,emi,card,,,hinglish_natural
Paid HDFC loan ₹4142 using card from Punjab National Bank,4142,emi,card,,pnb,english_natural
netflix spotify hotstar subscription movie show ₹230 Phone Pe,230,entertainment,upi,phonepe,,cue_row
294 rupay buy kiyaa Croma ko niyo se,294,shopping,upi,niyo,,hinglish_natural
"KFC BILL
St: Rs12991
CARD APPROVED",12991,food,card,,,ocr_receipt
Rapido se kiraya de diya 121 ka PhonePe se pay kar diya,121,travel,upi,phonepe,pnb,hinglish_natural
aaj YouTube Premium ka movie dekhi 3117 rupay cred pe sasta tha,3117,entertainment,upi,cred,,hinglish_natural
POS/AJIO/PAYTM/2614,170,shopping,upi,paytm,,english_natural
Just paid ₹1284 to stocks through gpay,1284,investment,upi,gpay,,english_natural
Paid ₹226.79 to FD gpay UPI ICICI 5939 Done,226.79,investment,upi,gpay,icici,ocr_upi
SBI loan se installment die 2369 rupaiye ka card se pay kia,2369,emi,card,,jupiter,hinglish_natural
ET Money se stock liya 480 rupay ka card se,480,investment,card,,,hinglish_natural
i paid 32772 rupees for electronics store using card,32772,shopping,card,,,voice_transcript
Netmeds me 408 rupaiye ka test karaya slice pe,13852,healthcare,upi,slice,,source_hinglish
1691 rupaiye broadband via Phonepe,1691,utilities,upi,phonepe,slice,hinglish_natural
Just paid ₹58.67 to colleague through Cred,58.67,friends,upi,cred,rbl,english_natural
grocery vegetables milk bread fruits INR 277 paid cred,277,food,upi,cred,,cue_row
crypto gold bonds NPS portfolio ₹256 paytm,256,investment,upi,paytm,,cue_row
Udemy ka admission kya 679 rs UPI se pay kya,679,education,upi,phonepe,,hinglish_natural
"dentist 251.40 Completed 13Feb 2026,9:48 pm idfc 1687 UPI transaction ID 01924418923",251.40,healthcare,upi,gpay,idfc,ocr_upi
FD 3473,3473,investment,upi,phonepe,,english_natural
NEFT/TRANSFER/RENT/KOTAK,2102.18,utilities,card,,kotak,english_natural
Zee5 se show dekha 2986 rupaye ka credit card se,5,entertainment,card,,kotak,hinglish_natural
Faasos me 3095 rupaiye ka khana khaya via Gpay,3095,food,upi,gpay,,hinglish_natural
Myntra 1921,1921,shopping,card,,,english_natural
Bought crypto for Rs 23019 with Gpay,23019,investment,upi,gpay,,english_natural
today i spent 22530 on IndiGo via card,22530,travel,card,,,voice_transcript
"gas bill 3209 Completed 17Apr 2025,9:33 am HDFC Bank 8494 UPI transaction ID 9733828789917",3209,utilities,upi,niyo,hdfc,ocr_upi
Paid INR 3351 for auto via Mastercard,3351,travel,card,,,english_natural
"CLINIC
Item 1 Rs343
Item 2 R 408
Total ?4065.44
CASH",4065.44,healthcare,cash,,,ocr_receipt
Netflix ka 46838 rupees ka bill cash se pay kiya,46838,entertainment,cash,,axis,voice_transcript
Cleartrip pe 2820 rupees ka petrol bharra card se pay kiyaa,2820,travel,card,,,hinglish_natural
ghar jaate waqt 457 ₹ EMI kat gayi car loan EMI ko UPI se de diye State Bank wale account se,457,emi,upi,bhim,sbi,hinglish_natural
1128 rupees BookMyShow Gpay SBI account,1128,entertainment,upi,gpay,sbi,voice_transcript
car loan EMI ka 1998 rupees ka bill card se pay kiya,1998,emi,card,,sbi,voice_transcript
today i spent 1110 on coaching via cash,1110,education,cash,,,voice_transcript
tuition 18677,18677,education,upi,gpay,,english_natural
"Blinkit
Net Amount 3866
Paid via jupiter",3866,food,upi,jupiter,,ocr_receipt
spent 2186 rupees on school fees via cash,2186,education,cash,,niyo,voice_transcript
NEFT/TRANSFER/STOCKS/,4850,investment,card,,,english_natural
broadband mein 4432 lag gaye card se bhara,4432,utilities,card,,,voice_transcript
"Receipt #2533
Gaana
Amount Paid: t3569
Mode: CRED",3569,entertainment,upi,cred,,ocr_receipt
aaj Nature's Basket pe 37809 rupaye kharcha hua Google Pay se,37809,food,upi,gpay,niyo,voice_transcript
Paid Pooja 45198 using Phonepe from Slice,45198,friends,upi,phonepe,slice,english_natural
i paid 257 rupees for education loan EMI using card,257,emi,card,,slice,voice_transcript
41190 rs. Amit UPI se,41190,friends,upi,cred,icici,hinglish_natural
petrol pump ₹47080.43 Jupiter,47080.43,travel,upi,jupiter,hdfc,ocr_upi
friend se dost ko diy 15902 ka credit card se bohot mehenga,15902,friends,card,,,hinglish_natural
BSNL ka bill bharra 634 rupees Google Pay se pay kya,634,utilities,upi,gpay,,hinglish_natural
Rs.1178 paid to Lenskart via Paytm UPI from HDFC Bank ending 2862,1178,shopping,upi,paytm,hdfc,ocr_upi
119 rupaiye show dekha Zee5 ko via jupiter,119,entertainment,upi,jupiter,,hinglish_natural
496 ₹ books liyaa exam fee pe card se pay kar diya,496,education,card,,,hinglish_natural
Home loan EMI INR 186,186,emi,card,,,source_english
Arjun ka udhar return kiyaa 17171 UPI se pay kya Niyo account se,17171,friends,upi,phonepe,niyo,hinglish_natural
lunch dinner food order swiggy zomato restaurant meal ₹53 PhonePe,53,food,upi,phonepe,,cue_row
dopahar ko Vedantu me 1635 rupees ka course liyaa debit card se,1635,education,card,,,hinglish_natural
Paid INR 1934 for Indian Oil via cash,1934,travel,cash,,sbi,english_natural
"BILL
Lenskart
Rs.3135
Paytm
Thank You Visit Again",3135,healthcare,upi,paytm,hdfc,ocr_receipt
gold 41358,41358,investment,upi,paytm,,english_natural
21826 Visa credit card EMI,21826,emi,card,,fi,english_natural
lunch dinner food order swiggy zomato restaurant meal Rs 291 Google Pay,291,food,upi,gpay,,cue_row
sent money to Shreya 246 on PayTM,246,friends,upi,paytm,,friends_synthetic
JioCinema 3640 ₹ card se achha deal mila,3640,entertainment,card,,,hinglish_natural
YouTube Premium se movie dekhi 3892 rupees ka Bhim se,3892,entertainment,upi,bhim,icici,hinglish_natural
48837 ₹ eye checkup cash diye,48837,healthcare,cash,,niyo,hinglish_natural
TO:PERSONALLOANEMI personalloanemi.50574@icicibankbank From:AMITSINGH (ICICI Bank PayTM : sender1100@okicicibankbank,25941,emi,upi,paytm,icici,ocr_upi
"BSNL RESTAURANT
Total 67.75
Cash Received
Change 0.00",67.75,utilities,upi,phonepe,kotak,ocr_receipt
TO:RENT rent.48549@indusindbankbank From:RAHULKUMAR (Indusind Bank Phonepe : sender8126@okindusindbankbank,2585,utilities,upi,phonepe,indusind,ocr_upi
yaar car loan EMI se loan payment kr diya 4061 ka debit card se,4061,emi,card,,,hinglish_natural
Vi recharge 4392 rupay slice se pay kiya,4392,utilities,upi,slice,,hinglish_natural
gas bill me 45709 rupay ka bill pay kya UPI se pay kr diya zyada ho gaya,45709,utilities,upi,phonepe,,hinglish_natural
TO:APOLLOPHARMACY apollopharmacy.14498@canarabank From:AMITSINGH (Canara gpay : user6431@okcanarabank,13184,healthcare,upi,gpay,canara,ocr_upi
"Croma
Net Amount 2182
Paid via CARD",2182,shopping,card,,,ocr_receipt
BSNL Rs2483.21 Fi,2483.21,utilities,upi,fi,,english_natural
₹3813.37 paid to Swiggy via GPay UPI from YES BANK Bank ending 4280,3813.37,food,upi,gpay,yes bank,ocr_upi
raat ko Divya 163 rs UPI se diye bhai,163,friends,upi,phonepe,,hinglish_natural
Nature's Basket 21592.82 gpay,21592.82,food,upi,gpay,hdfc,english_natural
H&M me 4102 ka buy kya card se,4102,shopping,card,,,hinglish_natural
ghar jaate waqt FirstCry 411 ₹ UPI se Axis Bank se,411,shopping,upi,jupiter,axis,hinglish_natural
Tata Play se recharge kia 209 ka gpay pe,209,utilities,upi,gpay,niyo,hinglish_natural
Paid Flipkart Rs.237.83 using debit card,237.83,shopping,card,,,english_natural
"FirstCry
Net Amount 40324
Paid via Phone Pe",40324,shopping,upi,phonepe,,ocr_receipt
Apple Music 259.25 cash,259.25,entertainment,cash,,sbi,english_natural
Credit card EMI INR 6411,6411,emi,card,,,source_english
Rs 2651 to coaching via card,2651,education,card,,,english_natural
810 rupaiye petrol pump credit card se zyada ho gaya,810,travel,card,,,hinglish_natural
665 Amit,665,friends,upi,fi,sbi,english_natural
petrol pump payment ₹347.35 done via Visa,347.35,travel,card,,,english_natural
personal loan installment EMI deduction Rs.9715 card,9715,emi,card,,,cue_row
Spent Rs 112 on Coin using Visa,112,investment,card,,sbi,english_natural
1179 ka Subway bill pay kiya cash se,1179,food,cash,,,voice_transcript
stationery 3911 cash,3911,education,cash,,bob,english_natural
4821 Apollo Pharmacy SLICE pe,4821,healthcare,upi,slice,sbi,hinglish_natural
200 rs Rohan UPI se pay kar diya,200,friends,upi,gpay,sbi,hinglish_natural
Car loan EMI INR 40752,40752,emi,upi,phonepe,,source_english
Rahul ka 4559 rupees ka bill card se pay kiya,4559,friends,card,,,voice_transcript
TO:MEESHO meesho.63361@icicibankbank From:RAHULKUMAR (ICICI Bank Paytm : user7564@okicicibankbank,212,shopping,upi,paytm,icici,ocr_upi
"D EATFIT 33924.99 Completed 12Mar 2026,11:45 pm HDFC Bank Bank 4811 UPI transaction ID 1908063425879 TO:EATFIT eatfit.71456@hdfc bankbank Googletransaction lD CICAgJjg257622 OPI fi",33924.99,food,upi,fi,hdfc,ocr_upi
Lenskart ka 14087 rupees ka bill slice se pay kiya,14087,healthcare,upi,slice,,voice_transcript
37132 Gaana,37132,entertainment,cash,,slice,english_natural
421 rupees Barbeque Nation paytm,421,food,upi,paytm,,voice_transcript
home loan EMI R 1280.52 debit card,1280.52,emi,card,,,english_natural
school college tuition course books fees Rs.14871 card,14871,education,card,,,cue_row
kal 2547 education loan EMI card se pay kya,2547,emi,card,,,hinglish_natural
paid 355 to Biryani Blues through card,355,food,card,,,voice_transcript
TO:UDEMY udemy.29496@yesbankbank From:UTSAVJANA (YES BANK phonepe : sender4222@okyesbankbank,55,education,upi,phonepe,yes bank,ocr_upi
car loan EMI ka installment de diya 769 rs. credit card se,769,emi,card,,axis,hinglish_natural
"D DOST 400 Completed 19Mar 2026,1:06 pm Federal Bank Bank 8240 UPI transaction ID 91938707414 TO:DOST dost.32051@federal bankbank Soogletransaction lD CICAgJjg498438 OPI SLICE",400,friends,upi,slice,federal bank,ocr_upi
bhai Kuvera ka 24850 rupaye card se de diya,24850,investment,card,,,voice_transcript
sent money to flatmate ₹3850 on CRED,3850,friends,upi,cred,,friends_synthetic
KFC ka food order kar diya 20403 rupay naqad hdfc se,20403,food,cash,,hdfc,hinglish_natural
education loan EMI ₹45067 SLICE,45067,emi,upi,slice,pnb,ocr_upi
Payment of Rs.35902 to personal loan EMI was successful via CRED UPI Ref No 726247193916527 sbi Account 7577,35902,emi,upi,cred,sbi,ocr_upi
colleague ko 5605 transfer kiya cash se,5605,friends,cash,,,friends_synthetic
UPI/91996765/SONYLIV/NIYO,3281,entertainment,upi,phonepe,niyo,english_natural
Internet recharge INR 25658,25658,utilities,upi,slice,,source_english
BSNL pe 49768 rupay ka payment kiya Phonepe pe,49768,utilities,upi,phonepe,,hinglish_natural
Tata Play 221 rupaye SLICE se pay kr diya,20235,utilities,upi,slice,,source_hinglish
netflix spotify hotstar subscription movie show INR 487 card,487,entertainment,card,,,cue_row
medical checkup lab test health insurance INR 56 Paytm,56,healthcare,upi,paytm,idfc,cue_row
credit card EMI se EMI kat gayi 328 rupaye ka credit card se,328,emi,card,,,hinglish_natural
lunch dinner food order swiggy zomato restaurant meal ₹492 card,492,food,card,,,cue_row
dopahar ko Vi recharge 4461 rupees debit card se,4461,utilities,card,,icici,hinglish_natural
Paid diagnostic ₹351.27 using Visa,351.27,healthcare,card,,,english_natural
3213 rs test karaya MedPlus ko UPI se pay kiya Punjab National Bank se kata,3213,healthcare,upi,gpay,pnb,hinglish_natural
NEFT/TRANSFER/AJIO/,2700.55,shopping,upi,niyo,,english_natural
mutual fund SIP stocks PPF FD investment ₹251 card,251,investment,card,,,cue_row
"TAX INVOICE
Myntra
Grand Total: INR 240.09
Payment: CARD",240.09,shopping,card,,axis,ocr_receipt
Paid rickshaw 467 using Cred,467,travel,upi,cred,,english_natural
office se aate hue Zee5 pe 2671 rupees ka show dekha card se,5,entertainment,card,,jupiter,hinglish_natural
24593 paid to mobile recharge via Jupiter from axis,24593,utilities,upi,jupiter,axis,english_natural
Unacademy 3583 ₹ via Fi Money,3583,education,upi,fi,,hinglish_natural
Karan 33619.28 debited from slice,33619.28,friends,cash,,slice,english_natural
aaj personal loan EMI pe 108 rupaye kharcha hua GPay se,108,emi,upi,gpay,,voice_transcript
35319 rupees HDFC loan card slice account,35319,emi,card,,slice,voice_transcript
Coursera 11117,11117,education,card,,fi,english_natural
spent 4157 rupees on Biryani Blues via Niyo,4157,food,upi,niyo,hdfc,voice_transcript
bhai Spotify pe 80 rupaye ka movie dekhi via Niyo matlab,80,entertainment,upi,niyo,,hinglish_natural
medical checkup lab test health insurance Rs2458 Jupiter,2458,healthcare,upi,jupiter,,cue_row
Just paid 2588 to lab test through Paytm,2588,healthcare,upi,paytm,,english_natural
credit card EMI ka loan payment kar diya 46339 rupaye debit card se,46339,emi,card,,sbi,hinglish_natural
1737 rupees MedPlus card idfc account,1737,healthcare,card,,idfc,voice_transcript
grocery vegetables milk bread fruits 111 paid CRED,111,food,upi,cred,,cue_row
Spent 217 on Vi recharge using Google Pay,217,utilities,upi,gpay,,english_natural
"NETMEDS RESTAURANT
Total 38838
Cash Received
Change 0.00",38838,healthcare,card,,,ocr_receipt
"BILL
Netflix
Rs.103
CARD
Thank You Visit Again",103,entertainment,card,,,ocr_receipt
Spent Rs.81 on SIP using Google Pay,81,investment,upi,gpay,,english_natural
3702 rupees saman le liya Zara pe PayTM se,3702,shopping,upi,paytm,fi,hinglish_natural
i paid 23247 rupees for Arjun using cash,23247,friends,cash,,,voice_transcript
home loan car loan credit card EMI monthly 664 autopay PhonePe,664,emi,upi,phonepe,,cue_row
Online course subscription INR 20705,20705,education,upi,paytm,,source_english
paid 4991 to HP Petrol through card,4991,travel,card,,,voice_transcript
165 rupees crypto card se bhai,165,investment,card,,,hinglish_natural
water bill 72 rupaiye Phonepe se,10247,utilities,upi,phonepe,,source_hinglish
"Meesho BILL
St: Rs.37612.66
CARD Approved",37612.66,shopping,card,,,ocr_receipt
"BILL
Burger King
R 4360.48
PayTM
Thank You Visit Again",4360.48,food,upi,paytm,,ocr_receipt
RedBus me 1519 ₹ ka ticket book kr diya naqad,1519,travel,cash,,,hinglish_natural
EaseMyTrip se petrol bhar diya 1630 rupees ka card se Niyo se kata,1630,travel,card,,niyo,hinglish_natural
146.89 Visa mall,146.89,shopping,card,,sbi,english_natural
flatmate rent share 449 card Rohan,449,friends,card,,,friends_synthetic
Amit ka transfer kar diya 1746 UPI se,1746,friends,upi,phonepe,axis,hinglish_natural
NEFT/TRANSFER/GROWW/,2626.27,investment,card,,,english_natural
10814 rupees Bajaj Finance EMI card,10814,emi,card,,,voice_transcript
dopahar ko 4828 rupay Neha naqad,4828,friends,cash,,jupiter,hinglish_natural
3481 ka Airtel recharge bill pay kiya Gpay se Fi se kata,3481,utilities,upi,gpay,fi,voice_transcript
bro se dost ko de diye 1116 rupees ka UPI se Punjab National Bank account se,1116,friends,upi,paytm,pnb,hinglish_natural
Spent ₹462 on CCD using credit card,462,food,card,,jupiter,english_natural
₹480 charged for Uber on cash,480,travel,cash,,,english_natural
ghar jaate waqt 68 rupaiye admission kar diya exam fee pe card se pay kar diya,14719,education,card,,,source_hinglish
hospital Rs.4385 CRED,4385,healthcare,upi,cred,,english_natural
TO:MARKET market.14275@sbibank From:AMITSINGH (sbi SLICE : user7678@oksbibank,1970.56,shopping,upi,slice,sbi,ocr_upi
paytm payment 15068 Ajio YES BANK 3262 done,15068,shopping,upi,paytm,yes bank,ocr_upi
bhai upGrad ka 12985 rupaye card se de diya,12985,education,card,,,voice_transcript
Paid ₹277 for water bill via cash,277,utilities,cash,,,english_natural
water bill se recharge kar diya 3615 rupaiye ka UPI se,3615,utilities,upi,paytm,,hinglish_natural
Practo se checkup karaya 1992 rs. ka naqad,1992,healthcare,cash,,slice,hinglish_natural
39 ka SBI loan bill pay kiya Slice se hdfc se kata,39,emi,upi,slice,hdfc,voice_transcript
333 rupees mangwaya Blinkit ko naqad Punjab National Bank card se,30424,food,cash,,pnb,source_hinglish
Used icici cash to pay ₹1118 for petrol pump,1118,travel,cash,,icici,english_natural
4535 rupay game lya Spotify ko haath se diy zyada ho gaya,4535,entertainment,cash,,slice,hinglish_natural
4518 debited from your sbi account for Faasos (Paytm UPI),4518,food,upi,paytm,sbi,ocr_upi
diagnostic se test karaya 4705 rs. ka UPI se diye,26526,healthcare,upi,paytm,,source_hinglish
Priya 267,267,friends,upi,gpay,,english_natural
bro ka 3447 rupees ka bill PayTM se pay kiya,3447,friends,upi,paytm,,voice_transcript
Starbucks 4300 slice,4300,food,upi,slice,kotak,english_natural
Mobile recharge INR 35323,35323,utilities,upi,phonepe,,source_english
flatmate rent share 3608 cash Arjun,3608,friends,cash,,,friends_synthetic
dopahar ko 1mg pe 358 rupaye ka dawai le liya cash diyee budget tod diya,1,healthcare,cash,,sbi,hinglish_natural
Ananya se paise bheje 1182 rs. ka Gpay se,1182,friends,upi,gpay,,hinglish_natural
Paid Rs18455 for doctor via Visa,18455,healthcare,card,,,english_natural
Uber se kiraya die 8414 rupaiye ka Cred pe icici card se,8414,travel,upi,cred,icici,hinglish_natural
Spent ₹3309 on friend using debit card,3309,friends,card,,,english_natural
personal loan installment EMI deduction ₹3448 GPay,3448,emi,upi,gpay,,cue_row
Pooja ka udhar return kya 482 ₹ UPI se pay kia,482,friends,upi,phonepe,,hinglish_natural
EATFIT INR 4332 HDFC,4332,food,card,,hdfc,english_natural
3972 ₹ khana khaya Zepto ko haath se diye,3972,food,cash,,pnb,hinglish_natural
breakfast snacks chai coffee INR 490 Cred,490,food,upi,cred,,cue_row
"Receipt #4359
Nykaa
Amount Paid: R 33024
Mode: CARD",33024,shopping,card,,,ocr_receipt
Rs4109.37 paid to cafe via PhonePe UPI from hdfc Bank ending 8760,4109.37,food,upi,phonepe,hdfc,ocr_upi
Goibibo 45502 credit card,45502,travel,card,,,english_natural
₹294.97 paid to Neha via fi UPI from HDFC Bank ending 8958,294.97,friends,upi,fi,hdfc,ocr_upi
SBI loan 10252 rupaye card se,10252,emi,card,,,hinglish_natural
mutual fund me 46493 rs ka SIP bhara credit card se,14496,investment,card,,,source_hinglish
Paid Rs284 for gold from my Axis Bank account via Google Pay,284,investment,upi,gpay,axis,english_natural
40263 rupees dhaba slice ICICI Bank account,40263,food,upi,slice,icici,voice_transcript
electricity water broadband mobile recharge bill t2067 phonepe,2067,utilities,upi,phonepe,,cue_row
49551 rs. Gaana card se budget tod diya,49551,entertainment,card,,,hinglish_natural
"Snapdeal BILL
St: ₹1706
CARD approved",1706,shopping,card,,sbi,ocr_receipt
20 rs. bill pay kiya Jio recharge ko debit card se,20,utilities,card,,jupiter,hinglish_natural
maine 4212 rupaye education loan EMI ko diye card se,4212,emi,card,,,voice_transcript
maine 222 rupaye canteen ko diye card se,222,food,card,,,voice_transcript
2390 rupaiye eye checkup card se pay kya,2390,healthcare,card,,,hinglish_natural
split bill 8894 cash se Neha ko diya,8894,friends,cash,,,friends_synthetic
Coin 14109,14109,investment,upi,paytm,,english_natural
gold Rs 2290 Visa,2290,investment,card,,,english_natural
"Receipt #2383
Amazon
Amount Paid: 11964
Mode: gpay",11964,shopping,upi,gpay,sbi,ocr_receipt
today i spent 44 on Flipkart via card,44,shopping,card,,,voice_transcript
"FirstCry
Net Amount 28281.28
Paid via GPay",28281.28,shopping,upi,gpay,,ocr_receipt
Paid INR 1083.95 to PVR PayTM UPI sbi 4153 Done,1083.95,entertainment,upi,paytm,sbi,ocr_upi
"D PRACTO 21019 Completed 21Jan 2026,7:50 pm hdfc Bank 9142 UPI transaction ID 659491868498 TO:PRACTO practo.73775@hdfcbank Goog1etransaction lD XYZabc320392 OPI GPay",21019,healthcare,upi,gpay,hdfc,ocr_upi
1741 rs gas bill UPI se pay kiyaa,1741,utilities,upi,slice,hdfc,hinglish_natural
electricity water broadband mobile recharge bill Rs 492 G Pay,492,utilities,upi,gpay,,cue_row
Used Niyo Mastercard to pay Rs.8308.33 for YouTube Premium,8308.33,entertainment,card,,niyo,english_natural
Karan ko 17070 transfer kiya cash se,17070,friends,cash,,,friends_synthetic
213 rs. Reliance Digital UPI se diye,213,shopping,upi,phonepe,fi,hinglish_natural
auto R 2215 GPay,2215,travel,upi,gpay,icici,ocr_upi
ghar jaate waqt 41204 rupees Flipkart credit card se,21860,shopping,card,,sbi,source_hinglish
yaar se paise bheje 1503 ka cash diy,1503,friends,cash,,,hinglish_natural
Used hdfc paytm to pay 4924 for Zerodha,4924,investment,upi,paytm,hdfc,english_natural
dinner split 111 rupaye friend PhonePe,111,friends,upi,phonepe,,friends_synthetic
amazon flipkart myntra online shopping order Rs 304 card,304,shopping,card,,yes bank,cue_row
Bought Swiggy for Rs.2155.78 with Visa,2155.78,food,card,,,english_natural
split bill 5773 PhonePe se flatmate ko diya,5773,friends,upi,phonepe,,friends_synthetic
Reliance Digital Rs3500 gpay,3500,shopping,upi,gpay,,english_natural
stocks payment INR 113 done via jupiter,113,investment,upi,jupiter,,english_natural
clinic 1748.79 phonepe Payment done HDFC 8324,1748.79,healthcare,upi,phonepe,hdfc,ocr_upi
3148 ₹ upGrad UPI se,3148,education,upi,bhim,,hinglish_natural
"bhai 41468 Completed 8Sep 2026,5:35 pm State Bank 2993 UPI transaction ID 6445690200",41468,friends,upi,paytm,sbi,ocr_upi
Just paid Rs236.98 to Starbucks through cash,236.98,food,cash,,,english_natural
"FIRSTCRY RESTAURANT
Total 212.99
Cash Received
Change 0.00",212.99,shopping,cash,,,ocr_receipt
sent money to Ananya INR 279 on cash,279,friends,cash,,,friends_synthetic
Apollo Pharmacy Rs290 gpay,290,healthcare,upi,gpay,,english_natural
Paid ₹11449 to FD gpay UPI ICICI 7496 Successful,11449,investment,upi,gpay,icici,ocr_upi
Online shopping payment INR 28164,28164,shopping,card,,,source_english
62 rupaye movie dekhi Amazon Prime pe card se pay kia,62,entertainment,card,,,hinglish_natural
380 ₹ Gaana UPI se pay kia,380,entertainment,upi,cred,,hinglish_natural
₹14695 paid to books via G Pay UPI from HDFC Bank Bank ending 9029,14695,education,upi,gpay,hdfc,ocr_upi
NEFT/TRANSFER/AMAZON/INDUSIND BANK,3405,shopping,cash,,indusind,english_natural
Slice payment INR 599.02 Pooja Union Bank 5266 successful,599.02,friends,upi,slice,union bank,ocr_upi
EaseMyTrip 385 Niyo Completed icici 2428,385,travel,upi,niyo,icici,ocr_upi
Paid Rs.248 for coaching via cash,248,education,cash,,idfc,english_natural
i paid 56 rupees for school fees using Google Pay,56,education,upi,gpay,icici,voice_transcript
Paytm payment INR 12781.58 Air India SBI 6488 successful,12781.58,travel,upi,paytm,sbi,ocr_upi
Rs4016 to bro gpay UPI,4016,friends,upi,gpay,kotak,friends_synthetic
₹3251 debited from your State Bank account for Zara (cred UPI),3251,shopping,upi,cred,sbi,ocr_upi
Cleartrip 465.62,465.62,travel,upi,cred,,english_natural
Paid Practo Rs.4433.51 using card,4433.51,healthcare,card,,,english_natural
UPI/80644113/SIP/BANK,2816,investment,upi,gpay,,english_natural
1030 rupaiye gold card se pay kiyaa,1030,investment,card,,,hinglish_natural
stocks pe 47334 rupaiye ka stock liyaa UPI se pay kr diya,47334,investment,upi,gpay,,hinglish_natural
raat ko 26280 rupay Hotstar credit card se budget tod diya,26280,entertainment,card,,,hinglish_natural
"HALDIRAMS RESTAURANT
Total 22497.16
Cash Received
Change 0.00",22497.16,food,upi,gpay,,ocr_receipt
office se aate hue personal loan EMI pe 128 ka loan payment kr diya card se,128,emi,card,,,hinglish_natural
Nykaa pe 313 rupay ka khareed liya UPI se,313,shopping,upi,jupiter,sbi,hinglish_natural
doctor 22543.52,22543.52,healthcare,card,,,english_natural
abhi ACT Fibernet me 50 rupees ka recharge kiya UPI se Axis card se,50,utilities,upi,gpay,axis,hinglish_natural
PharmEasy 2056 rs. Phone Pe se pay kr diya,2056,healthcare,upi,phonepe,,hinglish_natural
Pooja payment Rs314.10 done via cash,314.10,friends,cash,,pnb,english_natural
spent 1084 rupees on Netmeds via cash,1084,healthcare,cash,,niyo,voice_transcript
"D YATRA 491.60 Completed 12Apr 2026,6:14 pm State Bank Bank 7829 UPI transaction ID 16913946893327 TO:YATRA yatra.61296@state bankbank Googletransaction lD CICAgJjg398481 OPI G Pay",491.60,travel,upi,gpay,sbi,ocr_upi
aaj personal loan EMI ka installment diy 1084 rupees credit card se bhai,1084,emi,card,,,hinglish_natural
rent maintenance gas connection ₹2432 PayTM,2432,utilities,upi,paytm,,cue_row
"BILL
Airtel recharge
INR 2216.75
SLICE
Thank You Visit Again",2216.75,utilities,upi,slice,hdfc,ocr_receipt
BYJU'S 2409.06 Fi,2409.06,education,card,,fi,english_natural
bhai YouTube Premium ka 303 rupaye jupiter se de diya,303,entertainment,upi,jupiter,,voice_transcript
356 rupaye EaseMyTrip debit card se,356,travel,card,,,hinglish_natural
Restaurant bill INR 25265,25265,food,cash,,,source_english
Spotify ka subscription renew kiyaa 179 rs. card se pay kiyaa,179,entertainment,card,,,hinglish_natural
"Amazon 3637 Completed 5Jul 2025,10:54 am State Bank 7328 UPI transaction ID 4821334708",3637,shopping,upi,paytm,sbi,ocr_upi
Unacademy 1886 rupaye Paytm se Fi Money card se,1886,education,upi,paytm,fi,hinglish_natural
grocery vegetables milk bread fruits Rs 43743 paid gpay,43743,food,upi,gpay,axis,cue_row
uber ola cab ride airport train ticket ₹196 card,196,travel,card,,axis,cue_row
Hotel booking INR 8532,8532,travel,card,,hdfc,source_english
netflix spotify hotstar subscription movie show ?3192 cash,3192,entertainment,cash,,,cue_row
electricity water broadband mobile recharge bill 3303 card,3303,utilities,card,,hdfc,cue_row
Paid ₹135 for dentist via Bhim,135,healthcare,upi,bhim,hdfc,english_natural
"MCDONALD'S
Item 1 ₹290
Item 2 221
Total INR 40282
Google Pay",40282,food,upi,gpay,,ocr_receipt
FirstCry mein 65 lag gaye Niyo se bhara,65,shopping,upi,niyo,sbi,voice_transcript
IndiGo ka ticket book kar diya 49785 rupay PayTM pe,49785,travel,upi,paytm,jupiter,hinglish_natural
Barbeque Nation 429 ₹ UPI se diyee,429,food,upi,paytm,,hinglish_natural
ghar jaate waqt MedPlus 2669 rupees card se pay kia,2669,healthcare,card,,,hinglish_natural
1093.69 slice water bill,1093.69,utilities,upi,slice,hdfc,english_natural
Pooja se transfer kar diya 1521 rs ka via Phone Pe sbi se kata,1521,friends,upi,phonepe,sbi,hinglish_natural
Used Fi cash to pay 458.01 for Rahul,458.01,friends,cash,,fi,english_natural
Rs.1920 debited from your State Bank account for Pizza Hut (Phonepe UPI),1920,food,upi,phonepe,sbi,ocr_upi
200 rs. EMI bhara credit card EMI pe debit card se,200,emi,card,,,hinglish_natural
Paid ₹283.79 for Vedantu via cred,283.79,education,upi,cred,,english_natural
mobile recharge ka recharge kiya 4951 rs. credit card se,20501,utilities,card,,,source_hinglish
books 302 Google Pay pe,302,education,upi,gpay,,hinglish_natural
1984 rupay credit card EMI card se,1984,emi,card,,kotak,hinglish_natural
"TAX INVOICE
Snapdeal
Grand Total: 710
Payment: Phonepe",710,shopping,upi,phonepe,,ocr_receipt
Uber 194 rupay cash die,194,travel,cash,,,hinglish_natural
abhi IRCTC ka kiraya diye 480 rupees cash me,480,travel,cash,,,hinglish_natural
bhai 182 rs. Flipkart naqad,182,shopping,cash,,,hinglish_natural
tuition se fees bhra 237 rupay ka credit card se,237,education,card,,,hinglish_natural
bhai dost ko udhar return kiya 580 rs PhonePe se,580,friends,upi,phonepe,,friends_synthetic
colleague ko 376 transfer kiya CRED se,376,friends,upi,cred,,friends_synthetic
"Meesho BILL
St: Rs.374
paytm approved",374,shopping,upi,paytm,,ocr_receipt
lab test payment 1059 done via credit card,1059,healthcare,card,,,english_natural
home loan EMI ₹2870 debit card,2870,emi,card,,,english_natural
raat ko 45815 rupees books lia tuition pe card se pay kr diya,45815,education,card,,,hinglish_natural
PVR ka game liyaa 4783 rupaye UPI se die,11018,entertainment,upi,paytm,,source_hinglish
Amit 5585 rs. G Pay se,5585,friends,upi,gpay,niyo,hinglish_natural
40057 rupaiye khareed le liya market pe cash de diya,40057,shopping,cash,,,hinglish_natural
raat ko Udemy ka tuition de diye 3795 rupay paytm pe State Bank card se,3795,education,upi,paytm,sbi,hinglish_natural
Netmeds me 2500 rupaye ka test karaya UPI se diy,2500,healthcare,upi,cred,,hinglish_natural
flatmate rent share 24135 NIYO bro,24135,friends,upi,niyo,icici,friends_synthetic
Bought Lenskart for Rs.2300 with PhonePe,2300,shopping,upi,phonepe,,english_natural
"TAX INVOICE
Gaana
Grand Total: Rs 1561
Payment: CARD",1561,entertainment,card,,hdfc,ocr_receipt
hospital doctor pharmacy medicine diagnostic 1110 G Pay,1110,healthcare,upi,gpay,,cue_row
bhai friend ko udhar return kiya 311 rs PayTM se,311,friends,upi,paytm,,friends_synthetic
"Receipt #1174
mall
Amount Paid: 287.49
Mode: CARD",287.49,shopping,card,,yes bank,ocr_receipt
SIP Rs1193.81 Paytm,1193.81,investment,upi,paytm,,english_natural
"TAX INVOICE
clinic
Grand Total: INR 12879
Payment: Cred",12879,healthcare,upi,cred,,ocr_receipt
106 rupees cab le liya Cleartrip ko BHIM se pay kiya,106,travel,upi,bhim,,hinglish_natural
Amazon pe 3973 rupay ka order kar diya cash de diye zyada ho gaya,3973,shopping,cash,,,hinglish_natural
PharmEasy mein 41384 lag gaye card se bhara,41384,healthcare,card,,federal bank,voice_transcript
Rs.88 debited from your ICICI Bank account for Arjun (PayTM UPI),88,friends,upi,paytm,icici,ocr_upi
Spent t460 on KFC using GPay,460,food,upi,gpay,,english_natural
"Receipt #6602
Zomato
Amount Paid: 333
Mode: Bhim",333,food,upi,bhim,,ocr_receipt
i did 4975 expense on Apollo Pharmacy using SLICE,4975,healthcare,upi,slice,icici,voice_transcript
271 rupaye PVR Phone Pe se,271,entertainment,upi,phonepe,,hinglish_natural
dinner split 751 rupaye flatmate cred,751,friends,upi,cred,canara,friends_synthetic
uber ola cab ride airport train ticket 273 Paytm,273,travel,upi,paytm,,cue_row
CONCERT INR 17710 NIYO,17710,entertainment,upi,slice,niyo,english_natural
yaar se paise bheje 4977 ka credit card se,4977,friends,card,,,hinglish_natural
Netflix payment ?2155 done via Cred,2155,entertainment,upi,cred,,english_natural
198 Bewakoof,198,shopping,upi,paytm,,english_natural
kal Lenskart pe 647 rs. ka dawai liya haath se diye,647,healthcare,cash,,niyo,hinglish_natural
Goibibo Rs.408.97 debit card,408.97,travel,card,,,english_natural
21360 rupees INOX phonepe,21360,entertainment,upi,phonepe,,voice_transcript
rent maintenance gas connection Rs.340 Phone Pe,340,utilities,upi,phonepe,,cue_row
eye checkup 667 rupaiye naqad,667,healthcare,cash,,,hinglish_natural
colleague Rs4667 debited from HDFC Bank,4667,friends,cash,,hdfc,english_natural
personal loan installment EMI deduction 4904 card,4904,emi,card,,,cue_row
NEFT/TRANSFER/SPOTIFY/NIYO,255.43,entertainment,card,,niyo,english_natural
PVR me 109 rupaye ka ticket liya UPI se,109,entertainment,upi,jupiter,niyo,hinglish_natural
Paytm payment ₹289 IndiGo PNB 9067 completed,289,travel,upi,paytm,pnb,ocr_upi
"Netmeds BILL
St: Rs4128
PayTM approved",4128,healthcare,upi,paytm,axis,ocr_receipt
₹3254 to home loan EMI via GPay,3254,emi,upi,gpay,,english_natural
ACT Fibernet ₹58.26 gpay,58.26,utilities,upi,gpay,hdfc,ocr_upi
ghar jaate waqt upGrad se course liyaa 1988 rupaiye ka UPI se pay kiyaa,1988,education,upi,bhim,axis,hinglish_natural
bhai Priya ko udhar return kiya 126 rs cash se,126,friends,cash,,,friends_synthetic
paid flatmate 279 via CRED,279,friends,upi,cred,,friends_synthetic
ghar jaate waqt 40280 rupaiye loan payment kiya car loan EMI ko UPI se de diya,40280,emi,upi,bhim,,hinglish_natural
"market BILL
St: ₹285
paytm approved",285,shopping,upi,paytm,,ocr_receipt
i paid 3118 rupees for Neha using PhonePe,3118,friends,upi,phonepe,,voice_transcript
i did 34641 expense on Snapdeal using Cred,34641,shopping,upi,cred,,voice_transcript
"AJIO
Item 1 ?485
Item 2 Rs 481
Total Rs 1291
PayTM",1291,shopping,upi,paytm,,ocr_receipt
ATM/CASH/BOB/29481,29481,investment,upi,bhim,bob,english_natural
Bharat Petroleum ka cab liya 2473 rupees credit card se,2473,travel,card,,,hinglish_natural
Paid Bajaj Finance EMI INR 8027 using Paytm from Axis Bank,8027,emi,upi,paytm,axis,english_natural
Spent ₹1339 on Hotstar using credit card,1339,entertainment,card,,kotak,english_natural
dopahar ko 247 rupees subscription renew kiyaa INOX ko card se icici se,247,entertainment,card,,icici,hinglish_natural
i did 900 expense on broadband using cash,900,utilities,cash,,,voice_transcript
today i spent 3538 on Practo via Jupiter,3538,healthcare,upi,jupiter,,voice_transcript
bhai dost ko udhar return kiya 2534 rs Google Pay se,2534,friends,upi,gpay,,friends_synthetic
phonepe payment Rs.1879 HDFC loan Axis 2565 done,1879,emi,upi,phonepe,axis,ocr_upi
Bought bike loan EMI for 752.45 with card,752.45,emi,card,,hdfc,english_natural
Goibibo pe 367 rupaye ka ride le liya haath se die HDFC se kata,45855,travel,cash,,hdfc,source_hinglish
Exam fee INR 10986,10986,education,card,,,source_english
"LENSKART RESTAURANT
Total 1951
Cash Received
Change 0.00",1951,healthcare,card,,,ocr_receipt
FAASOS INR 21853.60 BANK OF BARODA,21853.60,food,upi,gpay,bob,english_natural
342 gold G Pay pe,342,investment,upi,gpay,,hinglish_natural
375 rupaye recharge kya Airtel recharge pe haath se de diya HDFC Bank se kata,375,utilities,cash,,hdfc,hinglish_natural
"ZEPTO RESTAURANT
Total 2969.23
Cash Received
Change 0.00",2969.23,food,upi,phonepe,,ocr_receipt
dinner split 2202 rupaye Divya PayTM,2202,friends,upi,paytm,,friends_synthetic
crypto gold bonds NPS portfolio INR 42833 Phonepe,42833,investment,upi,phonepe,,cue_row
bhai Tata CLiQ ka 1349 rupaye jupiter se de diya,1349,shopping,upi,jupiter,,voice_transcript
"SonyLIV
Net Amount 262.72
Paid via CARD",262.72,entertainment,card,,,ocr_receipt
Rs514 debited from your HDFC Bank account for Snapdeal (Phonepe UPI),514,shopping,upi,phonepe,hdfc,ocr_upi
362 Lenskart,362,shopping,card,,fi,english_natural
6472 ka PPF bill pay kiya card se,6472,investment,card,,,voice_transcript
MakeMyTrip 40163 rupay card se,40163,travel,card,,icici,hinglish_natural
school college tuition course books fees Rs 7736 card,7736,education,card,,,cue_row
"ZARA
Item 1 t106
Item 2 INR 113
Total Rs 17093
CARD",17093,shopping,card,,axis,ocr_receipt
Paid INR 2740 for Amazon via cash,2740,shopping,cash,,,english_natural
insurance premium ka recharge kr diya 3823 rs PayTM se pay kya,3823,utilities,upi,paytm,hdfc,hinglish_natural
25001 rupaye stock lya Angel One ko card se,25001,investment,card,,,hinglish_natural
electricity water broadband mobile recharge bill Rs 4511 card,4511,utilities,card,,,cue_row
Just paid Rs3959 to Reliance Digital through debit card,3959,shopping,card,,,english_natural
spent 226 rupees on mutual fund via Jupiter,226,investment,upi,jupiter,fi,voice_transcript
school college tuition course books fees ₹420 PayTM,420,education,upi,paytm,,cue_row
Pizza Hut ₹362 debited from NIYO,362,food,cash,,niyo,english_natural
Used Axis SLICE to pay ?54.31 for Groww,54.31,investment,upi,slice,axis,english_natural
roommate Rs44075 Fi Money,44075,friends,upi,fi,idfc,ocr_upi
Ananya pe 3968 ₹ ka paise bheje haath se die,3968,friends,cash,,niyo,hinglish_natural
aaj stationery pe 13288 rupaye kharcha hua card se,13288,education,card,,,voice_transcript
electricity water broadband mobile recharge bill Rs168 SLICE,168,utilities,upi,slice,,cue_row
maine 73 rupaye Priya ko diye cred se,73,friends,upi,cred,,voice_transcript
Udemy se admission kiyaa 1126 rupaye ka card se,1126,education,card,,,hinglish_natural
aaj auto pe 19864 rupaye kharcha hua phonepe se,19864,travel,upi,phonepe,fi,voice_transcript
4896 tuition,4896,education,card,,slice,english_natural
ghar jaate waqt PharmEasy 2685 rupees UPI se pay kiya sbi se kata,2685,healthcare,upi,phonepe,sbi,hinglish_natural
Meesho se shopping kiya 4576 rupaiye ka debit card se,4576,shopping,card,,,hinglish_natural
ghar jaate waqt JioCinema se show dekha 190 rupees ka card se pay kiyaa,190,entertainment,card,,hdfc,hinglish_natural
paytm payment Rs4552 Subway SBI 1926 done,4552,food,upi,paytm,sbi,ocr_upi
MakeMyTrip ka ride lya 430 rupees naqad,430,travel,cash,,,hinglish_natural
sent Rs 1726 to colleague on card,1726,friends,card,,,friends_synthetic
sent money to Divya ?8228 on paytm,8228,friends,upi,paytm,,friends_synthetic
Blinkit ka food order kar diya 41301 rs debit card se,26652,food,card,,icici,source_hinglish
"NETFLIX RESTAURANT
Total 30.80
Cash Received
Change 0.00",30.80,entertainment,upi,jupiter,,ocr_receipt
metro 4068 cash,4068,travel,cash,,,english_natural
PVR se subscription renew kar diya 13086 rupaiye ka UPI se diy,13086,entertainment,upi,slice,,hinglish_natural
2484 debited from your hdfc account for Jio recharge (phonepe UPI),2484,utilities,upi,phonepe,hdfc,ocr_upi
today i spent 32928 on tuition via card from my Fi Money bank,32928,education,card,,fi,voice_transcript
kal eye checkup me 151 rupaye ka medicine lya cash me,151,healthcare,cash,,,hinglish_natural
46978 Croma debit card se,17322,shopping,card,,,source_hinglish
bhai NPS me 4138 rupees ka stock lya credit card se zyada ho gaya,4138,investment,card,,idfc,hinglish_natural
bhai ko 408 transfer kiya Phonepe se,408,friends,upi,phonepe,,friends_synthetic
MedPlus me 366 ₹ ka checkup karaya UPI se pay kar diya,366,healthcare,upi,jupiter,sbi,hinglish_natural
dinner split 227 rupaye bro Phone Pe,227,friends,upi,phonepe,,friends_synthetic
clinic ₹2669 cash,2669,healthcare,cash,,,english_natural
Just paid Rs.44834 to HDFC loan through card,44834,emi,card,,,english_natural
maine 2985 rupaye FD ko diye Slice se,2985,investment,upi,slice,,voice_transcript
"auto 201.25 Completed 15Jul 2026,4:51 pm Canara Bank 3956 UPI transaction ID 92228987832697",201.25,travel,upi,slice,canara,ocr_upi
"Receipt #5671
1mg
Amount Paid: INR 2174
Mode: jupiter",2174,healthcare,upi,jupiter,,ocr_receipt
maine 15630 rupaye Groww ko diye card se,15630,investment,card,,icici,voice_transcript
uber ola cab ride airport train ticket INR 335 cash,335,travel,cash,,indusind,cue_row
Snapdeal se khareed liyaa 232 rupaiye ka Fi pe,232,shopping,upi,fi,,hinglish_natural
auto 540.06 Visa,540.06,travel,card,,kotak,english_natural
Used ICICI Niyo to pay 5021 for yaar,5021,friends,upi,niyo,icici,english_natural
"Bewakoof BILL
St: ₹1988
CARD Approved",1988,shopping,card,,,ocr_receipt
flatmate rent share 3569 BHIM flatmate,3569,friends,upi,bhim,,friends_synthetic
Car loan EMI INR 44877,44877,emi,upi,paytm,sbi,source_english
Bought PPF for ₹102.26 with card,102.26,investment,card,,icici,english_natural
POS/EATFIT/CASH/7821,3781,food,cash,,,english_natural
₹202 paid to bhai via Jupiter UPI from HDFC Bank ending 1235,202,friends,upi,jupiter,hdfc,ocr_upi
1546 rupaye subscription renew kr diya SonyLIV ko UPI se pay kar diya SLICE wale account se,1546,entertainment,upi,cred,slice,hinglish_natural
coaching exam preparation study material R 34655 CRED,34655,education,upi,cred,,cue_row
Rs22481 to Priya gpay UPI,22481,friends,upi,gpay,,friends_synthetic
bhai friend ko udhar return kiya 3891 rs CRED se,3891,friends,upi,cred,,friends_synthetic
dopahar ko 1891 rupay paise bheje Rahul pe via PayTM,1891,friends,upi,paytm,,hinglish_natural
Phone Pe payment Rs.463 Airtel recharge State Bank 5044 done,463,utilities,upi,phonepe,sbi,ocr_upi
bhai Tata CLiQ ka 2072 rupaye card se de diya,2072,shopping,card,,,voice_transcript
coaching exam preparation study material Rs.48509 Phone Pe,48509,education,upi,phonepe,,cue_row
BSNL se bill pay kar diya 1664 ₹ ka haath se die,1664,utilities,cash,,,hinglish_natural
Rs 1904 paid to dhaba via Paytm UPI from ICICI Bank Bank ending 6704,1904,food,upi,paytm,icici,ocr_upi
medical checkup lab test health insurance Rs.1130 card,1130,healthcare,card,,axis,cue_row
lab test pe 13803 rupees ka test karaya card se,13803,healthcare,card,,,hinglish_natural
2656 rs bike loan EMI credit card se,2656,emi,card,,niyo,hinglish_natural
890 rs personal loan EMI card se,890,emi,card,,,hinglish_natural
Apollo Pharmacy me 2682 ₹ ka checkup karaya credit card se,18823,healthcare,card,,,source_hinglish
hospital doctor pharmacy medicine diagnostic 982 card,982,healthcare,card,,federal bank,cue_row
Payment of INR 440 to Coursera was successful via PayTM UPI Ref No 95536315737 hdfc Account 1867,440,education,upi,paytm,hdfc,ocr_upi
i paid 4100 rupees for Bajaj Finance EMI using card,4100,emi,card,,,voice_transcript
college fees ka 113 rupees ka bill cred se pay kiya,113,education,upi,cred,,voice_transcript
amazon flipkart myntra online shopping order Rs 3076 Phone Pe,3076,shopping,upi,phonepe,,cue_row
paid Rohan 15235 via SLICE,15235,friends,upi,slice,,friends_synthetic
college fees ka tuition die 35567 rupees debit card se,35567,education,card,,,hinglish_natural
maine 3069 rupaye bike loan EMI ko diye card se,3069,emi,card,,,voice_transcript
gaming Rs.15699 Cred,15699,entertainment,upi,cred,sbi,ocr_upi
"EatFit 2630 Completed 24Jan 2025,1:19 pm Canara 6871 UPI transaction ID 67145789632",2630,food,upi,cred,canara,ocr_upi
₹1937 to HP Petrol via cash,1937,travel,cash,,,english_natural
Electronics shopping INR 18454,18454,shopping,card,,icici,source_english
netflix spotify hotstar subscription movie show Rs.1050 card,1050,entertainment,card,,,cue_row
diagnostic 853 Mastercard,853,healthcare,card,,,english_natural
paid 3728 to electricity bill through Niyo,3728,utilities,upi,niyo,,voice_transcript
roommate se udhar return kr diya 3588 rupees ka gpay se,3588,friends,upi,gpay,,hinglish_natural
Paid dentist ₹978.47 using bhim,978.47,healthcare,upi,bhim,,english_natural
concert ka ticket liyaa 101 rupaye credit card se,101,entertainment,card,,,hinglish_natural
bhai Karan ko udhar return kiya 24566 rs PayTM se,24566,friends,upi,paytm,,friends_synthetic
Gas bill payment INR 1407,1407,utilities,upi,cred,,source_english
Udemy 3503,3503,education,upi,phonepe,hdfc,english_natural
Air India ka 41576 rupees ka bill Fi se pay kiya,41576,travel,upi,fi,,voice_transcript
Tata Play ka bill pay kya 63 ₹ Phone Pe pe,63,utilities,upi,phonepe,,hinglish_natural
Paid Rs 4613 to SpiceJet BHIM UPI hdfc 9268 Completed,4613,travel,upi,bhim,hdfc,ocr_upi
BHAI INR 4261 NIYO,4261,friends,upi,paytm,niyo,english_natural
today i spent 2885 on Coursera via card,2885,education,card,,,voice_transcript
exam fee INR 32484 card,32484,education,card,,,english_natural
personal loan installment EMI deduction Rs 20318 card,20318,emi,card,,,cue_row
credit card EMI se loan payment kia 3340 rupaiye ka debit card se HDFC wale account se,3340,emi,card,,hdfc,hinglish_natural
"Meesho 4730 Completed 19Feb 2025,3:29 pm hdfc 7350 UPI transaction ID 714243211190",4730,shopping,upi,phonepe,hdfc,ocr_upi
rickshaw mein 56 lag gaye card se bhara,56,travel,card,,jupiter,voice_transcript
4280 rs tuition de diye school fees pe UPI se pay kya,4280,education,upi,gpay,,hinglish_natural
rent maintenance gas connection Rs8062 phonepe,8062,utilities,upi,phonepe,,cue_row
Paid Rs.32949 for library via GPay,32949,education,upi,gpay,,english_natural
college fees se books liyaa 215 ₹ ka naqad,215,education,cash,,,hinglish_natural
dost Rohan ko 16792 rupaye Google Pay se bheje,16792,friends,upi,gpay,,friends_synthetic
raat ko Uber 4109 cash me,4109,travel,cash,,hdfc,hinglish_natural
amazon flipkart myntra online shopping order 68 phonepe,68,shopping,upi,phonepe,,cue_row
"roommate 332 Completed 1Oct 2026,1:04 am Punjab National Bank 5785 UPI transaction ID 56618061085",332,friends,upi,paytm,pnb,ocr_upi
water bill Rs.41562 GPay,41562,utilities,upi,gpay,axis,ocr_upi
Lenskart ka checkup karaya 3293 rupaiye cash diyee,3293,healthcare,cash,,,hinglish_natural
440 to flatmate G Pay UPI,440,friends,upi,gpay,,friends_synthetic
Starbucks Rs.3498 gpay,3498,food,upi,gpay,,english_natural
Rs 314.49 paid to Kuvera via debit card from hdfc,314.49,investment,card,,hdfc,english_natural
bhai 64 rupaye via Gpay,64,friends,upi,gpay,,hinglish_natural
dopahar ko 17467 ₹ dentist SLICE se pay kar diya,17467,healthcare,upi,slice,,hinglish_natural
dopahar ko 981 rs. kiraya die rickshaw ko card se achha deal mila,981,travel,card,,,hinglish_natural
concert se movie dekhi 12802 ₹ ka haath se diyee,27484,entertainment,cash,,,source_hinglish
Payment of ?2606.73 to Jio recharge was successful via Phone Pe UPI Ref No 38876766062 State Bank Account 1595,2606.73,utilities,upi,phonepe,sbi,ocr_upi
Paid INR 2643 for bike loan EMI via G Pay,2643,emi,upi,gpay,,english_natural
sent Rs14766 to Rahul on CRED,14766,friends,upi,cred,,friends_synthetic
281 ₹ Unacademy UPI se diye,281,education,upi,fi,axis,hinglish_natural
aaj flatmate se transfer kiya 2902 rupaiye ka phonepe pe,2902,friends,upi,phonepe,,hinglish_natural
BYJU'S 38030,38030,education,upi,fi,niyo,english_natural
"Unacademy 391 Completed 21Feb 2026,11:14 am HDFC 8914 UPI transaction ID 2958107719676",391,education,upi,cred,hdfc,ocr_upi
TO:AJIO ajio.54036@statebankbank From:AMITSINGH (State Bank cred : sender4768@okstatebankbank,3618.04,shopping,upi,cred,sbi,ocr_upi
309 rupees HDFC loan card,309,emi,card,,,voice_transcript
i paid 42 rupees for friend using Paytm,42,friends,upi,paytm,,voice_transcript
384 rupees Snapdeal card se,384,shopping,card,,icici,hinglish_natural
RELIANCE FRESH INR 904.26 SBI,904.26,food,upi,niyo,sbi,english_natural
Doctor consultation INR 17396,17396,healthcare,card,,,source_english
bhai Ananya ko udhar return kiya 2834 rs card se,2834,friends,card,,,friends_synthetic
subah exam fee se tuition diyee 1894 rs ka via gpay,1894,education,upi,gpay,icici,hinglish_natural
rent maintenance gas connection ₹498 PhonePe,498,utilities,upi,phonepe,,cue_row
aaj BookMyShow pe 164 rupaye kharcha hua GPay se,164,entertainment,upi,gpay,,voice_transcript
Bharat Petroleum 421 rupaye via Paytm,421,travel,upi,paytm,,hinglish_natural
crypto 464 ₹ card se pay kiya,464,investment,card,,,hinglish_natural
Just paid Rs 827 to FirstCry through Paytm,827,shopping,upi,paytm,fi,english_natural
electronics clothes shoes accessories purchase ₹22894 via paytm,22894,shopping,upi,paytm,sbi,cue_row
colleague ko 9210 transfer kiya card se,9210,friends,card,,,friends_synthetic
4619 rs. NPS credit card se,4619,investment,card,,jupiter,hinglish_natural
4698 McDonald's,4698,food,card,,hdfc,english_natural
Paid Rs.450 for YouTube Premium via NIYO,450,entertainment,upi,niyo,axis,english_natural
TO:ANANYA ananya.87438@sbibank From:UTSAVJANA (sbi cred : sender1824@oksbibank,6046,friends,upi,cred,sbi,ocr_upi
colleague ka dost ko de diye 4022 rs. card se pay kiyaa NIYO card se bc,4022,friends,card,,niyo,hinglish_natural
yaar gaming me 47109 ₹ ka subscription renew kya naqad,47109,entertainment,cash,,,hinglish_natural
4533 rupees Bajaj Finance EMI Phone Pe,4533,emi,upi,phonepe,,voice_transcript
"BYJU'S 5034 Completed 16Dec 2025,1:51 am RBL 7669 UPI transaction ID 5879432050009",5034,education,upi,phonepe,rbl,ocr_upi
Faasos se khana order kr diya 44658 rupees ka cash me matlab,44658,food,cash,,,hinglish_natural
R 664 to Amit cash UPI,664,friends,cash,,hdfc,friends_synthetic
jupiter payment 427.49 market RBL Bank 4803 successful,427.49,shopping,upi,jupiter,rbl,ocr_upi
HDFC loan se loan payment kia 1115 rupaye ka credit card se,1115,emi,card,,,hinglish_natural
kal clinic pe 32440 rupaiye ka test karaya debit card se,32440,healthcare,card,,hdfc,hinglish_natural
raat ko car loan EMI ka installment diy 227 rupay Paytm se pay kar diya,227,emi,upi,paytm,,hinglish_natural
Angel One 44283 Phone Pe,44283,investment,upi,phonepe,sbi,ocr_upi
Paid Rs.86 to mutual fund G Pay UPI SBI 2919 Completed,86,investment,upi,gpay,sbi,ocr_upi
"AIRTEL RECHARGE RESTAURANT
Total 2759
Cash Received
Change 0.00",2759,utilities,upi,fi,federal bank,ocr_receipt
Ola 4926 rupaiye UPI se,4926,travel,upi,paytm,,hinglish_natural
bhai 3171 rs. library Gpay se,3171,education,upi,gpay,,hinglish_natural
McDonald's ka kha liya 2845 rupaiye debit card se,2845,food,card,,,hinglish_natural
15515 rs. Bajaj Finance EMI credit card se,15515,emi,card,,,hinglish_natural
stationery payment Rs.42652 done via Mastercard,42652,education,card,,,english_natural
gaming concert event ticket 1186 PhonePe,1186,entertainment,upi,phonepe,,cue_row
"Groww 4119 Completed 27Nov 2025,5:40 pm Indusind Bank 4368 UPI transaction ID 6696106963",4119,investment,upi,bhim,indusind,ocr_upi
1680 charged for FreshMenu on card,1680,food,card,,sbi,english_natural
diagnostic Rs.378 debited from SBI,378,healthcare,upi,gpay,sbi,english_natural
Amit 18919 rupaye UPI se de diye,18919,friends,upi,slice,,hinglish_natural
Flipkart me 1978 rs. ka khareed liyaa card se pay kr diya,1978,shopping,card,,,hinglish_natural
UPI/14697485/STATIONERY/FI,490.60,education,card,,fi,english_natural
Faasos ka khana khaya 23882 ₹ UPI se de diya,23882,food,upi,cred,,hinglish_natural
bhai gaming ka 4493 rupaye paytm se de diya,4493,entertainment,upi,paytm,fi,voice_transcript
4439 ka Cleartrip bill pay kiya card se,4439,travel,card,,,voice_transcript
personal loan installment EMI deduction Rs 1290 card,1290,emi,card,,indusind,cue_row
ET Money se invest kiya 2662 ka UPI se pay kia HDFC account se,2662,investment,upi,jupiter,hdfc,hinglish_natural
mutual fund me 20934 rupay ka SIP bharra card se,20934,investment,card,,,hinglish_natural
9966 rupay stationery haath se diye,9966,education,cash,,,hinglish_natural
Arjun ko 4967 transfer kiya jupiter se,4967,friends,upi,jupiter,,friends_synthetic
CRED payment Rs 4915 Spotify BOB 9159 completed,4915,entertainment,upi,cred,bob,ocr_upi
Ajio Rs 351 card,351,shopping,card,,,english_natural
Snapdeal me 14619 rupees ka khareed liyaa UPI se pay kia,14619,shopping,upi,gpay,,hinglish_natural
Paid 245 for SpiceJet via Phone Pe,245,travel,upi,phonepe,,english_natural
Paid INR 379 for car loan EMI via debit card,379,emi,card,,,english_natural
25851 rupay bill bhar diya electricity bill ko via Phone Pe Yes Bank account se,25851,utilities,upi,phonepe,yes bank,hinglish_natural
4763 rupaiye dentist card se pay kia bohot mehenga,4763,healthcare,card,,,hinglish_natural
Meesho payment Rs 15636 done via cash,15636,shopping,cash,,jupiter,english_natural
Water bill INR 42371,42371,utilities,card,,,source_english
SBI loan 4174 ₹ card se pay kr diya,4174,emi,card,,,hinglish_natural
Paid Divya 161 using Paytm,161,friends,upi,paytm,,english_natural
ATM/CASH/BANK/312,312,utilities,upi,gpay,,english_natural
Yatra payment t3316 done via Gpay,3316,travel,upi,gpay,,english_natural
yaar 350 rupaye YouTube Premium card se pay kar diya,350,entertainment,card,,axis,hinglish_natural
Spent Rs.26041 on lab test using Paytm,26041,healthcare,upi,paytm,,english_natural
water bill pe 4305 ka bill pay kia card se pay kiyaa,4305,utilities,card,,,hinglish_natural
hospital doctor pharmacy medicine diagnostic 4269 card,4269,healthcare,card,,,cue_row
4858 Spotify cash die,4858,entertainment,cash,,sbi,hinglish_natural
ATM/CASH/BANK/780,780,entertainment,upi,cred,,english_natural
uber ola cab ride airport train ticket 32167 card,32167,travel,card,,,cue_row
"DOCTOR RESTAURANT
Total 2960
Cash Received
Change 0.00",2960,healthcare,upi,bhim,sbi,ocr_receipt
INR 3354 paid to Priya via G Pay UPI from axis Bank ending 7238,3354,friends,upi,gpay,axis,ocr_upi
credit card EMI 353 rupaye debit card se hdfc se,353,emi,card,,hdfc,hinglish_natural
grocery vegetables milk bread fruits 28714 paid Paytm,28714,food,upi,paytm,hdfc,cue_row
"mobile recharge
Net Amount 897
Paid via Phone Pe",897,utilities,upi,phonepe,,ocr_receipt
Payment of ?16725.41 to home loan EMI was successful via Google Pay UPI Ref No 08302237796443 HDFC Account 6802,16725.41,emi,upi,gpay,hdfc,ocr_upi
54 rupay game le liya Apple Music pe card se sasta tha,54,entertainment,card,,,hinglish_natural
Pizza Hut 28097,28097,food,cash,,,english_natural
raat ko Amazon Prime 209 rupaiye via Slice,209,entertainment,upi,slice,icici,hinglish_natural
Angel One se paisa daala 4724 ka card se pay kiya HDFC card se,39986,investment,card,,hdfc,source_hinglish
lab test 193 ₹ card se,193,healthcare,card,,yes bank,hinglish_natural
1036 rupees Zee5 card Slice account,1036,entertainment,card,,slice,voice_transcript
Ola cab INR 42023,42023,travel,card,,,source_english
hospital se checkup karaya 20415 ka card se pay kiyaa,20415,healthcare,card,,hdfc,hinglish_natural
abhi INOX se show dekha 43801 ka card se SLICE card se,43801,entertainment,card,,slice,hinglish_natural
Paid 29806 for Neha via cash,29806,friends,cash,,,english_natural
₹428 charged for SIP on Visa,428,investment,card,,,english_natural
"broadband
Net Amount 3019
Paid via Bhim",3019,utilities,upi,bhim,,ocr_receipt
SpiceJet 37100 niyo Completed HDFC Bank 6450,37100,travel,upi,niyo,hdfc,ocr_upi
2581 ka Divya bill pay kiya PayTM se,2581,friends,upi,paytm,,voice_transcript
₹3183 paid to Barbeque Nation via GPay UPI from axis Bank ending 7010,3183,food,upi,gpay,axis,ocr_upi
Unacademy se tuition diye 291 rupaye ka credit card se,291,education,card,,,hinglish_natural
bhai Karan 3539 rupees credit card se,3539,friends,card,,,hinglish_natural
aaj HDFC loan se EMI bharra 138 ₹ ka debit card se,138,emi,card,,jupiter,hinglish_natural
Paid SBI loan ₹7922 using card,7922,emi,card,,,english_natural
4840 rs. EMI kat gayi HDFC loan ko credit card se achha deal mila,4840,emi,card,,,hinglish_natural
Vikram 207 G Pay,207,friends,upi,gpay,icici,english_natural
2214.26 paid to electronics store via Gpay UPI from Axis Bank Bank ending 1897,2214.26,shopping,upi,gpay,axis,ocr_upi
concert se subscription renew kya 33423 ₹ ka debit card se,33423,entertainment,card,,idfc,hinglish_natural
KFC me 238 rs. ka mangwaya Phonepe se,3507,food,upi,phonepe,,source_hinglish
?246 paid to SonyLIV via PhonePe UPI from State Bank Bank ending 6629,246,entertainment,upi,phonepe,sbi,ocr_upi
20555 rupaye khana khaaya cafe ko UPI se die budget tod diya,20555,food,upi,phonepe,,hinglish_natural
Paid Rs.14964 for Shreya via Gpay,14964,friends,upi,gpay,niyo,english_natural
"RedBus 1797.09 Completed 11Mar 2026,4:16 pm HDFC Bank 8597 UPI transaction ID 292786321185133",1797.09,travel,upi,niyo,hdfc,ocr_upi
"Karan 4641 Completed 18Dec 2025,1:39 pm ICICI 7443 UPI transaction ID 276198802427",4641,friends,upi,paytm,icici,ocr_upi
grocery vegetables milk bread fruits Rs.30936 paid PhonePe,30936,food,upi,phonepe,,cue_row
"GAMING RESTAURANT
Total 33187.01
Cash Received
Change 0.00",33187.01,entertainment,card,,,ocr_receipt
Paid Rs.4701 for education loan EMI via card,4701,emi,card,,,english_natural
Bought FD for Rs 169 with cred,169,investment,upi,cred,niyo,english_natural
Rs 267.43 charged for electronics store on Mastercard,267.43,shopping,card,,,english_natural
bhai Kuvera ka 43020 rupaye NIYO se de diya,43020,investment,upi,niyo,kotak,voice_transcript
dost Arjun ko 12814 rupaye bhim se bheje,12814,friends,upi,bhim,axis,friends_synthetic
NEFT/TRANSFER/METRO/ICICI BANK,171.85,travel,cash,,icici,english_natural
school college tuition course books fees Rs 24498 cash,24498,education,cash,,,cue_row
Pooja t2755.73 cash,2755.73,friends,cash,,axis,english_natural
Paid Rs.274 to Ajio G Pay UPI hdfc 2616 Done,274,shopping,upi,gpay,hdfc,ocr_upi
Rs.3336.08 charged for H&M on GPay,3336.08,shopping,upi,gpay,,english_natural
Divya ka paise bheje 41420 rs. UPI se pay kiyaa,41420,friends,upi,bhim,,hinglish_natural
aaj dentist pe 25540 rupaye kharcha hua card se,25540,healthcare,card,,,voice_transcript
261 rupees ticket book kr diya EaseMyTrip pe via G Pay,261,travel,upi,gpay,,hinglish_natural
1mg ka test karaya 23667 credit card se,1,healthcare,card,,,hinglish_natural
school college tuition course books fees ₹1535 cash,1535,education,cash,,kotak,cue_row
i did 15110 expense on stocks using card,15110,investment,card,,,voice_transcript
mobile recharge se bill bharaa 2753 ka CRED pe IDFC se,2753,utilities,upi,cred,idfc,hinglish_natural
tuition me 13587 rs ka fees bhar diya UPI se pay kr diya Fi wale account se,13587,education,upi,cred,fi,hinglish_natural
Rahul Rs 3956 cash,3956,friends,cash,,,english_natural
insurance premium 898 rupaye UPI se pay kiyaa,898,utilities,upi,gpay,niyo,hinglish_natural
335 paid to coaching via CRED UPI from kotak Bank ending 5466,335,education,upi,cred,kotak,ocr_upi
dinner split 286 rupaye yaar slice,286,friends,upi,slice,,friends_synthetic
yaar exam fee me 436 rupees ka course liya UPI se pay kr diya,436,education,upi,jupiter,,hinglish_natural
spent 3837 rupees on education loan EMI via Google Pay,3837,emi,upi,gpay,sbi,voice_transcript
Spent Rs 28522 on SBI loan using card,28522,emi,card,,icici,english_natural
dost Pooja ko 389 rupaye cred se bheje,389,friends,upi,cred,,friends_synthetic
coaching se tuition diye 4891 rupay ka Phone Pe pe,22135,education,upi,phonepe,,source_hinglish
ghar jaate waqt Vi recharge se payment kia 13957 rs ka GPay se,13957,utilities,upi,gpay,sbi,hinglish_natural
food court me 876 rupees ka khana order kya Jupiter se pay kiya Kotak Mahindra card se,876,food,upi,jupiter,kotak,hinglish_natural
medical checkup lab test health insurance Rs.3415 paytm,3415,healthcare,upi,paytm,,cue_row
flatmate rent share 206 Paytm yaar,206,friends,upi,paytm,,friends_synthetic
"Croma BILL
St: Rs33.99
CARD Approved",33.99,shopping,card,,,ocr_receipt
"DMart BILL
St: Rs.1257
CASH APPROVED",1257,food,cash,,,ocr_receipt
ATM/CASH/HDFC/2804,2804,friends,upi,bhim,hdfc,english_natural
i paid 5807 rupees for SIP using Fi,5807,investment,upi,fi,,voice_transcript
i did 3528 expense on RedBus using card,3528,travel,card,,,voice_transcript
Paid ₹10064 to IRCTC SLICE UPI axis 9266 Completed,10064,travel,upi,slice,axis,ocr_upi
college fees me 22209 rupees ka fees bhar diya UPI se diyee bc,27299,education,upi,gpay,,source_hinglish
yaar 4849 rupaiye petrol bhar diya Rapido pe via PhonePe,4849,travel,upi,phonepe,,hinglish_natural
96 rs. Vedantu via Cred,96,education,upi,cred,kotak,hinglish_natural
"BILL
Amazon
Rs.35550
CARD
Thank You Visit Again",35550,shopping,card,,hdfc,ocr_receipt
yaar 2448 rupees course liyaa exam fee ko naqad bc,2448,education,cash,,,hinglish_natural
11398 Zara debit card se,11398,shopping,card,,hdfc,hinglish_natural
upGrad 12592 rs gpay se HDFC account se bohot mehenga,12592,education,upi,gpay,hdfc,hinglish_natural
Rs.11287 debited from your Kotak Mahindra account for SBI loan (G Pay UPI),11287,emi,upi,gpay,kotak,ocr_upi
23703 rupaye car loan EMI via Phonepe,23703,emi,upi,phonepe,,hinglish_natural
electronics clothes shoes accessories purchase 4100 via card,4100,shopping,card,,,cue_row
"BILL
BookMyShow
Rs.304.94
Gpay
Thank You Visit Again",304.94,entertainment,upi,gpay,,ocr_receipt
Airtel recharge mein 2539 lag gaye Phonepe se bhara,2539,utilities,upi,phonepe,,voice_transcript
"insurance premium BILL
St: Rs.1960
phonepe approved",1960,utilities,upi,phonepe,,ocr_receipt
office se aate hue Behrouz se khana order kiyaa 452 rupaiye ka credit card se,452,food,card,,fi,hinglish_natural
CCD 26 gpay,26,food,upi,gpay,,english_natural
bhai Rapido 3820 rupaiye card se pay kya NIYO wale account se,3820,travel,card,,niyo,hinglish_natural
exam fee ka fees bhra 278 rupaye card se pay kr diya,278,education,card,,,hinglish_natural
2921 rs fees bharra Vedantu pe credit card se,2921,education,card,,,hinglish_natural
kal colleague 156 rs. Google Pay pe achha deal mila,156,friends,upi,gpay,,hinglish_natural
yaar Zara me 121 rupaye ka khareed lia PhonePe se pay kr diya,121,shopping,upi,phonepe,pnb,hinglish_natural
Ola me 34466 rs. ka ride le liya credit card se HDFC Bank se kata zyada ho gaya,34466,travel,card,,hdfc,hinglish_natural
i paid 42168 rupees for coaching using CRED,42168,education,upi,cred,,voice_transcript
paid flatmate INR 3141 via cash,3141,friends,cash,,,friends_synthetic
paid 325 to YouTube Premium through cash,325,entertainment,cash,,,voice_transcript
40.67 card bike loan EMI,40.67,emi,card,,icici,english_natural
GPay payment Rs.291.60 Udemy SBI 5561 completed,291.60,education,upi,gpay,sbi,ocr_upi
Payment of INR 1972 to Lenskart was successful via Google Pay UPI Ref No 56584663768 axis Account 3410,1972,healthcare,upi,gpay,axis,ocr_upi
yaar 14927 rupaye paise bheje Rahul ko phonepe se pay kiyaa,14927,friends,upi,phonepe,,hinglish_natural
Paid Rs.2484 for mutual fund via PayTM,2484,investment,upi,paytm,,english_natural
flatmate rent share 3731 CRED Neha,3731,friends,upi,cred,hdfc,friends_synthetic
electronics clothes shoes accessories purchase Rs.1738 via paytm,1738,shopping,upi,paytm,,cue_row
personal loan EMI ka EMI bhara 1499 rupaiye card se pay kr diya,1499,emi,card,,niyo,hinglish_natural
i paid 17145 rupees for Vedantu using cash,17145,education,cash,,bob,voice_transcript
hospital doctor pharmacy medicine diagnostic Rs 389 paytm,389,healthcare,upi,paytm,,cue_row
Unacademy pe 69 rupaye ka admission kiyaa G Pay se IDFC First card se,69,education,upi,gpay,idfc,hinglish_natural
maine 3065 rupaye JioCinema ko diye card se,3065,entertainment,card,,,voice_transcript
354 rupees invest kiyaa FD pe card se sasta tha,354,investment,card,,jupiter,hinglish_natural
ghar jaate waqt 243 dentist UPI se de diye,243,healthcare,upi,niyo,pnb,hinglish_natural
"D DUNKIN 39 Completed 8Jan 2026,1:36 pm Federal Bank Bank 3487 UPI transaction ID 634818695596 TO:DUNKIN dunkin.21438@federal bankbank Googletransaction lD CICAgJjg908899 OPI jupiter",39,food,upi,jupiter,federal bank,ocr_upi
3529 rs game le liya Gaana ko credit card se,3529,entertainment,card,,,hinglish_natural
electronics store se saman liyaa 553 rupaiye ka card se pay kya,15439,shopping,card,,,source_hinglish
paid 428 to PharmEasy through cash,428,healthcare,cash,,,voice_transcript
4996 rupaiye home loan EMI phonepe se bohot mehenga,4996,emi,upi,phonepe,hdfc,hinglish_natural
subah broadband se recharge kia 3573 rupaye ka UPI se pay kiya Slice account se,3573,utilities,upi,phonepe,slice,hinglish_natural
BookMyShow ka game lia 326 rs. PayTM se pay kia,326,entertainment,upi,paytm,,hinglish_natural
maine 46 rupaye Divya ko diye cash se,46,friends,cash,,,voice_transcript
Rs 277 charged for exam fee on Gpay,277,education,upi,gpay,,english_natural
Just paid Rs 53.80 to KFC through Paytm,53.80,food,upi,paytm,,english_natural
bhai Airtel recharge se payment kar diya 459 rupaiye ka Cred se pay kr diya sbi se kata,459,utilities,upi,cred,sbi,hinglish_natural
bike loan EMI 272 YES BANK,272,emi,card,,yes bank,english_natural
petrol diesel fuel R 341 at pump card,341,travel,card,,,cue_row
2954 rupees Apple Music card hdfc account,2954,entertainment,card,,hdfc,voice_transcript
"BIRYANI BLUES RESTAURANT
Total 4030.50
Cash Received
Change 0.00",4030.50,food,cash,,,ocr_receipt
"D STATIONERY 450.52 Completed 9Feb 2026,8:59 pm IDFC Bank 7546 UPI transaction ID 6406129451 TO:STATIONERY stationery.10029@idfcbank Googletransaction lD XYZabc775752 OPI Cred",450.52,education,upi,cred,idfc,ocr_upi
Just paid Rs 420 to Kuvera through paytm,420,investment,upi,paytm,sbi,english_natural
flatmate rent share 7684 phonepe bhai,7684,friends,upi,phonepe,pnb,friends_synthetic
493 rupaiye SIP bhra gold ko via CRED,493,investment,upi,cred,bandhan,hinglish_natural
Just paid 3709 to Bajaj Finance EMI through debit card,3709,emi,card,,hdfc,english_natural
Spent Rs.2928 on Spotify using Phone Pe,2928,entertainment,upi,phonepe,,english_natural
Paid ₹1346 to Snapdeal BHIM UPI ICICI 8739 Completed,1346,shopping,upi,bhim,icici,ocr_upi
bhai library ka 124 rupaye card se de diya,124,education,card,,,voice_transcript
"TAX INVOICE
PharmEasy
Grand Total: 2037
Payment: CASH",2037,healthcare,cash,,,ocr_receipt
"RESTAURANT RESTAURANT
Total 170.09
Cash Received
Change 0.00",170.09,food,cash,,,ocr_receipt
concert 3028 rupaye Phonepe pe,3028,entertainment,upi,phonepe,,hinglish_natural
"SIP 1600 Completed 26Dec 2026,7:39 pm axis 5613 UPI transaction ID 50556297559",1600,investment,upi,phonepe,axis,ocr_upi
kal 453 rupaye Reliance Digital credit card se zyada ho gaya,453,shopping,card,,icici,hinglish_natural
Rs 1957 paid to JioCinema via Google Pay UPI from sbi Bank ending 8027,1957,entertainment,upi,gpay,sbi,ocr_upi
Bought FirstCry for 293 with PhonePe,293,shopping,upi,phonepe,idfc,english_natural
"TAX INVOICE
Zara
Grand Total: ₹43640.78
Payment: CARD",43640.78,shopping,card,,,ocr_receipt
Zomato pe 116 rupaiye ka kha liya naqad,116,food,cash,,slice,hinglish_natural
POS/SHREYA/NIYO/8393,12708.30,friends,upi,niyo,,english_natural
Goibibo se ride lia 43992 rupees ka card se pay kia Fi Money card se,43992,travel,card,,fi,hinglish_natural
"mobile recharge
Net Amount 116
Paid via Phone Pe",116,utilities,upi,phonepe,icici,ocr_receipt
Unacademy ka books liya 308 ₹ credit card se,308,education,card,,,hinglish_natural
Paid ₹1108.89 for Amazon Prime via BHIM,1108.89,entertainment,upi,bhim,hdfc,english_natural
Netmeds ka 6005 rupees ka bill Phonepe se pay kiya,6005,healthcare,upi,phonepe,,voice_transcript
Cleartrip me 357 rupees ka ticket book kiyaa cash me,357,travel,cash,,hdfc,hinglish_natural
3822 rupees Amit GPay se pay kya,3822,friends,upi,gpay,,hinglish_natural
sent 796 to yaar on card,796,friends,card,,,friends_synthetic
TO:ELECTRICITYBILL electricitybill.17897@sbibank From:UTSAVJANA (sbi SLICE : user3748@oksbibank,107.46,utilities,upi,slice,sbi,ocr_upi
Paid Rs.3512 to Vedantu phonepe UPI Axis Bank 5919 Done,3512,education,upi,phonepe,axis,ocr_upi
split bill 161 G Pay se Amit ko diya,161,friends,upi,gpay,,friends_synthetic
education loan EMI pe 45133 rs. ka installment diyee card se pay kiyaa bc,24017,emi,card,,,source_hinglish
office se aate hue Netflix se game le liya 728 rupaiye ka haath se de diye,728,entertainment,cash,,pnb,hinglish_natural
Divya ka split kr diya 2746 rs gpay se,2746,friends,upi,gpay,,hinglish_natural
paid back friend lent money ?30919 Paytm,30919,friends,upi,paytm,sbi,cue_row
i paid 1275 rupees for yaar using cred,1275,friends,upi,cred,fi,voice_transcript
267 rupees paisa daala stocks pe card se,267,investment,card,,,hinglish_natural
385 Ananya via Cred,385,friends,upi,cred,fi,hinglish_natural
IRCTC se ticket book kiyaa 4207 ka cash die,4207,travel,cash,,,hinglish_natural
Paytm Money se invest kia 29 rupees ka card se pay kia,29,investment,card,,idfc,hinglish_natural
Jio recharge me 328 ₹ ka bill pay kia GPay se pay kiya,328,utilities,upi,gpay,sbi,hinglish_natural
Just paid Rs.23552 to Practo through Phonepe,23552,healthcare,upi,phonepe,,english_natural
sent Rs 332 to bhai on cash,332,friends,cash,,,friends_synthetic
MakeMyTrip 7240.69,7240.69,travel,upi,gpay,niyo,english_natural
electronics store ka buy kia 3191 rs. credit card se,3191,shopping,card,,hdfc,hinglish_natural
"BEHROUZ
Item 1 Rs402
Item 2 129
Total t224.43
Phonepe",224.43,food,upi,phonepe,axis,ocr_receipt
bhai 225 rs kiraya die Indian Oil ko credit card se,225,travel,card,,,hinglish_natural
aaj BYJU'S se fees bharaa 3509 ka UPI se pay kiya zyada ho gaya,3509,education,upi,phonepe,yes bank,hinglish_natural
today i spent 463 on Netflix via Phonepe from my ICICI Bank bank,463,entertainment,upi,phonepe,icici,voice_transcript
TO:UDEMY udemy.53578@federalbankbank From:PRIYASHARMA (Federal Bank Paytm : user1714@okfederalbankbank,219,education,upi,paytm,federal bank,ocr_upi
i paid 282 rupees for education loan EMI using slice,282,emi,upi,slice,kotak,voice_transcript
Airtel recharge se bill pay kya 731 rs ka UPI se pay kr diya,731,utilities,upi,gpay,kotak,hinglish_natural
Paid Rs309 for JioMart via G Pay,309,food,upi,gpay,,english_natural
mutual fund SIP stocks PPF FD investment 2710 Google Pay,2710,investment,upi,gpay,pnb,cue_row
paid flatmate Rs.12526 via Slice,12526,friends,upi,slice,hdfc,friends_synthetic
Personal loan installment INR 24322,24322,emi,card,,icici,source_english
Used Axis Google Pay to pay 13987 for PVR,13987,entertainment,upi,gpay,axis,english_natural
Ajio me 793 rupaiye ka khareed le liya card se pay kar diya,793,shopping,card,,,hinglish_natural
college fees me 202 rupees ka tuition diy naqad,202,education,cash,,,hinglish_natural
yaar friend me 2211 ka split kr diya paytm se bhai,2211,friends,upi,paytm,,hinglish_natural
4044.89 to credit card EMI via G Pay,4044.89,emi,upi,gpay,,english_natural
dentist 114 rupaye haath se de diya,114,healthcare,cash,,,hinglish_natural
"RENT
Item 1 ₹353
Item 2 454
Total INR 50
Jupiter",50,utilities,upi,jupiter,icici,ocr_receipt
paid back friend lent money Rs.260 Gpay,260,friends,upi,gpay,,cue_row
Lenskart Rs 4407 debited from sbi,4407,shopping,upi,phonepe,sbi,english_natural
Zee5 3974.86 Cred,3974.86,entertainment,upi,cred,sbi,ocr_upi
"Flipkart
Net Amount 38546.58
Paid via CARD",38546.58,shopping,card,,,ocr_receipt
689 to Ananya card UPI,689,friends,card,,,friends_synthetic
aaj 7001 Flipkart card se pay kr diya,7001,shopping,card,,kotak,hinglish_natural
Medical test charges INR 24687,24687,healthcare,card,,,source_english
flight booking travel ticket ₹14219 card,14219,travel,card,,sbi,cue_row
Rs.4219 to Vedantu via slice HDFC account,4219,education,upi,slice,hdfc,english_natural
Cleartrip 45964 rupaye slice se pay kya,45964,travel,upi,slice,,hinglish_natural
Paid INR 211 to Reliance Digital paytm UPI HDFC Bank 1124 Successful,211,shopping,upi,paytm,hdfc,ocr_upi
dhaba 196 Slice Payment done Kotak 6178,196,food,upi,slice,kotak,ocr_upi
UPI/04589256/EXAM FEE/PNB,367.36,education,cash,,pnb,english_natural
4209 ka ACT Fibernet bill pay kiya cash se Niyo se kata,4209,utilities,cash,,niyo,voice_transcript
Payment of t4907.53 to SIP was successful via Gpay UPI Ref No 95264925452524 hdfc Account 9503,4907.53,investment,upi,gpay,hdfc,ocr_upi
"Zepto
Net Amount 7061
Paid via CASH",7061,food,cash,,,ocr_receipt
yaar gas bill ka recharge kiya 40174 rupay UPI se pay kya,40174,utilities,upi,gpay,axis,hinglish_natural
electronics store ₹1741 G Pay,1741,shopping,upi,gpay,hdfc,ocr_upi
i paid 3696 rupees for concert using SLICE,3696,entertainment,upi,slice,,voice_transcript
yaar HDFC loan se EMI kat gayi 1921 ₹ ka card se,1921,emi,card,,,hinglish_natural
97 rupees PVR Gpay,97,entertainment,upi,gpay,,voice_transcript
office se aate hue SBI loan se installment de diya 1724 rupaiye ka credit card se axis se kata,1724,emi,card,,axis,hinglish_natural
EatFit 184 cash diye,184,food,cash,,,hinglish_natural
raat ko Jio recharge 410 rupaye haath se diy sasta tha,410,utilities,cash,,,hinglish_natural
Payment of 2741 to gaming was successful via phonepe UPI Ref No 499049511410 PNB Account 6337,2741,entertainment,upi,phonepe,pnb,ocr_upi
i paid 880 rupees for DishTV using Niyo,880,utilities,upi,niyo,,voice_transcript
Jio recharge se bill pay kiya 32713 rs. ka via Cred,1407,utilities,upi,cred,,source_hinglish
133 rupees Priya Paytm SBI account,133,friends,upi,paytm,sbi,voice_transcript
split bill 1494 slice se dost ko diya,1494,friends,upi,slice,,friends_synthetic
Online shopping payment INR 23220,23220,shopping,cash,,sbi,source_english
459 rupees library card,459,education,card,,,voice_transcript
subah SonyLIV ka show dekha 600 rupees card se Canara Bank account se achha deal mila,14975,entertainment,card,,canara,source_hinglish
maine 4528 rupaye Amit ko diye cash se,4528,friends,cash,,,voice_transcript
"Tata Play
Net Amount 385.03
Paid via G Pay",385.03,utilities,upi,gpay,,ocr_receipt
petrol pump 337 rupaiye Bhim se,337,travel,upi,bhim,pnb,hinglish_natural
POS/DOCTOR/CASH/6059,5205,healthcare,cash,,slice,english_natural
kal 4922 rupaiye installment diy bike loan EMI ko card se,4922,emi,card,,,hinglish_natural
aaj stocks pe 76 rupaye kharcha hua Gpay se,76,investment,upi,gpay,,voice_transcript
kal 198 ₹ SIP bharra Zerodha ko Phone Pe se,198,investment,upi,phonepe,,hinglish_natural
21120 ka credit card EMI bill pay kiya card se Kotak se kata,21120,emi,card,,kotak,voice_transcript
market 2879 rupaye UPI se diye SLICE account se,2879,shopping,upi,phonepe,slice,hinglish_natural
paid 348 to mall through card,348,shopping,card,,,voice_transcript
education loan EMI ka loan payment kar diya 41968 rupees UPI se,41968,emi,upi,phonepe,kotak,hinglish_natural
split bill 14102 cash se colleague ko diya,14102,friends,cash,,,friends_synthetic
Tata Play pe 3965 ka bill pay kya card se slice se kata sasta tha,3965,utilities,card,,slice,hinglish_natural
INR 38448 debited from your PNB account for broadband (Fi UPI),38448,utilities,upi,fi,pnb,ocr_upi
Payment of Rs 30376 to SBI loan was successful via gpay UPI Ref No 170483648116595 HDFC Account 7370,30376,emi,upi,gpay,hdfc,ocr_upi
RELIANCE DIGITAL INR 3899.22 FI,3899.22,shopping,upi,gpay,fi,english_natural
H&M pe 14111 rs ka saman lya phonepe se pay kr diya,14111,shopping,upi,phonepe,,hinglish_natural
309 rupees Coin via PayTM,309,investment,upi,paytm,axis,hinglish_natural
Unacademy pe 3910 rupaiye ka tuition de diya card se pay kr diya yaar,3910,education,card,,,hinglish_natural
upGrad 82 SLICE,82,education,cash,,slice,english_natural
"RENT
Item 1 Rs133
Item 2 67
Total 323
CARD",323,utilities,card,,axis,ocr_receipt
spent 6874 rupees on IndiGo via cash,6874,travel,cash,,,voice_transcript
personal loan installment EMI deduction INR 4045 card,4045,emi,card,,hdfc,cue_row
Just paid INR 348.85 to INOX through cash,348.85,entertainment,cash,,,english_natural
crypto Rs20473 debited from Slice,20473,investment,upi,gpay,slice,english_natural
7622 rs. hospital cash die,34459,healthcare,cash,,,source_hinglish
9605.17 GPay colleague,9605.17,friends,upi,gpay,,english_natural
mall 30 rs UPI se die SLICE account se,30,shopping,upi,phonepe,slice,hinglish_natural
4294 tuition via Phone Pe,4294,education,upi,phonepe,,hinglish_natural
KFC se mangwaya 1182 rupaiye ka naqad SLICE account se matlab,1182,food,cash,,slice,hinglish_natural
27633 rs. Netmeds card se,27633,healthcare,card,,,hinglish_natural
20999 ka Tata Play bill pay kiya Paytm se,20999,utilities,upi,paytm,,voice_transcript
ATM/CASH/ICICI/37601,37601,healthcare,upi,phonepe,icici,english_natural
Used icici cash to pay ₹167 for Rapido,167,travel,cash,,icici,english_natural
Amazon me 12673 rupay ka buy kar diya via Cred,12673,shopping,upi,cred,kotak,hinglish_natural
Spent Rs.42782.57 on 1mg using bhim,42782.57,healthcare,upi,bhim,,english_natural
339 home loan EMI,339,emi,card,,,english_natural
maine 1570 rupaye personal loan EMI ko diye card se,1570,emi,card,,hdfc,voice_transcript
i did 335 expense on Pizza Hut using card,335,food,card,,,voice_transcript
Amit me 9724 rupaye ka split kr diya UPI se de diye,9724,friends,upi,paytm,slice,hinglish_natural
concert pe 4158 rs ka game liyaa UPI se,4158,entertainment,upi,phonepe,hdfc,hinglish_natural
maine 32038 rupaye education loan EMI ko diye Phonepe se,32038,emi,upi,phonepe,,voice_transcript
kal hospital pe 2525 rupaye ka checkup karaya Phonepe se pay kiyaa SLICE se yaar,2525,healthcare,upi,phonepe,slice,hinglish_natural
PPF INR 4899,4899,investment,upi,cred,,english_natural
coaching me 3082 rupaiye ka course lia cash diy zyada ho gaya,3082,education,cash,,,hinglish_natural
Air India 407 rupaye card se pay kar diya,407,travel,card,,,hinglish_natural
electricity water broadband mobile recharge bill INR 1181 CRED,1181,utilities,upi,cred,,cue_row
clinic se test karaya 85 rupay ka slice pe RBL account se,30687,healthcare,upi,slice,rbl,source_hinglish
Snapdeal ka order kya 1278 rupaiye cash de diye slice card se,1278,shopping,cash,,slice,hinglish_natural
dopahar ko Amazon se khareed liyaa 1578 rs ka credit card se,1578,shopping,card,,hdfc,hinglish_natural
gaming pe 302 ₹ ka show dekha jupiter pe,302,entertainment,upi,jupiter,hdfc,hinglish_natural
spent 4857 rupees on Lenskart via card,4857,healthcare,card,,pnb,voice_transcript
MedPlus me 29639 rupaiye ka checkup karaya Bhim pe,29639,healthcare,upi,bhim,,hinglish_natural
Paid 42097.56 for Amit via Slice,42097.56,friends,upi,slice,jupiter,english_natural
gas bill 70 cash,70,utilities,cash,,fi,english_natural
today i spent 1923 on Neha via Slice from my PNB bank,1923,friends,upi,slice,pnb,voice_transcript
"Receipt #3846
Croma
Amount Paid: 3805
Mode: Phonepe",3805,shopping,upi,phonepe,yes bank,ocr_receipt
t2600 paid to personal loan EMI via card from jupiter,2600,emi,card,,jupiter,english_natural
Paid INR 1180.88 to gaming SLICE UPI HDFC Bank 2771 Done,1180.88,entertainment,upi,slice,hdfc,ocr_upi
dinner split 1355 rupaye Amit Jupiter,1355,friends,upi,jupiter,,friends_synthetic
i paid 2896 rupees for Reliance Digital using GPay,2896,shopping,upi,gpay,jupiter,voice_transcript
Coin ka paisa daala 26794 ₹ credit card se,26794,investment,card,,,hinglish_natural
electricity water broadband mobile recharge bill 223 Fi Money,223,utilities,upi,fi,sbi,cue_row
"MYNTRA RESTAURANT
Total 44255
Cash Received
Change 0.00",44255,shopping,cash,,hdfc,ocr_receipt
Bought Netflix for Rs.3766 with cash,3766,entertainment,cash,,,english_natural
Paid friend Rs.171.86 using cash from ICICI Bank,171.86,friends,cash,,icici,english_natural
books ₹201 debited from SBI,201,education,card,,sbi,english_natural
Gpay payment Rs 259.69 Starbucks Canara 4741 done,259.69,food,upi,gpay,canara,ocr_upi
dinner split 406 rupaye Rahul gpay,406,friends,upi,gpay,,friends_synthetic
"BILL
YouTube Premium
Rs.29218
Paytm
Thank You Visit Again",29218,entertainment,upi,paytm,pnb,ocr_receipt
Just paid 24103.69 to personal loan EMI through Visa,24103.69,emi,card,,slice,english_natural
R 3192 charged for gold on PayTM,3192,investment,upi,paytm,,english_natural
480 rupees CCD card,480,food,card,,,voice_transcript
491 rs cab liyaa IRCTC pe UPI se diyee,491,travel,upi,gpay,,hinglish_natural
lunch dinner food order swiggy zomato restaurant meal Rs 144 Google Pay,144,food,upi,gpay,,cue_row
Lenskart se order kiyaa 4992 ₹ ka card se matlab,4992,shopping,card,,,hinglish_natural
bhai dost ko udhar return kiya 62 rs slice se,62,friends,upi,slice,bandhan,friends_synthetic
i did 194 expense on gaming using PayTM,194,entertainment,upi,paytm,hdfc,voice_transcript
3624 rs. kiraya die metro pe Google Pay se pay kya,3624,travel,upi,gpay,,hinglish_natural
"TAX INVOICE
hospital
Grand Total: 2277
Payment: CASH",2277,healthcare,cash,,hdfc,ocr_receipt
Spent ₹2440 on Lenskart using cash,2440,healthcare,cash,,,english_natural
aaj 2786 rupees Nykaa debit card se,2786,shopping,card,,,hinglish_natural
"BILL
Vi recharge
Rs3896.04
Phonepe
Thank You Visit Again",3896.04,utilities,upi,phonepe,,ocr_receipt
Online shopping payment INR 4771,4771,shopping,card,,,source_english
PharmEasy ka checkup karaya 337 rupaiye debit card se matlab,337,healthcare,card,,,hinglish_natural
i paid 47459 rupees for hospital using gpay,47459,healthcare,upi,gpay,hdfc,voice_transcript
Rs4924 to Behrouz via cash,4924,food,cash,,,english_natural
Rs 3118 debited from your Kotak account for YouTube Premium (G Pay UPI),3118,entertainment,upi,gpay,kotak,ocr_upi
grocery vegetables milk bread fruits Rs.38529 paid slice,38529,food,upi,slice,,cue_row
subah education loan EMI se installment de diya 57 rupees ka credit card se,57,emi,card,,,hinglish_natural
Uber mein 451 lag gaye cash se bhara,451,travel,cash,,,voice_transcript
dost Rahul ko 3111 rupaye phonepe se bheje,3111,friends,upi,phonepe,,friends_synthetic
dopahar ko 4643 rupaye EMI bhra home loan EMI pe debit card se,4643,emi,card,,,hinglish_natural
25977 rupees car loan EMI UPI se pay kiya,25977,emi,upi,gpay,,hinglish_natural
i paid 324 rupees for BookMyShow using phonepe,324,entertainment,upi,phonepe,sbi,voice_transcript
Zepto 281 PayTM,281,food,upi,paytm,,english_natural
crypto ₹17105 debited from NIYO,17105,investment,card,,niyo,english_natural
4325 rupees Vikram Paytm,4325,friends,upi,paytm,,voice_transcript
207 charged for coaching on debit card,207,education,card,,,english_natural
Snapdeal 24683 PayTM,24683,shopping,upi,paytm,sbi,ocr_upi
abhi Faasos 51 ₹ cash me,29440,food,cash,,sbi,source_hinglish
maine 24739 rupaye Vi recharge ko diye Cred se,24739,utilities,upi,cred,hdfc,voice_transcript
"D NETMEDS 49415.44 Completed 3Feb 2026,3:57 pm idfc Bank 1146 UPI transaction ID 15957267687987 TO:NETMEDS netmeds.62749@idfcbank Soogletransaction lD XYZabc127972 OPI paytm",49415.44,healthcare,upi,paytm,idfc,ocr_upi
i did 418 expense on BSNL using Google Pay,418,utilities,upi,gpay,,voice_transcript
Myntra me 389 rupaiye ka buy kr diya card se,389,shopping,card,,icici,hinglish_natural
home loan EMI ka installment de diya 2492 rupay card se,2492,emi,card,,sbi,hinglish_natural
mutual fund SIP stocks PPF FD investment Rs 1614 card,1614,investment,card,,,cue_row
Zee5 Rs.111 G Pay,111,entertainment,upi,gpay,niyo,english_natural
3254 rupay game lia Apple Music ko UPI se,3254,entertainment,upi,cred,hdfc,hinglish_natural
Just paid ₹33676.35 to Zepto through Google Pay,33676.35,food,upi,gpay,jupiter,english_natural
INR 1700 charged for JioCinema on Mastercard,1700,entertainment,card,,,english_natural
22962.79 clinic,22962.79,healthcare,cash,,niyo,english_natural
KFC payment ₹234 done via credit card,234,food,card,,,english_natural
Airtel recharge 198.62 gpay Completed IndusInd 4213,198.62,utilities,upi,gpay,indusind,ocr_upi
Neha 477 via Gpay,477,friends,upi,gpay,,hinglish_natural
Rs2415.09 paid to Tata CLiQ via CRED UPI from ICICI Bank ending 4405,2415.09,shopping,upi,cred,icici,ocr_upi
Practo pe 37811 ₹ ka test karaya UPI se,37811,healthcare,upi,gpay,,hinglish_natural
dentist se doctor ko de diye 498 rupaye ka card se pay kr diya,498,healthcare,card,,,hinglish_natural
office se aate hue gaming se show dekha 4792 rupaiye ka UPI se diyee,4792,entertainment,upi,paytm,,hinglish_natural
Rs.16347 to bro Phonepe UPI,16347,friends,upi,phonepe,,friends_synthetic
electronics clothes shoes accessories purchase ₹285 via Phone Pe,285,shopping,upi,phonepe,,cue_row
restaurant 6887 ₹ PayTM se,6887,food,upi,paytm,,hinglish_natural
friend payment Rs.2615 done via Phonepe,2615,friends,upi,phonepe,,english_natural
INR 3295.48 paid to Coursera via credit card from SLICE,3295.48,education,card,,slice,english_natural
hospital doctor pharmacy medicine diagnostic ?2039 card,2039,healthcare,card,,icici,cue_row
Paid 3861 to Apollo Pharmacy CRED UPI IndusInd 8584 Successful,3861,healthcare,upi,cred,indusind,ocr_upi
hospital me 2271 ₹ ka checkup karaya credit card se,43632,healthcare,card,,,source_hinglish
personal loan installment EMI deduction Rs.332 card,332,emi,card,,,cue_row
petrol pump ka 15282 rupees ka bill cash se pay kiya,15282,travel,cash,,,voice_transcript
70 mutual fund kiya PPF pe debit card se,70,investment,card,,,hinglish_natural
476 credit card YouTube Premium,476,entertainment,card,,,english_natural
10832 rs game lya INOX ko Gpay se axis se kata,10832,entertainment,upi,gpay,axis,hinglish_natural
Airtel recharge me 1562 rupees ka payment kiya UPI se pay kar diya,1562,utilities,upi,bhim,,hinglish_natural
"Bajaj Finance EMI 3919.49 Completed 15Apr 2026,11:40 pm icici 3765 UPI transaction ID 2022949451319",3919.49,emi,upi,cred,icici,ocr_upi
NEFT/TRANSFER/GAS BILL/SBI,27775,utilities,upi,bhim,sbi,english_natural
IndiGo pe 11996 ka ticket book kya card se,11996,travel,card,,,hinglish_natural
Gaana se movie dekhi 299 ₹ ka cred se pay kia,299,entertainment,upi,cred,,hinglish_natural
flatmate rent share 118 cred roommate,118,friends,upi,cred,,friends_synthetic
spent 432 rupees on BYJU'S via cash,432,education,cash,,,voice_transcript
auto 4815.67 phonepe Successful sbi 5554,4815.67,travel,upi,phonepe,sbi,ocr_upi
Paid 4861.13 for school fees via cash,4861.13,education,cash,,,english_natural
2983 ka SBI loan bill pay kiya card se,2983,emi,card,,,voice_transcript
"Receipt #2328
Hotstar
Amount Paid: ₹2642.34
Mode: CARD",2642.34,entertainment,card,,,ocr_receipt
"Zee5 BILL
St: ₹155
PhonePe approved",155,entertainment,upi,phonepe,,ocr_receipt
aaj Groww pe 4162 rupaye kharcha hua phonepe se,4162,investment,upi,phonepe,,voice_transcript
"ZOMATO
Item 1 Rs.422
Item 2 Rs341
Total Rs.374.50
gpay",374.50,food,upi,gpay,,ocr_receipt
crypto gold bonds NPS portfolio ?4570 Paytm,4570,investment,upi,paytm,bob,cue_row
Restaurant bill INR 10308,10308,food,cash,,kotak,source_english
BYJU'S 19889 gpay Payment done PNB 9053,19889,education,upi,gpay,pnb,ocr_upi
abhi 11930 ₹ Indian Oil UPI se pay kr diya,11930,travel,upi,phonepe,sbi,hinglish_natural
4202 paid to auto via debit card from ICICI Bank,4202,travel,card,,icici,english_natural
"gas bill BILL
St: Rs.2359
Phone Pe approved",2359,utilities,upi,phonepe,icici,ocr_receipt
Snapdeal ka khareed liya 196 ₹ card se pay kr diya,196,shopping,card,,,hinglish_natural
Personal loan installment INR 48892,48892,emi,card,,,source_english
sent money to Shreya ?434 on Google Pay,434,friends,upi,gpay,,friends_synthetic
₹496 to Nature's Basket via cash sbi account,496,food,cash,,sbi,english_natural
Game purchase INR 24221,24221,entertainment,card,,,source_english
Angel One 419 rupaiye card se pay kiyaa,419,investment,card,,,hinglish_natural
Unacademy se course liya 2787 ₹ ka debit card se SBI account se,2787,education,card,,sbi,hinglish_natural
₹704 paid to Amazon via GPay UPI from IndusInd Bank ending 7877,704,shopping,upi,gpay,indusind,ocr_upi
BEWAKOOF INR 456.31 AXIS,456.31,shopping,card,,axis,english_natural
bhai roommate ko udhar return kiya 3871 rs card se,3871,friends,card,,hdfc,friends_synthetic
gaming ka 2246 rupees ka bill card se pay kiya,2246,entertainment,card,,,voice_transcript
Dominos 21369 rs. debit card se,21369,food,card,,canara,hinglish_natural
subah Burger King ka khana order kia 30344 rs haath se de diya,30344,food,cash,,,hinglish_natural
"CHAI POINT RESTAURANT
Total 48005.27
Cash Received
Change 0.00",48005.27,food,cash,,yes bank,ocr_receipt
"mobile recharge BILL
St: ?33457.52
paytm Approved",33457.52,utilities,upi,paytm,axis,ocr_receipt
kal 690 rupaye eye checkup card se,690,healthcare,card,,,hinglish_natural
ghar jaate waqt Apollo Pharmacy 42999 rs PayTM se,42999,healthcare,upi,paytm,sbi,hinglish_natural
education loan EMI pe 7142 rupaiye ka EMI kat gayi UPI se,7142,emi,upi,phonepe,,hinglish_natural
Paid Reliance Digital t42158 using Phonepe,42158,shopping,upi,phonepe,,english_natural
38170.11 metro,38170.11,travel,cash,,hdfc,english_natural
50 kha liya Swiggy ko Slice se,50,food,upi,slice,,hinglish_natural
"TAX INVOICE
Spotify
Grand Total: 257.84
Payment: CARD",257.84,entertainment,card,,,ocr_receipt
Groww ka mutual fund kar diya 1019 ₹ credit card se,1019,investment,card,,hdfc,hinglish_natural
POS/SBI LOAN/PAYTM/4537,2598,emi,upi,paytm,,english_natural
H&M se saman liyaa 8526 rs ka credit card se,8526,shopping,card,,fi,hinglish_natural
Just paid t2297 to Coursera through Visa,2297,education,card,,,english_natural
Used kotak Gpay to pay Rs 12579 for college fees,12579,education,upi,gpay,kotak,english_natural
amazon flipkart myntra online shopping order 1167 phonepe,1167,shopping,upi,phonepe,,cue_row
POS/CAR LOAN EMI/MASTERCARD/8319,142,emi,card,,slice,english_natural
INR 130 paid to Groww via PayTM UPI from SBI Bank ending 8702,130,investment,upi,paytm,sbi,ocr_upi
HDFC loan me 39267 rs ka installment diy UPI se de diya,39267,emi,upi,bhim,,hinglish_natural
electricity water broadband mobile recharge bill INR 69 cash,69,utilities,cash,,sbi,cue_row
416 rupees rent Cred,416,utilities,upi,cred,,voice_transcript
Pharmacy medicine purchase INR 11325,11325,healthcare,upi,paytm,,source_english
"AIRTEL RECHARGE
Item 1 t79
Item 2 Rs92
Total 3249
SLICE",3249,utilities,upi,slice,,ocr_receipt
bhai car loan EMI ka 30893 rupaye card se de diya,30893,emi,card,,niyo,voice_transcript
147 rupaiye show dekha concert ko PayTM se hdfc se kata,147,entertainment,upi,paytm,hdfc,hinglish_natural
1715 Neha,1715,friends,upi,bhim,,english_natural
sent money to Rohan Rs.90 on GPay,90,friends,upi,gpay,,friends_synthetic
Box8 ka khana order kiyaa 4791 G Pay pe,8,food,upi,gpay,,hinglish_natural
Payment of 1158 to BSNL was successful via GPay UPI Ref No 9015730452 HDFC Bank Account 8041,1158,utilities,upi,gpay,hdfc,ocr_upi
kal 216 rupaye Bewakoof card se pay kar diya,216,shopping,card,,,hinglish_natural
lunch dinner food order swiggy zomato restaurant meal Rs.212 gpay,212,food,upi,gpay,,cue_row
22021 Tata Play,22021,utilities,upi,gpay,,english_natural
Used SLICE cash to pay ?246.79 for Chai Point,246.79,food,cash,,slice,english_natural
petrol pump pe 2931 ₹ ka cab lia credit card se,2931,travel,card,,,hinglish_natural
home loan EMI 165 rupees card se,165,emi,card,,,hinglish_natural
Uber pe 14921 rupaye ka ride lya card se,14921,travel,card,,,hinglish_natural
Credit card EMI INR 33532,33532,emi,upi,gpay,axis,source_english
Pizza Hut ka khana order kr diya 174 rupaye naqad,174,food,cash,,,hinglish_natural
Payment of Rs358 to auto was successful via paytm UPI Ref No 41523598202901 ICICI Bank Account 5500,358,travel,upi,paytm,icici,ocr_upi
Kuvera me 3144 rupaye ka SIP bharra via paytm,3144,investment,upi,paytm,,hinglish_natural
Bought Unacademy for ₹198 with Visa,198,education,card,,pnb,english_natural
Pharmacy medicine purchase INR 29515,29515,healthcare,upi,phonepe,,source_english
spent 34543 rupees on Divya via cash,34543,friends,cash,,,voice_transcript
Phonepe payment ₹368 Bajaj Finance EMI ICICI 7615 successful,368,emi,upi,phonepe,icici,ocr_upi
"Zee5 BILL
St: Rs 3869
Paytm Approved",3869,entertainment,upi,paytm,hdfc,ocr_receipt
Bought Netflix for 392 with card,392,entertainment,card,,,english_natural
Tata CLiQ se khareed lia 2910 rupaye ka jupiter se pay kiya,2910,shopping,upi,jupiter,,hinglish_natural
Rs 580 paid to doctor via Paytm UPI from Axis Bank Bank ending 1113,580,healthcare,upi,paytm,axis,ocr_upi
4204 rs. kha liya FreshMenu pe via Gpay,7764,food,upi,gpay,,source_hinglish
Ananya 45933 rupaiye naqad,45933,friends,cash,,,hinglish_natural
?652.30 debited from your Axis Bank account for mutual fund (phonepe UPI),652.30,investment,upi,phonepe,axis,ocr_upi
netflix spotify hotstar subscription movie show Rs 313 Cred,313,entertainment,upi,cred,,cue_row
stationery 319 UPI se pay kya zyada ho gaya,319,education,upi,bhim,hdfc,hinglish_natural
Payment of Rs.154 to Croma was successful via slice UPI Ref No 1627664784860 Axis Bank Account 5386,154,shopping,upi,slice,axis,ocr_upi
Rs.217 debited from your hdfc account for Croma (G Pay UPI),217,shopping,upi,gpay,hdfc,ocr_upi
MedPlus ₹4485 Bhim,4485,healthcare,upi,bhim,hdfc,ocr_upi
Bewakoof ka order kar diya 4955 rupees naqad HDFC Bank card se,4955,shopping,cash,,hdfc,hinglish_natural
Netflix ₹11616 Google Pay,11616,entertainment,upi,gpay,icici,ocr_upi
"Receipt #2276
INOX
Amount Paid: Rs152
Mode: NIYO",152,entertainment,upi,niyo,,ocr_receipt
3689 rupees crypto card jupiter account,3689,investment,card,,jupiter,voice_transcript
office se aate hue school fees ka books le liya 44707 haath se de diya,44707,education,cash,,,hinglish_natural
kal water bill ka payment kiyaa 37185 rupaiye UPI se de diye,37185,utilities,upi,slice,,hinglish_natural
"INSURANCE PREMIUM
Item 1 ?51
Item 2 t83
Total 21582
CARD",21582,utilities,card,,,ocr_receipt
4186 EMI kat gayi HDFC loan pe UPI se idfc card se,4186,emi,upi,paytm,idfc,hinglish_natural
Biryani Blues mein 2177 lag gaye G Pay se bhara,2177,food,upi,gpay,,voice_transcript
"TAX INVOICE
Hotstar
Grand Total: Rs22368
Payment: CASH",22368,entertainment,cash,,,ocr_receipt
"SPOTIFY
Item 1 t489
Item 2 52
Total Rs.1367.91
CASH",1367.91,entertainment,cash,,,ocr_receipt
INR 1049 to FD via phonepe Punjab National Bank account,1049,investment,upi,phonepe,pnb,english_natural
medical checkup lab test health insurance INR 30882 Cred,30882,healthcare,upi,cred,,cue_row
₹384.69 paid to Hotstar via paytm UPI from icici Bank ending 9758,384.69,entertainment,upi,paytm,icici,ocr_upi
INR 27297 charged for library on cash,27297,education,cash,,,english_natural
349 rupay metro credit card se,349,travel,card,,,hinglish_natural
Kuvera 945 paytm Payment done ICICI Bank 5098,945,investment,upi,paytm,icici,ocr_upi
Tata CLiQ ka buy kya 4449 rupaye credit card se sasta tha,4449,shopping,card,,,hinglish_natural
"Apple Music 3568 Completed 3Apr 2026,3:51 am ICICI 8254 UPI transaction ID 55044057106",3568,entertainment,upi,slice,icici,ocr_upi
personal loan installment EMI deduction INR 1245 Cred,1245,emi,upi,cred,,cue_row
Paid R 4898.48 to library fi UPI YES BANK 9225 Completed,4898.48,education,upi,fi,yes bank,ocr_upi
coaching exam preparation study material 4411 card,4411,education,card,,,cue_row
TO:HOTSTAR hotstar.47547@sbibank From:PRIYASHARMA (SBI GPay : user2861@oksbibank,347.73,entertainment,upi,gpay,sbi,ocr_upi
UPI/38722519/KFC/BANK,333.53,food,upi,phonepe,,english_natural
upGrad ka course liya 311 rs. credit card se BOB account se,311,education,card,,bob,hinglish_natural
Bewakoof ka buy kiya 23925 ₹ via bhim,23925,shopping,upi,bhim,,hinglish_natural
POS/SPOTIFY/PHONE PE/5917,618,entertainment,upi,phonepe,,english_natural
Hotstar ka movie dekhi 121 rupay card se,121,entertainment,card,,,hinglish_natural
Mobile recharge INR 10247,10247,utilities,upi,phonepe,,source_english
grocery vegetables milk bread fruits ?28495 paid cash,28495,food,cash,,pnb,cue_row
today i spent 2102 on Goibibo via paytm,2102,travel,upi,paytm,,voice_transcript
4122 rupay dhaba UPI se diy,4122,food,upi,paytm,icici,hinglish_natural
doctor 13877 rupaye UPI se HDFC account se,13877,healthcare,upi,paytm,hdfc,hinglish_natural
"1mg
Net Amount 481
Paid via Google Pay",481,healthcare,upi,gpay,,ocr_receipt
Lenskart ka checkup karaya 2236 rs UPI se,2236,healthcare,upi,slice,,hinglish_natural
Practo ka 3578 rupees ka bill card se pay kiya,3578,healthcare,card,,,voice_transcript
Vedantu pe 2366 rupaiye ka tuition de diya naqad,2366,education,cash,,,hinglish_natural
bhai auto 13687 rupaiye via Paytm matlab,13687,travel,upi,paytm,slice,hinglish_natural
i paid 249 rupees for roommate using Phone Pe,249,friends,upi,phonepe,sbi,voice_transcript
food court 2468,2468,food,cash,,,english_natural
2707 insurance premium,2707,utilities,cash,,icici,english_natural
bhai Bajaj Finance EMI ka 70 rupaye card se de diya,70,emi,card,,,voice_transcript
insurance premium mein 10449 lag gaye card se bhara,10449,utilities,card,,,voice_transcript
i paid 1875 rupees for Zara using card,1875,shopping,card,,,voice_transcript
5493 rupay split kiyaa dost ko Phonepe se matlab,5493,friends,upi,phonepe,,hinglish_natural
46218 rs. mangwaya Subway ko naqad State Bank se kata,46218,food,cash,,sbi,hinglish_natural
Rs.11257 to bro card UPI,11257,friends,card,,hdfc,friends_synthetic
NEFT/TRANSFER/BEWAKOOF/,663,shopping,upi,jupiter,,english_natural
concert se movie dekhi 339 ka card se,339,entertainment,card,,,hinglish_natural
Paid ₹38986.42 for Rahul from my Fi account via cash,38986.42,friends,cash,,fi,english_natural
mutual fund SIP stocks PPF FD investment 1113 G Pay,1113,investment,upi,gpay,,cue_row
Spotify 1635.11,1635.11,entertainment,upi,gpay,,english_natural
"BILL
Netmeds
₹13774
CARD
Thank You Visit Again",13774,healthcare,card,,,ocr_receipt
Apollo Pharmacy 1467 Visa,1467,healthcare,card,,,english_natural
TO:HOMELOANEMI homeloanemi.21628@axisbankbank From:AMITSINGH (Axis Bank G Pay : user7436@okaxisbankbank,539,emi,upi,gpay,axis,ocr_upi
Electricity bill payment INR 44822,44822,utilities,upi,jupiter,,source_english
mobile recharge me 17872 rs. ka recharge kar diya UPI se pay kar diya,17872,utilities,upi,paytm,,hinglish_natural
592 bill bhara water bill ko UPI se Union Bank wale account se,592,utilities,upi,paytm,union bank,hinglish_natural
2215 rupay books lya stationery ko CRED se pay kiya,2215,education,upi,cred,sbi,hinglish_natural
library 4890 PayTM,4890,education,upi,paytm,axis,english_natural
personal loan installment EMI deduction Rs122 card,122,emi,card,,,cue_row
office se aate hue 5100 bill bhar diya mobile recharge ko UPI se,5100,utilities,upi,paytm,,hinglish_natural
Myntra me 2444 rupaye ka buy kiyaa via BHIM,8762,shopping,upi,bhim,,source_hinglish
tuition pe 3935 rs ka fees bharra cash me NIYO card se,3935,education,cash,,niyo,hinglish_natural
358 ₹ exam fee UPI se diye,358,education,upi,gpay,,hinglish_natural
1317 rupaye IndiGo card se,1317,travel,card,,,hinglish_natural
Rs.34813 charged for PVR on credit card,34813,entertainment,card,,,english_natural
93 ka Hotstar bill pay kiya card se,93,entertainment,card,,,voice_transcript
aaj Vedantu pe 326 rupaye kharcha hua cash se,326,education,cash,,,voice_transcript
Spent ₹323 on Netmeds using Paytm,323,healthcare,upi,paytm,,english_natural
Just paid INR 21980 to bhai through Slice,21980,friends,upi,slice,,english_natural
Used Jupiter card to pay 623 for SBI loan,623,emi,card,,jupiter,english_natural
tuition ka tuition die 3480 cash die,3480,education,cash,,,hinglish_natural
Payment of INR 3448 to Zomato was successful via GPay UPI Ref No 5567613428233 kotak Account 1632,3448,food,upi,gpay,kotak,ocr_upi
sent money to Arjun Rs16088 on cash,16088,friends,cash,,,friends_synthetic
"BILL
insurance premium
Rs.3255
CARD
Thank You Visit Again",3255,utilities,card,,sbi,ocr_receipt
Netflix subscription INR 25225,25225,entertainment,card,,,source_english
13959 rs. test karaya clinic ko credit card se,13959,healthcare,card,,,hinglish_natural
dost Vikram ko 169 rupaye cash se bheje,169,friends,cash,,,friends_synthetic
Spent ₹4849 on Zepto using PayTM,4849,food,upi,paytm,indusind,english_natural
36700 rupees coaching PhonePe,36700,education,upi,phonepe,,voice_transcript
petrol diesel fuel 555 at pump card,555,travel,card,,,cue_row
dinner split 256 rupaye Rohan cash,256,friends,cash,,,friends_synthetic
Ola cab INR 37530,37530,travel,upi,cred,pnb,source_english
Priya 324 Paytm Completed Bank of Baroda 2812,324,friends,upi,paytm,bob,ocr_upi
Angel One 135 rupaye UPI se,135,investment,upi,phonepe,hdfc,hinglish_natural
Paid 5023.35 for 1mg via Phone Pe,5023.35,healthcare,upi,phonepe,hdfc,english_natural
Gas bill payment INR 36250,36250,utilities,upi,paytm,,source_english
42824 rupay ACT Fibernet credit card se,42824,utilities,card,,,hinglish_natural
gaming concert event ticket 3637 card,3637,entertainment,card,,,cue_row
Cleartrip 18528 rupees card se pay kia,18528,travel,card,,,hinglish_natural
lab test ka checkup karaya 380 naqad,380,healthcare,cash,,,hinglish_natural
dost flatmate ko 210 rupaye cash se bheje,210,friends,cash,,,friends_synthetic
POS/OLA/VISA/5839,42704.37,travel,card,,hdfc,english_natural
colleague se split kar diya 4732 rupaye ka haath se diy,4732,friends,cash,,,hinglish_natural
HDFC loan me 272 rupees ka EMI kat gayi debit card se,272,emi,card,,hdfc,hinglish_natural
Rs.328.85 charged for Reliance Digital on Visa,328.85,shopping,card,,,english_natural
209 to friend CRED UPI,209,friends,upi,cred,,friends_synthetic
1351 rupees Chai Point Phonepe,1351,food,upi,phonepe,,voice_transcript
"PVR BILL
St: 12982
Gpay approved",12982,entertainment,upi,gpay,,ocr_receipt
"Cleartrip 36580 Completed 20May 2025,12:06 pm icici 6576 UPI transaction ID 921776797717593",36580,travel,upi,gpay,icici,ocr_upi
₹1911 to mall via Paytm Fi account,1911,shopping,upi,paytm,fi,english_natural
"TAX INVOICE
Haldirams
Grand Total: 176
Payment: CASH",176,food,cash,,,ocr_receipt
electronics clothes shoes accessories purchase ₹252 via Paytm,252,shopping,upi,paytm,,cue_row
?4500.51 debited from your Axis Bank account for Priya (Gpay UPI),4500.51,friends,upi,gpay,axis,ocr_upi
Coin ka stock le liya 3183 ₹ card se pay kiyaa,3183,investment,card,,sbi,hinglish_natural
UPI/55751899/UDEMY/SBI,21459.39,education,card,,sbi,english_natural
H&M 290 rupees card se pay kiyaa,290,shopping,card,,,hinglish_natural
"BILL
Netmeds
₹383.20
CARD
Thank You Visit Again",383.20,healthcare,card,,,ocr_receipt
Apple Music ka show dekha 16136 via NIYO,16172,entertainment,upi,niyo,bandhan,source_hinglish
Uber 214 Bhim Successful Axis 3859,214,travel,upi,bhim,axis,ocr_upi
aaj friend ka transfer kia 500 rupees UPI se pay kiya SBI card se,500,friends,upi,niyo,sbi,hinglish_natural
"BILL
mall
Rs.31150.84
CARD
Thank You Visit Again",31150.84,shopping,card,,,ocr_receipt
hospital 283 phonepe Payment done HDFC Bank 5255,283,healthcare,upi,phonepe,hdfc,ocr_upi
water bill me 290 rupaye ka recharge kia via Gpay,290,utilities,upi,gpay,,hinglish_natural
electronics clothes shoes accessories purchase Rs465 via PhonePe,465,shopping,upi,phonepe,,cue_row
BookMyShow se show dekha 17848 rupees ka paytm se pay kr diya,17848,entertainment,upi,paytm,,hinglish_natural
"1mg
Net Amount 4290.21
Paid via CARD",4290.21,healthcare,card,,,ocr_receipt
"Snapdeal BILL
St: Rs.1651
bhim approved",1651,shopping,upi,bhim,,ocr_receipt
split bill 74 gpay se bhai ko diya,74,friends,upi,gpay,idfc,friends_synthetic
"Receipt #2833
gaming
Amount Paid: R 3133.59
Mode: CARD",3133.59,entertainment,card,,,ocr_receipt
₹59 charged for school fees on G Pay,59,education,upi,gpay,,english_natural
sent 447 to friend on SLICE split bill UPI,447,friends,upi,slice,,cue_row
yaar SpiceJet 2915 rupaiye via bhim bc,2915,travel,upi,bhim,,hinglish_natural
"Subway 41024.29 Completed 11Apr 2025,9:59 am Axis Bank 6230 UPI transaction ID 60146715118",41024.29,food,upi,fi,axis,ocr_upi
office se aate hue 36498 rupay invest kiya stocks ko Phone Pe se pay kiya,36498,investment,upi,phonepe,,hinglish_natural
Snapdeal me 24604 rs. ka buy kar diya via gpay,24604,shopping,upi,gpay,,hinglish_natural
home loan EMI se EMI bhar diya 3685 rupay ka card se pay kia,3685,emi,card,,,hinglish_natural
POS/DHABA/CASH/6091,3209,food,cash,,fi,english_natural
amazon flipkart myntra online shopping order 25174 card,25174,shopping,card,,,cue_row
tuition me 2780 rupay ka books le liya UPI se budget tod diya,2780,education,upi,gpay,,hinglish_natural
Rs19511 to dost bhim UPI,19511,friends,upi,bhim,hdfc,friends_synthetic
Flipkart order INR 48981,48981,shopping,upi,gpay,,source_english
Just paid Rs332.72 to SBI loan through card,332.72,emi,card,,jupiter,english_natural
Karan me 4951 rupay ka paise bheje UPI se Jupiter se kata,4951,friends,upi,phonepe,jupiter,hinglish_natural
"Receipt #5057
Jio recharge
Amount Paid: Rs.216
Mode: CARD",216,utilities,card,,icici,ocr_receipt
"TAX INVOICE
Zee5
Grand Total: Rs 1796.82
Payment: PhonePe",1796.82,entertainment,upi,phonepe,icici,ocr_receipt
Tata Play Rs 49208.78 Fi Money,49208.78,utilities,upi,fi,,english_natural
Rs.4021 debited from your HDFC account for concert (NIYO UPI),4021,entertainment,upi,niyo,hdfc,ocr_upi
151 rupees BSNL phonepe,151,utilities,upi,phonepe,,voice_transcript
Paid Rs17358 to Zomato paytm UPI Axis Bank 2595 Completed,17358,food,upi,paytm,axis,ocr_upi
bhai Priya 48286 ₹ debit card se,48286,friends,card,,,hinglish_natural
Rs 677 paid to Coursera via Bhim UPI from HDFC Bank ending 6403,677,education,upi,bhim,hdfc,ocr_upi
Amazon Prime 136 rupees UPI se,136,entertainment,upi,paytm,,hinglish_natural
split bill 718 Jupiter se bhai ko diya,718,friends,upi,jupiter,,friends_synthetic
split bill 469 gpay se Shreya ko diya,469,friends,upi,gpay,,friends_synthetic
Priya ko 3793 transfer kiya PayTM se,3793,friends,upi,paytm,,friends_synthetic
"D SBILOAN 1380 Completed 2Apr 2026,3:38 pm BOB Bank 9341 UPI transaction ID 662923191226675 TO:SBILOAN sbi loan.58995@bobbank Googletransaction lD CICAgJjg373579 OPI GPay",1380,emi,upi,gpay,bob,ocr_upi
Spent Rs 40561 on SBI loan using Mastercard,40561,emi,card,,,english_natural
Just paid INR 4247 to education loan EMI through debit card,4247,emi,card,,,english_natural
maine 44098 rupaye INOX ko diye card se,44098,entertainment,card,,fi,voice_transcript
school college tuition course books fees 2056 G Pay,2056,education,upi,gpay,,cue_row
aaj upGrad pe 2971 rupaye kharcha hua Niyo se,2971,education,upi,niyo,,voice_transcript
32126 rs. books liya college fees ko card se pay kiyaa,32126,education,card,,axis,hinglish_natural
FirstCry ka 133 rupees ka bill card se pay kiya,133,shopping,card,,fi,voice_transcript
mutual fund me 20588 rs. ka invest kr diya PayTM se,20588,investment,upi,paytm,,hinglish_natural
16832 rupaiye installment diyee Bajaj Finance EMI ko debit card se achha deal mila,16832,emi,card,,,hinglish_natural
aaj Faasos pe 20873 rupaye kharcha hua card se,20873,food,card,,,voice_transcript
Spent Rs.628 on Gaana using debit card,628,entertainment,card,,,english_natural
INR 30001.07 paid to Apollo Pharmacy via cred from sbi,30001.07,healthcare,upi,cred,sbi,english_natural
NEFT/TRANSFER/MALL/FI,4051,shopping,upi,niyo,fi,english_natural
Amit ko 425 transfer kiya cash se,425,friends,cash,,,friends_synthetic
INR 456 debited from your HDFC Bank account for Reliance Digital (cred UPI),456,shopping,upi,cred,hdfc,ocr_upi
bhai Priya ko udhar return kiya 3190 rs paytm se,3190,friends,upi,paytm,,friends_synthetic
PPF se mutual fund kiyaa 180 rs. ka card se matlab,180,investment,card,,hdfc,hinglish_natural
Just paid Rs1700.27 to Spotify through Phone Pe,1700.27,entertainment,upi,phonepe,jupiter,english_natural
kal Myntra 250 rs. debit card se Bank of Baroda card se,43835,shopping,card,,bob,source_hinglish
Paytm Money 417 rupaiye GPay se,417,investment,upi,gpay,,hinglish_natural
4060 cred Divya,4060,friends,upi,cred,kotak,english_natural
Just paid INR 591 to BookMyShow through cash,591,entertainment,cash,,,english_natural
Angel One 1510 rs. credit card se,1510,investment,card,,,hinglish_natural
kal SBI loan me 4377 rupaye ka EMI bharra credit card se bohot mehenga,4377,emi,card,,,hinglish_natural
flight booking travel ticket 386 card,386,travel,card,,hdfc,cue_row
NEFT/TRANSFER/CREDIT CARD EMI/,1047.71,emi,card,,,english_natural
3729.43 debit card Bharat Petroleum,3729.43,travel,card,,,english_natural
MedPlus se doctor ko de diya 8270 ka card se pay kar diya,8270,healthcare,card,,niyo,hinglish_natural
Just paid ₹39217 to CCD through GPay,39217,food,upi,gpay,,english_natural
aaj Amazon me 3521 ₹ ka buy kiyaa UPI se,3521,shopping,upi,phonepe,sbi,hinglish_natural
breakfast snacks chai coffee INR 4468 G Pay,4468,food,upi,gpay,,cue_row
i did 46781 expense on EaseMyTrip using cash,46781,travel,cash,,,voice_transcript
school fees ka fees bhara 514 rupaiye debit card se,514,education,card,,,hinglish_natural
sent ₹1798 to Rohan on CRED,1798,friends,upi,cred,,friends_synthetic
33 buy kia Myntra pe via phonepe,33,shopping,upi,phonepe,,hinglish_natural
NPS 113.00,113.00,investment,upi,phonepe,,english_natural
raat ko 2915 rupaye Apple Music debit card se,2915,entertainment,card,,,hinglish_natural
IRCTC mein 164 lag gaye card se bhara,164,travel,card,,,voice_transcript
abhi rickshaw se ride lia 285 ₹ ka card se pay kar diya,285,travel,card,,hdfc,hinglish_natural
aaj gaming 22557 rs. debit card se achha deal mila,22557,entertainment,card,,sbi,hinglish_natural
Rs20873.88 paid to mutual fund via slice UPI from RBL Bank ending 4666,20873.88,investment,upi,slice,rbl,ocr_upi
BYJU'S mein 176 lag gaye cash se bhara,176,education,cash,,,voice_transcript
"FRESHMENU
Item 1 ₹297
Item 2 Rs431
Total 2298
CASH",2298,food,cash,,,ocr_receipt
34966 rupees Kuvera gpay State Bank account,34966,investment,upi,gpay,sbi,voice_transcript
ghar jaate waqt Flipkart se buy kiyaa 2242 rupaye ka card se,2242,shopping,card,,,hinglish_natural
aaj 11576 rupees SBI loan card se,11576,emi,card,,,hinglish_natural
Apple Music 315 UPI se pay kya,315,entertainment,upi,phonepe,,hinglish_natural
paid Rohan INR 1384 via slice,1384,friends,upi,slice,,friends_synthetic
Swiggy order INR 12488,12488,food,upi,phonepe,icici,source_english
bhai 227 rupay Snapdeal cash me,227,shopping,cash,,,hinglish_natural
"SNAPDEAL RESTAURANT
Total 2709
Cash Received
Change 0.00",2709,shopping,upi,phonepe,,ocr_receipt
today i spent 2989 on bhai via gpay,2989,friends,upi,gpay,,voice_transcript
personal loan EMI 4164.24 niyo Successful ICICI 4227,4164.24,emi,upi,niyo,icici,ocr_upi
paid back friend lent money R 7223 cash,7223,friends,cash,,,cue_row
49 cred Coin,49,investment,upi,cred,,english_natural
Paid t4994 to JioMart G Pay UPI Bandhan 9253 Completed,4994,food,upi,gpay,bandhan,ocr_upi
Paid ₹373 to Karan GPay UPI HDFC Bank 1849 Successful,373,friends,upi,gpay,hdfc,ocr_upi
breakfast snacks chai coffee 4338 cash,4338,food,cash,,,cue_row
electronics clothes shoes accessories purchase ₹36086 via card,36086,shopping,card,,,cue_row
Nature's Basket pe 794 rupaiye ka mangwaya UPI se,794,food,upi,paytm,,hinglish_natural
medical checkup lab test health insurance ₹7095 cash,7095,healthcare,cash,,hdfc,cue_row
mall ka shopping kiyaa 2350 credit card se,2350,shopping,card,,,hinglish_natural
Spent 457.64 on gas bill using Google Pay,457.64,utilities,upi,gpay,,english_natural
"D CRYPTO 1957 Completed 23Feb 2026,7:11 pm HDFC Bank Bank 5126 UPI transaction ID 13413503346074 TO:CRYPTO crypto.87693@hdfc bankbank Googletransaction lD XYZabc744654 OPI Phonepe",1957,investment,upi,phonepe,hdfc,ocr_upi
kal 36 stationery card se yaar,36,education,card,,kotak,hinglish_natural
Angel One 4648 rupaye card se,4648,investment,card,,jupiter,hinglish_natural
split bill 4455 card se Amit ko diya,4455,friends,card,,,friends_synthetic
IRCTC 226 Google Pay Completed Punjab National Bank 4160,226,travel,upi,gpay,pnb,ocr_upi
today i spent 4305 on Practo via card,4305,healthcare,card,,,voice_transcript
Myntra 2775 rupay slice se,2775,shopping,upi,slice,,hinglish_natural
Amazon Prime ka 1635 rupees ka bill card se pay kiya,1635,entertainment,card,,,voice_transcript
Bewakoof ₹2304 Mastercard,2304,shopping,card,,,english_natural
McDonald's 244.66 HDFC Bank,244.66,food,cash,,hdfc,english_natural
Used jupiter Phone Pe to pay ₹20725 for Shreya,20725,friends,upi,phonepe,jupiter,english_natural
rickshaw 474 ₹ card se,474,travel,card,,canara,hinglish_natural
Lenskart se shopping kar diya 4094 ka haath se diye,4094,shopping,cash,,,hinglish_natural
personal loan installment EMI deduction Rs3464 card,3464,emi,card,,,cue_row
2372 charged for friend on Gpay,2372,friends,upi,gpay,,english_natural
gaming concert event ticket ?23034 card,23034,entertainment,card,,,cue_row
i did 473 expense on Bajaj Finance EMI using card,473,emi,card,,icici,voice_transcript
abhi clinic me 5243 rupay ka medicine lya UPI se sbi wale account se achha deal mila,5243,healthcare,upi,paytm,sbi,hinglish_natural
split bill 1436 GPay se Priya ko diya,1436,friends,upi,gpay,,friends_synthetic
496 rupees khana khayaa Dunkin ko cash me,496,food,cash,,,hinglish_natural
"Flipkart
Net Amount 704
Paid via CARD",704,shopping,card,,hdfc,ocr_receipt
378 rupaye rickshaw UPI se pay kar diya,378,travel,upi,gpay,,hinglish_natural
Ajio pe 150 rupay ka buy kia BHIM pe,150,shopping,upi,bhim,pnb,hinglish_natural
Gas bill payment INR 7621,7621,utilities,card,,icici,source_english
877 Phonepe stocks,877,investment,upi,phonepe,,english_natural
Spotify ₹4153 jupiter,4153,entertainment,upi,jupiter,canara,ocr_upi
education loan EMI 3926.05 Visa,3926.05,emi,card,,,english_natural
101.46 to Bharat Petroleum via cash Slice account,101.46,travel,cash,,slice,english_natural
school college tuition course books fees Rs 2793 phonepe,2793,education,upi,phonepe,,cue_row
"BILL
insurance premium
₹49749.55
CARD
Thank You Visit Again",49749.55,utilities,card,,sbi,ocr_receipt
Paid ?149.75 to Reliance Digital G Pay UPI Kotak 7144 Completed,149.75,shopping,upi,gpay,kotak,ocr_upi
115 Pooja,115,friends,cash,,,english_natural
aaj 13054 rs. rickshaw UPI se diye,13054,travel,upi,slice,,hinglish_natural
bhai ko 3659 transfer kiya PayTM se,3659,friends,upi,paytm,,friends_synthetic
Tata CLiQ ka order kya 32559 rs credit card se,32559,shopping,card,,,hinglish_natural
Yatra me 2280 rupay ka kiraya die card se pay kr diya,21855,travel,card,,kotak,source_hinglish
Zerodha ka invest kr diya 3812 rs. UPI se pay kr diya,3812,investment,upi,cred,,hinglish_natural
BYJU'S ka 49357 rupees ka bill card se pay kiya,49357,education,card,,,voice_transcript
POS/MEDPLUS/MASTERCARD/1186,321.89,healthcare,card,,,english_natural
Paid HP Petrol 471 using Mastercard from State Bank,471,travel,card,,sbi,english_natural
Payment of Rs153 to Zara was successful via paytm UPI Ref No 194687871395 Federal Bank Account 1261,153,shopping,upi,paytm,federal bank,ocr_upi
ATM/CASH/NIYO/426.35,426.35,healthcare,cash,,niyo,english_natural
yaar PharmEasy se doctor ko de diye 2427 ka naqad zyada ho gaya,2427,healthcare,cash,,fi,hinglish_natural
ACT Fibernet se payment kiya 2773 rupaye ka UPI se pay kiya,2773,utilities,upi,paytm,hdfc,hinglish_natural
₹44062.90 charged for doctor on PhonePe,44062.90,healthcare,upi,phonepe,,english_natural
2475 rupees water bill BHIM pe,2475,utilities,upi,bhim,slice,hinglish_natural
paid bhai t218 via Google Pay,218,friends,upi,gpay,,friends_synthetic
medical checkup lab test health insurance ₹3081 SLICE,3081,healthcare,upi,slice,,cue_row
i did 41345 expense on JioCinema using Gpay,41345,entertainment,upi,gpay,,voice_transcript
994 rupaiye Netmeds UPI se pay kiyaa,994,healthcare,upi,gpay,,hinglish_natural
Online course subscription INR 38787,38787,education,card,,,source_english
electricity water broadband mobile recharge bill R 3106 card,3106,utilities,card,,axis,cue_row
3157 ₹ Vi recharge naqad bohot mehenga,3157,utilities,cash,,,hinglish_natural
insurance premium se bill pay kia 4316 rs. ka debit card se,4316,utilities,card,,,hinglish_natural
Ananya mein 209 lag gaye cash se bhara,209,friends,cash,,,voice_transcript
"electronics store
Net Amount 34923
Paid via CASH",34923,shopping,cash,,,ocr_receipt
grocery vegetables milk bread fruits Rs1236 paid cash,1236,food,cash,,sbi,cue_row
sent money to Ananya Rs 2736 on CRED,2736,friends,upi,cred,,friends_synthetic
Used hdfc Google Pay to pay Rs3403 for Myntra,3403,shopping,upi,gpay,hdfc,english_natural
spent 3543 rupees on Apollo Pharmacy via card,3543,healthcare,card,,sbi,voice_transcript
Reliance Digital 4395 ₹ card se,4395,shopping,card,,,hinglish_natural
2683 rupees bro UPI se,2683,friends,upi,gpay,,hinglish_natural
bhai Shreya ka 2621 rupaye bhim se de diya,2621,friends,upi,bhim,hdfc,voice_transcript
Myntra Rs 49818.62 Mastercard,49818.62,shopping,card,,kotak,english_natural
HP Petrol se kiraya diye 41227 rs ka via cred,41227,travel,upi,cred,,hinglish_natural
Bought PPF for 370 with debit card,370,investment,card,,,english_natural
₹388 to Rohan cash UPI,388,friends,cash,,axis,friends_synthetic
G Pay payment 2936.83 INOX SBI 8477 done,2936.83,entertainment,upi,gpay,sbi,ocr_upi
Paid ₹969 for 1mg via Visa,969,healthcare,card,,hdfc,english_natural
Zerodha ka stock lia 486 rupaye debit card se,486,investment,card,,sbi,hinglish_natural
3656 rupaiye loan payment kia personal loan EMI pe cred se yaar,3558,emi,upi,cred,,source_hinglish
electronics clothes shoes accessories purchase INR 4558 via card,4558,shopping,card,,,cue_row
bhai gold me 4538 ₹ ka SIP bharra via gpay,4538,investment,upi,gpay,,hinglish_natural
4181 rupees buy kya market ko UPI se pay kiyaa,4181,shopping,upi,niyo,,hinglish_natural
Ajio 37.08,37.08,shopping,card,,icici,english_natural
dinner split 1184 rupaye friend Phonepe,1184,friends,upi,phonepe,,friends_synthetic
JioCinema 3920 ₹ Fi Money pe,3920,entertainment,upi,fi,,hinglish_natural
?24235 paid to Vedantu via Paytm UPI from State Bank Bank ending 7786,24235,education,upi,paytm,sbi,ocr_upi
raat ko PharmEasy 1735 rupaye debit card se,1735,healthcare,card,,jupiter,hinglish_natural
TO:RELIANCEFRESH reliancefresh.95558@sbibank From:AMITSINGH (SBI Fi Money : sender3791@oksbibank,431.32,food,upi,fi,sbi,ocr_upi
?2916 to insurance premium via cred Indusind Bank account,2916,utilities,upi,cred,indusind,english_natural
bhai 216 rupees Haldirams UPI se diy,216,food,upi,bhim,,hinglish_natural
Tata Play INR 391 Phone Pe,391,utilities,upi,phonepe,,english_natural
gaming 1670 rupaye credit card se,1670,entertainment,card,,,hinglish_natural
3194 ₹ Lenskart gpay se,3194,shopping,upi,gpay,indusind,hinglish_natural
Paid tuition ₹3520.84 using Phone Pe,3520.84,education,upi,phonepe,,english_natural
"FIRSTCRY
Item 1 Rs.408
Item 2 R 494
Total t2440.95
CARD",2440.95,shopping,card,,,ocr_receipt
HDFC loan 343 ₹ debit card se,21202,emi,card,,,source_hinglish
aaj 442 rupay stock le liya SIP ko UPI se pay kiya,442,investment,upi,phonepe,fi,hinglish_natural
ghar jaate waqt RedBus ka ride lia 1457 rs. gpay pe,1457,travel,upi,gpay,,hinglish_natural
Coursera 198 rupaiye credit card se,198,education,card,,,hinglish_natural
amazon flipkart myntra online shopping order t41717 card,41717,shopping,card,,,cue_row
office se aate hue 305 rupay checkup karaya Apollo Pharmacy pe card se pay kr diya,305,healthcare,card,,,hinglish_natural
today i spent 3363 on broadband via gpay,3363,utilities,upi,gpay,,voice_transcript
Zee5 2843 ₹ UPI se diye State Bank se kata,5,entertainment,upi,slice,sbi,hinglish_natural
aaj Unacademy pe 295 rupaye kharcha hua card se,295,education,card,,,voice_transcript
car loan EMI se EMI kat gayi 370 rupees ka UPI se pay kiya Canara card se zyada ho gaya,370,emi,upi,gpay,canara,hinglish_natural
"BILL
Starbucks
32787
CARD
Thank You Visit Again",32787,food,card,,,ocr_receipt
Bought mall for ₹30771.82 with card,30771.82,shopping,card,,,english_natural
dinner split 1518 rupaye Rohan PhonePe,1518,friends,upi,phonepe,,friends_synthetic
360 rupaye doctor ko de diye Practo pe credit card se,360,healthcare,card,,,hinglish_natural
Chai Point 3638 rupaye slice se,3638,food,upi,slice,jupiter,hinglish_natural
kal 4898 rupees gaming credit card se,4898,entertainment,card,,,hinglish_natural
"BILL
Lenskart
Rs.7615
jupiter
Thank You Visit Again",7615,shopping,upi,jupiter,,ocr_receipt
lab test ₹2936 Phonepe,2936,healthcare,upi,phonepe,hdfc,ocr_upi
3005 rupay car loan EMI credit card se,3005,emi,card,,,hinglish_natural
books ₹239.30 PayTM,239.30,education,upi,paytm,icici,ocr_upi
bhai Unacademy 225 ₹ cash diyee,225,education,cash,,slice,hinglish_natural
aaj HDFC loan pe 114 rupaye kharcha hua SLICE se,114,emi,upi,slice,,voice_transcript
school fees 454 rs haath se diyee bohot mehenga,5912,education,cash,,pnb,source_hinglish
"BILL
Pizza Hut
286.94
gpay
Thank You Visit Again",286.94,food,upi,gpay,,ocr_receipt
market ka shopping kiya 898 Google Pay se pay kar diya,898,shopping,upi,gpay,,hinglish_natural
Rs.1827 to MakeMyTrip via Phonepe jupiter account,1827,travel,upi,phonepe,jupiter,english_natural
Netmeds 12267.06 Cred Completed hdfc 9598,12267.06,healthcare,upi,cred,hdfc,ocr_upi
Paytm Money se invest kya 1894 rupaiye ka card se Slice se,1894,investment,card,,slice,hinglish_natural
dopahar ko BYJU'S me 1507 rupay ka course lia PhonePe se pay kr diya,1507,education,upi,phonepe,,hinglish_natural
INOX se game liyaa 12535 rupay ka Phonepe se,12535,entertainment,upi,phonepe,,hinglish_natural
Coin ka paisa daala 320 rs card se pay kiya,320,investment,card,,,hinglish_natural
Payment of ₹1677.48 to car loan EMI was successful via phonepe UPI Ref No 81561368233 State Bank Account 6116,1677.48,emi,upi,phonepe,sbi,ocr_upi
Paid SIP Rs 191.55 using cred from icici,191.55,investment,upi,cred,icici,english_natural
1640 rupaiye electricity bill paytm pe,1640,utilities,upi,paytm,jupiter,hinglish_natural
3580 JioCinema credit card se,3580,entertainment,card,,,hinglish_natural
1704.99 paid to Nykaa via Paytm from slice,1704.99,shopping,upi,paytm,slice,english_natural
"MOBILE RECHARGE
Item 1 ₹301
Item 2 Rs 275
Total Rs 3388
Google Pay",3388,utilities,upi,gpay,hdfc,ocr_receipt
POS/POOJA/CREDIT CARD/2340,32223.62,friends,card,,,english_natural
bhai yaar pe 63 ka split kya Gpay pe,63,friends,upi,gpay,,hinglish_natural
7525 rupees yaar BHIM se pay kar diya,7525,friends,upi,bhim,yes bank,hinglish_natural
IRCTC pe 325 rupay ka kiraya diyee naqad ICICI Bank wale account se,325,travel,cash,,icici,hinglish_natural
Paid INR 2243.57 for society maintenance via credit card,2243.57,utilities,card,,yes bank,english_natural
Bought insurance premium for 167.09 with Phonepe,167.09,utilities,upi,phonepe,,english_natural
Rs11719 to metro via Visa Punjab National Bank account,11719,travel,card,,pnb,english_natural
Faasos me 621 rs. ka food order kiyaa UPI se,621,food,upi,gpay,fi,hinglish_natural
FD pe 2420 rupaye ka paisa daala Slice se,17397,investment,upi,slice,icici,source_hinglish
2728 ka bike loan EMI bill pay kiya Cred se,2728,emi,upi,cred,,voice_transcript
2071 rupay Paytm Money Phone Pe se,2071,investment,upi,phonepe,federal bank,hinglish_natural
today i spent 161 on car loan EMI via card from my Fi Money bank,161,emi,card,,fi,voice_transcript
dost colleague ko 4727 rupaye cash se bheje,4727,friends,cash,,,friends_synthetic
Just paid ₹370 to diagnostic through card,370,healthcare,card,,,english_natural
mutual fund SIP stocks PPF FD investment INR 29665 Cred,29665,investment,upi,cred,,cue_row
abhi 4705 rs Apollo Pharmacy BHIM se pay kiya,4705,healthcare,upi,bhim,,hinglish_natural
₹34094 to library via Visa,34094,education,card,,,english_natural
Reliance Digital se buy kiyaa 2856 ka debit card se,2856,shopping,card,,,hinglish_natural
BookMyShow ka game liyaa 4794 rs. PayTM pe zyada ho gaya,4794,entertainment,upi,paytm,sbi,hinglish_natural
2565 rupees cafe card PNB account,2565,food,card,,pnb,voice_transcript
ACT Fibernet ka bill pay kiyaa 178 ₹ naqad sbi account se,178,utilities,cash,,sbi,hinglish_natural
amazon flipkart myntra online shopping order 85 cash,85,shopping,cash,,,cue_row
81 rupaiye EaseMyTrip cash me,81,travel,cash,,kotak,hinglish_natural
paid Ananya Rs314 via phonepe,314,friends,upi,phonepe,,friends_synthetic
32956 rupay Coin UPI se diye,32956,investment,upi,fi,niyo,hinglish_natural
₹8986.53 paid to Amazon Prime via Paytm UPI from HDFC Bank ending 6817,8986.53,entertainment,upi,paytm,hdfc,ocr_upi
Gaana pe 4589 rupees ka game lya credit card se Punjab National Bank se,4589,entertainment,card,,pnb,hinglish_natural
34708 rupaiye Amazon debit card se,2659,shopping,card,,,source_hinglish
Shreya 134,134,friends,upi,gpay,,english_natural
abhi FreshMenu ka khana order kya 343 ₹ cred se,343,food,upi,cred,,hinglish_natural
103 rupaiye kiraya diyee rickshaw pe naqad,103,travel,cash,,icici,hinglish_natural
"BOOKMYSHOW
Item 1 ?239
Item 2 109
Total Rs 1121
CARD",1121,entertainment,card,,,ocr_receipt
Paid auto Rs.4198 using Mastercard from HDFC Bank,4198,travel,card,,hdfc,english_natural
68 paisa daala SIP ko debit card se,68,investment,card,,,hinglish_natural
₹10521 charged for EaseMyTrip on cash,10521,travel,cash,,,english_natural
"Apollo Pharmacy BILL
St: 488.46
CARD APPROVED",488.46,healthcare,card,,,ocr_receipt
personal loan installment EMI deduction INR 26503 Phonepe,26503,emi,upi,phonepe,icici,cue_row
mutual fund SIP stocks PPF FD investment R 3331 card,3331,investment,card,,,cue_row
Bought SpiceJet for Rs1458 with credit card,1458,travel,card,,,english_natural
2710.37 paid to Netmeds via Jupiter UPI from HDFC Bank Bank ending 6562,2710.37,healthcare,upi,jupiter,hdfc,ocr_upi
"BILL
diagnostic
Rs.250
CARD
Thank You Visit Again",250,healthcare,card,,,ocr_receipt
282.82 to Angel One via PhonePe axis account,282.82,investment,upi,phonepe,axis,english_natural
Bewakoof pe 184 ka order kr diya card se pay kiya Slice account se,184,shopping,card,,slice,hinglish_natural
Rs.1055.75 paid to education loan EMI via PayTM UPI from ICICI Bank Bank ending 9350,1055.75,emi,upi,paytm,icici,ocr_upi
BookMyShow ka movie dekhi 20522 rupay card se pay kar diya,20522,entertainment,card,,,hinglish_natural
814 paid to doctor via PhonePe from Fi,814,healthcare,upi,phonepe,fi,english_natural
Rohan ka transfer kya 34905 UPI se pay kar diya,34905,friends,upi,gpay,,hinglish_natural
Practo 483 rs Paytm se pay kya,483,healthcare,upi,paytm,,hinglish_natural
rent me 276 rupaiye ka payment kiyaa UPI se diye,276,utilities,upi,niyo,,hinglish_natural
Neha payment 1687 done via debit card,1687,friends,card,,fi,english_natural
flatmate rent share 2485 card Ananya,2485,friends,card,,,friends_synthetic
netflix spotify hotstar subscription movie show Rs 201 card,201,entertainment,card,,,cue_row
Payment of ₹36 to Zerodha was successful via Gpay UPI Ref No 2733262776746 hdfc Account 2725,36,investment,upi,gpay,hdfc,ocr_upi
breakfast snacks chai coffee ₹381 CRED,381,food,upi,cred,,cue_row
bro pe 55 rs. ka udhar return kar diya card se pay kya,55,friends,card,,icici,hinglish_natural
₹2882 paid to PVR via Mastercard from Indusind Bank,2882,entertainment,card,,indusind,english_natural
3820 rupaiye saman liyaa Snapdeal pe card se pay kiyaa,3820,shopping,card,,,hinglish_natural
McDonald's 182 rupees phonepe se,182,food,upi,phonepe,,hinglish_natural
Lenskart payment ₹1482.34 done via phonepe,1482.34,shopping,upi,phonepe,,english_natural
FD 22287,22287,investment,upi,phonepe,,english_natural
hospital doctor pharmacy medicine diagnostic INR 4285 Bhim,4285,healthcare,upi,bhim,,cue_row
297 rupees Pooja cash HDFC Bank account,297,friends,cash,,hdfc,voice_transcript
TO:PERSONALLOANEMI personalloanemi.75698@icicibank From:RAHULKUMAR (icici paytm : sender9444@okicicibank,4214,emi,upi,paytm,icici,ocr_upi
aaj Biryani Blues pe 337 rupaye kharcha hua Gpay se,337,food,upi,gpay,,voice_transcript
home loan EMI ka loan payment kar diya 2140 rupees card se ICICI Bank wale account se,2140,emi,card,,icici,hinglish_natural
Chai Point se food order kia 3153 rupees ka UPI se pay kiyaa,3153,food,upi,niyo,idfc,hinglish_natural
bhai canteen 981 rupaye via G Pay,981,food,upi,gpay,fi,hinglish_natural
"mobile recharge 305 Completed 22Feb 2026,11:19 pm Kotak 2203 UPI transaction ID 847920740518",305,utilities,upi,phonepe,kotak,ocr_upi
raat ko Meesho se order kar diya 22261 rupaiye ka UPI se,22261,shopping,upi,paytm,kotak,hinglish_natural
1112 rs Tata CLiQ credit card se,1112,shopping,card,,yes bank,hinglish_natural
concert payment Rs.281 done via cash,281,entertainment,cash,,,english_natural
Bought Zerodha for ₹3453.46 with paytm,3453.46,investment,upi,paytm,icici,english_natural
"NATURE'S BASKET RESTAURANT
Total 1161
Cash Received
Change 0.00",1161,food,card,,,ocr_receipt
bhai Snapdeal ka 3546 rupaye Paytm se de diya,3546,shopping,upi,paytm,,voice_transcript
abhi personal loan EMI ka EMI bhara 641 rs debit card se,641,emi,card,,,hinglish_natural
RedBus me 36962 rupay ka petrol bharra card se pay kr diya yaar,16186,travel,card,,,source_hinglish
HDFC loan Rs.48474 Google Pay,48474,emi,upi,gpay,indusind,ocr_upi
Practo ka checkup karaya 4624 ₹ Slice se HDFC se kata,4624,healthcare,upi,slice,hdfc,hinglish_natural
NPS ka SIP bharra 1863 ₹ via Paytm icici se,1863,investment,upi,paytm,icici,hinglish_natural
aaj FirstCry me 4079 rs ka khareed lia card se pay kiya,4079,shopping,card,,,hinglish_natural
HDFC loan ka loan payment kiyaa 223 ₹ debit card se,223,emi,card,,,hinglish_natural
dinner split 2793 rupaye Vikram Google Pay,2793,friends,upi,gpay,,friends_synthetic
Apple Music ₹40808.10 PhonePe,40808.10,entertainment,upi,phonepe,niyo,english_natural
bhai INOX pe 14180 ka show dekha card se pay kiyaa,14180,entertainment,card,,axis,hinglish_natural
INR 46438 paid to Nature's Basket via Slice from BOB,46438,food,upi,slice,bob,english_natural
Chai Point 1017 paytm Successful Yes Bank 1848,1017,food,upi,paytm,yes bank,ocr_upi
Bajaj Finance EMI 313 Paytm Completed RBL Bank 1459,313,emi,upi,paytm,rbl,ocr_upi
Phonepe payment Rs211.40 Barbeque Nation RBL Bank 1608 done,211.40,food,upi,phonepe,rbl,ocr_upi
Box8 se food order kya 4342 ka CRED se pay kia achha deal mila,8,food,upi,cred,,hinglish_natural
Payment of Rs.1142.12 to Ajio was successful via paytm UPI Ref No 508153413016 idfc Account 3810,1142.12,shopping,upi,paytm,idfc,ocr_upi
gaming se movie dekhi 4687 rs. ka paytm se pay kia,4687,entertainment,upi,paytm,niyo,hinglish_natural
raat ko SIP se stock liyaa 166 rupees ka credit card se HDFC wale account se,166,investment,card,,hdfc,hinglish_natural
"Reliance Digital BILL
St: Rs18043.36
CASH APPROVED",18043.36,shopping,cash,,,ocr_receipt
Payment of t4255 to credit card EMI was successful via slice UPI Ref No 3222170507578 hdfc Account 5956,4255,emi,upi,slice,hdfc,ocr_upi
BYJU'S 141 ₹ credit card se,141,education,card,,,hinglish_natural
PharmEasy ka doctor ko diyee 2398 naqad,2398,healthcare,cash,,,hinglish_natural
₹308 charged for Netmeds on Visa,308,healthcare,card,,hdfc,english_natural
Divya Rs 572.27 debited from Canara Bank,572.27,friends,upi,paytm,canara,english_natural
NEFT/TRANSFER/DENTIST/IDFC FIRST,1689.15,healthcare,cash,,idfc,english_natural
dopahar ko Vikram 2209 rupay credit card se,2209,friends,card,,hdfc,hinglish_natural
Payment of R 18962 to Netflix was successful via paytm UPI Ref No 43856337598491 ICICI Bank Account 8689,18962,entertainment,upi,paytm,icici,ocr_upi
spent 268 rupees on BookMyShow via cash,268,entertainment,cash,,fi,voice_transcript
spent 4451 rupees on NPS via card,4451,investment,card,,,voice_transcript
INR 1078 to diagnostic via GPay State Bank account,1078,healthcare,upi,gpay,sbi,english_natural
water bill 154 Google Pay,154,utilities,upi,gpay,kotak,ocr_upi
Rs21782 to Vikram PhonePe UPI,21782,friends,upi,phonepe,,friends_synthetic
"electricity bill
Net Amount 11148.04
Paid via CARD",11148.04,utilities,card,,,ocr_receipt
INR 4646 paid to coaching via Gpay UPI from Bank of Baroda Bank ending 3314,4646,education,upi,gpay,bob,ocr_upi
DMart ka mangwaya 284 rupaye phonepe pe,284,food,upi,phonepe,,hinglish_natural
Paid INR 37554 for credit card EMI via debit card,37554,emi,card,,,english_natural
lunch dinner food order swiggy zomato restaurant meal 954 Gpay,954,food,upi,gpay,,cue_row
Rs.1847 paid to auto via G Pay UPI from HDFC Bank ending 1716,1847,travel,upi,gpay,hdfc,ocr_upi
dopahar ko 144 rupaiye Indian Oil naqad,144,travel,cash,,niyo,hinglish_natural
i paid 7625 rupees for exam fee using PayTM,7625,education,upi,paytm,,voice_transcript
netflix spotify hotstar subscription movie show Rs.111 Paytm,111,entertainment,upi,paytm,,cue_row
Swiggy pe 1118 rupaiye ka khana order kia Paytm pe,1118,food,upi,paytm,fi,hinglish_natural
Lenskart ₹81 G Pay,81,healthcare,upi,gpay,axis,ocr_upi
337 Croma,337,shopping,cash,,yes bank,english_natural
Rs 12937 to Rohan via gpay,12937,friends,upi,gpay,,english_natural
Lenskart ka checkup karaya 1796 rupaiye UPI se,1796,healthcare,upi,paytm,,hinglish_natural
mutual fund se SIP bharra 1905 rupaiye ka UPI se diyee NIYO card se,1905,investment,upi,paytm,niyo,hinglish_natural
Burger King 36694 PayTM Successful SBI 8457,36694,food,upi,paytm,sbi,ocr_upi
clinic 3605.83 Jupiter Payment done sbi 4213,3605.83,healthcare,upi,jupiter,sbi,ocr_upi
"Bewakoof 32739.71 Completed 14Oct 2025,4:20 pm hdfc 4098 UPI transaction ID 4167209069122",32739.71,shopping,upi,gpay,hdfc,ocr_upi
bhai Apple Music ka 25985 rupaye card se de diya,25985,entertainment,card,,,voice_transcript
Ajio me 1967 rupaye ka buy kya card se,1967,shopping,card,,,hinglish_natural
mess pe 3378 rs. ka khana order kar diya card se pay kia,3378,food,card,,,hinglish_natural
Payment of t321 to Rahul was successful via phonepe UPI Ref No 71894284088 hdfc Account 7028,321,friends,upi,phonepe,hdfc,ocr_upi
"NETMEDS RESTAURANT
Total 40267
Cash Received
Change 0.00",40267,healthcare,card,,,ocr_receipt
dopahar ko BigBasket me 3696 rupaiye ka kha liya UPI se die icici wale account se sasta tha,3696,food,upi,paytm,icici,hinglish_natural
Dunkin 2455 rs GPay se pay kar diya Jupiter se,2455,food,upi,gpay,jupiter,hinglish_natural
roommate 4776 rupaiye haath se de diya,4776,friends,cash,,,hinglish_natural
Paid education loan EMI Rs 901 using Visa from Niyo,901,emi,card,,niyo,english_natural
2924 rs. friend card se pay kiyaa,2924,friends,card,,,hinglish_natural
bro mein 21670 lag gaye Gpay se bhara,21670,friends,upi,gpay,niyo,voice_transcript
31058.80 PayTM Cleartrip,31058.80,travel,upi,paytm,,english_natural
Spent 3179 on Croma using credit card,3179,shopping,card,,,english_natural
"RENT
Item 1 Rs.218
Item 2 R 206
Total Rs.2221
paytm",2221,utilities,upi,paytm,kotak,ocr_receipt
eye checkup 2716,2716,healthcare,upi,phonepe,,english_natural
flatmate rent share 11912 card Neha,11912,friends,card,,,friends_synthetic
gaming concert event ticket 6766 card,6766,entertainment,card,,sbi,cue_row
1mg 4679 rupay credit card se Axis Bank se,1,healthcare,card,,axis,hinglish_natural
POS/APPLE MUSIC/CARD/2702,2490,entertainment,card,,,english_natural
aaj dentist pe 307 rupaye kharcha hua card se,307,healthcare,card,,sbi,voice_transcript
abhi 2693 rupaye metro paytm se,2693,travel,upi,paytm,,hinglish_natural
R 16391 to Angel One via debit card,16391,investment,card,,,english_natural
Payment of ?173 to BYJU'S was successful via CRED UPI Ref No 77642649390 Axis Account 7578,173,education,upi,cred,axis,ocr_upi
NPS 246 rs. via Phonepe,246,investment,upi,phonepe,,hinglish_natural
29379 ₹ loan payment kia home loan EMI pe UPI se pay kiya,29379,emi,upi,cred,,hinglish_natural
Paytm Money me 26383 rupay ka stock lya credit card se ICICI Bank card se,26383,investment,card,,icici,hinglish_natural
bhai bhai ko udhar return kiya 627 rs GPay se,627,friends,upi,gpay,,friends_synthetic
2734 rs. buy kia market pe GPay se pay kya,2734,shopping,upi,gpay,,hinglish_natural
office se aate hue Bewakoof ka saman lya 4210 rupaiye cash die,4210,shopping,cash,,icici,hinglish_natural
136 rupay EMI bharra credit card EMI pe credit card se Fi se,136,emi,card,,fi,hinglish_natural
Paid 1992 for FirstCry via G Pay,1992,shopping,upi,gpay,,english_natural
Spent INR 48189.95 on gold using G Pay,48189.95,investment,upi,gpay,,english_natural
i paid 3438 rupees for credit card EMI using card,3438,emi,card,,fi,voice_transcript
Paid ₹45580 for Haldirams from my SLICE account via Google Pay,45580,food,upi,gpay,slice,english_natural
259 rupees Amazon gpay,259,shopping,upi,gpay,,voice_transcript
24713 ka water bill bill pay kiya CRED se ICICI se kata,24713,utilities,upi,cred,icici,voice_transcript
POS/AUTO/PHONEPE/8401,31081,travel,upi,phonepe,,english_natural
Rs344 charged for MedPlus on gpay,344,healthcare,upi,gpay,,english_natural
exam fee me 13211 rs ka admission kiyaa UPI se,13211,education,upi,paytm,,hinglish_natural
maine 13527 rupaye Snapdeal ko diye PhonePe se,13527,shopping,upi,phonepe,,voice_transcript
Rs730.39 to books via Paytm,730.39,education,upi,paytm,,english_natural
uber ola cab ride airport train ticket 7910 PhonePe,7910,travel,upi,phonepe,,cue_row
home loan EMI 2090 credit card,2090,emi,card,,rbl,english_natural
Priya pe 352 rs. ka dost ko de diye Gpay pe,352,friends,upi,gpay,sbi,hinglish_natural
Used Fi Money Google Pay to pay ₹3690 for Yatra,3690,travel,upi,gpay,fi,english_natural
Zomato 17254 rs. G Pay se pay kiyaa ICICI Bank card se,17254,food,upi,gpay,icici,hinglish_natural
Zepto ka kha liya 373 cash de diya Slice card se,373,food,cash,,slice,hinglish_natural
3309.53 paid to books via Cred UPI from icici Bank ending 5089,3309.53,education,upi,cred,icici,ocr_upi
Electronics shopping INR 3182,3182,shopping,upi,gpay,,source_english
dopahar ko DMart se kha liya 53 rupaye ka cash me hdfc wale account se,53,food,cash,,hdfc,hinglish_natural
subah 3918 rs diagnostic naqad,3918,healthcare,cash,,,hinglish_natural
Rs 341 paid to Rapido via bhim UPI from Yes Bank Bank ending 5428,341,travel,upi,bhim,yes bank,ocr_upi
gaming concert event ticket t129 card,129,entertainment,card,,,cue_row
2049 card crypto,2049,investment,card,,idfc,english_natural
19752 paise bheje dost ko Paytm se,19752,friends,upi,paytm,,hinglish_natural
Bharat Petroleum 4517 rupees card se,4517,travel,card,,hdfc,hinglish_natural
TO:VIKRAM vikram.52518@kotakbank From:AMITSINGH (Kotak Paytm : user8424@okkotakbank,2202.88,friends,upi,paytm,kotak,ocr_upi
"TAX INVOICE
Practo
Grand Total: INR 2555.47
Payment: CASH",2555.47,healthcare,cash,,,ocr_receipt
office se aate hue 229 rupay Pizza Hut UPI se diyee,229,food,upi,phonepe,jupiter,hinglish_natural
4582 rupaye cab liyaa RedBus ko card se Axis se,17122,travel,card,,axis,source_hinglish
UPI/10914038/COACHING/BANK,3796,education,card,,,english_natural
gaming concert event ticket INR 251 bhim,251,entertainment,upi,bhim,,cue_row
Coursera ka tuition diy 81 rs. debit card se,81,education,card,,,hinglish_natural
sent money to Neha INR 1442 on card,1442,friends,card,,,friends_synthetic
Reliance Fresh payment 1734 done via cash,1734,food,cash,,,english_natural
"VI RECHARGE
Item 1 ₹218
Item 2 Rs 482
Total ₹6697.55
slice",6697.55,utilities,upi,slice,hdfc,ocr_receipt
"EYE CHECKUP
Item 1 Rs 474
Item 2 R 61
Total ₹20756
Gpay",20756,healthcare,upi,gpay,,ocr_receipt
hospital doctor pharmacy medicine diagnostic Rs1341 card,1341,healthcare,card,,sbi,cue_row
286 subscription renew kiyaa Apple Music ko via gpay,286,entertainment,upi,gpay,yes bank,hinglish_natural
1807 rupees Tata CLiQ naqad,1807,shopping,cash,,,hinglish_natural
Clothing store bill INR 15291,15291,shopping,upi,gpay,axis,source_english
Rs4748.08 charged for education loan EMI on debit card,4748.08,emi,card,,,english_natural
Exam fee INR 8233,8233,education,cash,,hdfc,source_english
gold se invest kiya 42637 ka via Phone Pe,42637,investment,upi,phonepe,bob,hinglish_natural
Yatra INR 29781.62 phonepe,29781.62,travel,upi,phonepe,hdfc,ocr_upi
Rs2349 debited from your State Bank account for Coursera (paytm UPI),2349,education,upi,paytm,sbi,ocr_upi
spent 54 rupees on Angel One via card,54,investment,card,,union bank,voice_transcript
39939 rupees game lia Apple Music pe debit card se,39939,entertainment,card,,,hinglish_natural
NEFT/TRANSFER/MALL/,3824.89,shopping,upi,fi,,english_natural
"D EDUCATIONLOANEMI 320 Completed 12Mar 2026,11:13 pm Yes Bank Bank 6247 UPI transaction ID 0198363760 TO:EDUCATIONLOANEMI education loan emi.14322@yes bankbank Googletransaction lD XYZabc516091 OPI phonepe",320,emi,upi,phonepe,yes bank,ocr_upi
Paid 33449 for PharmEasy from my State Bank account via cred,33449,healthcare,upi,cred,sbi,english_natural
today i spent 277 on Ola via card,277,travel,card,,,voice_transcript
today i spent 21681 on canteen via card,21681,food,card,,,voice_transcript
2509 rupees PPF card ICICI Bank account,2509,investment,card,,icici,voice_transcript
1264 Phonepe Amit,1264,friends,upi,phonepe,,english_natural
Paid exam fee INR 2112 using card,2112,education,card,,,english_natural
doctor 1458 UPI se de diya,1458,healthcare,upi,jupiter,axis,hinglish_natural
UPI/84341948/GOLD/BANK,1227,investment,card,,,english_natural
Reliance Digital me 43 rupees ka khareed liyaa debit card se Fi Money se kata,43,shopping,card,,fi,hinglish_natural
subah Bewakoof ka buy kr diya 48835 rupees card se pay kia,48835,shopping,card,,,hinglish_natural
paid 4866 to car loan EMI through card from YES BANK,4866,emi,card,,yes bank,voice_transcript
"D WATERBILL 2846.39 Completed 28Mar 2026,7:08 pm HDFC Bank 8775 UPI transaction ID 742052258987307 TO:WATERBILL water bill.35990@hdfcbank Soogletransaction lD CICAgJjg656910 OPI Jupiter",2846.39,utilities,upi,jupiter,hdfc,ocr_upi
electricity water broadband mobile recharge bill 976 GPay,976,utilities,upi,gpay,pnb,cue_row
Paid Rs 2234.39 for HDFC loan via card,2234.39,emi,card,,,english_natural
dinner split 5434 rupaye Neha jupiter,5434,friends,upi,jupiter,,friends_synthetic
Karan 101 rs Gpay se pay kia,101,friends,upi,gpay,,hinglish_natural
grocery vegetables milk bread fruits Rs 2628 paid card,2628,food,card,,,cue_row
dentist se test karaya 1334 rs. ka UPI se pay kar diya,1334,healthcare,upi,slice,,hinglish_natural
1543 rupees Barbeque Nation Bhim,1543,food,upi,bhim,,voice_transcript
abhi eye checkup ka checkup karaya 249 rupaiye Slice pe budget tod diya,249,healthcare,upi,slice,,hinglish_natural
sent t4661 to friend on cash split bill UPI,4661,friends,cash,,,cue_row
i paid 3183 rupees for Rohan using Gpay,3183,friends,upi,gpay,hdfc,voice_transcript
44452 Netmeds UPI se pay kr diya,44452,healthcare,upi,slice,,hinglish_natural
yaar Vedantu me 4081 ₹ ka admission kar diya cash me,4081,education,cash,,,hinglish_natural
dost bro ko 19752 rupaye cash se bheje,19752,friends,cash,,,friends_synthetic
"D GAANA 1335 Completed 19Apr 2026,4:46 pm Kotak Bank 1832 UPI transaction ID 6027870332158 TO:GAANA gaana.37446@kotakbank Goog1etransaction lD XYZabc039285 OPI GPay",1335,entertainment,upi,gpay,kotak,ocr_upi
Just paid ₹2758 to Gaana through Mastercard,2758,entertainment,card,,,english_natural
ACT Fibernet 1731.46,1731.46,utilities,upi,gpay,,english_natural
Just paid ₹4393 to H&M through Visa,4393,shopping,card,,icici,english_natural
clinic me 415 rupay ka checkup karaya UPI se,415,healthcare,upi,gpay,icici,hinglish_natural
13861 rs ticket lya Hotstar ko fi se pay kr diya,13861,entertainment,upi,fi,,hinglish_natural
Apollo Pharmacy me 255 rs. ka doctor ko diyee cash de diye,255,healthcare,cash,,,hinglish_natural
Exam fee INR 34963,34963,education,upi,paytm,,source_english
Croma me 181 rupay ka khareed lia naqad,181,shopping,cash,,,hinglish_natural
"D EASEMYTRIP 60 Completed 23Feb 2026,1:30 pm HDFC Bank 3150 UPI transaction ID 459528276774239 TO:EASEMYTRIP easemytrip.37550@hdfcbank Googletransaction lD XYZabc373278 OPI fi",60,travel,upi,fi,hdfc,ocr_upi
11497.09 paid to BSNL via PhonePe UPI from State Bank Bank ending 8272,11497.09,utilities,upi,phonepe,sbi,ocr_upi
market ka 4484 rupees ka bill PayTM se pay kiya,4484,shopping,upi,paytm,,voice_transcript
POS/ET MONEY/DEBIT CARD/5779,427,investment,card,,hdfc,english_natural
stocks 2449 rupaye CRED se,2449,investment,upi,cred,,hinglish_natural
dost ka dost ko de diya 1110 rs UPI se de diye,1110,friends,upi,paytm,axis,hinglish_natural
electricity water broadband mobile recharge bill ₹3904 CRED,3904,utilities,upi,cred,,cue_row
dost ko 18385 transfer kiya BHIM se,18385,friends,upi,bhim,,friends_synthetic
23993 recharge kr diya BSNL ko bhim se sbi wale account se zyada ho gaya,23993,utilities,upi,bhim,sbi,hinglish_natural
TO:INOX inox.57286@icicibank From:UTSAVJANA (ICICI paytm : sender5644@okicicibank,469.66,entertainment,upi,paytm,icici,ocr_upi
Paid ₹2750 to education loan EMI PayTM UPI Axis 2805 Successful,2750,emi,upi,paytm,axis,ocr_upi
BSNL se bill pay kiya 15278 rupaiye ka via Phone Pe Fi Money se bhai,15278,utilities,upi,phonepe,fi,hinglish_natural
Vikram ?49218 jupiter,49218,friends,upi,jupiter,union bank,ocr_upi
49181.33 flatmate,49181.33,friends,upi,cred,,english_natural
2522 rs dost ko die Divya pe via CRED,2522,friends,upi,cred,,hinglish_natural
Pharmacy medicine purchase INR 49301,49301,healthcare,upi,paytm,,source_english
Payment of Rs.503.56 to insurance premium was successful via SLICE UPI Ref No 00451582843 SBI Account 5230,503.56,utilities,upi,slice,sbi,ocr_upi
gold payment 258.37 done via credit card,258.37,investment,card,,,english_natural
exam fee pe 248 rupees ka books liyaa gpay pe,248,education,upi,gpay,,hinglish_natural
"Zara
Net Amount 91.96
Paid via gpay",91.96,shopping,upi,gpay,hdfc,ocr_receipt
Exam fee INR 40798,40798,education,card,,,source_english
rent ka bill pay kya 18468 rupees UPI se de diya hdfc wale account se,18468,utilities,upi,phonepe,hdfc,hinglish_natural
HP Petrol 2903 Slice,2903,travel,upi,niyo,slice,english_natural
uber ola cab ride airport train ticket Rs.27885 cred,27885,travel,upi,cred,,cue_row
2902.93 credit card Lenskart,2902.93,shopping,card,,,english_natural
4937 rupaye paisa daala Groww pe UPI se pay kr diya,4937,investment,upi,fi,jupiter,hinglish_natural
"Zepto BILL
St: R 83
paytm Approved",83,food,upi,paytm,,ocr_receipt
Zerodha ka SIP bhara 974 rupaiye credit card se HDFC wale account se,974,investment,card,,hdfc,hinglish_natural
4340 ka Reliance Digital bill pay kiya card se,4340,shopping,card,,,voice_transcript
bhai ka 222 rupees ka bill BHIM se pay kiya,222,friends,upi,bhim,hdfc,voice_transcript
22131 rupees PharmEasy naqad,22131,healthcare,cash,,,hinglish_natural
yaar stocks 1532 rupaye card se pay kr diya,1532,investment,card,,,hinglish_natural
Spent INR 4481.00 on Apollo Pharmacy using slice,4481.00,healthcare,upi,slice,yes bank,english_natural
HP Petrol 4156 rupaye debit card se,4156,travel,card,,,hinglish_natural
i paid 220 rupees for IRCTC using phonepe,220,travel,upi,phonepe,icici,voice_transcript
801 rs MakeMyTrip naqad yaar,801,travel,cash,,hdfc,hinglish_natural
electronics clothes shoes accessories purchase INR 3668 via card,3668,shopping,card,,,cue_row
2145 rupaiye SIP bhara gold pe card se,2145,investment,card,,,hinglish_natural
Pharmacy medicine purchase INR 13852,13852,healthcare,upi,slice,,source_english
Kuvera 3551 rupay UPI se pay kia hdfc card se,3551,investment,upi,slice,hdfc,hinglish_natural
tuition 19182 CRED,19182,education,upi,cred,idfc,ocr_upi
Payment of Rs3218 to ACT Fibernet was successful via Google Pay UPI Ref No 17525232434 ICICI Account 9261,3218,utilities,upi,gpay,icici,ocr_upi
HDFC loan pe 4805 rupaiye ka EMI bhra credit card se NIYO wale account se,4805,emi,card,,niyo,hinglish_natural
yaar 1mg ka medicine lia 21877 rs. gpay se,1,healthcare,upi,gpay,,hinglish_natural
abhi 215 rs. udhar return kr diya Priya pe paytm se pay kiya,215,friends,upi,paytm,sbi,hinglish_natural
HDFC loan ka EMI bhar diya 4878 ₹ card se,4878,emi,card,,sbi,hinglish_natural
eye checkup 301 kotak,301,healthcare,cash,,kotak,english_natural
lunch dinner food order swiggy zomato restaurant meal Rs16826 gpay,16826,food,upi,gpay,,cue_row
1498 Netmeds,1498,healthcare,card,,sbi,english_natural
i did 12407 expense on SBI loan using card,12407,emi,card,,,voice_transcript
6485 dost ko de diya Neha ko UPI se HDFC card se,6485,friends,upi,paytm,hdfc,hinglish_natural
209 ka Paytm Money bill pay kiya card se,209,investment,card,,,voice_transcript
Lenskart pe 2717 ₹ ka test karaya PayTM pe,2717,healthcare,upi,paytm,,hinglish_natural
Flipkart ka khareed lia 2184 rs. card se HDFC wale account se bc,2184,shopping,card,,hdfc,hinglish_natural
2662 cash Rohan,2662,friends,cash,,idfc,english_natural
Concert ticket INR 18708,18708,entertainment,card,,,source_english
"Receipt #5769
rent
Amount Paid: ₹3378.78
Mode: paytm",3378.78,utilities,upi,paytm,sbi,ocr_receipt
tuition 229 rupay credit card se bhai,229,education,card,,,hinglish_natural
"TAX INVOICE
Netflix
Grand Total: Rs.51.13
Payment: CARD",51.13,entertainment,card,,,ocr_receipt
Rs.4874.22 to JioMart via cash Union Bank account,4874.22,food,cash,,union bank,english_natural
school college tuition course books fees 4670 card,4670,education,card,,,cue_row
Paid ₹2932.98 for PPF via Gpay,2932.98,investment,upi,gpay,,english_natural
12727 Udemy,12727,education,upi,bhim,,english_natural
"bhai 20402 Completed 12Aug 2026,11:04 pm State Bank 6604 UPI transaction ID 42548250851",20402,friends,upi,cred,sbi,ocr_upi
doctor se dawai lia 49316 ₹ ka credit card se,49316,healthcare,card,,hdfc,hinglish_natural
flatmate rent share 4487 Google Pay roommate,4487,friends,upi,gpay,,friends_synthetic
Just paid ₹278 to water bill through GPay,278,utilities,upi,gpay,,english_natural
Bought PVR for INR 764 with Gpay,764,entertainment,upi,gpay,,english_natural
kal Practo pe 1544 rupay ka dawai lya UPI se die bhai,1544,healthcare,upi,phonepe,,hinglish_natural
Used idfc cred to pay Rs4285 for bhai,4285,friends,upi,cred,idfc,english_natural
netflix spotify hotstar subscription movie show t275 card,275,entertainment,card,,,cue_row
i did 18580 expense on coaching using card,18580,education,card,,,voice_transcript
Paid Rs 45 for MakeMyTrip via cash,45,travel,cash,,,english_natural
Just paid R 453.37 to Tata Play through NIYO,453.37,utilities,upi,niyo,kotak,english_natural
bhai Divya ko udhar return kiya 6622 rs paytm se,6622,friends,upi,paytm,,friends_synthetic
paid 4352 to Coin through card,4352,investment,card,,,voice_transcript
"BILL
INOX
Rs 263
CASH
Thank You Visit Again",263,entertainment,cash,,,ocr_receipt
bhai Kuvera ka 252 rupaye card se de diya,252,investment,card,,,voice_transcript
kal Lenskart pe 427 rupay ka khareed lya cash me,427,shopping,cash,,,hinglish_natural
bhai INR 7603.86 Slice,7603.86,friends,upi,slice,hdfc,ocr_upi
Rs3092.52 to MedPlus via SLICE Axis Bank account,3092.52,healthcare,upi,slice,axis,english_natural
Rs1718 to Haldirams via GPay ICICI account,1718,food,upi,gpay,icici,english_natural
Used Kotak card to pay ₹45101 for Bajaj Finance EMI,45101,emi,card,,kotak,english_natural
hospital Rs.2667.32 Phonepe,2667.32,healthcare,upi,phonepe,,english_natural
Behrouz mein 7643 lag gaye card se bhara,7643,food,card,,,voice_transcript
3067 rupaye stationery UPI se bc,3067,education,upi,phonepe,,hinglish_natural
Paid ₹9419.22 to bike loan EMI SLICE UPI ICICI Bank 9059 Completed,9419.22,emi,upi,slice,icici,ocr_upi
Rs225.92 charged for ET Money on Gpay,225.92,investment,upi,gpay,,english_natural
"GAS BILL
Item 1 Rs73
Item 2 Rs.53
Total ₹515
GPay",515,utilities,upi,gpay,,ocr_receipt
₹1707.47 charged for ET Money on debit card,1707.47,investment,card,,,english_natural
gaming pe 3151 rs ka show dekha UPI se diy Slice account se,3151,entertainment,upi,phonepe,slice,hinglish_natural
bhai auto ka 4316 rupaye card se de diya,4316,travel,card,,,voice_transcript
Meesho payment 2553.88 done via credit card,2553.88,shopping,card,,fi,english_natural
aaj 677 rs. bill bhara Jio recharge ko NIYO pe,677,utilities,upi,niyo,,hinglish_natural
"BARBEQUE NATION
Item 1 Rs256
Item 2 Rs 123
Total Rs 372
CASH",372,food,cash,,,ocr_receipt
Priya me 17516 ₹ ka split kia phonepe se pay kya Fi se kata,17516,friends,upi,phonepe,fi,hinglish_natural
bhai flatmate ko udhar return kiya 3489 rs card se,3489,friends,card,,,friends_synthetic
Udemy ₹904.02 cash,904.02,education,cash,,,english_natural
₹18022 paid to mall via debit card from HDFC Bank,18022,shopping,card,,hdfc,english_natural
today i spent 4685 on doctor via card from my SBI bank,4685,healthcare,card,,sbi,voice_transcript
R 348 paid to Apollo Pharmacy via jupiter from axis,348,healthcare,upi,jupiter,axis,english_natural
4312 paid to Apple Music via card from Axis,4312,entertainment,card,,axis,english_natural
lab test ka doctor ko de diye 29919 rs. UPI se de diya,29919,healthcare,upi,gpay,icici,hinglish_natural
spent 6553 rupees on bike loan EMI via card,6553,emi,card,,,voice_transcript
raat ko 3569 rs kiraya de diya Rapido ko UPI se pay kr diya,3569,travel,upi,phonepe,hdfc,hinglish_natural
Concert ticket INR 9640,9640,entertainment,card,,,source_english
CCD me 4849 rs. ka kha liya naqad,4849,food,cash,,,hinglish_natural
NEFT/TRANSFER/CRYPTO/,418,investment,card,,,english_natural
Bajaj Finance EMI 179.95 phonepe,179.95,emi,upi,phonepe,,english_natural
Barbeque Nation se food order kiyaa 20 rupaiye ka UPI se de diye,20,food,upi,phonepe,hdfc,hinglish_natural
ACT Fibernet 3675.67 Mastercard,3675.67,utilities,card,,sbi,english_natural
?29888.22 paid to car loan EMI via PayTM UPI from HDFC Bank ending 7244,29888.22,emi,upi,paytm,hdfc,ocr_upi
Tata Play 47567 Gpay,47567,utilities,upi,gpay,,english_natural
exam fee me 4303 rupaiye ka course liyaa GPay se pay kr diya sbi se,4303,education,upi,gpay,sbi,hinglish_natural
today i spent 257 on Ananya via NIYO,257,friends,upi,niyo,,voice_transcript
spent 2882 rupees on SBI loan via card,2882,emi,card,,indusind,voice_transcript
paid flatmate 3126 via Gpay,3126,friends,upi,gpay,,friends_synthetic
Used HDFC Bank GPay to pay Rs.252 for Pizza Hut,252,food,upi,gpay,hdfc,english_natural
Paid Rs.4773.62 for Snapdeal via Visa,4773.62,shopping,card,,icici,english_natural
Groww me 4347 rupaiye ka invest kar diya G Pay pe axis wale account se,4347,investment,upi,gpay,axis,hinglish_natural
Ola 3149 PayTM Completed HDFC 9642,3149,travel,upi,paytm,hdfc,ocr_upi
JioCinema se movie dekhi 320 ₹ ka cash diyee,37647,entertainment,cash,,,source_hinglish
Tata Play ₹2995 debited from Niyo,2995,utilities,cash,,niyo,english_natural
i did 2258 expense on hospital using card,2258,healthcare,card,,,voice_transcript
yaar Swiggy se food order kia 40948 rs ka SLICE se,40948,food,upi,slice,,hinglish_natural
20730.84 paytm clinic,20730.84,healthcare,upi,paytm,yes bank,english_natural
FRIEND INR 82,82,friends,upi,gpay,,english_natural
Rs86 paid to school fees via Fi UPI from icici Bank ending 3639,86,education,upi,fi,icici,ocr_upi
Spent ₹4086.12 on Vi recharge using phonepe,4086.12,utilities,upi,phonepe,,english_natural
bhai Rahul ka 2918 rupaye CRED se de diya,2918,friends,upi,cred,,voice_transcript
Barbeque Nation ?241.54 cash,241.54,food,cash,,,english_natural
Reliance Digital se khareed liyaa 2910 ₹ ka via Phone Pe,2910,shopping,upi,phonepe,,hinglish_natural
Snapdeal ka shopping kr diya 2634 rupees card se,2634,shopping,card,,,hinglish_natural
Goibibo 3535 rs. card se,22609,travel,card,,,source_hinglish
Amazon ka saman lia 30766 rs bhim se,30766,shopping,upi,bhim,,hinglish_natural
43352 rupaiye cab lya HP Petrol ko NIYO se SLICE account se,43352,travel,upi,niyo,slice,hinglish_natural
CRED payment Rs.71 tuition Yes Bank 1268 completed,71,education,upi,cred,yes bank,ocr_upi
bhai Neha ka transfer kiya 3625 rupees UPI se diy,3625,friends,upi,gpay,,hinglish_natural
bhai 3619 ₹ test karaya dentist ko Phone Pe se,3619,healthcare,upi,phonepe,,hinglish_natural
TO:DIVYA divya.79878@icicibank From:UTSAVJANA (icici phonepe : sender5656@okicicibank,29,friends,upi,phonepe,icici,ocr_upi
car loan EMI ka EMI kat gayi 3209 rs. via phonepe,3209,emi,upi,phonepe,,hinglish_natural
UPI/30098442/HOSPITAL/BANK,436,healthcare,upi,bhim,,english_natural
today i spent 1033 on library via GPay from my slice bank,1033,education,upi,gpay,slice,voice_transcript
R 2006 charged for Flipkart on card,2006,shopping,card,,hdfc,english_natural
Bajaj Finance EMI ka loan payment kya 1731 rupaiye card se,1731,emi,card,,,hinglish_natural
Snapdeal Rs.4671 Visa,4671,shopping,card,,,english_natural
232 rupees SIP bhara Paytm Money pe UPI se pay kiya,232,investment,upi,jupiter,axis,hinglish_natural
Airtel recharge se recharge kiyaa 487 rs ka paytm pe,487,utilities,upi,paytm,,hinglish_natural
Paid ₹211 for credit card EMI via debit card,211,emi,card,,,english_natural
bhai EatFit ka 3854 rupaye PhonePe se de diya,3854,food,upi,phonepe,jupiter,voice_transcript
Starbucks 3016 CRED,3016,food,upi,cred,axis,english_natural
Reliance Digital me 25693 rupaiye ka shopping kiyaa UPI se de diya,25693,shopping,upi,paytm,,hinglish_natural
Mutual fund SIP INR 44947,44947,investment,card,,sbi,source_english
today i spent 29500 on mess via Phonepe from my NIYO bank,29500,food,upi,phonepe,niyo,voice_transcript
"Jio recharge 45 Completed 28Oct 2026,6:44 pm HDFC Bank 4706 UPI transaction ID 9936427379572",45,utilities,upi,bhim,hdfc,ocr_upi
Reliance Fresh payment INR 235 done via Mastercard,235,food,card,,slice,english_natural
gaming concert event ticket Rs.444 CRED,444,entertainment,upi,cred,,cue_row
personal loan EMI 357 G Pay Payment done Bank of Baroda 8412,357,emi,upi,gpay,bob,ocr_upi
3085 Karan,3085,friends,upi,niyo,sbi,english_natural
"CONCERT
Item 1 ₹466
Item 2 106
Total ₹4331.02
PhonePe",4331.02,entertainment,upi,phonepe,,ocr_receipt
today i spent 1646 on eye checkup via cash,1646,healthcare,cash,,,voice_transcript
credit card EMI se loan payment kiya 12423 rupees ka via Gpay HDFC Bank se,12423,emi,upi,gpay,hdfc,hinglish_natural
flight booking travel ticket Rs35262 cash,35262,travel,cash,,,cue_row
aaj 438 Reliance Digital via PhonePe yaar,438,shopping,upi,phonepe,hdfc,hinglish_natural
paid dost INR 13817 via paytm,13817,friends,upi,paytm,,friends_synthetic
paid back friend lent money ₹326 Google Pay,326,friends,upi,gpay,,cue_row
crypto gold bonds NPS portfolio INR 10547 card,10547,investment,card,,,cue_row
4510 rs. Reliance Fresh haath se diy,4510,food,cash,,canara,hinglish_natural
Pizza Hut 43433 PhonePe Payment done ICICI 1664,43433,food,upi,phonepe,icici,ocr_upi
auto 3320 Fi,3320,travel,cash,,fi,english_natural
i did 1811 expense on Tata CLiQ using GPay,1811,shopping,upi,gpay,sbi,voice_transcript
sent INR 305 to Ananya on Jupiter,305,friends,upi,jupiter,,friends_synthetic
Meesho ka shopping kar diya 169 rs GPay pe ICICI Bank se kata,169,shopping,upi,gpay,icici,hinglish_natural
TO:MYNTRA myntra.38665@hdfcbank From:AMITSINGH (HDFC phonepe : sender9714@okhdfcbank,3410,shopping,upi,phonepe,hdfc,ocr_upi
Kuvera 375 rupees UPI se,375,investment,upi,phonepe,,hinglish_natural
407 rupaye hospital card se pay kr diya,407,healthcare,card,,,hinglish_natural
yaar Amazon Prime pe 1692 rupay ka show dekha debit card se,1692,entertainment,card,,,hinglish_natural
Rs.881.48 debited from your Axis Bank account for NPS (CRED UPI),881.48,investment,upi,cred,axis,ocr_upi
ET Money ka 3778 rupees ka bill card se pay kiya,3778,investment,card,,,voice_transcript
39610 Phone Pe Apollo Pharmacy,39610,healthcare,upi,phonepe,,english_natural
Bajaj Finance EMI se EMI bhar diya 196 ₹ ka via Phone Pe,196,emi,upi,phonepe,,hinglish_natural
SIP 381,381,investment,card,,,english_natural
hospital doctor pharmacy medicine diagnostic INR 3347 card,3347,healthcare,card,,icici,cue_row
today i spent 38046 on MakeMyTrip via card from my slice bank,38046,travel,card,,slice,voice_transcript
Payment of INR 2963 to YouTube Premium was successful via gpay UPI Ref No 3875656191129 YES BANK Account 7173,2963,entertainment,upi,gpay,yes bank,ocr_upi
books se course le liya 45489 rs ka debit card se,45489,education,card,,,hinglish_natural
bhai auto se ticket book kia 3905 ₹ ka credit card se State Bank card se,3905,travel,card,,sbi,hinglish_natural
"D SPICEJET 9156 Completed 17Jan 2026,9:06 pm ICICI Bank 8146 UPI transaction ID 61807900774 TO:SPICEJET spicejet.77963@icicibank Googletransaction lD CICAgJjg017516 OPI cred",9156,travel,upi,cred,icici,ocr_upi
Just paid ₹728 to H&M through bhim,728,shopping,upi,bhim,jupiter,english_natural
hospital doctor pharmacy medicine diagnostic ₹3105 cred,3105,healthcare,upi,cred,,cue_row
mutual fund se mutual fund kiyaa 3838 rupees ka card se pay kiya,3838,investment,card,,,hinglish_natural
TO:PIZZAHUT pizzahut.19324@bankofbarodabank From:AMITSINGH (Bank of Baroda bhim : sender1264@okbankofbarodabank,7152,food,upi,bhim,bob,ocr_upi
INR 1375.53 to HDFC loan via card,1375.53,emi,card,,,english_natural
Rs 1214.41 paid to Coin via Phone Pe UPI from Punjab National Bank Bank ending 1841,1214.41,investment,upi,phonepe,pnb,ocr_upi
i did 2286 expense on hospital using G Pay,2286,healthcare,upi,gpay,,voice_transcript
coaching se fees bhar diya 4714 rupaiye ka cash me ICICI Bank card se,4714,education,cash,,icici,hinglish_natural
PPF ka paisa daala 12358 rs UPI se,12358,investment,upi,slice,hdfc,hinglish_natural
"TAX INVOICE
Zomato
Grand Total: 211
Payment: Paytm",211,food,upi,paytm,,ocr_receipt
yaar Croma me 19147 rupay ka order kia Cred se ICICI card se,19147,shopping,upi,cred,icici,hinglish_natural
Bajaj Finance EMI 1107 GPay,1107,emi,upi,gpay,jupiter,english_natural
"electricity bill BILL
St: 2788
Google Pay approved",2788,utilities,upi,gpay,indusind,ocr_receipt
₹45902.39 charged for Lenskart on Mastercard,45902.39,healthcare,card,,,english_natural
DOST INR 18245 BANK OF BARODA,18245,friends,upi,cred,bob,english_natural
Ananya 3040 debited from PNB,3040,friends,upi,paytm,pnb,english_natural
insurance premium ?3289.52 G Pay,3289.52,utilities,upi,gpay,hdfc,ocr_upi
eye checkup payment Rs29794 done via Phonepe,29794,healthcare,upi,phonepe,jupiter,english_natural
car loan EMI 3415 rupaye credit card se,3415,emi,card,,yes bank,hinglish_natural
school fees ka 3078 rupees ka bill cash se pay kiya,3078,education,cash,,,voice_transcript
21415 rs. medicine liyaa eye checkup ko cash de diya,21415,healthcare,cash,,,hinglish_natural
24012 rupaiye canteen cash de diya,24012,food,cash,,,hinglish_natural
Paid stocks ₹80.58 using phonepe from Bandhan,80.58,investment,upi,phonepe,bandhan,english_natural
₹3039.61 charged for Pooja on Phonepe,3039.61,friends,upi,phonepe,,english_natural
rickshaw mein 456 lag gaye GPay se bhara,456,travel,upi,gpay,,voice_transcript
bhai Zomato ka 10311 rupaye cash se de diya,10311,food,cash,,,voice_transcript
4948 rs. subscription renew kia BookMyShow ko card se,4948,entertainment,card,,,hinglish_natural
ATM/CASH/BOB/4708,4708,friends,upi,paytm,bob,english_natural
office se aate hue Netflix ka game liyaa 274 rupay haath se diye,274,entertainment,cash,,slice,hinglish_natural
kal PVR me 2172 rs. ka subscription renew kiya card se pay kia,2172,entertainment,card,,,hinglish_natural
coaching payment 4171 done via gpay,4171,education,upi,gpay,,english_natural
mutual fund SIP stocks PPF FD investment 41048 card,41048,investment,card,,,cue_row
"Receipt #5689
PVR
Amount Paid: ?191
Mode: SLICE",191,entertainment,upi,slice,icici,ocr_receipt
today i spent 2115 on Bajaj Finance EMI via card from my Fi Money bank,2115,emi,card,,fi,voice_transcript
gaming concert event ticket 28389 Paytm,28389,entertainment,upi,paytm,,cue_row
₹436 to auto via PayTM HDFC account,436,travel,upi,paytm,hdfc,english_natural
crypto gold bonds NPS portfolio Rs.2573 card,2573,investment,card,,,cue_row
aaj broadband pe 4993 rupaye kharcha hua Paytm se,4993,utilities,upi,paytm,fi,voice_transcript
GPay payment INR 25290 roommate sbi 9584 done,25290,friends,upi,gpay,sbi,ocr_upi
paid 444 to Amit through Phone Pe,444,friends,upi,phonepe,,voice_transcript
aaj IRCTC se cab le liya 36 ₹ ka cash me,36,travel,cash,,,hinglish_natural
Spent 6020 on PVR using gpay,6020,entertainment,upi,gpay,,english_natural
upGrad me 151 ₹ ka tuition de diye UPI se,151,education,upi,bhim,sbi,hinglish_natural
ATM/CASH/BANK/262,262,healthcare,upi,phonepe,,english_natural
raat ko ACT Fibernet se bill bharaa 159 ₹ ka debit card se,159,utilities,card,,,hinglish_natural
Bought crypto for INR 491 with Paytm,491,investment,upi,paytm,,english_natural
mutual fund ka paisa daala 4842 via G Pay NIYO card se,4842,investment,upi,gpay,niyo,hinglish_natural
Practo pe 213 rupay ka doctor ko de diya card se,45060,healthcare,card,,kotak,source_hinglish
maine 4301 rupaye Rahul ko diye card se,4301,friends,card,,,voice_transcript
Dominos payment t1070 done via jupiter,1070,food,upi,jupiter,,english_natural
44510 rupees coaching debit card se,44510,education,card,,,hinglish_natural
44951 rs khana order kya Burger King ko UPI se die,44951,food,upi,paytm,icici,hinglish_natural
"Receipt #1834
INOX
Amount Paid: 59.55
Mode: G Pay",59.55,entertainment,upi,gpay,,ocr_receipt
car loan EMI pe 6048 rs ka loan payment kar diya card se pay kiyaa,6048,emi,card,,,hinglish_natural
"Amazon Prime BILL
St: INR 160.89
CARD APPROVED",160.89,entertainment,card,,,ocr_receipt
personal loan EMI 83,83,emi,card,,,english_natural
Apollo Pharmacy ka medicine lya 42942 ₹ UPI se budget tod diya,42942,healthcare,upi,paytm,,hinglish_natural
Amazon Prime 2923 ₹ UPI se pay kia,2923,entertainment,upi,fi,,hinglish_natural
H&M 2633,2633,shopping,card,,,english_natural
"TAX INVOICE
PharmEasy
Grand Total: t474
Payment: Phone Pe",474,healthcare,upi,phonepe,axis,ocr_receipt
29970 rs dhaba via PhonePe,29970,food,upi,phonepe,,hinglish_natural
TO:PETROLPUMP petrolpump.92577@hdfcbank From:RAHULKUMAR (hdfc Cred : sender8283@okhdfcbank,4214,travel,upi,cred,hdfc,ocr_upi
spent 41532 rupees on Practo via card,41532,healthcare,card,,,voice_transcript
Bought PPF for Rs.237.99 with phonepe,237.99,investment,upi,phonepe,axis,english_natural
H&M ₹2221.19 SLICE,2221.19,shopping,upi,slice,pnb,ocr_upi
47570 ₹ college fees gpay se,47570,education,upi,gpay,axis,hinglish_natural
Ajio payment t4555 done via Phone Pe,4555,shopping,upi,phonepe,,english_natural
electronics clothes shoes accessories purchase Rs 40417 via card,40417,shopping,card,,,cue_row
Amit 2761.25 Fi,2761.25,friends,upi,fi,hdfc,english_natural
school college tuition course books fees ₹4686 card,4686,education,card,,,cue_row
college fees 188 icici,188,education,upi,gpay,icici,english_natural
"Apollo Pharmacy
Net Amount 91
Paid via CARD",91,healthcare,card,,hdfc,ocr_receipt
Rohan 47366 rupaiye UPI se pay kiyaa yaar,47366,friends,upi,bhim,,hinglish_natural
hospital 441 paytm Successful Axis 5276,441,healthcare,upi,paytm,axis,ocr_upi
"diagnostic 39 Completed 19Mar 2025,1:20 pm ICICI Bank 8434 UPI transaction ID 595121286982",39,healthcare,upi,phonepe,icici,ocr_upi
sent ₹29621 to friend on card split bill UPI,29621,friends,card,,,cue_row
Bought FreshMenu for ₹3805.78 with credit card,3805.78,food,card,,icici,english_natural
maine 3562 rupaye HDFC loan ko diye Slice se,3562,emi,upi,slice,fi,voice_transcript
Rs.2633 to petrol pump via debit card hdfc account,2633,travel,card,,hdfc,english_natural
kal 3139 rupaye doctor ko diye diagnostic pe card se Axis account se,3139,healthcare,card,,axis,hinglish_natural
mutual fund SIP stocks PPF FD investment Rs.5830 PhonePe,5830,investment,upi,phonepe,,cue_row
yaar Rs 4834 debited from Fi Money,4834,friends,upi,gpay,fi,english_natural
ATM/CASH/JUPITER/14785.30,14785.30,travel,upi,phonepe,jupiter,english_natural
mutual fund SIP stocks PPF FD investment INR 4060 card,4060,investment,card,,kotak,cue_row
36928 charged for market on Visa,36928,shopping,card,,fi,english_natural
bhai Divya ko udhar return kiya 2135 rs Phonepe se,2135,friends,upi,phonepe,,friends_synthetic
Internet recharge INR 18016,18016,utilities,upi,jupiter,,source_english
office se aate hue 710 rupaye game lia Hotstar ko card se pay kiyaa,710,entertainment,card,,sbi,hinglish_natural
Spent ?31253 on flatmate using PhonePe,31253,friends,upi,phonepe,,english_natural
91 ka Rohan bill pay kiya Phonepe se Fi se kata,91,friends,upi,phonepe,fi,voice_transcript
44625 rs. subscription renew kiya Amazon Prime pe UPI se pay kiyaa HDFC se kata bhai,44625,entertainment,upi,paytm,hdfc,hinglish_natural
"D PHARMEASY 38344 Completed 1Jan 2026,7:25 pm HDFC Bank Bank 2570 UPI transaction ID 802362801938 TO:PHARMEASY pharmeasy.79272@hdfc bankbank Goog1etransaction lD XYZabc115439 OPI Google Pay",38344,healthcare,upi,gpay,hdfc,ocr_upi
Paid 38697 for Ananya from my Fi account via Paytm,38697,friends,upi,paytm,fi,english_natural
maine 32551 rupaye credit card EMI ko diye card se,32551,emi,card,,,voice_transcript
friend me 220 rs. ka udhar return kr diya via PayTM,220,friends,upi,paytm,,hinglish_natural
Paytm Money pe 342 ka mutual fund kiya debit card se,342,investment,card,,,hinglish_natural
crypto gold bonds NPS portfolio ₹471 card,471,investment,card,,,cue_row
i did 2401 expense on Unacademy using gpay,2401,education,upi,gpay,,voice_transcript
i did 1679 expense on bike loan EMI using card,1679,emi,card,,axis,voice_transcript
11006 ka society maintenance bill pay kiya card se,11006,utilities,card,,,voice_transcript
bhai metro ka 322 rupaye Phonepe se de diya,322,travel,upi,phonepe,,voice_transcript
Practo Rs.1541 Gpay,1541,healthcare,upi,gpay,icici,ocr_upi
Rs.23082.53 debited from your State Bank account for Vi recharge (GPay UPI),23082.53,utilities,upi,gpay,sbi,ocr_upi
amazon flipkart myntra online shopping order Rs 436 cash,436,shopping,cash,,,cue_row
3357 EMI bhara credit card EMI pe card se,3357,emi,card,,,hinglish_natural
Just paid Rs.947 to lab test through cash,947,healthcare,cash,,,english_natural
NEFT/TRANSFER/ANGEL ONE/SLICE,491.91,investment,card,,slice,english_natural
Bought library for Rs.5587 with slice,5587,education,upi,slice,federal bank,english_natural
tuition me 41932 rs. ka fees bhar diya UPI se pay kr diya,41932,education,upi,jupiter,,hinglish_natural
HP Petrol 23152 rupaye haath se diye,23152,travel,cash,,,hinglish_natural
4363 charged for FD on credit card,4363,investment,card,,,english_natural
Kuvera pe 41248 rupay ka stock liya UPI se Jupiter se kata,41248,investment,upi,cred,jupiter,hinglish_natural
Electronics shopping INR 17441,17441,shopping,card,,,source_english
Snapdeal ka order kr diya 2917 rupaye UPI se pay kia,2917,shopping,upi,phonepe,slice,hinglish_natural
"TAX INVOICE
PharmEasy
Grand Total: 1765.29
Payment: Google Pay",1765.29,healthcare,upi,gpay,,ocr_receipt
Rs 2959 to DishTV via Gpay Axis Bank account,2959,utilities,upi,gpay,axis,english_natural
"Receipt #7836
Bewakoof
Amount Paid: INR 1042
Mode: CARD",1042,shopping,card,,kotak,ocr_receipt
spent 2339 rupees on Amazon Prime via CRED,2339,entertainment,upi,cred,,voice_transcript
SWIGGY INR 2179.79 SLICE,2179.79,food,card,,slice,english_natural
352 paid to Lenskart via Slice UPI from ICICI Bank ending 9160,352,shopping,upi,slice,icici,ocr_upi
bike loan EMI se EMI kat gayi 2518 rs ka credit card se,2518,emi,card,,,hinglish_natural
2030 ₹ auto card se,2030,travel,card,,icici,hinglish_natural
Paid INR 2827 for crypto via Slice,2827,investment,upi,slice,,english_natural
ET Money 2840 paytm,2840,investment,upi,paytm,pnb,english_natural
331 rs. stocks via Gpay,331,investment,upi,gpay,,hinglish_natural
1146 dawai liyaa hospital pe Cred se,8723,healthcare,upi,cred,,source_hinglish
3284 rupees payment kiya Tata Play pe via Bhim,3284,utilities,upi,bhim,idfc,hinglish_natural
SpiceJet payment 105 done via gpay,105,travel,upi,gpay,,english_natural
Rs13925 debited from your IDFC account for Amazon Prime (paytm UPI),13925,entertainment,upi,paytm,idfc,ocr_upi
Karan me 483 rupay ka split kar diya niyo se pay kya,483,friends,upi,niyo,,hinglish_natural
20215.15 Paytm gold,20215.15,investment,upi,paytm,,english_natural
₹395 charged for FirstCry on PhonePe,395,shopping,upi,phonepe,,english_natural
Bharat Petroleum me 4764 ₹ ka cab le liya UPI se pay kiya sbi account se,4764,travel,upi,gpay,sbi,hinglish_natural
Angel One pe 31211 ka paisa daala Paytm se,31211,investment,upi,paytm,axis,hinglish_natural
"PharmEasy BILL
St: ₹848
Gpay Approved",848,healthcare,upi,gpay,axis,ocr_receipt
gpay payment INR 4051.34 Blinkit Kotak 7108 done,4051.34,food,upi,gpay,kotak,ocr_upi
"Meesho 268 Completed 5May 2025,1:50 pm Axis 9624 UPI transaction ID 5074931660",268,shopping,upi,cred,axis,ocr_upi
2964 ₹ Spotify debit card se,2964,entertainment,card,,,hinglish_natural
bhai 26041 rupees khana order kr diya Zepto ko UPI se diyee,26041,food,upi,gpay,,hinglish_natural
1265 ₹ crypto via paytm yaar,1265,investment,upi,paytm,,hinglish_natural
paid 571 to Vi recharge through Slice from PNB,571,utilities,upi,slice,pnb,voice_transcript
"LAB TEST RESTAURANT
Total 2745
Cash Received
Change 0.00",2745,healthcare,cash,,,ocr_receipt
"BILL
Meesho
262.76
CRED
Thank You Visit Again",262.76,shopping,upi,cred,idfc,ocr_receipt
297 rupees dost ko diye friend ko haath se diye,297,friends,cash,,icici,hinglish_natural
"D AMAZON 20647 Completed 27Feb 2026,2:14 pm IDFC First Bank 9575 UPI transaction ID 73815229322 TO:AMAZON amazon.85352@idfc firstbank Googletransaction lD CICAgJjg401493 OPI paytm",20647,shopping,upi,paytm,idfc,ocr_upi
kal 44177 ₹ Shreya Phone Pe se pay kr diya,44177,friends,upi,phonepe,,hinglish_natural
Udemy 388 cash,388,education,cash,,hdfc,english_natural
credit card EMI pe 1004 rupaiye ka loan payment kia card se,1004,emi,card,,,hinglish_natural
₹9534 to Karan slice UPI,9534,friends,upi,slice,,friends_synthetic
rent maintenance gas connection Rs.364 G Pay,364,utilities,upi,gpay,,cue_row
today i spent 3944 on Rohan via Phonepe from my hdfc bank,3944,friends,upi,phonepe,hdfc,voice_transcript
"BILL
restaurant
3928
cred
Thank You Visit Again",3928,food,upi,cred,kotak,ocr_receipt
"Receipt #8054
DishTV
Amount Paid: INR 1962.33
Mode: CARD",1962.33,utilities,card,,,ocr_receipt
grocery vegetables milk bread fruits INR 13520 paid card,13520,food,card,,,cue_row
Paid Rs.336 for SonyLIV via credit card,336,entertainment,card,,,english_natural
bhai 3681 rs mangwaya FreshMenu ko credit card se,3681,food,card,,,hinglish_natural
2417 ka Shreya bill pay kiya cash se,2417,friends,cash,,,voice_transcript
spent 4765 rupees on Dominos via cash,4765,food,cash,,,voice_transcript
Used Canara Bank paytm to pay Rs 30267.90 for diagnostic,30267.90,healthcare,upi,paytm,canara,english_natural
Paid Vikram INR 152 using Cred,152,friends,upi,cred,,english_natural
291 rupees stationery debit card se,291,education,card,,niyo,hinglish_natural
"BILL
Zee5
₹14297.62
PhonePe
Thank You Visit Again",14297.62,entertainment,upi,phonepe,,ocr_receipt
kal bike loan EMI me 4054 rupaiye ka EMI kat gayi card se Kotak account se,4054,emi,card,,kotak,hinglish_natural
flatmate 104.56 Paytm,104.56,friends,upi,paytm,,english_natural
4205 rs electronics store card se,4205,shopping,card,,,hinglish_natural
aaj Angel One ka paisa daala 10051 ₹ credit card se,10051,investment,card,,,hinglish_natural
school fees 108,108,education,upi,slice,,english_natural
books ka fees bhar diya 343 rs. UPI se pay kar diya,343,education,upi,phonepe,icici,hinglish_natural
flatmate rent share 2287 cred friend,2287,friends,upi,cred,,friends_synthetic
20857 rupees doctor PhonePe,20857,healthcare,upi,phonepe,,voice_transcript
TO:REDBUS redbus.95763@hdfcbank From:AMITSINGH (hdfc Cred : sender2200@okhdfcbank,19531,travel,upi,cred,hdfc,ocr_upi
raat ko auto me 127 rs. ka kiraya de diya card se icici card se,127,travel,card,,icici,hinglish_natural
NEFT/TRANSFER/BHARAT PETROLEUM/,3111.40,travel,cash,,,english_natural
uber ola cab ride airport train ticket ₹932 card,932,travel,card,,,cue_row
41376 rs. mobile recharge PayTM se pay kiya,41376,utilities,upi,paytm,niyo,hinglish_natural
dentist me 450 rupay ka medicine liya naqad,450,healthcare,cash,,axis,hinglish_natural
paid Pooja Rs120 via PayTM,120,friends,upi,paytm,,friends_synthetic
Paid Bewakoof INR 3653.95 using cash,3653.95,shopping,cash,,,english_natural
upGrad se books le liya 36337 ₹ ka GPay se pay kiya SBI se kata,36337,education,upi,gpay,sbi,hinglish_natural
today i spent 113 on ACT Fibernet via card,113,utilities,card,,,voice_transcript
Spent ₹36124.16 on Apollo Pharmacy using paytm,36124.16,healthcare,upi,paytm,,english_natural
Bajaj Finance EMI ka installment de diya 39213 rs. niyo pe budget tod diya,39213,emi,upi,niyo,fi,hinglish_natural
1mg mein 320 lag gaye paytm se bhara,320,healthcare,upi,paytm,pnb,voice_transcript
111 rupees credit card EMI card se pay kiya,111,emi,card,,sbi,hinglish_natural
i paid 1034 rupees for Unacademy using card,1034,education,card,,,voice_transcript
amazon flipkart myntra online shopping order ₹43437 slice,43437,shopping,upi,slice,,cue_row
154 rupees concert credit card se,5045,entertainment,card,,,source_hinglish
Zara INR 3499.54 debited from Axis Bank,3499.54,shopping,cash,,axis,english_natural
dost friend ko 155 rupaye cash se bheje,155,friends,cash,,,friends_synthetic
concert ka movie dekhi 2573 card se pay kiya,2573,entertainment,card,,,hinglish_natural
₹356 debited from your hdfc account for Tata CLiQ (Phone Pe UPI),356,shopping,upi,phonepe,hdfc,ocr_upi
yaar Zerodha ka invest kia 5922 ₹ card se pay kiyaa,5922,investment,card,,,hinglish_natural
today i spent 26333 on FreshMenu via BHIM,26333,food,upi,bhim,,voice_transcript
aaj PharmEasy pe 12439 rupaye kharcha hua G Pay se,12439,healthcare,upi,gpay,,voice_transcript
POS/DHABA/CASH/5874,4509,food,cash,,,english_natural
Just paid ₹14555 to Cleartrip through gpay,14555,travel,upi,gpay,,english_natural
sent 2170 to friend on cash split bill UPI,2170,friends,cash,,,cue_row
Just paid Rs.18791 to gas bill through NIYO,18791,utilities,upi,niyo,,english_natural
21958 rupees Swiggy UPI se pay kya,21958,food,upi,slice,kotak,hinglish_natural
Netflix Rs.7838.15 PhonePe,7838.15,entertainment,upi,phonepe,rbl,ocr_upi
1557 ₹ game liyaa Zee5 ko haath se die,1557,entertainment,cash,,,hinglish_natural
aaj education loan EMI 1120 rupay UPI se pay kiya,1120,emi,upi,cred,,hinglish_natural
maine 3458 rupaye books ko diye Cred se,3458,education,upi,cred,hdfc,voice_transcript
split bill 2698 niyo se flatmate ko diya,2698,friends,upi,niyo,,friends_synthetic
"MALL RESTAURANT
Total 324
Cash Received
Change 0.00",324,shopping,upi,cred,sbi,ocr_receipt
mess 14868,14868,food,upi,paytm,,english_natural
Myntra pe 2358 rs ka shopping kar diya haath se de diye,2358,shopping,cash,,,hinglish_natural
JioMart payment 4058.60 done via paytm,4058.60,food,upi,paytm,,english_natural
netflix spotify hotstar subscription movie show 44724 gpay,44724,entertainment,upi,gpay,,cue_row
"PVR RESTAURANT
Total 30943
Cash Received
Change 0.00",30943,entertainment,card,,,ocr_receipt
MedPlus se medicine lia 28916 rupay ka via gpay,29081,healthcare,upi,gpay,,source_hinglish
Payment of ?18384.10 to Vedantu was successful via phonepe UPI Ref No 997548393777271 HDFC Account 2604,18384.10,education,upi,phonepe,hdfc,ocr_upi
credit card EMI 266 rupees G Pay se,24086,emi,upi,gpay,,source_hinglish
today i spent 3470 on Bewakoof via PayTM,3470,shopping,upi,paytm,,voice_transcript
404 cred Dunkin,404,food,upi,cred,pnb,english_natural
BYJU'S R 40395 debit card,40395,education,card,,sbi,english_natural
Paid Vedantu 106 using credit card from sbi,106,education,card,,sbi,english_natural
water bill se bill bharra 6571 rupay ka card se,6571,utilities,card,,,hinglish_natural
Used SBI Phonepe to pay Rs 49584.54 for Behrouz,49584.54,food,upi,phonepe,sbi,english_natural
sent Rs 261 to friend on Jupiter split bill UPI,261,friends,upi,jupiter,,cue_row
paid 3240 to Netmeds through Gpay,3240,healthcare,upi,gpay,,voice_transcript
Zee5 4568.76 Phonepe Successful sbi 5298,4568.76,entertainment,upi,phonepe,sbi,ocr_upi
hospital doctor pharmacy medicine diagnostic ?235 Gpay,235,healthcare,upi,gpay,pnb,cue_row
spent 226 rupees on Zee5 via card,226,entertainment,card,,hdfc,voice_transcript
library pe 21898 ka fees bharaa UPI se de diya SBI se,21898,education,upi,phonepe,sbi,hinglish_natural
lab test 23964.83 cash,23964.83,healthcare,cash,,pnb,english_natural
Myntra 459 phonepe Completed Bank of Baroda 9877,459,shopping,upi,phonepe,bob,ocr_upi
JioCinema ka show dekha 4550 ₹ UPI se pay kr diya achha deal mila,4550,entertainment,upi,gpay,,hinglish_natural
mutual fund me 3427 rupees ka invest kya debit card se,3427,investment,card,,,hinglish_natural
Rahul mein 41117 lag gaye paytm se bhara,41117,friends,upi,paytm,hdfc,voice_transcript
2411 rupees ticket liya Gaana pe naqad ICICI Bank wale account se,2411,entertainment,cash,,icici,hinglish_natural
2117 rs. kha liya Reliance Fresh pe card se,2117,food,card,,,hinglish_natural
NEFT/TRANSFER/TATA PLAY/,242,utilities,upi,jupiter,,english_natural
NPS 32734 card,32734,investment,card,,,english_natural
Unacademy ka fees bhra 3832 rupaiye cash me SBI account se,3832,education,cash,,sbi,hinglish_natural
subah bro 114 ₹ via Gpay,114,friends,upi,gpay,,hinglish_natural
Ola se ticket book kya 260 ₹ ka jupiter se pay kar diya,260,travel,upi,jupiter,idfc,hinglish_natural
GPay payment Rs.3962 coaching ICICI 7688 completed,3962,education,upi,gpay,icici,ocr_upi
157 udhar return kia Divya pe niyo pe,157,friends,upi,niyo,,hinglish_natural
split bill 3796 Gpay se Pooja ko diya,3796,friends,upi,gpay,,friends_synthetic
MakeMyTrip ka kiraya de diya 3476 rs credit card se,3476,travel,card,,,hinglish_natural
Amazon Prime se show dekha 195 rupay ka card se HDFC Bank account se,195,entertainment,card,,hdfc,hinglish_natural
Payment of Rs 334 to water bill was successful via Google Pay UPI Ref No 3070131688978 HDFC Account 7121,334,utilities,upi,gpay,hdfc,ocr_upi
gold pe 4954 rs ka paisa daala Phonepe se pay kr diya Fi account se bhai,4954,investment,upi,phonepe,fi,hinglish_natural
GOIBIBO INR 400.50 ICICI,400.50,travel,card,,icici,english_natural
Angel One ka paisa daala 4746 rs UPI se,4746,investment,upi,gpay,,hinglish_natural
Used RBL Bank Visa to pay t28927 for auto,28927,travel,card,,rbl,english_natural
"D VEDANTU 298 Completed 21Apr 2026,2:55 pm ICICI Bank 1450 UPI transaction ID 18945239596 TO:VEDANTU vedantu.14954@icicibank Soogletransaction lD CICAgJjg159987 OPI GPay",298,education,upi,gpay,icici,ocr_upi
Just paid ₹21254 to INOX through cash,21254,entertainment,cash,,,english_natural
"Receipt #6780
concert
Amount Paid: Rs.17972.94
Mode: G Pay",17972.94,entertainment,upi,gpay,canara,ocr_receipt
coaching 2932 rupaiye card se sbi wale account se zyada ho gaya,2932,education,card,,sbi,hinglish_natural
Spent 2224 on HP Petrol using Mastercard,2224,travel,card,,fi,english_natural
office se aate hue mutual fund pe 3761 rupaiye ka mutual fund kia debit card se,3761,investment,card,,,hinglish_natural
249 Gpay Zomato,249,food,upi,gpay,,english_natural
Gaana 1496 rupees card se axis se,1496,entertainment,card,,axis,hinglish_natural
Karan mein 236 lag gaye G Pay se bhara,236,friends,upi,gpay,hdfc,voice_transcript
Just paid Rs239 to college fees through card,239,education,card,,,english_natural
bhai Amit ko udhar return kiya 486 rs cash se,486,friends,cash,,,friends_synthetic
Paid Rs38371 to Croma Google Pay UPI Indusind Bank 3154 Done,38371,shopping,upi,gpay,indusind,ocr_upi
Rohan ko 15913 transfer kiya cash se,15913,friends,cash,,,friends_synthetic
kal 338 rs. upGrad card se,338,education,card,,,hinglish_natural
upGrad 3299 rs UPI se diye achha deal mila,3299,education,upi,paytm,,hinglish_natural
kal gaming se game le liya 333 rupaye ka UPI se Yes Bank se,333,entertainment,upi,phonepe,yes bank,hinglish_natural
hospital doctor pharmacy medicine diagnostic t40753 G Pay,40753,healthcare,upi,gpay,,cue_row
Vedantu ka admission kya 3169 naqad,3169,education,cash,,,hinglish_natural
books pe 3447 rs. ka fees bharra Gpay se ICICI Bank card se bc,3447,education,upi,gpay,icici,hinglish_natural
ATM/CASH/SBI/260,260,entertainment,upi,gpay,sbi,english_natural
roommate pe 318 rupees ka dost ko diy Google Pay pe,318,friends,upi,gpay,,hinglish_natural
spent 165 rupees on Yatra via Niyo,165,travel,upi,niyo,,voice_transcript
Snapdeal 1968.66 G Pay Completed Kotak Mahindra 8332,1968.66,shopping,upi,gpay,kotak,ocr_upi
"CCD RESTAURANT
Total 3210
Cash Received
Change 0.00",3210,food,card,,icici,ocr_receipt
dinner split 1508 rupaye Priya card,1508,friends,card,,,friends_synthetic
library 41581 rupay PayTM se pay kiyaa,41581,education,upi,paytm,,hinglish_natural
subah home loan EMI me 987 rs. ka installment diy UPI se diye budget tod diya,987,emi,upi,gpay,,hinglish_natural
flatmate rent share 4631 cash Priya,4631,friends,cash,,,friends_synthetic
SonyLIV me 1615 ka movie dekhi naqad YES BANK se,26131,entertainment,cash,,yes bank,source_hinglish
dinner split 914 rupaye Arjun Paytm,914,friends,upi,paytm,,friends_synthetic
POS/CONCERT/SLICE/7003,446,entertainment,upi,slice,axis,english_natural
yaar gaming se subscription renew kiyaa 3891 rs. ka credit card se,3891,entertainment,card,,,hinglish_natural
Apple Music 298,298,entertainment,cash,,kotak,english_natural
bike loan EMI ka installment diy 1821 rupaye card se pay kr diya,1821,emi,card,,icici,hinglish_natural
Paid 8370 to Spotify phonepe UPI SBI 2230 Successful,8370,entertainment,upi,phonepe,sbi,ocr_upi
?2543 charged for Lenskart on PayTM,2543,healthcare,upi,paytm,,english_natural
yaar Spotify 384 rupaiye paytm pe matlab,384,entertainment,upi,paytm,,hinglish_natural
yaar ko 21422 transfer kiya GPay se,21422,friends,upi,gpay,idfc,friends_synthetic
2986 ₹ test karaya Practo pe via PayTM,2986,healthcare,upi,paytm,,hinglish_natural
flatmate 276 rs credit card se,276,friends,card,,,hinglish_natural
broadband 34782 rupay via Bhim,44496,utilities,upi,bhim,,source_hinglish
8922 khana order kya cafe pe Phone Pe pe RBL account se,8922,food,upi,phonepe,rbl,hinglish_natural
"dentist BILL
St: Rs.406
Phonepe approved",406,healthcare,upi,phonepe,,ocr_receipt
"1mg BILL
St: ?136.27
CARD APPROVED",136.27,healthcare,card,,icici,ocr_receipt
SpiceJet ₹180 card,180,travel,card,,,english_natural
cred payment ₹941.58 Netflix Kotak Mahindra 7896 done,941.58,entertainment,upi,cred,kotak,ocr_upi
i did 418 expense on Meesho using Bhim,418,shopping,upi,bhim,sbi,voice_transcript
Myntra se buy kya 215 rupaye ka card se pay kar diya,215,shopping,card,,,hinglish_natural
?14776 paid to personal loan EMI via Mastercard from Punjab National Bank,14776,emi,card,,pnb,english_natural
63 rupaiye paisa daala stocks ko UPI se,63,investment,upi,cred,,hinglish_natural
medical checkup lab test health insurance Rs.1747 cash,1747,healthcare,cash,,,cue_row
bhai 1014 rupees water bill UPI se pay kiya,1014,utilities,upi,gpay,,hinglish_natural
paid back friend lent money Rs 22903 CRED,22903,friends,upi,cred,,cue_row
office se aate hue Karan ka udhar return kiyaa 4681 UPI se diyee ICICI se kata,4681,friends,upi,phonepe,icici,hinglish_natural
i paid 3240 rupees for coaching using gpay,3240,education,upi,gpay,,voice_transcript
subah Amazon Prime 445 rupaye UPI se achha deal mila,445,entertainment,upi,phonepe,,hinglish_natural
Fi Money payment t3346.82 market ICICI Bank 4602 completed,3346.82,shopping,upi,fi,icici,ocr_upi
coaching R 4976 bhim,4976,education,upi,bhim,,english_natural
Rahul me 6947 rs. ka paise bheje UPI se de diye,6947,friends,upi,phonepe,,hinglish_natural
market ka order kr diya 255 rs. UPI se die,255,shopping,upi,jupiter,,hinglish_natural
Reliance Fresh mein 4819 lag gaye gpay se bhara,4819,food,upi,gpay,slice,voice_transcript
POS/METRO/VISA/5127,44062.88,travel,card,,,english_natural
"Spotify BILL
St: ₹304
CARD APPROVED",304,entertainment,card,,,ocr_receipt
Used sbi CRED to pay Rs 1639.89 for books,1639.89,education,upi,cred,sbi,english_natural
electricity water broadband mobile recharge bill ₹40053 PhonePe,40053,utilities,upi,phonepe,,cue_row
TO:DIAGNOSTIC diagnostic.20069@sbibank From:AMITSINGH (sbi Phonepe : user8163@oksbibank,16849,healthcare,upi,phonepe,sbi,ocr_upi
kal Priya pe 951 rs. ka udhar return kiyaa UPI se,951,friends,upi,slice,,hinglish_natural
Behrouz 349 Gpay,349,food,upi,gpay,sbi,english_natural
"BILL
Amazon
₹26066
CARD
Thank You Visit Again",26066,shopping,card,,,ocr_receipt
spent 358 rupees on EaseMyTrip via SLICE,358,travel,upi,slice,,voice_transcript
R 1422 to Divya Jupiter UPI,1422,friends,upi,jupiter,icici,friends_synthetic
insurance premium ka payment kr diya 55 rupees Phonepe se pay kya HDFC Bank card se,55,utilities,upi,phonepe,hdfc,hinglish_natural
water bill ka bill pay kr diya 148 rupees UPI se de diye,148,utilities,upi,phonepe,,hinglish_natural
CRED payment R 8452 Karan BOB 7663 successful,8452,friends,upi,cred,bob,ocr_upi
BigBasket 49223 rs G Pay pe,49223,food,upi,gpay,,hinglish_natural
hospital pe 182 ₹ ka test karaya card se Fi Money wale account se,182,healthcare,card,,fi,hinglish_natural
Goibibo 1892 card,1892,travel,card,,hdfc,english_natural
"TAX INVOICE
mobile recharge
Grand Total: 1655
Payment: Phonepe",1655,utilities,upi,phonepe,hdfc,ocr_receipt
Rs 272.76 charged for DishTV on Phone Pe,272.76,utilities,upi,phonepe,,english_natural
maine 18764 rupaye 1mg ko diye card se,18764,healthcare,card,,,voice_transcript
dopahar ko RedBus se ticket book kiya 511 rupees ka cash diyee,511,travel,cash,,,hinglish_natural
exam fee me 2190 ka books le liya naqad,2190,education,cash,,,hinglish_natural
Priya se transfer kiya 4526 ₹ ka via phonepe,4526,friends,upi,phonepe,,hinglish_natural
stationery ka books liyaa 11882 rupay debit card se icici se,11882,education,card,,icici,hinglish_natural
mutual fund SIP stocks PPF FD investment Rs 425 card,425,investment,card,,,cue_row
Payment of Rs.1839 to Karan was successful via G Pay UPI Ref No 36941751800 SBI Account 4310,1839,friends,upi,gpay,sbi,ocr_upi
maine 354 rupaye Gaana ko diye card se,354,entertainment,card,,,voice_transcript
"TAX INVOICE
gaming
Grand Total: Rs.33548.91
Payment: CARD",33548.91,entertainment,card,,,ocr_receipt
"EYE CHECKUP RESTAURANT
Total 22.95
Cash Received
Change 0.00",22.95,healthcare,card,,axis,ocr_receipt
3015 ka FD bill pay kiya card se Fi Money se kata,3015,investment,card,,fi,voice_transcript
Bajaj Finance EMI ka 494 rupees ka bill Phonepe se pay kiya,494,emi,upi,phonepe,niyo,voice_transcript
34832 saman liya Bewakoof pe UPI se,34832,shopping,upi,paytm,,hinglish_natural
"HOTSTAR
Item 1 Rs 140
Item 2 ₹112
Total R 4707.59
phonepe",4707.59,entertainment,upi,phonepe,,ocr_receipt
Paid rickshaw ₹2962 using cash,2962,travel,cash,,,english_natural
168 rupaye market UPI se diye,168,shopping,upi,cred,,hinglish_natural
uber ola cab ride airport train ticket Rs2713 card,2713,travel,card,,,cue_row
subah 618 rupay CCD paytm pe,618,food,upi,paytm,,hinglish_natural
dost pe 4283 rs ka paise bheje slice pe,4283,friends,upi,slice,,hinglish_natural
TO:MOBILERECHARGE mobilerecharge.38166@yesbankbank From:PRIYASHARMA (YES BANK cred : sender9761@okyesbankbank,3782,utilities,upi,cred,yes bank,ocr_upi
JioCinema mein 312 lag gaye PhonePe se bhara,312,entertainment,upi,phonepe,niyo,voice_transcript
crypto gold bonds NPS portfolio INR 121 card,121,investment,card,,,cue_row
1246 rs Air India haath se diye,1246,travel,cash,,sbi,hinglish_natural
doctor mein 48650 lag gaye cash se bhara,48650,healthcare,cash,,,voice_transcript
Home loan EMI INR 4088,4088,emi,upi,niyo,,source_english
rent maintenance gas connection 338 Gpay,338,utilities,upi,gpay,,cue_row
Rs 298 to Rahul Gpay UPI,298,friends,upi,gpay,,friends_synthetic
Indian Oil ka 333 rupees ka bill card se pay kiya,333,travel,card,,,voice_transcript
Behrouz me 448 ka mangwaya naqad,448,food,cash,,,hinglish_natural
subah rickshaw 24784 rupees Google Pay se matlab,24784,travel,upi,gpay,,hinglish_natural
flatmate ka dost ko de diya 1802 rupaiye G Pay se,1802,friends,upi,gpay,,hinglish_natural
sent Rs.202 to yaar on cash,202,friends,cash,,,friends_synthetic
today i spent 376 on broadband via card,376,utilities,card,,,voice_transcript
flatmate rent share 307 cash Neha,307,friends,cash,,,friends_synthetic
HDFC loan ka EMI bhra 4604 debit card se,4604,emi,card,,idfc,hinglish_natural
electronics clothes shoes accessories purchase 34054 via slice,34054,shopping,upi,slice,,cue_row
personal loan installment EMI deduction Rs4530 paytm,4530,emi,upi,paytm,,cue_row
crypto 2502,2502,investment,upi,niyo,yes bank,english_natural
crypto gold bonds NPS portfolio Rs 4404 paytm,4404,investment,upi,paytm,,cue_row
Kuvera ka SIP bhra 8431 rupaiye UPI se de diya,8431,investment,upi,jupiter,sbi,hinglish_natural
kal 218 rupaiye Snapdeal debit card se,218,shopping,card,,yes bank,hinglish_natural
credit card EMI payment Rs.57 done via Visa,57,emi,card,,,english_natural
Swiggy mein 2590 lag gaye card se bhara,2590,food,card,,,voice_transcript
gpay payment Rs 15721 friend Kotak 6409 completed,15721,friends,upi,gpay,kotak,ocr_upi
flatmate rent share 2759 niyo friend,2759,friends,upi,niyo,,friends_synthetic
hospital doctor pharmacy medicine diagnostic INR 1973 paytm,1973,healthcare,upi,paytm,,cue_row
Paid 4523 to Angel One PhonePe UPI kotak 6877 Completed,4523,investment,upi,phonepe,kotak,ocr_upi
3402 rupaye broadband paytm se pay kya,3402,utilities,upi,paytm,,hinglish_natural
11471 ₹ BookMyShow UPI se pay kiya,11471,entertainment,upi,phonepe,,hinglish_natural
3034 ₹ Starbucks UPI se pay kar diya,3034,food,upi,jupiter,hdfc,hinglish_natural
40381 rupay SIP bharaa Paytm Money ko credit card se,40381,investment,card,,,hinglish_natural
coaching exam preparation study material ₹165 phonepe,165,education,upi,phonepe,,cue_row
"BILL
FreshMenu
Rs 1643
Jupiter
Thank You Visit Again",1643,food,upi,jupiter,,ocr_receipt
"D STATIONERY 38746.60 Completed 26Feb 2026,1:40 pm Axis Bank 9127 UPI transaction ID 991792293989085 TO:STATIONERY stationery.55463@axisbank Soogletransaction lD CICAgJjg777055 OPI BHIM",38746.60,education,upi,bhim,axis,ocr_upi
Payment of 2087.73 to stationery was successful via Gpay UPI Ref No 48236883128 icici Account 4204,2087.73,education,upi,gpay,icici,ocr_upi
Paid BookMyShow Rs 6475 using debit card,6475,entertainment,card,,,english_natural
Kuvera 390,390,investment,upi,phonepe,,english_natural
gaming ka show dekha 2434 rupay Cred se pay kiyaa,2434,entertainment,upi,cred,hdfc,hinglish_natural
sent Rs115 to Rahul on GPay,115,friends,upi,gpay,,friends_synthetic
netflix spotify hotstar subscription movie show ?402 PhonePe,402,entertainment,upi,phonepe,,cue_row
"D BAJAJFINANCEEMI 195.33 Completed 21Mar 2026,5:10 pm HDFC Bank 4680 UPI transaction ID 75829304207103 TO:BAJAJFINANCEEMI bajaj finance emi.25904@hdfcbank Googletransaction lD CICAgJjg065390 OPI gpay",195.33,emi,upi,gpay,hdfc,ocr_upi
₹2955.12 paid to flatmate via cred from Niyo,2955.12,friends,upi,cred,niyo,english_natural
25168 rupaye gold Bhim se pay kia,25168,investment,upi,bhim,,hinglish_natural
4367 rs. cab liya MakeMyTrip ko Cred se pay kar diya HDFC account se,4367,travel,upi,cred,hdfc,hinglish_natural
Amit ₹7373.43 cred,7373.43,friends,upi,cred,kotak,ocr_upi
Priya 2728 rupay cash diy,2728,friends,cash,,,hinglish_natural
"colleague 115 Completed 22Oct 2026,1:30 am SBI 6876 UPI transaction ID 020234925096183",115,friends,upi,paytm,sbi,ocr_upi
kal doctor ka checkup karaya 2783 rs. naqad,2783,healthcare,cash,,pnb,hinglish_natural
flatmate rent share 1420 Cred dost,1420,friends,upi,cred,,friends_synthetic
"MALL
Item 1 373
Item 2 ₹433
Total ?2823
CARD",2823,shopping,card,,,ocr_receipt
3597 paid to Zee5 via Google Pay UPI from kotak Bank ending 5460,3597,entertainment,upi,gpay,kotak,ocr_upi
Payment of INR 411 to MedPlus was successful via Phonepe UPI Ref No 477134125383 State Bank Account 8025,411,healthcare,upi,phonepe,sbi,ocr_upi
"TAX INVOICE
Vi recharge
Grand Total: 345
Payment: CARD",345,utilities,card,,,ocr_receipt
ROOMMATE INR 2462 BANDHAN,2462,friends,cash,,bandhan,english_natural
FD ka stock lia 812 rupees via GPay icici wale account se,812,investment,upi,gpay,icici,hinglish_natural
"BILL
BSNL
639
bhim
Thank You Visit Again",639,utilities,upi,bhim,idfc,ocr_receipt
1mg 2372 Slice Payment done ICICI Bank 1468,2372,healthcare,upi,slice,icici,ocr_upi
Flipkart me 408 rupees ka saman lia card se,408,shopping,card,,,hinglish_natural
colleague 44633 UPI se diyee,44633,friends,upi,slice,,hinglish_natural
"BILL
Zee5
Rs 1747
Gpay
Thank You Visit Again",1747,entertainment,upi,gpay,icici,ocr_receipt
Credit card EMI INR 39175,39175,emi,upi,gpay,pnb,source_english
yaar rent ka recharge kiyaa 1079 rs. UPI se diye,1079,utilities,upi,phonepe,,hinglish_natural
"Udemy 34382.55 Completed 17Sep 2025,6:43 pm hdfc 6597 UPI transaction ID 4455428358",34382.55,education,upi,slice,hdfc,ocr_upi
NPS ₹1096 Gpay,1096,investment,upi,gpay,,english_natural
GPay payment Rs.231 yaar sbi 8591 successful,231,friends,upi,gpay,sbi,ocr_upi
Shreya se split kiyaa 33589 rupaiye ka gpay se pay kar diya IDFC First se,33589,friends,upi,gpay,idfc,hinglish_natural
home loan car loan credit card EMI monthly INR 134 autopay card,134,emi,card,,,cue_row
bhai Amit 16608 ₹ haath se diye bhai,16608,friends,cash,,kotak,hinglish_natural
Meesho ka khareed liya 33712 rupaiye card se pay kiya,33712,shopping,card,,,hinglish_natural
ghar jaate waqt SIP me 303 rupees ka invest kya card se pay kiyaa,303,investment,card,,,hinglish_natural
SpiceJet me 463 ₹ ka ride le liya via gpay,463,travel,upi,gpay,,hinglish_natural
TO:STOCKS stocks.37647@hdfcbank From:UTSAVJANA (HDFC PhonePe : sender7951@okhdfcbank,1991.17,investment,upi,phonepe,hdfc,ocr_upi
Paid Rs2522.79 for stationery via Phone Pe,2522.79,education,upi,phonepe,,english_natural
Indian Oil mein 112 lag gaye card se bhara,112,travel,card,,fi,voice_transcript
Amit ka split kiya 768 rupees cash diye,768,friends,cash,,,hinglish_natural
maine 2545 rupaye bike loan EMI ko diye card se,2545,emi,card,,pnb,voice_transcript
4720 rupaiye school fees card se pay kia,4720,education,card,,,hinglish_natural
Paid tuition ₹3469 using cred from HDFC,3469,education,upi,cred,hdfc,english_natural
"PharmEasy BILL
St: 4397
CARD APPROVED",4397,healthcare,card,,,ocr_receipt
₹216 paid to HP Petrol via PhonePe from PNB,216,travel,upi,phonepe,pnb,english_natural
Spent 276.82 on Gaana using Visa,276.82,entertainment,card,,axis,english_natural
Zomato se mangwaya 3920 ₹ ka via Phonepe,3920,food,upi,phonepe,kotak,hinglish_natural
CRED payment Rs613 roommate SBI 5769 done,613,friends,upi,cred,sbi,ocr_upi
15042 upGrad,15042,education,upi,bhim,federal bank,english_natural
"SUBWAY RESTAURANT
Total 2490
Cash Received
Change 0.00",2490,food,upi,phonepe,,ocr_receipt
464 saman lya Amazon ko card se BOB wale account se budget tod diya,464,shopping,card,,bob,hinglish_natural
amazon flipkart myntra online shopping order ₹171 card,171,shopping,card,,,cue_row
"CONCERT
Item 1 Rs.56
Item 2 INR 171
Total ₹35052.20
CARD",35052.20,entertainment,card,,,ocr_receipt
INOX ?22326.42 debited from ICICI,22326.42,entertainment,cash,,icici,english_natural
Bought Shreya for Rs 3767 with jupiter,3767,friends,upi,jupiter,,english_natural
bhai gold ka 1854 rupaye card se de diya,1854,investment,card,,,voice_transcript
3474 ₹ kha liya mess pe UPI se pay kr diya,3474,food,upi,cred,,hinglish_natural
personal loan installment EMI deduction INR 13282 card,13282,emi,card,,,cue_row
352 rupees Lenskart GPay HDFC Bank account,352,shopping,upi,gpay,hdfc,voice_transcript
3437 debit card education loan EMI,3437,emi,card,,,english_natural
Bought Neha for INR 202 with cash,202,friends,cash,,,english_natural
Myntra payment INR 45987.19 done via credit card,45987.19,shopping,card,,sbi,english_natural
i paid 32083 rupees for HDFC loan using card,32083,emi,card,,bob,voice_transcript
Spent ₹309.56 on MakeMyTrip using debit card,309.56,travel,card,,sbi,english_natural
electronics clothes shoes accessories purchase Rs1216 via card,1216,shopping,card,,,cue_row
aaj Vi recharge ka bill pay kiyaa 4779 rs. UPI se diyee,4779,utilities,upi,bhim,fi,hinglish_natural
dost bhai ko 9256 rupaye paytm se bheje,9256,friends,upi,paytm,,friends_synthetic
Paid Rs.3341 for books from my Axis account via cash,3341,education,cash,,axis,english_natural
Bought rickshaw for 16742.47 with cash,16742.47,travel,cash,,federal bank,english_natural
EaseMyTrip ka petrol bharra 324 ₹ credit card se yaar,324,travel,card,,jupiter,hinglish_natural
Netmeds Rs 4824 Phone Pe,4824,healthcare,upi,phonepe,,english_natural
Paid EatFit Rs.46079 using Phone Pe from SBI,46079,food,upi,phonepe,sbi,english_natural
gpay payment t2375 FD icici 2379 completed,2375,investment,upi,gpay,icici,ocr_upi
Used hdfc Google Pay to pay 407 for Bharat Petroleum,407,travel,upi,gpay,hdfc,english_natural
FD se stock liya 33460 rupaiye ka card se pay kiya Kotak se,33460,investment,card,,kotak,hinglish_natural
₹4498 to Tata Play via G Pay,4498,utilities,upi,gpay,,english_natural
Payment of 31.28 to FirstCry was successful via gpay UPI Ref No 784573625303426 HDFC Account 7473,31.28,shopping,upi,gpay,hdfc,ocr_upi
cafe ka mangwaya 31299 rupaiye haath se diye RBL Bank wale account se,31299,food,cash,,rbl,hinglish_natural
education loan EMI ka loan payment kar diya 1340 ₹ card se,1340,emi,card,,,hinglish_natural
Flight ticket booking INR 14952,14952,travel,card,,,source_english
abhi 255 rupees medicine lya 1mg ko UPI se pay kiya,255,healthcare,upi,phonepe,,hinglish_natural
Vikram ko 637 transfer kiya Gpay se,637,friends,upi,gpay,sbi,friends_synthetic
gaming concert event ticket Rs.3095 paytm,3095,entertainment,upi,paytm,axis,cue_row
Used Bank of Baroda cred to pay Rs.1926 for Vi recharge,1926,utilities,upi,cred,bob,english_natural
abhi Udemy pe 39356 rupaiye ka fees bharra card se pay kya PNB account se,39356,education,card,,pnb,hinglish_natural
63 to Ananya phonepe UPI,63,friends,upi,phonepe,,friends_synthetic
HDFC loan Rs760 GPay,760,emi,upi,gpay,hdfc,ocr_upi
aaj car loan EMI pe 1435 rupaye kharcha hua card se,1435,emi,card,,icici,voice_transcript
eye checkup se test karaya 526 rupay ka haath se de diye HDFC se,526,healthcare,cash,,hdfc,hinglish_natural
110 ₹ canteen debit card se,110,food,card,,,hinglish_natural
"MedPlus 46702 Completed 12Jun 2026,3:14 pm SBI 5335 UPI transaction ID 19988552292977",46702,healthcare,upi,paytm,sbi,ocr_upi
"BILL
McDonald's
Rs 2177
NIYO
Thank You Visit Again",2177,food,upi,niyo,,ocr_receipt
31 ₹ installment de diya education loan EMI ko card se pay kar diya,31,emi,card,,axis,hinglish_natural
diagnostic 356 cred,356,healthcare,upi,cred,,english_natural
TO:ANGELONE angelone.38971@axisbank From:PRIYASHARMA (axis Google Pay : sender9472@okaxisbank,4634,investment,upi,gpay,axis,ocr_upi
"HOTSTAR RESTAURANT
Total 309.07
Cash Received
Change 0.00",309.07,entertainment,upi,phonepe,kotak,ocr_receipt
Air India ka petrol bharra 2094 rupaiye Fi pe bhai,2094,travel,upi,fi,,hinglish_natural
4833 rs. ACT Fibernet UPI se,4833,utilities,upi,niyo,sbi,hinglish_natural
4930 rupaye bhai Phone Pe se,4930,friends,upi,phonepe,,hinglish_natural
H&M se khareed le liya 3634 rupay ka UPI se diye,3634,shopping,upi,phonepe,,hinglish_natural
4927 debited from your sbi account for Spotify (G Pay UPI),4927,entertainment,upi,gpay,sbi,ocr_upi
ghar jaate waqt diagnostic 51 rs. Gpay pe,51,healthcare,upi,gpay,,hinglish_natural
INR 28325.69 debited from your ICICI Bank account for MedPlus (BHIM UPI),28325.69,healthcare,upi,bhim,icici,ocr_upi
kal 212 admission kya upGrad pe debit card se,212,education,card,,icici,hinglish_natural
"Coin 81 Completed 3Jul 2025,2:27 am Axis Bank 8330 UPI transaction ID 995942535253709",81,investment,upi,paytm,axis,ocr_upi
"BILL
Starbucks
234
GPay
Thank You Visit Again",234,food,upi,gpay,,ocr_receipt
IndiGo se kiraya de diye 424 rs. ka naqad,424,travel,cash,,,hinglish_natural
R 29173.23 paid to SonyLIV via G Pay UPI from SBI Bank ending 6247,29173.23,entertainment,upi,gpay,sbi,ocr_upi
Bharat Petroleum se cab liya 1062 rupees ka haath se de diya Niyo se achha deal mila,1062,travel,cash,,niyo,hinglish_natural
dopahar ko canteen me 116 rupay ka mangwaya UPI se pay kya hdfc account se budget tod diya,43277,food,upi,jupiter,hdfc,source_hinglish
upGrad se books le liya 1980 rs. ka naqad,1980,education,cash,,hdfc,hinglish_natural
hospital doctor pharmacy medicine diagnostic Rs 3374 card,3374,healthcare,card,,,cue_row
amazon flipkart myntra online shopping order 4565 card,4565,shopping,card,,,cue_row
petrol diesel fuel Rs.314 at pump Gpay,314,travel,upi,gpay,,cue_row
Rs 30 paid to yaar via slice UPI from SBI Bank ending 6245,30,friends,upi,slice,sbi,ocr_upi
"D ANANYA 233 Completed 25Feb 2026,1:00 pm Axis Bank Bank 6621 UPI transaction ID 58087563449 TO:ANANYA ananya.22696@axis bankbank Goog1etransaction lD CICAgJjg853488 OPI Cred",233,friends,upi,cred,axis,ocr_upi
310 rupaiye SIP bhra crypto pe Phone Pe se pay kya,310,investment,upi,phonepe,,hinglish_natural
FirstCry 7023 rupaiye via PayTM Axis card se,7023,shopping,upi,paytm,axis,hinglish_natural
NEFT/TRANSFER/SUBWAY/SBI,1341,food,upi,bhim,sbi,english_natural
POS/GAS BILL/GPAY/3879,123,utilities,upi,gpay,,english_natural
"Barbeque Nation BILL
St: Rs 244
CASH Approved",244,food,cash,,sbi,ocr_receipt
office se aate hue 748 rupay movie dekhi concert ko via niyo,748,entertainment,upi,niyo,,hinglish_natural
bhai Amit ko udhar return kiya 2034 rs Paytm se,2034,friends,upi,paytm,kotak,friends_synthetic
9676 broadband haath se de diya,9676,utilities,cash,,,hinglish_natural
678 Unacademy card se pay kiyaa,678,education,card,,,hinglish_natural
1065 paid to insurance premium via jupiter from State Bank,1065,utilities,upi,jupiter,sbi,english_natural
Spent ₹4569 on credit card EMI using gpay,4569,emi,upi,gpay,,english_natural
Spent 3335.86 on Zee5 using phonepe,3335.86,entertainment,upi,phonepe,idfc,english_natural
Crypto investment INR 24114,24114,investment,upi,phonepe,,source_english
?18313.42 to IndiGo via credit card Fi account,18313.42,travel,card,,fi,english_natural
sent money to Divya ₹151 on PhonePe,151,friends,upi,phonepe,,friends_synthetic
TO:MESS mess.63064@hdfcbank From:UTSAVJANA (HDFC Jupiter : sender3281@okhdfcbank,327.92,food,upi,jupiter,hdfc,ocr_upi
aaj DishTV me 157 ₹ ka bill pay kr diya UPI se ICICI se kata,157,utilities,upi,gpay,icici,hinglish_natural
3292 ₹ checkup karaya lab test pe UPI se,3292,healthcare,upi,phonepe,,hinglish_natural
yaar education loan EMI me 21092 rupaye ka EMI kat gayi credit card se,21092,emi,card,,,hinglish_natural
1688 debited from your Kotak account for education loan EMI (Paytm UPI),1688,emi,upi,paytm,kotak,ocr_upi
Rs 70 paid to lab test via Paytm UPI from PNB Bank ending 2536,70,healthcare,upi,paytm,pnb,ocr_upi
Coin se invest kya 1884 rupaiye ka card se,1884,investment,card,,,hinglish_natural
R 34492.38 charged for ACT Fibernet on Cred,34492.38,utilities,upi,cred,icici,english_natural
bhai Kuvera se paisa daala 37690 ka Gpay se,37690,investment,upi,gpay,,hinglish_natural
yaar 4660 rupaiye school fees PhonePe pe,4660,education,upi,phonepe,,hinglish_natural
rent maintenance gas connection Rs.11027 cred,11027,utilities,upi,cred,bob,cue_row
2125 mall,2125,shopping,card,,,english_natural
dinner split 282 rupaye Divya phonepe,282,friends,upi,phonepe,,friends_synthetic
Spent ?313 on Paytm Money using Phonepe,313,investment,upi,phonepe,,english_natural
flatmate rent share 124 cred bro,124,friends,upi,cred,,friends_synthetic
Just paid t127 to IRCTC through Phone Pe,127,travel,upi,phonepe,,english_natural
Movie ticket booking INR 14999,14999,entertainment,upi,gpay,,source_english
crypto gold bonds NPS portfolio t18415 Paytm,18415,investment,upi,paytm,,cue_row
spent 3876 rupees on Barbeque Nation via fi,3876,food,upi,fi,,voice_transcript
"D BIGBASKET 45096 Completed 1Mar 2026,7:52 pm Bandhan Bank Bank 7908 UPI transaction ID 00158123624249 TO:BIGBASKET bigbasket.94609@bandhan bankbank Goog1etransaction lD XYZabc002519 OPI gpay",45096,food,upi,gpay,bandhan,ocr_upi
bike loan EMI se EMI bhar diya 1963 ka credit card se budget tod diya,1963,emi,card,,,hinglish_natural
"Receipt #5297
Behrouz
Amount Paid: ₹375.32
Mode: CASH",375.32,food,cash,,icici,ocr_receipt
Online shopping payment INR 3536,3536,shopping,upi,phonepe,,source_english
Ola se cab liyaa 9970 rupay ka cash de diya,9970,travel,cash,,,hinglish_natural
Myntra payment ₹2040.42 done via debit card,2040.42,shopping,card,,,english_natural
spent 421 rupees on education loan EMI via card,421,emi,card,,,voice_transcript
maine 49619 rupaye Goibibo ko diye card se,49619,travel,card,,,voice_transcript
₹268 charged for canteen on G Pay,268,food,upi,gpay,federal bank,english_natural
dopahar ko Ananya 3339 rs debit card se Fi Money card se,3339,friends,card,,fi,hinglish_natural
school college tuition course books fees ₹4729 Fi,4729,education,upi,fi,sbi,cue_row
"BILL
PharmEasy
?499
PayTM
Thank You Visit Again",499,healthcare,upi,paytm,sbi,ocr_receipt
bhai Vi recharge 20258 rs. card se,20258,utilities,card,,,hinglish_natural
TO:PRACTO practo.59727@unionbankbank From:RAHULKUMAR (Union Bank paytm : user1093@okunionbankbank,41393,healthcare,upi,paytm,union bank,ocr_upi
spent 257 rupees on friend via PayTM,257,friends,upi,paytm,,voice_transcript
Reliance Digital 48203 rupaye card se pay kya,48203,shopping,card,,hdfc,hinglish_natural
"society maintenance BILL
St: 8693
G Pay Approved",8693,utilities,upi,gpay,kotak,ocr_receipt
office se aate hue 212 rs FD card se,212,investment,card,,,hinglish_natural
Pooja me 378 rupaye ka dost ko de diya Jupiter se pay kia matlab,378,friends,upi,jupiter,,hinglish_natural
EatFit se khana order kiya 2313 rupaye ka Phonepe se pay kya,2313,food,upi,phonepe,,hinglish_natural
aaj EaseMyTrip pe 3726 rupaye kharcha hua cash se,3726,travel,cash,,idfc,voice_transcript
today i spent 72 on Apple Music via card,72,entertainment,card,,,voice_transcript
flight booking travel ticket Rs.3431 phonepe,3431,travel,upi,phonepe,idfc,cue_row
flatmate rent share 674 Cred Amit,674,friends,upi,cred,,friends_synthetic
aaj Pooja pe 355 rupaye kharcha hua SLICE se,355,friends,upi,slice,,voice_transcript
20776 rupees Netmeds cash de diya bohot mehenga,20776,healthcare,cash,,,hinglish_natural
Bought RedBus for 13752.51 with Slice,13752.51,travel,upi,slice,,english_natural
₹1536 charged for exam fee on cash,1536,education,cash,,,english_natural
Angel One ka SIP bharra 22847 rupay UPI se diy,22847,investment,upi,gpay,,hinglish_natural
aaj Croma pe 2698 rupaye kharcha hua cash se,2698,shopping,cash,,jupiter,voice_transcript
₹4195 paid to personal loan EMI via Gpay UPI from SBI Bank ending 1566,4195,emi,upi,gpay,sbi,ocr_upi
Rs.4019 paid to home loan EMI via Google Pay UPI from SBI Bank ending 5673,4019,emi,upi,gpay,sbi,ocr_upi
Bajaj Finance EMI Rs 3489 PhonePe,3489,emi,upi,phonepe,icici,ocr_upi
Amazon purchase INR 257,257,shopping,upi,paytm,pnb,source_english
electricity water broadband mobile recharge bill 44043 Phone Pe,44043,utilities,upi,phonepe,,cue_row
aaj rickshaw pe 26553 rupaye kharcha hua Phone Pe se,26553,travel,upi,phonepe,hdfc,voice_transcript
Paid SIP t1752 using Visa,1752,investment,card,,,english_natural
subah Myntra ka khareed lia 419 rupaiye credit card se,419,shopping,card,,,hinglish_natural
eye checkup se checkup karaya 1504 rupaye ka cash me,1504,healthcare,cash,,niyo,hinglish_natural
ghar jaate waqt 46 rupay test karaya Practo ko debit card se,46,healthcare,card,,fi,hinglish_natural
BYJU'S ka course lya 3577 rupay cash me,3577,education,cash,,,hinglish_natural
medical checkup lab test health insurance 49574 cash,49574,healthcare,cash,,,cue_row
dopahar ko Ananya se udhar return kia 200 rs. ka UPI se pay kr diya Bank of Baroda se,200,friends,upi,slice,bob,hinglish_natural
Paid Rahul Rs252.57 using GPay,252.57,friends,upi,gpay,,english_natural
FD ka stock lia 240 rs gpay se pay kya bohot mehenga,240,investment,upi,gpay,,hinglish_natural
paid 9326 to Divya through Phone Pe,9326,friends,upi,phonepe,,voice_transcript
electricity water broadband mobile recharge bill 3468 slice,3468,utilities,upi,slice,,cue_row
clinic mein 4639 lag gaye card se bhara,4639,healthcare,card,,,voice_transcript
Shreya se udhar return kia 119 rupaiye ka Phone Pe se pay kia,119,friends,upi,phonepe,kotak,hinglish_natural
"TAX INVOICE
Zomato
Grand Total: INR 895
Payment: SLICE",895,food,upi,slice,,ocr_receipt
home loan car loan credit card EMI monthly Rs34036 autopay Google Pay,34036,emi,upi,gpay,hdfc,cue_row
Internet recharge INR 38381,38381,utilities,upi,paytm,,source_english
Rs.471 to INOX via card,471,entertainment,card,,,english_natural
coaching exam preparation study material ₹4763 Phonepe,4763,education,upi,phonepe,,cue_row
bhai Bajaj Finance EMI ka 767 rupaye card se de diya,767,emi,card,,fi,voice_transcript
"BILL
JioCinema
INR 25400
PayTM
Thank You Visit Again",25400,entertainment,upi,paytm,axis,ocr_receipt
Zara 346 rupees debit card se,346,shopping,card,,,hinglish_natural
Paid Rs440 for upGrad via SLICE,440,education,upi,slice,,english_natural
dentist pe 114 rs ka dawai le liya cash me bc,114,healthcare,cash,,,hinglish_natural
"D SPICEJET 27899.74 Completed 13Feb 2026,3:59 pm hdfc Bank 2536 UPI transaction ID 3375214554 TO:SPICEJET spicejet.43732@hdfcbank Googletransaction lD CICAgJjg700489 OPI Paytm",27899.74,travel,upi,paytm,hdfc,ocr_upi
Bought gas bill for 2593 with Visa,2593,utilities,card,,,english_natural
College fees payment INR 16165,16165,education,upi,bhim,pnb,source_english
R 258 charged for Meesho on phonepe,258,shopping,upi,phonepe,,english_natural
ghar jaate waqt Myntra ka buy kar diya 389 via Bhim,389,shopping,upi,bhim,,hinglish_natural
restaurant me 81 rs. ka khana order kia haath se die,81,food,cash,,idfc,hinglish_natural
stocks ka paisa daala 214 rupay Google Pay pe,214,investment,upi,gpay,,hinglish_natural
electronics store Rs.2721 card,2721,shopping,card,,jupiter,english_natural
spent 19026 rupees on Paytm Money via CRED,19026,investment,upi,cred,,voice_transcript
HDFC loan 103 rupees cred se,103,emi,upi,cred,,hinglish_natural
Shreya ko 22184 transfer kiya PhonePe se,22184,friends,upi,phonepe,,friends_synthetic
paid 741 to stocks through Google Pay from Niyo,741,investment,upi,gpay,niyo,voice_transcript
"D FD 942.86 Completed 27Jan 2026,1:00 pm HDFC Bank 2132 UPI transaction ID 82533436594702 TO:FD fd.83690@hdfcbank Soogletransaction lD XYZabc365956 OPI Paytm",942.86,investment,upi,paytm,hdfc,ocr_upi
Electricity bill payment INR 37326,37326,utilities,upi,paytm,,source_english
3266 rupaiye Priya card se pay kr diya bc,3266,friends,card,,,hinglish_natural
aaj Subway pe 2722 rupaye kharcha hua cash se,2722,food,cash,,,voice_transcript
24 rupees tuition de diye college fees ko UPI se pay kiya matlab,24,education,upi,paytm,,hinglish_natural
Myntra ka shopping kr diya 413 rupaiye jupiter pe,413,shopping,upi,jupiter,,hinglish_natural
coaching exam preparation study material 338 card,338,education,card,,,cue_row
Myntra 370 UPI se,13334,shopping,upi,jupiter,,source_hinglish
i paid 1405 rupees for Kuvera using Cred,1405,investment,upi,cred,,voice_transcript
uber ola cab ride airport train ticket Rs.109 cash,109,travel,cash,,,cue_row
DMart pe 3716 rupaye ka khana order kar diya UPI se Fi account se matlab,3716,food,upi,gpay,fi,hinglish_natural
Rs 4113 to Blinkit via Gpay slice account,4113,food,upi,gpay,slice,english_natural
sent t208 to Neha on paytm,208,friends,upi,paytm,,friends_synthetic
"D BURGERKING 430 Completed 24Apr 2026,6:04 pm Punjab National Bank Bank 4130 UPI transaction ID 895342970397733 TO:BURGERKING burger king.77344@punjab national bankbank Soogletransaction lD CICAgJjg143269 OPI SLICE",430,food,upi,slice,pnb,ocr_upi
Pooja pe 45866 ₹ ka paise bheje card se,45866,friends,card,,,hinglish_natural
"D DUNKIN 2448 Completed 10Apr 2026,7:05 pm ICICI Bank 4822 UPI transaction ID 444337360908575 TO:DUNKIN dunkin.39192@icicibank Goog1etransaction lD XYZabc476318 OPI Slice",2448,food,upi,slice,icici,ocr_upi
Apollo Pharmacy 3784 rupees Gpay se pay kiyaa,3784,healthcare,upi,gpay,slice,hinglish_natural
abhi Spotify se ticket liya 1366 ₹ ka cash me yaar,40589,entertainment,cash,,,source_hinglish
exam fee 30 card,30,education,card,,axis,english_natural
INR 15765.90 to Amazon Prime via Phonepe,15765.90,entertainment,upi,phonepe,,english_natural
ghar jaate waqt Coin ka paisa daala 338 card se pay kiyaa bc,338,investment,card,,yes bank,hinglish_natural
Ola pe 3552 rupaye ka petrol bharaa credit card se,3552,travel,card,,slice,hinglish_natural
Paytm Money se paisa daala 28 rupees ka card se,28,investment,card,,,hinglish_natural
INR 69.10 charged for Tata CLiQ on SLICE,69.10,shopping,upi,slice,,english_natural
split bill 13247 cred se dost ko diya,13247,friends,upi,cred,,friends_synthetic
4343 rupaiye Ola Phone Pe se,4343,travel,upi,phonepe,,hinglish_natural
Paid ₹3938.31 for DishTV from my Yes Bank account via card,3938.31,utilities,card,,yes bank,english_natural
dost ka split kiyaa 6100 rupaye cash die,6100,friends,cash,,indusind,hinglish_natural
spent 338 rupees on Karan via slice,338,friends,upi,slice,,voice_transcript
"SPOTIFY
Item 1 ₹266
Item 2 t170
Total ₹27292
CARD",27292,entertainment,card,,pnb,ocr_receipt
Air India Rs 41255.78 Gpay,41255.78,travel,upi,gpay,axis,ocr_upi
1394 ₹ order kiya Snapdeal ko UPI se diyee,1394,shopping,upi,cred,hdfc,hinglish_natural
NPS payment Rs.3566.54 done via phonepe,3566.54,investment,upi,phonepe,,english_natural
abhi 204 rs. Blinkit via gpay,204,food,upi,gpay,fi,hinglish_natural
coaching exam preparation study material 124 GPay,124,education,upi,gpay,hdfc,cue_row
Nykaa se order kiyaa 114 rs. ka cash me,114,shopping,cash,,sbi,hinglish_natural
amazon flipkart myntra online shopping order ₹70 card,70,shopping,card,,axis,cue_row
648 rupay Divya UPI se die,648,friends,upi,gpay,,hinglish_natural
₹20270.53 debited from your sbi account for car loan EMI (Cred UPI),20270.53,emi,upi,cred,sbi,ocr_upi
ghar jaate waqt Vikram me 23698 ₹ ka dost ko de diye UPI se pay kiya budget tod diya,23698,friends,upi,phonepe,,hinglish_natural
"mutual fund 12184.58 Completed 21Jun 2026,11:35 am HDFC 4569 UPI transaction ID 880229557693088",12184.58,investment,upi,niyo,hdfc,ocr_upi
8340 rs fees bhara Udemy pe card se,8340,education,card,,,hinglish_natural
ATM/CASH/BANK/1004,1004,education,upi,gpay,,english_natural
Karan 13309 rupaye via Bhim YES BANK account se,13309,friends,upi,bhim,yes bank,hinglish_natural
297 paid to tuition via slice UPI from Federal Bank Bank ending 3413,297,education,upi,slice,federal bank,ocr_upi
₹312 charged for Shreya on cash,312,friends,cash,,,english_natural
UPI/43150051/UBER/BANK,433,travel,card,,,english_natural
2147.05 Phonepe market,2147.05,shopping,upi,phonepe,,english_natural
stationery mein 3010 lag gaye jupiter se bhara,3010,education,upi,jupiter,,voice_transcript
personal loan EMI payment INR 4447 done via Phonepe,4447,emi,upi,phonepe,,english_natural
SBI loan ₹457 card,457,emi,card,,,english_natural
personal loan installment EMI deduction Rs.4499 Paytm,4499,emi,upi,paytm,sbi,cue_row
FD se mutual fund kya 245 ka debit card se,245,investment,card,,sbi,hinglish_natural
Jio recharge se recharge kar diya 15100 rupees ka debit card se Union Bank card se,15100,utilities,card,,union bank,hinglish_natural
dopahar ko IRCTC se kiraya diy 4328 rupees ka cash de diya,4328,travel,cash,,,hinglish_natural
"1mg
Net Amount 2223
Paid via Cred",2223,healthcare,upi,cred,,ocr_receipt
Bharat Petroleum ka ticket book kia 2215 rs cash die,2215,travel,cash,,,hinglish_natural
TO:JIORECHARGE jiorecharge.16180@idfcfirstbank From:PRIYASHARMA (IDFC First NIYO : sender2643@okidfcfirstbank,3825,utilities,upi,niyo,idfc,ocr_upi
"MCDONALD'S RESTAURANT
Total 2855
Cash Received
Change 0.00",2855,food,upi,phonepe,,ocr_receipt
TO:SOCIETYMAINTENANCE societymaintenance.55801@hdfcbankbank From:UTSAVJANA (HDFC Bank phonepe : user4072@okhdfcbankbank,472,utilities,upi,phonepe,hdfc,ocr_upi
369 rs MedPlus naqad,369,healthcare,cash,,,hinglish_natural
Bewakoof mein 21229 lag gaye Gpay se bhara,21229,shopping,upi,gpay,,voice_transcript
Rapido 1428 rupaiye credit card se,1428,travel,card,,,hinglish_natural
books Rs30158 Jupiter,30158,education,upi,jupiter,,english_natural
ATM/CASH/FI/2178.80,2178.80,food,cash,,fi,english_natural
?40242 paid to ACT Fibernet via GPay UPI from icici Bank ending 3961,40242,utilities,upi,gpay,icici,ocr_upi
"Nykaa
Net Amount 455
Paid via CARD",455,shopping,card,,kotak,ocr_receipt
TO:YATRA yatra.62819@hdfcbank From:PRIYASHARMA (HDFC Slice : user1458@okhdfcbank,489.60,travel,upi,slice,hdfc,ocr_upi
Faasos pe 273 rs ka mangwaya cash de diye,273,food,cash,,slice,hinglish_natural
i did 250 expense on library using cash,250,education,cash,,,voice_transcript
Groww 457,457,investment,upi,jupiter,hdfc,english_natural
Paid concert ₹4397.64 using PayTM from SBI,4397.64,entertainment,upi,paytm,sbi,english_natural
rickshaw 4426 cash,4426,travel,cash,,jupiter,english_natural
kal Ajio ka order kya 1257 rs. card se,1257,shopping,card,,pnb,hinglish_natural
Paid Rs 1840 for Burger King via Visa,1840,food,card,,,english_natural
R 6843 charged for bhai on phonepe,6843,friends,upi,phonepe,,english_natural
44960 ka H&M bill pay kiya card se,44960,shopping,card,,,voice_transcript
Paid INR 73.34 to Zara CRED UPI HDFC Bank 1316 Successful,73.34,shopping,upi,cred,hdfc,ocr_upi
aaj petrol pump pe 2527 rupaye kharcha hua cash se,2527,travel,cash,,,voice_transcript
paid 4544 to stationery through Phone Pe,4544,education,upi,phonepe,,voice_transcript
₹45 to BSNL via Google Pay,45,utilities,upi,gpay,,english_natural
Used icici Phone Pe to pay ?30001.36 for CCD,30001.36,food,upi,phonepe,icici,english_natural
subah 191 restaurant GPay se pay kar diya achha deal mila,191,food,upi,gpay,icici,hinglish_natural
BookMyShow me 283 rupay ka game lya UPI se pay kr diya,283,entertainment,upi,paytm,,hinglish_natural
raat ko 1442 rupaye EMI kat gayi home loan EMI ko card se pay kiyaa HDFC card se,1442,emi,card,,hdfc,hinglish_natural
Rs 9509 to Shreya cash UPI,9509,friends,cash,,,friends_synthetic
DishTV pe 399 rs ka bill bhra UPI se pay kr diya,399,utilities,upi,cred,slice,hinglish_natural
113 Bhim home loan EMI,113,emi,upi,bhim,fi,english_natural
"D GAMING 19026 Completed 28Feb 2026,8:53 pm HDFC Bank Bank 9501 UPI transaction ID 5714069247 TO:GAMING gaming.25758@hdfc bankbank Soogletransaction lD CICAgJjg517359 OPI Google Pay",19026,entertainment,upi,gpay,hdfc,ocr_upi
bhai education loan EMI ka loan payment kya 1728 rupaiye credit card se,1728,emi,card,,,hinglish_natural
PVR se movie dekhi 360 rs ka UPI se State Bank wale account se,360,entertainment,upi,phonepe,sbi,hinglish_natural
"JIO RECHARGE RESTAURANT
Total 334
Cash Received
Change 0.00",334,utilities,card,,,ocr_receipt
dinner split 106 rupaye Vikram GPay,106,friends,upi,gpay,,friends_synthetic
bhai bro me 60 ka dost ko de diya UPI se diyee yaar,60,friends,upi,paytm,,hinglish_natural
284 bill pay kiyaa mobile recharge ko naqad,284,utilities,cash,,,hinglish_natural
tuition payment Rs326 done via credit card,326,education,card,,,english_natural
flatmate rent share 18319 cred roommate,18319,friends,upi,cred,,friends_synthetic
petrol diesel fuel Rs.4709 at pump cred,4709,travel,upi,cred,,cue_row
Spent INR 4287 on Kuvera using slice,4287,investment,upi,slice,fi,english_natural
diagnostic ka 783 rupees ka bill Phone Pe se pay kiya,783,healthcare,upi,phonepe,slice,voice_transcript
gold ka 490 rupees ka bill card se pay kiya,490,investment,card,,hdfc,voice_transcript
dinner split 2430 rupaye flatmate PayTM,2430,friends,upi,paytm,sbi,friends_synthetic
Spotify ka game liya 93 rupaye UPI se pay kar diya achha deal mila,93,entertainment,upi,gpay,,hinglish_natural
Bought diagnostic for ₹232 with Google Pay,232,healthcare,upi,gpay,,english_natural
Paid 4754 for Spotify via card,4754,entertainment,card,,,english_natural
paid dost 934 via gpay,934,friends,upi,gpay,,friends_synthetic
i paid 211 rupees for Lenskart using cash,211,shopping,cash,,,voice_transcript
"TAX INVOICE
PVR
Grand Total: ₹20863
Payment: G Pay",20863,entertainment,upi,gpay,sbi,ocr_receipt
Fixed deposit investment INR 28570,28570,investment,upi,paytm,,source_english
178 rupaye MedPlus UPI se de diye,178,healthcare,upi,paytm,,hinglish_natural
Bought Tata Play for ?1913 with PhonePe,1913,utilities,upi,phonepe,,english_natural
EaseMyTrip me 43071 ka cab lya card se,43071,travel,card,,,hinglish_natural
aaj PharmEasy ka medicine lya 2526 ₹ slice se pay kr diya,2526,healthcare,upi,slice,sbi,hinglish_natural
282.97 PayTM metro,282.97,travel,upi,paytm,niyo,english_natural
"school fees 35929 Completed 25Aug 2026,12:06 am Axis Bank 3613 UPI transaction ID 979896591311870",35929,education,upi,slice,axis,ocr_upi
hospital doctor pharmacy medicine diagnostic Rs.2740 phonepe,2740,healthcare,upi,phonepe,axis,cue_row
Reliance Digital se khareed lia 1822 rs. ka Phone Pe pe,1822,shopping,upi,phonepe,,hinglish_natural
bhai Uber ka 4581 rupaye card se de diya,4581,travel,card,,yes bank,voice_transcript
paid 751 to Meesho through card,751,shopping,card,,,voice_transcript
PPF ka paisa daala 1803 rupay debit card se,1803,investment,card,,,hinglish_natural
clinic t173 debited from HDFC Bank,173,healthcare,upi,cred,hdfc,english_natural
Just paid t11784 to car loan EMI through Mastercard,11784,emi,card,,hdfc,english_natural
"hospital 3835 Completed 1Aug 2026,7:06 pm Kotak 7982 UPI transaction ID 37004917443",3835,healthcare,upi,slice,kotak,ocr_upi
maine 2177 rupaye NPS ko diye GPay se,2177,investment,upi,gpay,,voice_transcript
lunch dinner food order swiggy zomato restaurant meal 86 cash,86,food,cash,,,cue_row
today i spent 4202 on Groww via PayTM from my idfc bank,4202,investment,upi,paytm,idfc,voice_transcript
"BILL
Practo
₹335.26
phonepe
Thank You Visit Again",335.26,healthcare,upi,phonepe,,ocr_receipt
Spent INR 1252 on Cleartrip using cash,1252,travel,cash,,,english_natural
bhai Hotstar 39317 card se pay kar diya,39317,entertainment,card,,,hinglish_natural
"SONYLIV
Item 1 ₹396
Item 2 INR 270
Total R 27323
CARD",27323,entertainment,card,,,ocr_receipt
bhai hospital ka 3808 rupaye GPay se de diya,3808,healthcare,upi,gpay,,voice_transcript
Amazon se khareed liyaa 37788 rs. ka debit card se,37788,shopping,card,,,hinglish_natural
Paid Rs4658.36 for Netmeds via cred,4658.36,healthcare,upi,cred,,english_natural
flatmate rent share 18831 cash Karan,18831,friends,cash,,,friends_synthetic
TO:PVR pvr.16007@bobbank From:RAHULKUMAR (BOB PayTM : sender6383@okbobbank,2964,entertainment,upi,paytm,bob,ocr_upi
spent 1675 rupees on Tata Play via card,1675,utilities,card,,hdfc,voice_transcript
colleague INR 474 debited from Kotak Mahindra,474,friends,upi,phonepe,kotak,english_natural
Rohan 147 rs cash me ICICI account se,147,friends,cash,,icici,hinglish_natural
college fees ka fees bhara 23123 ₹ credit card se,15940,education,card,,,source_hinglish
Paid ?4124 for Meesho via Paytm,4124,shopping,upi,paytm,,english_natural
sent 337 to Amit on phonepe,337,friends,upi,phonepe,icici,friends_synthetic
34148 rupaiye books card se pay kia,4229,education,card,,,source_hinglish
Paid Rs 4418.58 for Kuvera from my PNB account via debit card,4418.58,investment,card,,pnb,english_natural
crypto gold bonds NPS portfolio ₹308 card,308,investment,card,,,cue_row
Amit se udhar return kya 2920 ka paytm pe SBI card se,2920,friends,upi,paytm,sbi,hinglish_natural
flatmate rent share 12213 slice colleague,12213,friends,upi,slice,,friends_synthetic
sent t17583 to flatmate on G Pay,17583,friends,upi,gpay,,friends_synthetic
cafe mein 3321 lag gaye card se bhara,3321,food,card,,,voice_transcript
Flight ticket booking INR 14784,14784,travel,card,,sbi,source_english
"BILL
MedPlus
Rs.478
CASH
Thank You Visit Again",478,healthcare,cash,,,ocr_receipt
"Amazon BILL
St: Rs 2858.24
CARD APPROVED",2858.24,shopping,card,,,ocr_receipt
today i spent 3712 on Udemy via Fi,3712,education,upi,fi,,voice_transcript
Spent Rs.3920 on gold using G Pay,3920,investment,upi,gpay,slice,english_natural
Paid INR 261 for tuition from my Jupiter account via gpay,261,education,upi,gpay,jupiter,english_natural
today i spent 32352 on Behrouz via phonepe from my Fi Money bank,32352,food,upi,phonepe,fi,voice_transcript
office se aate hue stocks se stock le liya 3552 rupaye ka card se YES BANK card se,3552,investment,card,,yes bank,hinglish_natural
"Karan 3726.91 Completed 19Oct 2026,11:30 am hdfc 2197 UPI transaction ID 33807033156670",3726.91,friends,upi,jupiter,hdfc,ocr_upi
1143 ka Nature's Basket bill pay kiya Paytm se,1143,food,upi,paytm,,voice_transcript
Rs.340 paid to RedBus via PhonePe UPI from State Bank Bank ending 8062,340,travel,upi,phonepe,sbi,ocr_upi
Credit card EMI INR 49756,49756,emi,card,,,source_english
library se tuition diye 29 rupaye ka cash me,8970,education,cash,,,source_hinglish
Spotify ka subscription renew kya 3417 rupay jupiter pe budget tod diya,3417,entertainment,upi,jupiter,,hinglish_natural
FirstCry 1631 rs. card se NIYO se kata,1631,shopping,card,,niyo,hinglish_natural
"BURGER KING RESTAURANT
Total 168
Cash Received
Change 0.00",168,food,card,,,ocr_receipt
i paid 2804 rupees for Vi recharge using phonepe,2804,utilities,upi,phonepe,,voice_transcript
Just paid Rs 941 to doctor through GPay,941,healthcare,upi,gpay,,english_natural
"TAX INVOICE
Meesho
Grand Total: INR 3299
Payment: CASH",3299,shopping,cash,,,ocr_receipt
"eye checkup BILL
St: 282
CARD APPROVED",282,healthcare,card,,,ocr_receipt
"CLINIC RESTAURANT
Total 307.26
Cash Received
Change 0.00",307.26,healthcare,card,,,ocr_receipt
Apple Music pe 32 rupaye ka show dekha haath se diyee yaar,32,entertainment,cash,,,hinglish_natural
POS/SONYLIV/CASH/5747,3887,entertainment,cash,,,english_natural
phonepe payment ?917 PVR Yes Bank 9574 done,917,entertainment,upi,phonepe,yes bank,ocr_upi
YouTube Premium ka 3476 rupees ka bill card se pay kiya,3476,entertainment,card,,,voice_transcript
subah 39116 rs. electronics store credit card se,39116,shopping,card,,,hinglish_natural
Zara se shopping kia 124 rupaye ka UPI se pay kia HDFC se,124,shopping,upi,cred,hdfc,hinglish_natural
school college tuition course books fees Rs4675 cash,4675,education,cash,,,cue_row
Kuvera me 3459 rupees ka paisa daala UPI se,3459,investment,upi,phonepe,fi,hinglish_natural
concert ka ticket liyaa 2999 ₹ card se pay kya achha deal mila,2999,entertainment,card,,,hinglish_natural
Used HDFC Bank debit card to pay Rs 49.14 for FirstCry,49.14,shopping,card,,hdfc,english_natural
bhai flatmate ko udhar return kiya 293 rs PhonePe se,293,friends,upi,phonepe,,friends_synthetic
POS/EATFIT/PHONEPE/8202,393,food,upi,phonepe,sbi,english_natural
Payment of Rs 67 to concert was successful via Phonepe UPI Ref No 37660414264 idfc Account 7033,67,entertainment,upi,phonepe,idfc,ocr_upi
Meesho se shopping kya 271 rupaye ka credit card se sasta tha,271,shopping,card,,,hinglish_natural
Chai Point 27448 GPay,27448,food,upi,gpay,,english_natural
Just paid Rs 2975 to Starbucks through Jupiter,2975,food,upi,jupiter,slice,english_natural
POS/SUBWAY/FI/2562,373,food,upi,fi,niyo,english_natural
subah auto pe 2350 rupay ka ride lia card se pay kiyaa,2350,travel,card,,,hinglish_natural
bike loan EMI 39627 GPay Payment done hdfc 6000,39627,emi,upi,gpay,hdfc,ocr_upi
Rs.4219 debited from your BOB account for rent (Paytm UPI),4219,utilities,upi,paytm,bob,ocr_upi
FreshMenu 4289 rupaye card se,4289,food,card,,,hinglish_natural
raat ko stocks se mutual fund kr diya 12807 rs. ka Google Pay se jupiter se kata,12807,investment,upi,gpay,jupiter,hinglish_natural
dopahar ko Behrouz me 2370 rupaye ka mangwaya haath se diyee yaar,2370,food,cash,,jupiter,hinglish_natural
INR 1756 to Ola via Visa Bank of Baroda account,1756,travel,card,,bob,english_natural
399 school fees,399,education,card,,idfc,english_natural
insurance premium pe 385 rupay ka bill bhara UPI se diy hdfc se kata matlab,385,utilities,upi,paytm,hdfc,hinglish_natural
7815 rupees YouTube Premium credit card se,7815,entertainment,card,,,hinglish_natural
stationery se tuition diy 3254 rupaye ka UPI se,3254,education,upi,niyo,slice,hinglish_natural
3048.09 paid to gaming via Phone Pe UPI from ICICI Bank Bank ending 9360,3048.09,entertainment,upi,phonepe,icici,ocr_upi
"Vedantu 299 Completed 21Aug 2026,4:04 am hdfc 3119 UPI transaction ID 685931526210741",299,education,upi,phonepe,hdfc,ocr_upi
paid 11420 to upGrad through cash from Jupiter,11420,education,cash,,jupiter,voice_transcript
gas bill 314 rupaiye SLICE se pay kiyaa BOB wale account se,314,utilities,upi,slice,bob,hinglish_natural
paid 425 to Flipkart through fi from PNB,425,shopping,upi,fi,pnb,voice_transcript
920 shopping kr diya Lenskart ko Paytm se sasta tha,920,shopping,upi,paytm,,hinglish_natural
maine 39176 rupaye Burger King ko diye cash se,39176,food,cash,,,voice_transcript
i paid 2193 rupees for mobile recharge using CRED,2193,utilities,upi,cred,,voice_transcript
mall mein 402 lag gaye SLICE se bhara,402,shopping,upi,slice,,voice_transcript
maine 32897 rupaye gold ko diye card se,32897,investment,card,,sbi,voice_transcript
stocks ka paisa daala 92 ₹ UPI se diye zyada ho gaya,39818,investment,upi,cred,,source_hinglish
uber ola cab ride airport train ticket Rs 4753 Phonepe,4753,travel,upi,phonepe,indusind,cue_row
640 rupay crypto gpay pe yaar,640,investment,upi,gpay,,hinglish_natural
Coursera 35854,35854,education,cash,,,english_natural
paid 172 to Hotstar through cash,172,entertainment,cash,,,voice_transcript
paid 474 to Bewakoof through card,474,shopping,card,,,voice_transcript
dost colleague ko 4465 rupaye cash se bheje,4465,friends,cash,,,friends_synthetic
"Gaana BILL
St: INR 10368.52
CASH Approved",10368.52,entertainment,cash,,pnb,ocr_receipt
533 rupaiye kiraya diye Uber pe cash diy,533,travel,cash,,,hinglish_natural
989 rs dost UPI se pay kiyaa,989,friends,upi,slice,,hinglish_natural
aaj Groww pe 3601 rupaye kharcha hua Phonepe se,3601,investment,upi,phonepe,,voice_transcript
Spent R 20658 on YouTube Premium using Jupiter,20658,entertainment,upi,jupiter,hdfc,english_natural
i paid 3749 rupees for Netmeds using paytm,3749,healthcare,upi,paytm,,voice_transcript
dost Shreya ko 4719 rupaye cash se bheje,4719,friends,cash,,,friends_synthetic
Rs.350.00 to Netflix via cred,350.00,entertainment,upi,cred,,english_natural
abhi 382 rupay PPF card se pay kya yaar,382,investment,card,,,hinglish_natural
Paid Rs109 for Apollo Pharmacy from my HDFC account via paytm,109,healthcare,upi,paytm,hdfc,english_natural
sent ₹20086 to friend on G Pay split bill UPI,20086,friends,upi,gpay,,cue_row
Fixed deposit investment INR 47076,47076,investment,card,,,source_english
dhaba me 547 ka mangwaya cash diy,547,food,cash,,,hinglish_natural
738 rupaye invest kiya Paytm Money pe debit card se Indusind Bank card se,738,investment,card,,indusind,hinglish_natural
education loan EMI payment ₹73 done via Fi Money,73,emi,upi,fi,,english_natural
i paid 3288 rupees for Paytm Money using PhonePe,3288,investment,upi,phonepe,,voice_transcript
sent Rs426 to friend on G Pay split bill UPI,426,friends,upi,gpay,,cue_row
"BookMyShow 447 Completed 27Aug 2026,7:01 pm HDFC Bank 8225 UPI transaction ID 93987667408",447,entertainment,upi,slice,hdfc,ocr_upi
MakeMyTrip ka ride lya 4504 rs. credit card se,4504,travel,card,,,hinglish_natural
POS/RELIANCE DIGITAL/JUPITER/8866,121,shopping,upi,jupiter,,english_natural
Used SBI Phone Pe to pay ₹1196 for BookMyShow,1196,entertainment,upi,phonepe,sbi,english_natural
Paid INR 3289.58 for yaar via debit card,3289.58,friends,card,,,english_natural
Mutual fund SIP INR 19084,19084,investment,upi,phonepe,,source_english
HP Petrol ka kiraya de diye 285 rupees cash me,285,travel,cash,,,hinglish_natural
car loan EMI Rs.27209 PayTM,27209,emi,upi,paytm,,english_natural
2152 rs. payment kr diya insurance premium ko via jupiter,2152,utilities,upi,jupiter,,hinglish_natural
sent money to friend Rs.480 on phonepe,480,friends,upi,phonepe,,friends_synthetic
ghar jaate waqt 4531 DishTV card se,4531,utilities,card,,,hinglish_natural
"gaming
Net Amount 4901
Paid via CASH",4901,entertainment,cash,,,ocr_receipt
"TAX INVOICE
Apple Music
Grand Total: 1611
Payment: CARD",1611,entertainment,card,,,ocr_receipt
Bought auto for ₹21781 with debit card,21781,travel,card,,,english_natural
₹362 paid to MakeMyTrip via Visa from ICICI Bank,362,travel,card,,icici,english_natural
395 rupaye buy kya Snapdeal pe card se YES BANK se,395,shopping,card,,yes bank,hinglish_natural
Library fee INR 27216,27216,education,card,,sbi,source_english
Vedantu payment ₹1063 done via debit card,1063,education,card,,jupiter,english_natural
Rs.9898 to Netmeds via cash Fi Money account,9898,healthcare,cash,,fi,english_natural
451.54 debited from your HDFC account for MakeMyTrip (jupiter UPI),451.54,travel,upi,jupiter,hdfc,ocr_upi
Bajaj Finance EMI 154,154,emi,card,,,english_natural
INR 237.12 debited from your Union Bank account for BookMyShow (CRED UPI),237.12,entertainment,upi,cred,union bank,ocr_upi
i paid 12594 rupees for yaar using SLICE,12594,friends,upi,slice,jupiter,voice_transcript
Cafe coffee INR 16210,16210,food,cash,,,source_english
UPI/81819290/CLEARTRIP/BANK OF BARODA,25330,travel,cash,,bob,english_natural
bhai Practo ka 3471 rupaye Niyo se de diya,3471,healthcare,upi,niyo,,voice_transcript
3824 rupees bike loan EMI card,3824,emi,card,,,voice_transcript
2082 charged for education loan EMI on slice,2082,emi,upi,slice,,english_natural
Gaana me 148 ₹ ka movie dekhi debit card se,148,entertainment,card,,,hinglish_natural
NEFT/TRANSFER/SCHOOL FEES/FI,388.07,education,upi,gpay,fi,english_natural
UPI/06310892/PRACTO/SBI,4041.06,healthcare,upi,gpay,sbi,english_natural
Spent ₹1068 on BigBasket using PayTM,1068,food,upi,paytm,,english_natural
medical checkup lab test health insurance Rs 364 cash,364,healthcare,cash,,,cue_row
Coursera ka 23 rupees ka bill cash se pay kiya,23,education,cash,,fi,voice_transcript
Paid INR 42033 to INOX Paytm UPI IDFC First 9934 Done,42033,entertainment,upi,paytm,idfc,ocr_upi
Bewakoof INR 2980 gpay,2980,shopping,upi,gpay,icici,ocr_upi
aaj 247 rupay petrol bharra RedBus pe card se pay kia,247,travel,card,,pnb,hinglish_natural
"hospital 14116.07 Completed 4May 2026,2:09 pm ICICI Bank 5530 UPI transaction ID 3905362617",14116.07,healthcare,upi,gpay,icici,ocr_upi
Paid electronics store Rs.5265 using Mastercard from SBI,5265,shopping,card,,sbi,english_natural
Jio recharge ka recharge kya 157 rs phonepe se,157,utilities,upi,phonepe,,hinglish_natural
Just paid Rs22.14 to Unacademy through BHIM,22.14,education,upi,bhim,,english_natural
Paid 173.07 to Cleartrip Cred UPI sbi 2274 Successful,173.07,travel,upi,cred,sbi,ocr_upi
109 rupaiye Nature's Basket UPI se die,109,food,upi,paytm,kotak,hinglish_natural
Arjun ko 3432 transfer kiya Google Pay se,3432,friends,upi,gpay,hdfc,friends_synthetic
gaming concert event ticket INR 3542 GPay,3542,entertainment,upi,gpay,,cue_row
"TAX INVOICE
PVR
Grand Total: 388.99
Payment: CARD",388.99,entertainment,card,,,ocr_receipt
Ananya 1626,1626,friends,upi,slice,,english_natural
Paid Rs12173 to gas bill niyo UPI hdfc 9975 Completed,12173,utilities,upi,niyo,hdfc,ocr_upi
mutual fund SIP stocks PPF FD investment 15893 Cred,15893,investment,upi,cred,,cue_row
Just paid Rs.287 to Zee5 through CRED,287,entertainment,upi,cred,,english_natural
SBI loan 9104 ₹ UPI se die,9104,emi,upi,paytm,,hinglish_natural
Rs.41193.00 debited from your HDFC Bank account for Paytm Money (cred UPI),41193.00,investment,upi,cred,hdfc,ocr_upi
sent money to friend 110 on cred,110,friends,upi,cred,,friends_synthetic
"TAX INVOICE
Zara
Grand Total: 3698
Payment: CARD",3698,shopping,card,,,ocr_receipt
home loan car loan credit card EMI monthly Rs301 autopay card,301,emi,card,,sbi,cue_row
24409 ₹ H&M card se,24409,shopping,card,,,hinglish_natural
4377 ₹ udhar return kya Neha ko Slice se hdfc se kata,4377,friends,upi,slice,hdfc,hinglish_natural
kal BSNL 1912 rs. via PayTM,1912,utilities,upi,paytm,,hinglish_natural
subah car loan EMI ka installment diyee 3652 rupaiye card se,3652,emi,card,,,hinglish_natural
"Receipt #2204
INOX
Amount Paid: ₹2129
Mode: CARD",2129,entertainment,card,,,ocr_receipt
petrol diesel fuel 20463 at pump cred,20463,travel,upi,cred,,cue_row
upGrad 2232 ₹ UPI se,2232,education,upi,gpay,,hinglish_natural
131 ka education loan EMI bill pay kiya card se,131,emi,card,,,voice_transcript
sent 37918 to friend on G Pay split bill UPI,37918,friends,upi,gpay,,cue_row
bhai ko 60 transfer kiya PhonePe se,60,friends,upi,phonepe,,friends_synthetic
SpiceJet ka 23066 rupees ka bill card se pay kiya,23066,travel,card,,,voice_transcript
Zomato payment Rs 415 done via cash,415,food,cash,,,english_natural
3246.26 BYJU'S,3246.26,education,upi,phonepe,jupiter,english_natural
3268 rupaye Goibibo card se pay kar diya,24174,travel,card,,,source_hinglish
3003 ka bike loan EMI bill pay kiya card se ICICI Bank se kata,3003,emi,card,,icici,voice_transcript
Apple Music 1262 Fi Money,1262,entertainment,card,,fi,english_natural
19905 rs. doctor cash me,19905,healthcare,cash,,,hinglish_natural
Payment of INR 33908 to stocks was successful via Google Pay UPI Ref No 91660400989 Axis Bank Account 6294,33908,investment,upi,gpay,axis,ocr_upi
dost ko 352 transfer kiya Fi Money se,352,friends,upi,fi,,friends_synthetic
home loan EMI 7909,7909,emi,card,,,english_natural
sent money to Pooja ₹20203 on card,20203,friends,card,,,friends_synthetic
home loan EMI 9201,9201,emi,card,,niyo,english_natural
office se aate hue Spotify se movie dekhi 1168 rupaye ka debit card se jupiter account se,1168,entertainment,card,,jupiter,hinglish_natural
20213 rupees Bharat Petroleum cash State Bank account,20213,travel,cash,,sbi,voice_transcript
IRCTC se ride lia 27924 rs ka haath se diyee,27924,travel,cash,,bob,hinglish_natural
rickshaw ka 1539 rupees ka bill Phonepe se pay kiya,1539,travel,upi,phonepe,,voice_transcript
272.56 Myntra,272.56,shopping,upi,jupiter,,english_natural
Jio recharge 305.60 phonepe Payment done SBI 1518,305.60,utilities,upi,phonepe,sbi,ocr_upi
NEFT/TRANSFER/SWIGGY/,1612.78,food,upi,gpay,,english_natural
2415 rupaiye installment die HDFC loan ko card se,2415,emi,card,,slice,hinglish_natural
spent 174 rupees on concert via Bhim,174,entertainment,upi,bhim,,voice_transcript
Payment of Rs.12922 to INOX was successful via cred UPI Ref No 49263898749 BOB Account 7699,12922,entertainment,upi,cred,bob,ocr_upi
"D EDUCATIONLOANEMI 34837 Completed 15Feb 2026,9:40 pm YES BANK Bank 1937 UPI transaction ID 010676454056 TO:EDUCATIONLOANEMI education loan emi.15802@yes bankbank Soogletransaction lD CICAgJjg187328 OPI PhonePe",34837,emi,upi,phonepe,yes bank,ocr_upi
150 ₹ order kiya market ko card se bohot mehenga,150,shopping,card,,,hinglish_natural
paid Ananya INR 165 via Paytm,165,friends,upi,paytm,axis,friends_synthetic
yaar 3805 rs. kha liya Dominos pe haath se de diye,3805,food,cash,,,hinglish_natural
dost se paise bheje 14958 rupay ka PayTM pe,14958,friends,upi,paytm,,hinglish_natural
"D NETFLIX 12010.83 Completed 17Apr 2026,12:02 pm SBI Bank 6927 UPI transaction ID 960225092011 TO:NETFLIX netflix.90729@sbibank Goog1etransaction lD XYZabc261728 OPI GPay",12010.83,entertainment,upi,gpay,sbi,ocr_upi
paid back friend lent money INR 1801 card,1801,friends,card,,hdfc,cue_row
abhi 43857 rupaiye Haldirams UPI se,43857,food,upi,bhim,fi,hinglish_natural
Bought exam fee for Rs.499 with debit card,499,education,card,,,english_natural
grocery vegetables milk bread fruits 364 paid cash,364,food,cash,,,cue_row
maine 43484 rupaye Netmeds ko diye Gpay se,43484,healthcare,upi,gpay,sbi,voice_transcript
12053.25 to flatmate via Google Pay,12053.25,friends,upi,gpay,,english_natural
3190 rs petrol bhara Cleartrip ko Gpay se SBI card se,3190,travel,upi,gpay,sbi,hinglish_natural
"FirstCry BILL
St: 118.31
CARD APPROVED",118.31,shopping,card,,,ocr_receipt
mall 2493 rupees debit card se,2493,shopping,card,,slice,hinglish_natural
raat ko 777 rs. checkup karaya doctor ko cash me Punjab National Bank account se,777,healthcare,cash,,pnb,hinglish_natural
Apollo Pharmacy se test karaya 425 rupaye ka via paytm sasta tha,425,healthcare,upi,paytm,hdfc,hinglish_natural
Payment of t4327 to DMart was successful via Jupiter UPI Ref No 4870418778630 hdfc Account 1898,4327,food,upi,jupiter,hdfc,ocr_upi
friend ko 98 transfer kiya cash se,98,friends,cash,,,friends_synthetic
Hospital bill INR 5037,5037,healthcare,card,,,source_english
4734 rupay tuition diye library ko credit card se icici se sasta tha,4734,education,card,,icici,hinglish_natural
dost Karan ko 133 rupaye Fi Money se bheje,133,friends,upi,fi,kotak,friends_synthetic
bike loan EMI 4853 rs via Fi,4853,emi,upi,fi,,hinglish_natural
"Zara BILL
St: 107
CARD approved",107,shopping,card,,,ocr_receipt
"FirstCry BILL
St: 470.51
CARD APPROVED",470.51,shopping,card,,,ocr_receipt
crypto ka mutual fund kya 135 rupaye UPI se diy,135,investment,upi,phonepe,,hinglish_natural
"Behrouz
Net Amount 2705.50
Paid via G Pay",2705.50,food,upi,gpay,,ocr_receipt
Phone Pe payment Rs.24755 SonyLIV SBI 3175 successful,24755,entertainment,upi,phonepe,sbi,ocr_upi
22772 rupaiye paisa daala crypto ko UPI se,22772,investment,upi,cred,,hinglish_natural
"H&M
Net Amount 34091
Paid via CARD",34091,shopping,card,,,ocr_receipt
R 16508 debited from your Kotak account for mobile recharge (Paytm UPI),16508,utilities,upi,paytm,kotak,ocr_upi
Rs.53.79 charged for Meesho on credit card,53.79,shopping,card,,,english_natural
aaj Lenskart pe 1798 rupaye kharcha hua GPay se,1798,healthcare,upi,gpay,canara,voice_transcript
1512 rupees Swiggy BHIM se,1512,food,upi,bhim,,hinglish_natural
"Reliance Digital 3880 Completed 1Aug 2025,7:14 am HDFC 2833 UPI transaction ID 11356777113",3880,shopping,upi,gpay,hdfc,ocr_upi
Netflix ka 2023 rupees ka bill Slice se pay kiya,2023,entertainment,upi,slice,yes bank,voice_transcript
Paid ₹447 for Angel One via fi,447,investment,upi,fi,,english_natural
doctor se test karaya 797 rupay ka debit card se Axis Bank se budget tod diya,28567,healthcare,card,,axis,source_hinglish
₹4674 debited from your Bank of Baroda account for personal loan EMI (Fi Money UPI),4674,emi,upi,fi,bob,ocr_upi
split bill 4714 cash se Divya ko diya,4714,friends,cash,,,friends_synthetic
i paid 435 rupees for stationery using GPay,435,education,upi,gpay,,voice_transcript
amazon flipkart myntra online shopping order t1390 card,1390,shopping,card,,,cue_row
gaming 49126 rupaye UPI se yaar,49126,entertainment,upi,cred,,hinglish_natural
upGrad se fees bharra 158 rupaiye ka UPI se,158,education,upi,paytm,sbi,hinglish_natural
3286 ₹ medicine lya PharmEasy pe PayTM pe,3286,healthcare,upi,paytm,,hinglish_natural
bhai Divya ka 231 rupaye bhim se de diya,231,friends,upi,bhim,sbi,voice_transcript
Nykaa 2227.40,2227.40,shopping,card,,sbi,english_natural
Meesho 227.92 niyo Payment done sbi 2568,227.92,shopping,upi,niyo,sbi,ocr_upi
maine 1785 rupaye personal loan EMI ko diye card se,1785,emi,card,,,voice_transcript
Flipkart 2271 card se pay kiya,2271,shopping,card,,,hinglish_natural
subah mobile recharge 171 ₹ Jupiter se Kotak account se,171,utilities,upi,jupiter,kotak,hinglish_natural
aaj SBI loan pe 438 rupaye kharcha hua card se,438,emi,card,,fi,voice_transcript
Udemy Rs2249 niyo,2249,education,upi,niyo,sbi,ocr_upi
36224 rupay lab test via phonepe,36224,healthcare,upi,phonepe,,hinglish_natural
ATM/CASH/BANK/312,312,food,cash,,,english_natural
HDFC loan ₹8600 SLICE,8600,emi,upi,slice,sbi,ocr_upi
split bill 136 cash se bro ko diya,136,friends,cash,,,friends_synthetic
Priya 2277 cash,2277,friends,cash,,,english_natural
2078 credit card EMI,2078,emi,card,,sbi,english_natural
today i spent 2832 on exam fee via card from my SBI bank,2832,education,card,,sbi,voice_transcript
UPI/41321650/HDFC LOAN/SLICE,304,emi,card,,slice,english_natural
"D RELIANCEFRESH 4486.44 Completed 8Apr 2026,6:02 pm Axis Bank Bank 6508 UPI transaction ID 7709903172 TO:RELIANCEFRESH reliance fresh.22450@axis bankbank Goog1etransaction lD CICAgJjg598043 OPI phonepe",4486.44,food,upi,phonepe,axis,ocr_upi
Gas bill payment INR 229,229,utilities,upi,cred,,source_english
lunch dinner food order swiggy zomato restaurant meal t30988 Gpay,30988,food,upi,gpay,,cue_row
₹2170 charged for restaurant on Bhim,2170,food,upi,bhim,,english_natural
auto 36887 card se matlab,6270,travel,card,,,source_hinglish
Lenskart Rs.1255.56 debited from axis,1255.56,shopping,card,,axis,english_natural
sent INR 3505 to Ananya on cred,3505,friends,upi,cred,,friends_synthetic
paid bhai Rs 2249 via Bhim,2249,friends,upi,bhim,,friends_synthetic
Unacademy Rs.1996 bhim,1996,education,upi,bhim,bob,ocr_upi
Netflix ka show dekha 4684 rupaiye GPay se,4684,entertainment,upi,gpay,fi,hinglish_natural
4482 rupaye petrol pump debit card se,4482,travel,card,,,hinglish_natural
Spent INR 2042.66 on society maintenance using PayTM,2042.66,utilities,upi,paytm,,english_natural
paid 112 to bro through niyo,112,friends,upi,niyo,,voice_transcript
"DENTIST
Item 1 Rs.433
Item 2 ₹227
Total t1239
Bhim",1239,healthcare,upi,bhim,,ocr_receipt
crypto gold bonds NPS portfolio INR 2568 card,2568,investment,card,,,cue_row
Bought Netmeds for INR 32193 with cash,32193,healthcare,cash,,pnb,english_natural
Vi recharge se payment kiyaa 1705 rupaiye ka cash die zyada ho gaya,1705,utilities,cash,,,hinglish_natural
netflix spotify hotstar subscription movie show t2854 card,2854,entertainment,card,,,cue_row
bhai Bajaj Finance EMI se EMI kat gayi 23 rupaye ka debit card se,23,emi,card,,hdfc,hinglish_natural
₹24089.22 charged for bhai on G Pay,24089.22,friends,upi,gpay,,english_natural
Payment of 36261 to Goibibo was successful via Phone Pe UPI Ref No 07710912045938 Axis Account 1001,36261,travel,upi,phonepe,axis,ocr_upi
electronics clothes shoes accessories purchase Rs.386 via card,386,shopping,card,,,cue_row
2272 rupaiye clinic cash me,2272,healthcare,cash,,,hinglish_natural
BYJU'S 10742.93 SLICE,10742.93,education,upi,slice,hdfc,english_natural
INOX 77 rupaye Paytm pe,77,entertainment,upi,paytm,hdfc,hinglish_natural
rent maintenance gas connection INR 124 Paytm,124,utilities,upi,paytm,,cue_row
Paid 1912.18 to upGrad jupiter UPI ICICI Bank 2476 Done,1912.18,education,upi,jupiter,icici,ocr_upi
Paid ₹4596 for Arjun via Mastercard,4596,friends,card,,pnb,english_natural
tuition 61 Visa,61,education,card,,,english_natural
home loan car loan credit card EMI monthly ₹12142 autopay card,12142,emi,card,,,cue_row
rickshaw se ticket book kia 893 rupaiye ka credit card se achha deal mila,893,travel,card,,,hinglish_natural
raat ko crypto 26932 rs UPI se diy,26932,investment,upi,slice,,hinglish_natural
paid Shreya ₹1432 via cash,1432,friends,cash,,,friends_synthetic
Cleartrip 4876 naqad,4876,travel,cash,,,hinglish_natural
netflix spotify hotstar subscription movie show R 3323 card,3323,entertainment,card,,,cue_row
bike loan EMI pe 427 ka EMI kat gayi UPI se diye,427,emi,upi,cred,,hinglish_natural
Clothing store bill INR 18986,18986,shopping,card,,,source_english
kal upGrad se books lia 11545 rs ka card se,11545,education,card,,,hinglish_natural
aaj Unacademy pe 3714 rupaye kharcha hua cash se,3714,education,cash,,canara,voice_transcript
society maintenance 44179.51,44179.51,utilities,upi,niyo,,english_natural
Zee5 379 rupaiye via Slice hdfc se,5,entertainment,upi,slice,hdfc,hinglish_natural
paid 182 to lab test through card from axis,182,healthcare,card,,axis,voice_transcript
electronics clothes shoes accessories purchase Rs.494 via card,494,shopping,card,,,cue_row
spent 2085 rupees on education loan EMI via card,2085,emi,card,,,voice_transcript
DishTV se bill bhra 2076 rupaiye ka debit card se,2076,utilities,card,,,hinglish_natural
235 Phone Pe Groww,235,investment,upi,phonepe,kotak,english_natural
4324 rupaiye Apollo Pharmacy Paytm se,40227,healthcare,upi,paytm,sbi,source_hinglish
Karan me 2996 rs ka paise bheje via PayTM,2996,friends,upi,paytm,fi,hinglish_natural
Reliance Digital pe 7401 rupees ka khareed le liya credit card se matlab,7401,shopping,card,,,hinglish_natural
library Rs 2094 Google Pay,2094,education,upi,gpay,icici,ocr_upi
1mg 184 rs card se pay kiyaa,1,healthcare,card,,,hinglish_natural
paid back friend lent money Rs.4035 jupiter,4035,friends,upi,jupiter,,cue_row
Udemy ka books liyaa 22567 via SLICE,22567,education,upi,slice,,hinglish_natural
college fees se course le liya 3937 rupees ka UPI se diyee,3937,education,upi,phonepe,,hinglish_natural
breakfast snacks chai coffee 499 GPay,499,food,upi,gpay,,cue_row
Coursera 4363 rs cash die Slice se,4363,education,cash,,slice,hinglish_natural
Bought Tata Play for 2924 with cash,2924,utilities,cash,,,english_natural
Just paid Rs 16755.37 to bro through cash,16755.37,friends,cash,,,english_natural
"D NEHA 3294 Completed 24Mar 2026,2:57 pm Punjab National Bank Bank 1953 UPI transaction ID 632381370574103 TO:NEHA neha.72368@punjab national bankbank Googletransaction lD CICAgJjg659415 OPI niyo",3294,friends,upi,niyo,pnb,ocr_upi
Apple Music se subscription renew kya 4283 rupees ka UPI se pay kiyaa,4283,entertainment,upi,bhim,,hinglish_natural
ET Money ka mutual fund kiyaa 46701 rupaiye via Google Pay,46701,investment,upi,gpay,,hinglish_natural
Behrouz 37970.35 Visa,37970.35,food,card,,,english_natural
canteen 115 GPay,115,food,upi,gpay,pnb,english_natural
home loan EMI 2382 rupaye credit card se,2382,emi,card,,,hinglish_natural
electricity water broadband mobile recharge bill Rs.4305 CRED,4305,utilities,upi,cred,,cue_row
i did 2917 expense on college fees using paytm,2917,education,upi,paytm,,voice_transcript
Spent Rs.28594 on Box8 using SLICE,28594,food,upi,slice,hdfc,english_natural
Arjun se dost ko die 1878 ₹ ka phonepe se pay kya,1878,friends,upi,phonepe,slice,hinglish_natural
Rohan 208,208,friends,upi,jupiter,axis,english_natural
dost Neha ko 437 rupaye GPay se bheje,437,friends,upi,gpay,,friends_synthetic
Angel One se mutual fund kiya 229 ka Paytm se pay kiyaa,229,investment,upi,paytm,,hinglish_natural
yaar Barbeque Nation se kha liya 362 rs ka cash me,362,food,cash,,,hinglish_natural
104 rupees personal loan EMI PhonePe,104,emi,upi,phonepe,,voice_transcript
spent 4251 rupees on Amazon Prime via card,4251,entertainment,card,,slice,voice_transcript
spent 1468 rupees on Gaana via card,1468,entertainment,card,,,voice_transcript
Paid 3953.37 for hospital from my sbi account via Google Pay,3953.37,healthcare,upi,gpay,sbi,english_natural
rent ka 4654 rupees ka bill PayTM se pay kiya,4654,utilities,upi,paytm,,voice_transcript
JioCinema ₹151 debited from Axis,151,entertainment,card,,axis,english_natural
paid 6889 to upGrad through PhonePe,6889,education,upi,phonepe,,voice_transcript
42186 Paytm Vikram,42186,friends,upi,paytm,sbi,english_natural
Paid Rs 11670.62 for rent via cash,11670.62,utilities,cash,,,english_natural
Car loan EMI INR 17303,17303,emi,card,,,source_english
gaming concert event ticket ₹1598 card,1598,entertainment,card,,rbl,cue_row
Divya Rs.17893.93 paytm,17893.93,friends,upi,paytm,pnb,ocr_upi
yaar 3488 rupees FirstCry debit card se,3488,shopping,card,,icici,hinglish_natural
477 rs show dekha gaming ko credit card se,477,entertainment,card,,,hinglish_natural
₹3592.82 debited from your axis account for Bewakoof (Phone Pe UPI),3592.82,shopping,upi,phonepe,axis,ocr_upi
Vedantu me 3072 ₹ ka tuition de diya debit card se,3072,education,card,,jupiter,hinglish_natural
Bajaj Finance EMI pe 33 ka EMI kat gayi credit card se,33,emi,card,,,hinglish_natural
food court pe 3302 rs. ka mangwaya CRED se pay kya,3302,food,upi,cred,,hinglish_natural
Paid ₹4399.98 for 1mg via cash,4399.98,healthcare,cash,,,english_natural
dost Amit ko 2415 rupaye Google Pay se bheje,2415,friends,upi,gpay,,friends_synthetic
POS/ZARA/GPAY/5829,4875,shopping,upi,gpay,sbi,english_natural
61 mall,61,shopping,card,,,english_natural
3686 to Amit Gpay UPI,3686,friends,upi,gpay,,friends_synthetic
stocks payment 31 done via Cred,31,investment,upi,cred,,english_natural
Reliance Digital ka khareed liyaa 2594 credit card se,2594,shopping,card,,sbi,hinglish_natural
1290 rupees diagnostic SLICE,1290,healthcare,upi,slice,,voice_transcript
4279 rupees Ola G Pay sbi account,4279,travel,upi,gpay,sbi,voice_transcript
"NYKAA
Item 1 344
Item 2 257
Total ?31343
CRED",31343,shopping,upi,cred,,ocr_receipt
2725 rupees gas bill G Pay,2725,utilities,upi,gpay,,voice_transcript
crypto 38049 UPI se,38049,investment,upi,gpay,,hinglish_natural
74 rupees PVR Gpay,74,entertainment,upi,gpay,,voice_transcript
Rs.1125 paid to FirstCry via G Pay UPI from State Bank Bank ending 8133,1125,shopping,upi,gpay,sbi,ocr_upi
₹1757 paid to Pooja via GPay UPI from State Bank Bank ending 9092,1757,friends,upi,gpay,sbi,ocr_upi
383 ₹ bill bhara mobile recharge pe via Phone Pe Canara wale account se,383,utilities,upi,phonepe,canara,hinglish_natural
Chai Point se khana khya 29979 rupaiye ka cash me,29979,food,cash,,,hinglish_natural
329.81 to Dominos via gpay jupiter account,329.81,food,upi,gpay,jupiter,english_natural
split bill 2478 cash se Divya ko diya,2478,friends,cash,,icici,friends_synthetic
"TAX INVOICE
BookMyShow
Grand Total: ₹16449
Payment: Phone Pe",16449,entertainment,upi,phonepe,bob,ocr_receipt
yaar ka transfer kya 1850 rs. UPI se die Fi Money wale account se,1850,friends,upi,cred,fi,hinglish_natural
Zomato me 379 rupees ka kha liya card se pay kia,379,food,card,,hdfc,hinglish_natural
"Receipt #4160
Ajio
Amount Paid: Rs28190
Mode: Phone Pe",28190,shopping,upi,phonepe,,ocr_receipt
Rs 3129.38 charged for Haldirams on paytm,3129.38,food,upi,paytm,,english_natural
JioCinema ka subscription renew kr diya 4039 rupees card se pay kya kotak card se,4039,entertainment,card,,kotak,hinglish_natural
INR 88 to stationery via phonepe ICICI account,88,education,upi,phonepe,icici,english_natural
DMart pe 2365 ₹ ka mangwaya UPI se de diya hdfc card se,2365,food,upi,paytm,hdfc,hinglish_natural
"BILL
Apple Music
Rs.18189
gpay
Thank You Visit Again",18189,entertainment,upi,gpay,,ocr_receipt
dinner split 358 rupaye yaar card,358,friends,card,,,friends_synthetic
tuition ka tuition die 4270 rs. SLICE pe,4270,education,upi,slice,,hinglish_natural
TO:SOCIETYMAINTENANCE societymaintenance.93427@hdfcbank From:RAHULKUMAR (HDFC cred : sender4724@okhdfcbank,36196,utilities,upi,cred,hdfc,ocr_upi
Rs 3750.37 debited from your HDFC Bank account for Groww (Phonepe UPI),3750.37,investment,upi,phonepe,hdfc,ocr_upi
"D DISHTV 257 Completed 21Mar 2026,12:04 pm ICICI Bank 1499 UPI transaction ID 722196938102 TO:DISHTV dishtv.25910@icicibank Soogletransaction lD CICAgJjg185823 OPI Paytm",257,utilities,upi,paytm,icici,ocr_upi
office se aate hue IndiGo se ticket book kar diya 4139 ₹ ka UPI se,4139,travel,upi,gpay,,hinglish_natural
8104 to Divya Phone Pe UPI,8104,friends,upi,phonepe,axis,friends_synthetic
"TAX INVOICE
FreshMenu
Grand Total: INR 3834
Payment: cred",3834,food,upi,cred,,ocr_receipt
gas bill se bill pay kiya 746 ka fi se,746,utilities,upi,fi,sbi,hinglish_natural
sent 4009 to bhai on Jupiter,4009,friends,upi,jupiter,hdfc,friends_synthetic
dentist se doctor ko de diya 396 ₹ ka bhim se pay kia,396,healthcare,upi,bhim,,hinglish_natural
"D CLEARTRIP 3731 Completed 19Apr 2026,4:40 pm BOB Bank 6657 UPI transaction ID 3785814429 TO:CLEARTRIP cleartrip.78683@bobbank Goog1etransaction lD CICAgJjg876190 OPI Phonepe",3731,travel,upi,phonepe,bob,ocr_upi
dost se udhar return kar diya 18392 ₹ ka GPay pe,18392,friends,upi,gpay,jupiter,hinglish_natural
mobile recharge mein 379 lag gaye cash se bhara,379,utilities,cash,,,voice_transcript
SIP 317 Fi,317,investment,upi,niyo,fi,english_natural
UPI/04666071/BIKE LOAN EMI/BANK,12265,emi,card,,,english_natural
Cafe coffee INR 31429,31429,food,card,,,source_english
dinner split 3805 rupaye Pooja cash,3805,friends,cash,,sbi,friends_synthetic
flatmate rent share 3863 gpay colleague,3863,friends,upi,gpay,,friends_synthetic
paid back friend lent money 41951 phonepe,41951,friends,upi,phonepe,,cue_row
Rs300 charged for school fees on Google Pay,300,education,upi,gpay,,english_natural
Rs.3492 charged for Ola on Phone Pe,3492,travel,upi,phonepe,,english_natural
Rahul 224 rs. cash de diya zyada ho gaya,224,friends,cash,,,hinglish_natural
422.84 to Flipkart via paytm,422.84,shopping,upi,paytm,,english_natural
Starbucks mein 4208 lag gaye cash se bhara,4208,food,cash,,pnb,voice_transcript
split bill 2553 card se Neha ko diya,2553,friends,card,,,friends_synthetic
food court 16623 rs. slice pe,16623,food,upi,slice,,hinglish_natural
Angel One Rs.2946 debited from sbi,2946,investment,upi,gpay,sbi,english_natural
uber ola cab ride airport train ticket ₹1877 card,1877,travel,card,,,cue_row
465 electronics store,465,shopping,upi,gpay,,english_natural
DishTV ka bill bhra 24415 rupees naqad,24415,utilities,cash,,icici,hinglish_natural
i did 2501 expense on Spotify using card,2501,entertainment,card,,kotak,voice_transcript
"GAS BILL
Item 1 INR 463
Item 2 ₹265
Total 421.25
Jupiter",421.25,utilities,upi,jupiter,,ocr_receipt
kal 4874 rupees paisa daala FD pe UPI se bc,4874,investment,upi,slice,,hinglish_natural
UPI/48897070/TATA CLIQ/SLICE,46318,shopping,card,,slice,english_natural
coaching me 2400 rupay ka fees bhra UPI se de diya,2400,education,upi,phonepe,,hinglish_natural
t40953.28 paid to bike loan EMI via Google Pay UPI from HDFC Bank Bank ending 5215,40953.28,emi,upi,gpay,hdfc,ocr_upi
abhi 340 rupay cab lya IndiGo ko cash me,340,travel,cash,,,hinglish_natural
PVR me 373 rs ka subscription renew kia debit card se,373,entertainment,card,,,hinglish_natural
electronics clothes shoes accessories purchase 2297 via CRED,2297,shopping,upi,cred,,cue_row
aaj Bajaj Finance EMI pe 4252 rupaye kharcha hua SLICE se,4252,emi,upi,slice,,voice_transcript
Udemy mein 2756 lag gaye cash se bhara,2756,education,cash,,,voice_transcript
split bill 4713 cash se Ananya ko diya,4713,friends,cash,,,friends_synthetic
"BILL
ACT Fibernet
Rs.3388
Paytm
Thank You Visit Again",3388,utilities,upi,paytm,,ocr_receipt
Flipkart ka order kya 380 rs credit card se,380,shopping,card,,canara,hinglish_natural
PPF contribution INR 40197,40197,investment,upi,bhim,,source_english
"TAX INVOICE
Zara
Grand Total: Rs 34350.04
Payment: Paytm",34350.04,shopping,upi,paytm,,ocr_receipt
Netflix subscription INR 10098,10098,entertainment,upi,paytm,,source_english
"TAX INVOICE
insurance premium
Grand Total: Rs 2914
Payment: SLICE",2914,utilities,upi,slice,,ocr_receipt
bro ka paise bheje 16936 rupay credit card se,16936,friends,card,,,hinglish_natural
office se aate hue stationery pe 1436 rupaye ka admission kya credit card se,1436,education,card,,fi,hinglish_natural
41794 mall Phonepe pe,41794,shopping,upi,phonepe,,hinglish_natural
raat ko library me 1525 ₹ ka fees bharaa Paytm pe,1525,education,upi,paytm,slice,hinglish_natural
food court ka food order kia 3416 card se,3416,food,card,,,hinglish_natural
Vikram 53 cred se pay kiya ICICI account se,53,friends,upi,cred,icici,hinglish_natural
ATM/CASH/BANK/2993.49,2993.49,utilities,upi,paytm,,english_natural
Exam fee INR 36422,36422,education,card,,axis,source_english
₹3655.26 charged for Haldirams on Google Pay,3655.26,food,upi,gpay,,english_natural
1645 rupay saman lya Meesho pe via PayTM Slice wale account se,1645,shopping,upi,paytm,slice,hinglish_natural
MedPlus me 161 rupaye ka doctor ko de diya card se zyada ho gaya,161,healthcare,card,,,hinglish_natural
crypto gold bonds NPS portfolio Rs 916 CRED,916,investment,upi,cred,,cue_row
"BILL
clinic
INR 443
CASH
Thank You Visit Again",443,healthcare,cash,,,ocr_receipt
mutual fund SIP stocks PPF FD investment ₹403 Bhim,403,investment,upi,bhim,kotak,cue_row
SBI loan pe 2856 rupaye ka EMI kat gayi card se State Bank se kata,2856,emi,card,,sbi,hinglish_natural
metro INR 3804 gpay,3804,travel,upi,gpay,icici,english_natural
IRCTC mein 81 lag gaye cash se bhara,81,travel,cash,,hdfc,voice_transcript
dentist ka doctor ko de diya 220 rupaye card se,5037,healthcare,card,,,source_hinglish
gas bill ka bill bhar diya 39372 rupaiye UPI se die hdfc wale account se,39372,utilities,upi,slice,hdfc,hinglish_natural
yaar Paytm Money 11276 rupees card se,11276,investment,card,,sbi,hinglish_natural
Spent 3445 on mutual fund using Gpay,3445,investment,upi,gpay,,english_natural
Gaana ₹1570 Slice,1570,entertainment,upi,slice,kotak,ocr_upi
flatmate mein 23832 lag gaye Google Pay se bhara,23832,friends,upi,gpay,kotak,voice_transcript
Paid t38843.80 to Lenskart CRED UPI Axis 9046 Successful,38843.80,shopping,upi,cred,axis,ocr_upi
"D DUNKIN 47721 Completed 4Jan 2026,8:13 pm icici Bank 5313 UPI transaction ID 8638691005796 TO:DUNKIN dunkin.48622@icicibank Goog1etransaction lD CICAgJjg411433 OPI Phonepe",47721,food,upi,phonepe,icici,ocr_upi
Practo ka doctor ko die 2205 G Pay pe bhai,2205,healthcare,upi,gpay,sbi,hinglish_natural
flight booking travel ticket INR 258 PhonePe,258,travel,upi,phonepe,,cue_row
mobile recharge se payment kiyaa 136 rs. ka UPI se Niyo card se budget tod diya,136,utilities,upi,cred,niyo,hinglish_natural
CCD pe 19752 rupaiye ka khana order kia cash die bhai,19752,food,cash,,,hinglish_natural
Spent Rs.177 on gold using PhonePe,177,investment,upi,phonepe,,english_natural
i did 19295 expense on Coursera using cash,19295,education,cash,,,voice_transcript
gaming concert event ticket ?193 cash,193,entertainment,cash,,,cue_row
yaar SBI loan se installment diye 83 rs ka SLICE pe zyada ho gaya,83,emi,upi,slice,,hinglish_natural
paid dost ₹571 via paytm,571,friends,upi,paytm,,friends_synthetic
insurance premium ka payment kiyaa 5422 rupaiye via Phone Pe,5422,utilities,upi,phonepe,hdfc,hinglish_natural
personal loan installment EMI deduction Rs 692 card,692,emi,card,,,cue_row
Paid Rs.39592 for Shreya via cash,39592,friends,cash,,,english_natural
3430 G Pay college fees,3430,education,upi,gpay,,english_natural
Paid ₹2858 for lab test from my Axis Bank account via cash,2858,healthcare,cash,,axis,english_natural
Ananya pe 3136 rupaye ka paise bheje UPI se,3136,friends,upi,cred,,hinglish_natural
ATM/CASH/KOTAK/4218,4218,friends,upi,slice,kotak,english_natural
46994 ₹ order kia Amazon pe UPI se diyee sbi se,46994,shopping,upi,paytm,sbi,hinglish_natural
"Amazon BILL
St: 483.88
bhim Approved",483.88,shopping,upi,bhim,,ocr_receipt
gold 89,89,investment,card,,,english_natural
Paid R 417.36 for Shreya via Cred,417.36,friends,upi,cred,,english_natural
Rs 40364 to Airtel recharge via paytm,40364,utilities,upi,paytm,,english_natural
Used Federal Bank Mastercard to pay Rs.2821 for PPF,2821,investment,card,,federal bank,english_natural
Bharat Petroleum mein 46697 lag gaye cash se bhara,46697,travel,cash,,,voice_transcript
i did 1102 expense on electronics store using card,1102,shopping,card,,,voice_transcript
4764 rupaye admission kiya school fees pe via SLICE,4764,education,upi,slice,slice,hinglish_natural
"MEESHO RESTAURANT
Total 952
Cash Received
Change 0.00",952,shopping,upi,bhim,,ocr_receipt
TO:PERSONALLOANEMI personalloanemi.96215@icicibank From:UTSAVJANA (icici PayTM : user8002@okicicibank,1087,emi,upi,paytm,icici,ocr_upi
Rs.34221 to Bharat Petroleum via GPay,34221,travel,upi,gpay,,english_natural
Paid ₹4355 to concert Phone Pe UPI ICICI Bank 1593 Done,4355,entertainment,upi,phonepe,icici,ocr_upi
maine 401 rupaye H&M ko diye card se,401,shopping,card,,,voice_transcript
Rs2169.53 paid to Ola via cred UPI from State Bank Bank ending 4198,2169.53,travel,upi,cred,sbi,ocr_upi
i did 3141 expense on PharmEasy using phonepe,3141,healthcare,upi,phonepe,,voice_transcript
28718 rupees school fees Cred,28718,education,upi,cred,,voice_transcript
aaj 514 rupaye SIP bharaa mutual fund ko credit card se,514,investment,card,,,hinglish_natural
ghar jaate waqt 267 rs fees bhar diya college fees pe UPI se slice card se,267,education,upi,phonepe,slice,hinglish_natural
dopahar ko INOX ka game liyaa 1242 rs debit card se,1242,entertainment,card,,,hinglish_natural
Air India 36190 Visa,36190,travel,card,,idfc,english_natural
i did 2025 expense on Udemy using cash,2025,education,cash,,icici,voice_transcript
netflix spotify hotstar subscription movie show Rs28383 card,28383,entertainment,card,,,cue_row
grocery vegetables milk bread fruits Rs.279 paid cash,279,food,cash,,,cue_row
82 G Pay Vi recharge,82,utilities,upi,gpay,hdfc,english_natural
466 rupaye test karaya clinic pe via Google Pay,466,healthcare,upi,gpay,,hinglish_natural
i paid 32887 rupees for clinic using cash,32887,healthcare,cash,,sbi,voice_transcript
"Uber 3638.98 Completed 16Jan 2025,1:35 pm SBI 4385 UPI transaction ID 423489837638956",3638.98,travel,upi,jupiter,sbi,ocr_upi
ATM/CASH/SBI/4947.28,4947.28,healthcare,card,,sbi,english_natural
3094 BookMyShow debit card se,3094,entertainment,card,,bob,hinglish_natural
"Receipt #6894
Myntra
Amount Paid: 4933
Mode: Fi Money",4933,shopping,upi,fi,,ocr_receipt
kal DishTV se bill pay kya 1943 rs ka via GPay,1943,utilities,upi,gpay,,hinglish_natural
Used Niyo debit card to pay Rs.2047.21 for Zara,2047.21,shopping,card,,niyo,english_natural
ATM/CASH/BANK/2894,2894,healthcare,upi,slice,,english_natural
raat ko 195 mall cash de diya,195,shopping,cash,,,hinglish_natural
Paid ?4566 to HDFC loan cred UPI IDFC 3944 Done,4566,emi,upi,cred,idfc,ocr_upi
"TAX INVOICE
YouTube Premium
Grand Total: Rs.23076
Payment: CARD",23076,entertainment,card,,hdfc,ocr_receipt
28 rupay PVR card se,28,entertainment,card,,,hinglish_natural
₹57.19 debited from your HDFC account for friend (Gpay UPI),57.19,friends,upi,gpay,hdfc,ocr_upi
upGrad ₹32016 debited from icici,32016,education,cash,,icici,english_natural
mobile recharge ka 1790 rupees ka bill Google Pay se pay kiya,1790,utilities,upi,gpay,,voice_transcript
Hotstar 40939 rupaiye CRED pe yaar,40939,entertainment,upi,cred,fi,hinglish_natural
Bike loan EMI INR 37761,37761,emi,card,,,source_english
45191 charged for SpiceJet on credit card,45191,travel,card,,sbi,english_natural
Paid t5688 for BSNL from my Niyo account via card,5688,utilities,card,,niyo,english_natural
dopahar ko DishTV me 9001 rupay ka bill bhra UPI se pay kia,9001,utilities,upi,cred,pnb,hinglish_natural
Cafe coffee INR 47177,47177,food,upi,fi,,source_english
11553 electricity bill,11553,utilities,upi,jupiter,,english_natural
Rs 4725.50 paid to Lenskart via card from State Bank,4725.50,healthcare,card,,sbi,english_natural
28756 paid to FirstCry via credit card from Niyo,28756,shopping,card,,niyo,english_natural
electronics store se khareed lya 4570 rupay ka UPI se de diya,4570,shopping,upi,cred,,hinglish_natural
Zomato ka food order kar diya 33435 rs UPI se,33435,food,upi,phonepe,,hinglish_natural
ARJUN INR 1356.20 FI MONEY,1356.20,friends,upi,gpay,fi,english_natural
Paid ₹448.97 for mutual fund from my SBI account via credit card,448.97,investment,card,,sbi,english_natural
upGrad ka fees bharra 2377 rs haath se de diye Punjab National Bank card se,47809,education,cash,,pnb,source_hinglish
spent 26726 rupees on gaming via card,26726,entertainment,card,,,voice_transcript
716 ₹ school fees cash de diya,716,education,cash,,hdfc,hinglish_natural
Rs.4589 to Ananya paytm UPI,4589,friends,upi,paytm,,friends_synthetic
UPI/03984976/NEHA/STATE BANK,3281,friends,upi,paytm,sbi,english_natural
"D BHARATPETROLEUM 312 Completed 1Feb 2026,12:07 pm hdfc Bank 6271 UPI transaction ID 395313135214 TO:BHARATPETROLEUM bharat petroleum.76364@hdfcbank Googletransaction lD XYZabc174319 OPI bhim",312,travel,upi,bhim,hdfc,ocr_upi
Spent 3667 on mess using Mastercard,3667,food,card,,,english_natural
3614 ₹ EMI bharra car loan EMI pe debit card se,3614,emi,card,,,hinglish_natural
school college tuition course books fees ₹3591 bhim,3591,education,upi,bhim,,cue_row
Shreya ka split kya 35328 rupees UPI se die bhai,35328,friends,upi,paytm,,hinglish_natural
split bill 601 Google Pay se Amit ko diya,601,friends,upi,gpay,,friends_synthetic
water bill 156 via GPay,156,utilities,upi,gpay,,hinglish_natural
"D AUTO 14425 Completed 13Jan 2026,3:51 pm Canara Bank 8295 UPI transaction ID 49635550121991 TO:AUTO auto.44412@canarabank Goog1etransaction lD XYZabc535953 OPI Phone Pe",14425,travel,upi,phonepe,canara,ocr_upi
"Chai Point
Net Amount 87.66
Paid via CARD",87.66,food,card,,hdfc,ocr_receipt
today i spent 477 on Ola via Google Pay,477,travel,upi,gpay,,voice_transcript
"BILL
clinic
Rs 206.55
G Pay
Thank You Visit Again",206.55,healthcare,upi,gpay,,ocr_receipt
ATM/CASH/AXIS/15207,15207,friends,upi,phonepe,axis,english_natural
"eye checkup BILL
St: INR 24192
GPay APPROVED",24192,healthcare,upi,gpay,,ocr_receipt
"D BAJAJFINANCEEMI 1339.78 Completed 8Jan 2026,11:04 pm PNB Bank 8802 UPI transaction ID 5023818446 TO:BAJAJFINANCEEMI bajaj finance emi.69081@pnbbank Googletransaction lD CICAgJjg404401 OPI Paytm",1339.78,emi,upi,paytm,pnb,ocr_upi
Bought credit card EMI for Rs2326.34 with Visa,2326.34,emi,card,,federal bank,english_natural
home loan car loan credit card EMI monthly Rs1797 autopay card,1797,emi,card,,kotak,cue_row
Paid 175 to water bill PayTM UPI BOB 8712 Successful,175,utilities,upi,paytm,bob,ocr_upi
"D BRO 176 Completed 5Apr 2026,5:34 pm State Bank Bank 9717 UPI transaction ID 2755377938546 TO:BRO bro.12712@state bankbank Goog1etransaction lD CICAgJjg104072 OPI Slice",176,friends,upi,slice,sbi,ocr_upi
"YOUTUBE PREMIUM
Item 1 493
Item 2 INR 482
Total 21426.08
Gpay",21426.08,entertainment,upi,gpay,,ocr_receipt
174 ka INOX bill pay kiya niyo se HDFC se kata,174,entertainment,upi,niyo,hdfc,voice_transcript
amazon flipkart myntra online shopping order Rs.462 card,462,shopping,card,,,cue_row
society maintenance INR 2729 debited from axis,2729,utilities,upi,cred,axis,english_natural
Paid 454.88 to yaar Cred UPI Punjab National Bank 4664 Completed,454.88,friends,upi,cred,pnb,ocr_upi
4414 rupaiye bill bhar diya rent ko credit card se,4414,utilities,card,,,hinglish_natural
Zerodha ka stock le liya 126 rupaye Gpay se pay kar diya,126,investment,upi,gpay,hdfc,hinglish_natural
sent Rs.3690 to Pooja on Cred,3690,friends,upi,cred,,friends_synthetic
raat ko 24492 rupaiye petrol bhra rickshaw ko Niyo se pay kiya,24492,travel,upi,niyo,,hinglish_natural
Haldirams 435,435,food,cash,,,english_natural
1293 rupay cab liya Air India ko UPI se diyee,1293,travel,upi,paytm,,hinglish_natural
UPI/82645161/PERSONAL LOAN EMI/ICICI,3798,emi,card,,icici,english_natural
bhai Angel One ka 98 rupaye card se de diya,98,investment,card,,,voice_transcript
EaseMyTrip 4839.68 PayTM Payment done HDFC 5215,4839.68,travel,upi,paytm,hdfc,ocr_upi
raat ko 476 rupay Ola Cred se,476,travel,upi,cred,,hinglish_natural
"YOUTUBE PREMIUM RESTAURANT
Total 49297
Cash Received
Change 0.00",49297,entertainment,upi,phonepe,,ocr_receipt
i did 436 expense on society maintenance using paytm,436,utilities,upi,paytm,kotak,voice_transcript
Paid ₹461 to Tata Play G Pay UPI HDFC Bank 5239 Completed,461,utilities,upi,gpay,hdfc,ocr_upi
dost Pooja ko 3722 rupaye cash se bheje,3722,friends,cash,,,friends_synthetic
R 40611 charged for Yatra on debit card,40611,travel,card,,,english_natural
car loan EMI 7488 credit card se,7488,emi,card,,,hinglish_natural
Indian Oil 47 ₹ cash die,47,travel,cash,,,hinglish_natural
FreshMenu ka khana khayaa 39412 rs. UPI se diy,39412,food,upi,paytm,,hinglish_natural
129 rs. saman liya Ajio pe UPI se,129,shopping,upi,paytm,kotak,hinglish_natural
₹86 charged for HP Petrol on Google Pay,86,travel,upi,gpay,niyo,english_natural
INR 363.53 debited from your HDFC Bank account for concert (paytm UPI),363.53,entertainment,upi,paytm,hdfc,ocr_upi
TO:BEWAKOOF bewakoof.86537@kotakbank From:AMITSINGH (Kotak BHIM : sender8730@okkotakbank,8653,shopping,upi,bhim,kotak,ocr_upi
Rahul 20882 NIYO,20882,friends,upi,niyo,hdfc,english_natural
218 ₹ Spotify debit card se,218,entertainment,card,,,hinglish_natural
Paid coaching Rs.2747 using debit card,2747,education,card,,,english_natural
spent 409 rupees on personal loan EMI via card,409,emi,card,,,voice_transcript
dinner split 601 rupaye Arjun cash,601,friends,cash,,,friends_synthetic
Paid PVR ₹455 using Mastercard,455,entertainment,card,,,english_natural
INR 2539.31 to H&M via credit card HDFC Bank account,2539.31,shopping,card,,hdfc,english_natural
JioCinema ka show dekha 1785 rupaiye Phone Pe se,1785,entertainment,upi,phonepe,,hinglish_natural
market me 36 rs. ka shopping kia haath se diy,36,shopping,cash,,,hinglish_natural
Groww 2199 ₹ UPI se,2199,investment,upi,phonepe,axis,hinglish_natural
Rs.33201.08 paid to coaching via Phone Pe UPI from IDFC First Bank ending 3832,33201.08,education,upi,phonepe,idfc,ocr_upi
"DOMINOS
Item 1 Rs 497
Item 2 INR 436
Total 4988
NIYO",4988,food,upi,niyo,,ocr_receipt
Goibibo se ride lya 281 rupaye ka Phone Pe se pay kr diya,281,travel,upi,phonepe,,hinglish_natural
personal loan installment EMI deduction R 34779 card,34779,emi,card,,,cue_row
"ELECTRONICS STORE RESTAURANT
Total 1877.96
Cash Received
Change 0.00",1877.96,shopping,card,,sbi,ocr_receipt
Bought Tata Play for Rs 442 with Phone Pe,442,utilities,upi,phonepe,,english_natural
Spent Rs.10306 on PPF using Visa,10306,investment,card,,,english_natural
gaming concert event ticket Rs.22205 card,22205,entertainment,card,,,cue_row
"BILL
Hotstar
36885
CARD
Thank You Visit Again",36885,entertainment,card,,,ocr_receipt
today i spent 4487 on upGrad via card from my Bandhan bank,4487,education,card,,bandhan,voice_transcript
yaar 43141 rs installment diyee car loan EMI ko card se ICICI Bank card se,9579,emi,card,,icici,source_hinglish
2942 rupees kha liya Box8 pe phonepe pe,2942,food,upi,phonepe,,hinglish_natural
Uber ka ticket book kiya 1760 ₹ card se,1760,travel,card,,,hinglish_natural
bhai HDFC loan ka 332 rupaye SLICE se de diya,332,emi,upi,slice,icici,voice_transcript
IRCTC me 395 rs. ka cab liya card se,395,travel,card,,icici,hinglish_natural
abhi Hotstar ka ticket lia 2073 rupees UPI se diye,2073,entertainment,upi,gpay,,hinglish_natural
rickshaw ka ticket book kiyaa 41611 rs card se,41611,travel,card,,,hinglish_natural
"D WATERBILL 285 Completed 18Apr 2026,12:09 pm Axis Bank Bank 4519 UPI transaction ID 002432405049 TO:WATERBILL water bill.21323@axis bankbank Soogletransaction lD CICAgJjg081813 OPI PhonePe",285,utilities,upi,phonepe,axis,ocr_upi
coaching exam preparation study material INR 156 card,156,education,card,,,cue_row
Just paid 177 to Apollo Pharmacy through Phonepe,177,healthcare,upi,phonepe,,english_natural
"Behrouz
Net Amount 1558
Paid via CARD",1558,food,card,,bandhan,ocr_receipt
19861 rupees SBI loan card,19861,emi,card,,,voice_transcript
abhi Ajio pe 30507 ka khareed lya card se pay kiya,30507,shopping,card,,,hinglish_natural
flatmate rent share 163 PayTM colleague,163,friends,upi,paytm,,friends_synthetic
47119 rupaiye stationery debit card se,47119,education,card,,,hinglish_natural
Paid FirstCry ₹1996 using Visa from sbi,1996,shopping,card,,sbi,english_natural
Zomato 22005 via cred slice se,22005,food,upi,cred,slice,hinglish_natural
TO:1MG 1mg.86405@sbibank From:UTSAVJANA (SBI Google Pay : user6789@oksbibank,358,healthcare,upi,gpay,sbi,ocr_upi
Pooja me 257 ₹ ka split kiyaa Gpay se pay kiyaa,257,friends,upi,gpay,,hinglish_natural
bhai se paise bheje 15501 rupaye ka UPI se diyee YES BANK se,15501,friends,upi,slice,yes bank,hinglish_natural
dinner split 142 rupaye flatmate jupiter,142,friends,upi,jupiter,,friends_synthetic
426 education loan EMI debit card se,426,emi,card,,,hinglish_natural
"TAX INVOICE
H&M
Grand Total: Rs.1289
Payment: Cred",1289,shopping,upi,cred,sbi,ocr_receipt
raat ko 1398 rupaye broadband CRED pe,1398,utilities,upi,cred,,hinglish_natural
Bus ticket INR 16317,16317,travel,upi,paytm,,source_english
Netflix ka movie dekhi 4892 rs UPI se,36577,entertainment,upi,fi,,source_hinglish
"Receipt #8279
dentist
Amount Paid: ?21004
Mode: G Pay",21004,healthcare,upi,gpay,,ocr_receipt
abhi SonyLIV me 86 rs ka movie dekhi via Slice,86,entertainment,upi,slice,,hinglish_natural
UPI/20383449/APPLE MUSIC/BANK,47080,entertainment,upi,phonepe,,english_natural
Amazon purchase INR 41134,41134,shopping,upi,gpay,sbi,source_english
dentist ₹31468 gpay,31468,healthcare,upi,gpay,,english_natural
DishTV 15999.17,15999.17,utilities,upi,jupiter,sbi,english_natural
"education loan EMI 367 Completed 6Feb 2026,3:06 pm hdfc 6555 UPI transaction ID 19989823722",367,emi,upi,cred,hdfc,ocr_upi
exam fee se tuition diye 2981 ₹ ka Gpay se pay kia,2981,education,upi,gpay,,hinglish_natural
Bajaj Finance EMI ka 4945 rupees ka bill Phone Pe se pay kiya,4945,emi,upi,phonepe,,voice_transcript
dinner split 3376 rupaye Neha Paytm,3376,friends,upi,paytm,,friends_synthetic
upGrad Rs 1082 cash,1082,education,cash,,,english_natural
"1mg
Net Amount 4883
Paid via Fi",4883,healthcare,upi,fi,bob,ocr_receipt
IRCTC 49404,49404,travel,upi,paytm,hdfc,english_natural
477 rupees Coursera phonepe Punjab National Bank account,477,education,upi,phonepe,pnb,voice_transcript
NEFT/TRANSFER/JIOCINEMA/,416.18,entertainment,upi,gpay,,english_natural
medical checkup lab test health insurance INR 2137 cash,2137,healthcare,cash,,sbi,cue_row
raat ko Amazon Prime se ticket lya 4875 rs ka card se achha deal mila,4875,entertainment,card,,,hinglish_natural
Paid 261 for lab test from my Slice account via bhim,261,healthcare,upi,bhim,slice,english_natural
48953 rs. Box8 UPI se pay kia,48953,food,upi,phonepe,,hinglish_natural
"PVR BILL
St: 42142
CARD APPROVED",42142,entertainment,card,,,ocr_receipt
NEFT/TRANSFER/SIP/HDFC,42224.68,investment,card,,hdfc,english_natural
dopahar ko 22900 ₹ EatFit naqad,22900,food,cash,,hdfc,hinglish_natural
HDFC loan ka loan payment kiyaa 43759 rupaiye G Pay se,43759,emi,upi,gpay,sbi,hinglish_natural
crypto payment ?180 done via Phone Pe,180,investment,upi,phonepe,,english_natural
today i spent 30558 on diagnostic via card,30558,healthcare,card,,,voice_transcript
2329 Visa Myntra,2329,shopping,card,,,english_natural
subah 6733 rupees PVR card se pay kiya,6733,entertainment,card,,yes bank,hinglish_natural
gold ka mutual fund kar diya 4272 PhonePe se pay kiya,4272,investment,upi,phonepe,,hinglish_natural
Zara pe 1262 rupay ka buy kr diya credit card se,1262,shopping,card,,,hinglish_natural
"Barbeque Nation 3886 Completed 13Sep 2025,2:13 am icici 9452 UPI transaction ID 517091593164",3886,food,upi,phonepe,icici,ocr_upi
dopahar ko food court se kha liya 25574 rupees ka cash diye bc,25574,food,cash,,axis,hinglish_natural
ghar jaate waqt Burger King pe 335 rs ka khana khaya GPay se,335,food,upi,gpay,hdfc,hinglish_natural
electricity water broadband mobile recharge bill 389 Fi,389,utilities,upi,fi,,cue_row
abhi restaurant pe 174 rupees ka kha liya UPI se,174,food,upi,paytm,,hinglish_natural
petrol pump pe 2358 rs. ka cab liya cash me,2358,travel,cash,,,hinglish_natural
Home loan EMI INR 30192,30192,emi,card,,,source_english
raat ko IRCTC se ticket book kr diya 3482 rs ka UPI se de diya State Bank account se,6052,travel,upi,cred,sbi,source_hinglish
Water bill INR 10058,10058,utilities,upi,slice,,source_english
SIP me 13983 rupaye ka invest kar diya card se pay kia hdfc card se,13983,investment,card,,hdfc,hinglish_natural
"diagnostic 4281.18 Completed 27Mar 2026,6:57 pm Kotak Mahindra 3285 UPI transaction ID 469726142448394",4281.18,healthcare,upi,paytm,kotak,ocr_upi
Angel One se SIP bhara 2707 ₹ ka card se,2707,investment,card,,sbi,hinglish_natural
maine 491 rupaye Zerodha ko diye Paytm se,491,investment,upi,paytm,,voice_transcript
"SOCIETY MAINTENANCE
Item 1 100
Item 2 ?255
Total Rs.127
CARD",127,utilities,card,,,ocr_receipt
INR 11221 charged for broadband on Paytm,11221,utilities,upi,paytm,,english_natural
rickshaw se petrol bhara 11555 rupaiye ka card se pay kiya ICICI wale account se,11555,travel,card,,icici,hinglish_natural
"TATA PLAY RESTAURANT
Total 4191
Cash Received
Change 0.00",4191,utilities,upi,cred,,ocr_receipt
FD me 676 ka SIP bhra UPI se diye,1610,investment,upi,gpay,,source_hinglish
POS/GOLD/VISA/8191,98.34,investment,card,,sbi,english_natural
Bike loan EMI INR 21129,21129,emi,card,,pnb,source_english
Rapido me 2079 ka kiraya diy naqad,2079,travel,cash,,,hinglish_natural
"TAX INVOICE
Ajio
Grand Total: Rs 4744
Payment: CARD",4744,shopping,card,,yes bank,ocr_receipt
i did 687 expense on Bewakoof using Fi Money,687,shopping,upi,fi,,voice_transcript
Electricity bill payment INR 47161,47161,utilities,cash,,axis,source_english
"Airtel recharge 352.30 Completed 7Jul 2025,4:24 am SBI 3761 UPI transaction ID 3983842481200",352.30,utilities,upi,cred,sbi,ocr_upi
Lenskart ka checkup karaya 3512 rupaiye UPI se Fi wale account se,3512,healthcare,upi,bhim,fi,hinglish_natural
"BILL
Amazon
INR 4383.11
CARD
Thank You Visit Again",4383.11,shopping,card,,,ocr_receipt
56 to roommate Gpay UPI,56,friends,upi,gpay,,friends_synthetic
Rs261.43 to mess via PayTM jupiter account,261.43,food,upi,paytm,jupiter,english_natural
bhai Pooja ko udhar return kiya 4207 rs cash se,4207,friends,cash,,,friends_synthetic
exam fee ka books liyaa 4386 rupay cash me,4386,education,cash,,,hinglish_natural
dinner split 18246 rupaye Divya Gpay,18246,friends,upi,gpay,,friends_synthetic
Zee5 4088 cash,4088,entertainment,cash,,hdfc,english_natural
Shreya 4393 Jupiter Successful HDFC 8131,4393,friends,upi,jupiter,hdfc,ocr_upi
medical checkup lab test health insurance 419 cash,419,healthcare,cash,,bob,cue_row
475 rupaiye Meesho Paytm se,475,shopping,upi,paytm,slice,hinglish_natural
462 Rapido credit card se,462,travel,card,,,hinglish_natural
INOX 224 debit card,224,entertainment,card,,jupiter,english_natural
dinner split 2297 rupaye friend Gpay,2297,friends,upi,gpay,,friends_synthetic
Netflix 65 ₹ card se pay kiya,22404,entertainment,card,,,source_hinglish
gaming ka ticket lia 4973 rs. credit card se,4973,entertainment,card,,,hinglish_natural
3243 rupees bike loan EMI card,3243,emi,card,,,voice_transcript
t74 paid to Vedantu via Phonepe UPI from Bank of Baroda Bank ending 8089,74,education,upi,phonepe,bob,ocr_upi
gold se invest kiyaa 23140 rupaye ka UPI se de diya,23140,investment,upi,phonepe,,hinglish_natural
12425 ka Neha bill pay kiya Google Pay se axis se kata,12425,friends,upi,gpay,axis,voice_transcript
13981 rupay checkup karaya Netmeds pe UPI se diye,13981,healthcare,upi,bhim,hdfc,hinglish_natural
Dunkin 483 UPI se,483,food,upi,bhim,,hinglish_natural
Spent ₹4346.36 on Tata CLiQ using phonepe,4346.36,shopping,upi,phonepe,,english_natural
TO:LABTEST labtest.67034@canarabankbank From:RAHULKUMAR (Canara Bank paytm : sender3966@okcanarabankbank,2204.80,healthcare,upi,paytm,canara,ocr_upi
UPI/32753643/BIKE LOAN EMI/BANK,2617.49,emi,upi,gpay,,english_natural
Cleartrip ka ticket book kia 156 ₹ phonepe se pay kia matlab,156,travel,upi,phonepe,,hinglish_natural
PPF se mutual fund kar diya 4166 rupaiye ka card se,4166,investment,card,,,hinglish_natural
46894 rs. bike loan EMI card se pay kia,46894,emi,card,,pnb,hinglish_natural
INR 205 paid to home loan EMI via G Pay UPI from Federal Bank Bank ending 9433,205,emi,upi,gpay,federal bank,ocr_upi
44244 Nykaa,44244,shopping,card,,sbi,english_natural
490 rupaye Behrouz naqad,490,food,cash,,,hinglish_natural
Practo ka test karaya 3377 rupay UPI se de diya,3377,healthcare,upi,paytm,,hinglish_natural
"D COACHING 12486 Completed 16Jan 2026,2:52 pm PNB Bank 2100 UPI transaction ID 363543133112706 TO:COACHING coaching.47475@pnbbank Googletransaction lD XYZabc839904 OPI G Pay",12486,education,upi,gpay,pnb,ocr_upi
UPI/75887386/KUVERA/FI,365,investment,upi,gpay,fi,english_natural
office se aate hue 431 rupees INOX via Phonepe,27093,entertainment,upi,phonepe,,source_hinglish
Used State Bank Phone Pe to pay Rs.23 for Groww,23,investment,upi,phonepe,sbi,english_natural
"Receipt #1173
dentist
Amount Paid: Rs.22547.63
Mode: CASH",22547.63,healthcare,cash,,union bank,ocr_receipt
"BROADBAND RESTAURANT
Total 111
Cash Received
Change 0.00",111,utilities,cash,,,ocr_receipt
petrol diesel fuel Rs.31217 at pump cash,31217,travel,cash,,,cue_row
"mobile recharge BILL
St: t31546.71
phonepe Approved",31546.71,utilities,upi,phonepe,,ocr_receipt
ghar jaate waqt 2815 rs. SIP credit card se,2815,investment,card,,slice,hinglish_natural
McDonald's 36790 GPay,36790,food,upi,gpay,,english_natural
Pizza Hut 4226 credit card se,4226,food,card,,,hinglish_natural
abhi dentist 13061 rupaye cash diyee,13061,healthcare,cash,,,hinglish_natural
Hotstar mein 446 lag gaye cash se bhara,446,entertainment,cash,,,voice_transcript
"ACT FIBERNET RESTAURANT
Total 36778.31
Cash Received
Change 0.00",36778.31,utilities,upi,fi,,ocr_receipt
electricity water broadband mobile recharge bill Rs.2374 cash,2374,utilities,cash,,,cue_row
i did 3154 expense on home loan EMI using NIYO,3154,emi,upi,niyo,,voice_transcript
i did 42778 expense on Rohan using gpay,42778,friends,upi,gpay,,voice_transcript
98 ₹ HDFC loan debit card se,98,emi,card,,,hinglish_natural
Paid Indian Oil Rs 2201 using Paytm,2201,travel,upi,paytm,,english_natural
"TAX INVOICE
1mg
Grand Total: 27510
Payment: CARD",27510,healthcare,card,,,ocr_receipt
Cleartrip ka kiraya diy 4849 rs Paytm pe hdfc se,4849,travel,upi,paytm,hdfc,hinglish_natural
flatmate rent share 3080 Phone Pe Shreya,3080,friends,upi,phonepe,,friends_synthetic
subah 2757 rupaye paisa daala Angel One ko UPI se bhai,2757,investment,upi,gpay,,hinglish_natural
IRCTC pe 2274 rs ka kiraya diy card se pay kia,2274,travel,card,,,hinglish_natural
Paid INR 498.05 for Coin via NIYO,498.05,investment,upi,niyo,,english_natural
Priya me 3330 rupaye ka dost ko diyee via SLICE,3330,friends,upi,slice,fi,hinglish_natural
"restaurant
Net Amount 1237
Paid via CARD",1237,food,card,,sbi,ocr_receipt
TO:PRACTO practo.58024@sbibank From:PRIYASHARMA (sbi jupiter : user4429@oksbibank,17459.44,healthcare,upi,jupiter,sbi,ocr_upi
2833 Visa coaching,2833,education,card,,hdfc,english_natural
Hotstar pe 14927 ka show dekha card se pay kar diya,14927,entertainment,card,,,hinglish_natural
bhai bro ka 1085 rupaye gpay se de diya,1085,friends,upi,gpay,,voice_transcript
amazon flipkart myntra online shopping order 37478 card,37478,shopping,card,,,cue_row
kal RedBus pe 4595 rupaye ka ticket book kar diya cash die,4595,travel,cash,,icici,hinglish_natural
dopahar ko SIP pe 4967 rupay ka stock le liya GPay se pay kiya,4967,investment,upi,gpay,sbi,hinglish_natural
paid 212 to SBI loan through card,212,emi,card,,,voice_transcript
382 course lia stationery pe card se pay kar diya achha deal mila,48851,education,card,,,source_hinglish
Flipkart payment Rs.4188 done via Gpay,4188,shopping,upi,gpay,,english_natural
gas bill 4619 Phone Pe Successful icici 4353,4619,utilities,upi,phonepe,icici,ocr_upi
library ka books lya 251 haath se diyee,29140,education,cash,,axis,source_hinglish
ghar jaate waqt 130 rupees Pooja cash de diya,130,friends,cash,,,hinglish_natural
auto payment 3989.88 done via cash,3989.88,travel,cash,,,english_natural
Paid INR 2312 for Flipkart via Mastercard,2312,shopping,card,,hdfc,english_natural
11737 rs. Ola card se pay kiya,11737,travel,card,,,hinglish_natural
spent 24282 rupees on Reliance Digital via card,24282,shopping,card,,,voice_transcript
Box8 3994 BHIM Completed kotak 6236,3994,food,upi,bhim,kotak,ocr_upi
POS/MEESHO/PHONEPE/5209,2485,shopping,upi,phonepe,,english_natural
Nature's Basket ka khana khayaa 1453 ₹ debit card se,1453,food,card,,,hinglish_natural
"LENSKART RESTAURANT
Total 30987
Cash Received
Change 0.00",30987,shopping,card,,,ocr_receipt
market Rs 3856 Gpay,3856,shopping,upi,gpay,icici,ocr_upi
ghar jaate waqt 285 rupaiye checkup karaya Apollo Pharmacy ko haath se de diye,285,healthcare,cash,,,hinglish_natural
Apollo Pharmacy se medicine liyaa 352 rupaye ka niyo se pay kiyaa,352,healthcare,upi,niyo,,hinglish_natural
"SONYLIV
Item 1 Rs 242
Item 2 INR 329
Total Rs.425
CARD",425,entertainment,card,,icici,ocr_receipt
Vedantu ka books lia 1341 rs. card se,1341,education,card,,canara,hinglish_natural
UPI/69087680/KUVERA/HDFC,1890,investment,card,,hdfc,english_natural
Paid ₹477.47 for Hotstar via SLICE,477.47,entertainment,upi,slice,sbi,english_natural
maine 3630 rupaye personal loan EMI ko diye card se,3630,emi,card,,,voice_transcript
dost Shreya ko 6217 rupaye cash se bheje,6217,friends,cash,,,friends_synthetic
TO:ANGELONE angelone.76264@punjabnationalbankbank From:AMITSINGH (Punjab National Bank PayTM : sender3305@okpunjabnationalbankbank,3686,investment,upi,paytm,pnb,ocr_upi
"BIRYANI BLUES
Item 1 ₹454
Item 2 ₹61
Total 669
Jupiter",669,food,upi,jupiter,,ocr_receipt
4457 rupay split kiyaa flatmate pe haath se diy,4457,friends,cash,,,hinglish_natural
electronics clothes shoes accessories purchase 366 via card,366,shopping,card,,,cue_row
₹3177 debited from your HDFC Bank account for credit card EMI (Google Pay UPI),3177,emi,upi,gpay,hdfc,ocr_upi
maine 460 rupaye Hotstar ko diye Google Pay se,460,entertainment,upi,gpay,,voice_transcript
Meesho me 494 rupaye ka saman lya BHIM se pay kr diya,494,shopping,upi,bhim,,hinglish_natural
Coursera payment Rs 3491 done via Mastercard,3491,education,card,,slice,english_natural
Practo se dawai liyaa 220 rs ka UPI se Punjab National Bank se,220,healthcare,upi,paytm,pnb,hinglish_natural
bhai Bajaj Finance EMI 3897 rupay card se pay kiya budget tod diya,3897,emi,card,,fi,hinglish_natural
Paid Croma 3369.51 using PayTM,3369.51,shopping,upi,paytm,,english_natural
UPI/50140708/INSURANCE PREMIUM/BANK,209,utilities,upi,gpay,,english_natural
credit card EMI ₹890 card,890,emi,card,,,english_natural
rent 2847 Jupiter,2847,utilities,card,,jupiter,english_natural
bhai Dominos me 168 rupees ka khana khaaya GPay se,168,food,upi,gpay,,hinglish_natural
dentist se test karaya 2536 rupay ka naqad,2536,healthcare,cash,,,hinglish_natural
"Zara
Net Amount 42973.67
Paid via GPay",42973.67,shopping,upi,gpay,,ocr_receipt
133 ka personal loan EMI bill pay kiya PhonePe se ICICI se kata,133,emi,upi,phonepe,icici,voice_transcript
Paid INR 2724 to lab test phonepe UPI ICICI Bank 3023 Successful,2724,healthcare,upi,phonepe,icici,ocr_upi
18464 charged for INOX on fi,18464,entertainment,upi,fi,union bank,english_natural
Just paid Rs4471.06 to crypto through PhonePe,4471.06,investment,upi,phonepe,,english_natural
split bill 3610 Google Pay se Divya ko diya,3610,friends,upi,gpay,,friends_synthetic
2853 ₹ khana order kia BigBasket pe debit card se,2853,food,card,,,hinglish_natural
Crypto investment INR 1610,1610,investment,upi,gpay,,source_english
crypto gold bonds NPS portfolio 476 GPay,476,investment,upi,gpay,,cue_row
tuition ka fees bharaa 20970 rupaye UPI se pay kiya,37624,education,upi,slice,,source_hinglish
abhi 246 rupay ticket liya Zee5 pe debit card se Axis wale account se,246,entertainment,card,,axis,hinglish_natural
Netmeds se checkup karaya 4046 rupaye ka cash me,4046,healthcare,cash,,,hinglish_natural
Ola 313 cash me,313,travel,cash,,hdfc,hinglish_natural
TO:GASBILL gasbill.11771@hdfcbank From:RAHULKUMAR (HDFC G Pay : user8651@okhdfcbank,1098,utilities,upi,gpay,hdfc,ocr_upi
dhaba ka 82 rupees ka bill SLICE se pay kiya,82,food,upi,slice,kotak,voice_transcript
"D CLINIC 316 Completed 8Mar 2026,3:24 pm kotak Bank 1351 UPI transaction ID 73827606706 TO:CLINIC clinic.29036@kotakbank Googletransaction lD CICAgJjg179261 OPI Phonepe",316,healthcare,upi,phonepe,kotak,ocr_upi
bhai MedPlus ka 379 rupaye card se de diya,379,healthcare,card,,,voice_transcript
bhai YouTube Premium ka 92 rupaye PayTM se de diya,92,entertainment,upi,paytm,,voice_transcript
244 rupaye SIP bhara stocks pe via CRED,244,investment,upi,cred,,hinglish_natural
Paid McDonald's Rs 200 using cred,200,food,upi,cred,,english_natural
Jio recharge 230 SLICE,230,utilities,upi,slice,hdfc,english_natural
i paid 1241 rupees for Vi recharge using Slice,1241,utilities,upi,slice,hdfc,voice_transcript
59 rupaye NPS card se pay kya,59,investment,card,,niyo,hinglish_natural
aaj clinic se checkup karaya 3266 rupaiye ka UPI se,3266,healthcare,upi,paytm,,hinglish_natural
"YOUTUBE PREMIUM RESTAURANT
Total 1091
Cash Received
Change 0.00",1091,entertainment,upi,gpay,hdfc,ocr_receipt
Gaana ka ticket lia 334 rupaiye naqad,334,entertainment,cash,,fi,hinglish_natural
school college tuition course books fees 43156 card,43156,education,card,,,cue_row
electronics clothes shoes accessories purchase ₹17333 via NIYO,17333,shopping,upi,niyo,sbi,cue_row
paid 268 to dentist through Google Pay from idfc,268,healthcare,upi,gpay,idfc,voice_transcript
yaar concert se ticket lya 2886 rupay ka credit card se,26178,entertainment,card,,bob,source_hinglish
ghar jaate waqt rickshaw pe 86 rs ka petrol bhra UPI se,86,travel,upi,slice,,hinglish_natural
Shreya 8084 rupees GPay pe,8084,friends,upi,gpay,,hinglish_natural
7991.17 Niyo crypto,7991.17,investment,upi,niyo,bob,english_natural
dost Rs.19603.43 debited from Punjab National Bank,19603.43,friends,upi,gpay,pnb,english_natural
spent 394 rupees on Netmeds via Paytm,394,healthcare,upi,paytm,axis,voice_transcript
Nykaa me 220 rs ka buy kiya card se pay kar diya,220,shopping,card,,,hinglish_natural
bhai se dost ko diy 13836 rupaye ka UPI se pay kiya,13836,friends,upi,gpay,,hinglish_natural
electronics clothes shoes accessories purchase INR 2607 via Phone Pe,2607,shopping,upi,phonepe,,cue_row
Train ticket IRCTC INR 21048,21048,travel,cash,,sbi,source_english
"TAX INVOICE
Vi recharge
Grand Total: 1123.78
Payment: CARD",1123.78,utilities,card,,,ocr_receipt
2240 ₹ saman liya Bewakoof pe debit card se,2240,shopping,card,,,hinglish_natural
yaar Amit ka split kar diya 3523 UPI se de diye,3523,friends,upi,gpay,,hinglish_natural
Spent 4851 on PVR using Mastercard,4851,entertainment,card,,,english_natural
SBI loan ka installment die 360 rupaiye Bhim pe State Bank se kata zyada ho gaya,360,emi,upi,bhim,sbi,hinglish_natural
Ananya ka dost ko die 1722 rs. UPI se pay kiya,1722,friends,upi,bhim,,hinglish_natural
TO:SPICEJET spicejet.31991@yesbankbank From:PRIYASHARMA (YES BANK CRED : user1956@okyesbankbank,269,travel,upi,cred,yes bank,ocr_upi
Concert ticket INR 38968,38968,entertainment,upi,paytm,,source_english
Paid ₹28924 for Pooja from my Jupiter account via cash,28924,friends,cash,,jupiter,english_natural
Croma ka order kiya 320 rupees UPI se pay kr diya Kotak se,320,shopping,upi,slice,kotak,hinglish_natural
dinner split 5119 rupaye friend Bhim,5119,friends,upi,bhim,,friends_synthetic
"Receipt #7941
Spotify
Amount Paid: Rs.3706.45
Mode: Paytm",3706.45,entertainment,upi,paytm,,ocr_receipt
Coin se paisa daala 20484 rupaye ka debit card se,20484,investment,card,,sbi,hinglish_natural
INR 3150 paid to personal loan EMI via BHIM from icici,3150,emi,upi,bhim,icici,english_natural
subah Uber ka petrol bhara 8492 rupaiye card se pay kya,8492,travel,card,,jupiter,hinglish_natural
coaching exam preparation study material INR 2187 GPay,2187,education,upi,gpay,,cue_row
petrol diesel fuel ₹1635 at pump card,1635,travel,card,,,cue_row
3100 rupay loan payment kiyaa education loan EMI pe credit card se,3100,emi,card,,,hinglish_natural
MedPlus se checkup karaya 22394 rs. ka cash me,22394,healthcare,cash,,,hinglish_natural
3031 rupaiye mall niyo se,3031,shopping,upi,niyo,hdfc,hinglish_natural
bhai credit card EMI ka 99 rupaye card se de diya,99,emi,card,,kotak,voice_transcript
"Lenskart BILL
St: ₹2160.64
paytm APPROVED",2160.64,healthcare,upi,paytm,sbi,ocr_receipt
Practo pe 1556 rs ka checkup karaya paytm pe,1556,healthcare,upi,paytm,,hinglish_natural
kal DMart 526 rs. via Slice bhai,7352,food,upi,slice,hdfc,source_hinglish
33960 rupay bill pay kiya electricity bill ko UPI se diyee,33960,utilities,upi,phonepe,,hinglish_natural
coaching 3645.21 Phonepe Completed ICICI 3722,3645.21,education,upi,phonepe,icici,ocr_upi
INOX 2100 haath se die bc,2100,entertainment,cash,,,hinglish_natural
flatmate rent share 4596 gpay bhai,4596,friends,upi,gpay,bob,friends_synthetic
split bill 314 cash se Ananya ko diya,314,friends,cash,,,friends_synthetic
ghar jaate waqt 26 ₹ Indian Oil card se pay kar diya yaar,49540,travel,card,,yes bank,source_hinglish
MedPlus me 243 rupaye ka test karaya UPI se de diye,243,healthcare,upi,cred,yes bank,hinglish_natural
20893.66 Google Pay flatmate,20893.66,friends,upi,gpay,,english_natural
split bill 303 Gpay se yaar ko diya,303,friends,upi,gpay,,friends_synthetic
society maintenance se payment kar diya 1304 rupees ka cash diy,1304,utilities,cash,,,hinglish_natural
Rahul 3424 niyo,3424,friends,upi,niyo,pnb,english_natural
subah 3209 rupees course le liya Coursera pe debit card se,3209,education,card,,,hinglish_natural
Angel One 3410 paytm Completed ICICI Bank 1429,3410,investment,upi,paytm,icici,ocr_upi
Yatra me 46558 ₹ ka ride lya cash me Slice se,46558,travel,cash,,slice,hinglish_natural
"Receipt #5233
MedPlus
Amount Paid: 2994.21
Mode: Gpay",2994.21,healthcare,upi,gpay,,ocr_receipt
Just paid ₹4337 to stocks through credit card,4337,investment,card,,yes bank,english_natural
3509.41 friend,3509.41,friends,upi,cred,bob,english_natural
438 rupees mangwaya restaurant ko G Pay se,438,food,upi,gpay,,hinglish_natural
sent t1302 to friend on Bhim split bill UPI,1302,friends,upi,bhim,bandhan,cue_row
R 2413.02 charged for Ajio on credit card,2413.02,shopping,card,,hdfc,english_natural
Priya ko 1349 transfer kiya Paytm se,1349,friends,upi,paytm,,friends_synthetic
crypto gold bonds NPS portfolio 22653 card,22653,investment,card,,,cue_row
Paid Rs432 to Gaana phonepe UPI Kotak 5032 Successful,432,entertainment,upi,phonepe,kotak,ocr_upi
gaming concert event ticket Rs 2036 card,2036,entertainment,card,,,cue_row
Payment of ₹28 to Haldirams was successful via Bhim UPI Ref No 67674482287807 PNB Account 1235,28,food,upi,bhim,pnb,ocr_upi
"TAX INVOICE
Nature's Basket
Grand Total: Rs321
Payment: CARD",321,food,card,,,ocr_receipt
today i spent 2943 on Bewakoof via card,2943,shopping,card,,,voice_transcript
home loan EMI se installment diyee 31016 rupaiye ka credit card se,31016,emi,card,,,hinglish_natural
paid bro 10756 via SLICE,10756,friends,upi,slice,,friends_synthetic
Used RBL Bank Mastercard to pay ₹2577.77 for Yatra,2577.77,travel,card,,rbl,english_natural
dinner split 21175 rupaye Priya cash,21175,friends,cash,,hdfc,friends_synthetic
gaming concert event ticket 249 Phonepe,249,entertainment,upi,phonepe,,cue_row
"Croma BILL
St: t2197
CARD approved",2197,shopping,card,,icici,ocr_receipt
coaching exam preparation study material INR 6137 card,6137,education,card,,,cue_row
Bought rickshaw for ₹1882 with gpay,1882,travel,upi,gpay,,english_natural
split bill 301 PayTM se bhai ko diya,301,friends,upi,paytm,indusind,friends_synthetic
Phonepe payment R 445 home loan EMI HDFC Bank 7732 done,445,emi,upi,phonepe,hdfc,ocr_upi
Paid 1790 for Tata CLiQ via Mastercard,1790,shopping,card,,icici,english_natural
Bike loan EMI INR 27133,27133,emi,card,,,source_english
Used Fi Money debit card to pay ₹118 for H&M,118,shopping,card,,fi,english_natural
Rs 355 to Rahul via card,355,friends,card,,,english_natural
Snapdeal me 1053 rs. ka shopping kya debit card se,1053,shopping,card,,,hinglish_natural
paid bhai Rs 3376 via Phone Pe,3376,friends,upi,phonepe,,friends_synthetic
sent R 18811 to yaar on CRED,18811,friends,upi,cred,,friends_synthetic
exam fee ka tuition de diya 4866 rupay cash me,4866,education,cash,,,hinglish_natural
395 rupees dentist G Pay,395,healthcare,upi,gpay,,voice_transcript
today i spent 2205 on eye checkup via Phonepe from my PNB bank,2205,healthcare,upi,phonepe,pnb,voice_transcript
"LENSKART
Item 1 74
Item 2 Rs413
Total 29880
CASH",29880,shopping,cash,,hdfc,ocr_receipt
exam fee 105 rs credit card se,105,education,card,,,hinglish_natural
ATM/CASH/NIYO/1227,1227,shopping,upi,gpay,niyo,english_natural
161 Rohan,161,friends,upi,gpay,hdfc,english_natural
"FLIPKART RESTAURANT
Total 2314.63
Cash Received
Change 0.00",2314.63,shopping,card,,,ocr_receipt
1050 rupees tuition diy upGrad ko cash diy,1050,education,cash,,,hinglish_natural
51 phonepe stocks,51,investment,upi,phonepe,niyo,english_natural
Apollo Pharmacy ka test karaya 205 rupaye UPI se pay kr diya,205,healthcare,upi,gpay,hdfc,hinglish_natural
Payment of Rs.27243 to Zara was successful via cred UPI Ref No 44548124615709 ICICI Bank Account 8672,27243,shopping,upi,cred,icici,ocr_upi
Just paid Rs256.71 to Ajio through Visa,256.71,shopping,card,,,english_natural
Nature's Basket se food order kiyaa 107 rupaye ka card se,107,food,card,,slice,hinglish_natural
1144 rupaiye SpiceJet card se,1144,travel,card,,,hinglish_natural
TO:DENTIST dentist.66216@yesbankbank From:AMITSINGH (YES BANK CRED : user7703@okyesbankbank,816,healthcare,upi,cred,yes bank,ocr_upi
?198 charged for Nature's Basket on paytm,198,food,upi,paytm,,english_natural
17610 diagnostic,17610,healthcare,upi,bhim,,english_natural
aaj Ajio pe 468 rupaye kharcha hua card se,468,shopping,card,,hdfc,voice_transcript
INR 3321 debited from your Kotak Mahindra account for Jio recharge (jupiter UPI),3321,utilities,upi,jupiter,kotak,ocr_upi
Paid 957 for Tata Play via PayTM,957,utilities,upi,paytm,hdfc,english_natural
BigBasket ₹416 Paytm,416,food,upi,paytm,hdfc,ocr_upi
5891 Gpay Shreya,5891,friends,upi,gpay,,english_natural
gaming concert event ticket 474 cash,474,entertainment,cash,,,cue_row
subah Haldirams se khana order kia 30 rs. ka debit card se,30,food,card,,icici,hinglish_natural
Apple Music ka subscription renew kar diya 4923 rupaiye GPay pe ICICI wale account se,16459,entertainment,upi,gpay,icici,source_hinglish
aaj HDFC loan pe 780 rupaye kharcha hua G Pay se,780,emi,upi,gpay,slice,voice_transcript
4019 rupaiye khareed liyaa Amazon pe card se,4019,shopping,card,,,hinglish_natural
yaar ko 189 transfer kiya cash se,189,friends,cash,,,friends_synthetic
"BILL
JioCinema
₹346
Gpay
Thank You Visit Again",346,entertainment,upi,gpay,,ocr_receipt
Bought auto for t5568.33 with Visa,5568.33,travel,card,,hdfc,english_natural
Biryani Blues 1469 GPay Payment done Kotak 4534,1469,food,upi,gpay,kotak,ocr_upi
Nature's Basket 254.94,254.94,food,upi,gpay,,english_natural
ghar jaate waqt 28932 rupaiye loan payment kiya education loan EMI ko card se pay kar diya,28932,emi,card,,,hinglish_natural
Rs9097 charged for HP Petrol on cash,9097,travel,cash,,,english_natural
Unacademy se admission kiya 4261 rupaiye ka UPI se diy ICICI se kata,4261,education,upi,slice,icici,hinglish_natural
20430 rupay payment kar diya broadband ko Google Pay se RBL Bank wale account se,20430,utilities,upi,gpay,rbl,hinglish_natural
rent se payment kiyaa 2935 rs ka haath se diyee,2935,utilities,cash,,,hinglish_natural
sent money to Divya Rs.21349 on SLICE,21349,friends,upi,slice,,friends_synthetic
aaj stationery me 14116 rupees ka fees bhara UPI se de diya,24613,education,upi,gpay,,source_hinglish
Rs 223 to bro jupiter UPI,223,friends,upi,jupiter,,friends_synthetic
Rs33526 debited from your sbi account for H&M (phonepe UPI),33526,shopping,upi,phonepe,sbi,ocr_upi
36 rs EMI bhara personal loan EMI ko credit card se,36,emi,card,,,hinglish_natural
Spent Rs.253 on library using credit card,253,education,card,,jupiter,english_natural
Amazon purchase INR 24728,24728,shopping,upi,niyo,,source_english
gpay payment Rs40219 school fees HDFC 4461 completed,40219,education,upi,gpay,hdfc,ocr_upi
Meesho pe 4467 rupay ka order kiyaa UPI se yaar,4467,shopping,upi,phonepe,,hinglish_natural
petrol diesel fuel 28061 at pump cash,28061,travel,cash,,,cue_row
bhai Vikram ko udhar return kiya 20934 rs phonepe se,20934,friends,upi,phonepe,,friends_synthetic
Zerodha ka paisa daala 104 rupaiye UPI se diye,104,investment,upi,paytm,,hinglish_natural
yaar 4020 rs gaming gpay pe,4020,entertainment,upi,gpay,,hinglish_natural
Tata CLiQ se khareed liyaa 48552 rupaiye ka debit card se,48552,shopping,card,,,hinglish_natural
Paid credit card EMI Rs4981 using G Pay from kotak,4981,emi,upi,gpay,kotak,english_natural
"TAX INVOICE
Biryani Blues
Grand Total: ?46284
Payment: PhonePe",46284,food,upi,phonepe,pnb,ocr_receipt
"BILL
insurance premium
422
Google Pay
Thank You Visit Again",422,utilities,upi,gpay,,ocr_receipt
"SBI loan 82 Completed 6Jun 2026,10:55 pm Yes Bank 4205 UPI transaction ID 20623145968891",82,emi,upi,gpay,yes bank,ocr_upi
today i spent 1938 on Neha via card,1938,friends,card,,,voice_transcript
3959.17 Tata Play,3959.17,utilities,card,,icici,english_natural
"NYKAA RESTAURANT
Total 26464
Cash Received
Change 0.00",26464,shopping,upi,paytm,,ocr_receipt
Just paid Rs.1504 to stocks through credit card,1504,investment,card,,sbi,english_natural
"APPLE MUSIC
Item 1 Rs.340
Item 2 ₹174
Total 4601
CARD",4601,entertainment,card,,hdfc,ocr_receipt
₹3302 charged for home loan EMI on bhim,3302,emi,upi,bhim,,english_natural
470 paid to FirstCry via Phone Pe UPI from axis Bank ending 5591,470,shopping,upi,phonepe,axis,ocr_upi
"TAX INVOICE
Amazon
Grand Total: 231.12
Payment: Phonepe",231.12,shopping,upi,phonepe,,ocr_receipt
netflix spotify hotstar subscription movie show Rs 21976 card,21976,entertainment,card,,,cue_row
"car loan EMI 3042 Completed 6Jan 2026,12:57 pm Canara 9984 UPI transaction ID 5827991404",3042,emi,upi,paytm,canara,ocr_upi
bhai 26 Snapdeal debit card se,26,shopping,card,,kotak,hinglish_natural
amazon flipkart myntra online shopping order Rs237 Google Pay,237,shopping,upi,gpay,,cue_row
paid back friend lent money Rs.3870 PayTM,3870,friends,upi,paytm,,cue_row
ZARA INR 4058.56,4058.56,shopping,card,,,english_natural
home loan car loan credit card EMI monthly INR 608 autopay card,608,emi,card,,,cue_row
Spent INR 1347.39 on dost using paytm,1347.39,friends,upi,paytm,,english_natural
Flight ticket booking INR 46574,46574,travel,cash,,,source_english
BYJU'S 348,348,education,card,,,english_natural
2067 rupaiye mobile recharge Slice se pay kya,2067,utilities,upi,slice,hdfc,hinglish_natural
Spotify pe 4165 rupaye ka subscription renew kiya haath se diy,4165,entertainment,cash,,bob,hinglish_natural
Cafe coffee INR 27158,27158,food,card,,,source_english
INR 47750 paid to dhaba via Visa from IDFC First,47750,food,card,,idfc,english_natural
electricity water broadband mobile recharge bill ₹4417 card,4417,utilities,card,,,cue_row
i paid 208 rupees for gas bill using Cred,208,utilities,upi,cred,jupiter,voice_transcript
GOLD INR 73.26 SBI,73.26,investment,upi,gpay,sbi,english_natural
SBI loan 254 rupay debit card se,254,emi,card,,,hinglish_natural
Just paid Rs 887 to rickshaw through G Pay,887,travel,upi,gpay,,english_natural
home loan car loan credit card EMI monthly ₹18999 autopay card,18999,emi,card,,,cue_row
Payment of Rs 4950 to Kuvera was successful via CRED UPI Ref No 229648421092 hdfc Account 4746,4950,investment,upi,cred,hdfc,ocr_upi
16507.51 colleague,16507.51,friends,cash,,kotak,english_natural
Spent Rs.314 on eye checkup using cash,314,healthcare,cash,,,english_natural
Airtel recharge se bill pay kr diya 2914 rupaiye ka credit card se,2914,utilities,card,,,hinglish_natural
i paid 1020 rupees for FreshMenu using cash,1020,food,cash,,,voice_transcript
9785 rs personal loan EMI debit card se,9785,emi,card,,,hinglish_natural
83 subscription renew kiyaa Zee5 pe card se pay kr diya,83,entertainment,card,,fi,hinglish_natural
Practo ka dawai liyaa 3724 rupay jupiter se pay kar diya State Bank card se,3724,healthcare,upi,jupiter,sbi,hinglish_natural
Cleartrip 29532 SLICE,29532,travel,cash,,slice,english_natural
₹4423.78 paid to BSNL via Phonepe UPI from HDFC Bank Bank ending 4949,4423.78,utilities,upi,phonepe,hdfc,ocr_upi
rent maintenance gas connection Rs328 Cred,328,utilities,upi,cred,,cue_row
aaj electricity bill pe 3659 rupaye kharcha hua card se,3659,utilities,card,,hdfc,voice_transcript
Netmeds ka doctor ko diy 4137 rupees Paytm se slice se achha deal mila,4137,healthcare,upi,paytm,slice,hinglish_natural
16614 rs books UPI se pay kia sasta tha,16614,education,upi,gpay,,hinglish_natural
Rs 1354 paid to education loan EMI via Bhim UPI from HDFC Bank Bank ending 9981,1354,emi,upi,bhim,hdfc,ocr_upi
38619 ka Flipkart bill pay kiya PhonePe se,38619,shopping,upi,phonepe,,voice_transcript
DIAGNOSTIC INR 2115 SBI,2115,healthcare,card,,sbi,english_natural
₹251.83 debited from your sbi account for Burger King (Phone Pe UPI),251.83,food,upi,phonepe,sbi,ocr_upi
Meesho mein 167 lag gaye Phone Pe se bhara,167,shopping,upi,phonepe,idfc,voice_transcript
hospital doctor pharmacy medicine diagnostic INR 10134 card,10134,healthcare,card,,,cue_row
Used HDFC Bank card to pay 2965 for hospital,2965,healthcare,card,,hdfc,english_natural
Amazon 592.98,592.98,shopping,card,,hdfc,english_natural
Restaurant bill INR 11308,11308,food,upi,cred,,source_english
Netflix me 141 ka game le liya credit card se,141,entertainment,card,,,hinglish_natural
ghar jaate waqt Groww se paisa daala 1168 ₹ ka UPI se diye,24114,investment,upi,phonepe,,source_hinglish
Lenskart 425 paytm Successful HDFC 6650,425,shopping,upi,paytm,hdfc,ocr_upi
3000 rupaiye bill bharaa Jio recharge ko card se,3000,utilities,card,,,hinglish_natural
Shreya ₹228 Phone Pe,228,friends,upi,phonepe,sbi,ocr_upi
i paid 48309 rupees for RedBus using Phonepe,48309,travel,upi,phonepe,slice,voice_transcript
624 rupaye ticket lya Netflix pe UPI se de diya,624,entertainment,upi,gpay,fi,hinglish_natural
dost me 140 rs. ka split kr diya PayTM se pay kiya,140,friends,upi,paytm,,hinglish_natural
"GAMING RESTAURANT
Total 878
Cash Received
Change 0.00",878,entertainment,upi,slice,,ocr_receipt
2550 debited from your Union Bank account for gold (Phonepe UPI),2550,investment,upi,phonepe,union bank,ocr_upi
coaching pe 40 rupees ka tuition die gpay pe,40,education,upi,gpay,,hinglish_natural
bhai INOX ka 3405 rupaye jupiter se de diya,3405,entertainment,upi,jupiter,,voice_transcript
bhai Chai Point se kha liya 1275 rupees ka naqad yaar,1275,food,cash,,axis,hinglish_natural
education loan EMI ka EMI bharaa 4264 rs card se Kotak account se,4264,emi,card,,kotak,hinglish_natural
market payment 242.65 done via debit card,242.65,shopping,card,,,english_natural
Coin mein 10749 lag gaye card se bhara,10749,investment,card,,slice,voice_transcript
"BILL
Jio recharge
Rs.28447.70
G Pay
Thank You Visit Again",28447.70,utilities,upi,gpay,axis,ocr_receipt
"Receipt #1184
Zara
Amount Paid: ₹335
Mode: CARD",335,shopping,card,,bob,ocr_receipt
1388 rupaye doctor ko diye clinic pe naqad matlab,1388,healthcare,cash,,,hinglish_natural
H&M 213.20 Fi Money Payment done Axis Bank 6109,213.20,shopping,upi,fi,axis,ocr_upi
electronics clothes shoes accessories purchase Rs4907 via Jupiter,4907,shopping,upi,jupiter,icici,cue_row
Box8 se kha liya 304 rupaiye ka via PayTM,18737,food,upi,paytm,,source_hinglish
dopahar ko rent se recharge kar diya 2263 ka debit card se,2263,utilities,card,,,hinglish_natural
390 udhar return kr diya Rahul pe bhim se Punjab National Bank card se bohot mehenga,390,friends,upi,bhim,pnb,hinglish_natural
Payment of ₹46 to car loan EMI was successful via gpay UPI Ref No 453421055891198 ICICI Account 7819,46,emi,upi,gpay,icici,ocr_upi
Used HDFC Bank card to pay ₹2539 for Flipkart,2539,shopping,card,,hdfc,english_natural
Apple Music se subscription renew kar diya 43545 rupaiye ka UPI se de diya,43545,entertainment,upi,phonepe,,hinglish_natural
car loan EMI 1448.27,1448.27,emi,card,,indusind,english_natural
SIP 8520 Slice,8520,investment,upi,slice,,english_natural
Bought food court for Rs.38706.18 with Cred,38706.18,food,upi,cred,sbi,english_natural
44608 ₹ EMI kat gayi Bajaj Finance EMI pe debit card se,44608,emi,card,,,hinglish_natural
Gaana me 160 rupay ka show dekha BHIM pe,160,entertainment,upi,bhim,,hinglish_natural
coaching ka course liyaa 1114 card se pay kar diya,1114,education,card,,,hinglish_natural
Rs 350 paid to YouTube Premium via phonepe UPI from SBI Bank ending 9482,350,entertainment,upi,phonepe,sbi,ocr_upi
₹7467 debited from your Axis Bank account for BSNL (Slice UPI),7467,utilities,upi,slice,axis,ocr_upi
bhai Bharat Petroleum ka 227 rupaye cash se de diya,227,travel,cash,,,voice_transcript
Dunkin pe 4993 rupaiye ka khana order kya PhonePe se,4993,food,upi,phonepe,,hinglish_natural
POS/STARBUCKS/CASH/8628,26,food,cash,,,english_natural
"HALDIRAMS RESTAURANT
Total 21
Cash Received
Change 0.00",21,food,upi,gpay,,ocr_receipt
electricity bill pe 288 ka payment kya card se,36946,utilities,card,,,source_hinglish
aaj water bill pe 4085 rupaye kharcha hua Paytm se,4085,utilities,upi,paytm,,voice_transcript
yaar HDFC loan pe 2812 rupaiye ka EMI bhar diya Paytm se pay kar diya,2812,emi,upi,paytm,niyo,hinglish_natural
39813.61 BookMyShow,39813.61,entertainment,upi,paytm,sbi,english_natural
Paid INR 4402 to yaar paytm UPI Axis Bank 4380 Successful,4402,friends,upi,paytm,axis,ocr_upi
mutual fund SIP stocks PPF FD investment 2263 CRED,2263,investment,upi,cred,,cue_row
13125 rupay electronics store Slice pe,13125,shopping,upi,slice,axis,hinglish_natural
1344 rupaye doctor ko de diya Lenskart ko UPI se pay kr diya,1344,healthcare,upi,phonepe,,hinglish_natural
aaj 1663 rupaiye FirstCry via G Pay zyada ho gaya,1663,shopping,upi,gpay,,hinglish_natural
Spent Rs 4877 on Rahul using Gpay,4877,friends,upi,gpay,,english_natural
Rs 349 paid to water bill via GPay from Canara,349,utilities,upi,gpay,canara,english_natural
stationery ka 7355 rupees ka bill PayTM se pay kiya,7355,education,upi,paytm,bandhan,voice_transcript
spent 3652 rupees on Angel One via slice,3652,investment,upi,slice,jupiter,voice_transcript
DMart ka food order kiyaa 3017 rupaiye cash me Fi wale account se,3017,food,cash,,fi,hinglish_natural
Paid ₹3707.20 to Nykaa Gpay UPI State Bank 1864 Completed,3707.20,shopping,upi,gpay,sbi,ocr_upi
coaching exam preparation study material 12640 GPay,12640,education,upi,gpay,bob,cue_row
UPI/96339914/DISHTV/BANK,23368,utilities,upi,cred,,english_natural
Payment of ₹252.50 to Kuvera was successful via Gpay UPI Ref No 0179251362 hdfc Account 6638,252.50,investment,upi,gpay,hdfc,ocr_upi
"D BOX8 1616.27 Completed 21Apr 2026,11:13 pm HDFC Bank 4004 UPI transaction ID 394117371784 TO:BOX8 box8.57338@hdfcbank Goog1etransaction lD XYZabc862857 OPI Google Pay",1616.27,food,upi,gpay,hdfc,ocr_upi
ghar jaate waqt exam fee 13163 rs. debit card se,13163,education,card,,,hinglish_natural
spent 19167 rupees on market via card,19167,shopping,card,,sbi,voice_transcript
hospital doctor pharmacy medicine diagnostic 3033 G Pay,3033,healthcare,upi,gpay,,cue_row
paid 334 to school fees through card from SLICE,334,education,card,,slice,voice_transcript
Bought MedPlus for INR 1190 with card,1190,healthcare,card,,,english_natural
Goibibo 2296,2296,travel,upi,phonepe,,english_natural
metro 545 rs. naqad Niyo card se sasta tha,545,travel,cash,,niyo,hinglish_natural
dost payment R 24366 done via paytm,24366,friends,upi,paytm,,english_natural
dopahar ko exam fee ka books le liya 3167 rupaye card se,3167,education,card,,icici,hinglish_natural
aaj 4906 rupees stock lia PPF pe PhonePe se HDFC Bank wale account se,4906,investment,upi,phonepe,hdfc,hinglish_natural
bhai 2300 rupees recharge kar diya rent pe phonepe se pay kya ICICI account se,2300,utilities,upi,phonepe,icici,hinglish_natural
Groww me 21 rs. ka invest kiya Slice se pay kiya,21,investment,upi,slice,axis,hinglish_natural
158 rupaye Lenskart UPI se,158,shopping,upi,bhim,,hinglish_natural
Amazon purchase INR 34623,34623,shopping,upi,slice,,source_english
Paid Rs.4595.86 to bike loan EMI paytm UPI Kotak Mahindra 8093 Successful,4595.86,emi,upi,paytm,kotak,ocr_upi
JioMart 3502 rupaye UPI se pay kia,3502,food,upi,paytm,,hinglish_natural
Payment of Rs.11749 to Lenskart was successful via Niyo UPI Ref No 761915770141115 BOB Account 2852,11749,shopping,upi,niyo,bob,ocr_upi
Paid FD ₹20250 using debit card,20250,investment,card,,,english_natural
i paid 4186 rupees for market using Phonepe,4186,shopping,upi,phonepe,,voice_transcript
raat ko EatFit se khana kha liya 4409 rupaiye ka UPI se,4409,food,upi,phonepe,,hinglish_natural
Burger King 4266 Slice Payment done axis 8016,4266,food,upi,slice,axis,ocr_upi
"TAX INVOICE
water bill
Grand Total: Rs.2720
Payment: CARD",2720,utilities,card,,,ocr_receipt
BSNL mein 4749 lag gaye Phonepe se bhara,4749,utilities,upi,phonepe,,voice_transcript
TO:TATAPLAY tataplay.54330@axisbankbank From:RAHULKUMAR (Axis Bank Slice : user4640@okaxisbankbank,2904,utilities,upi,slice,axis,ocr_upi
UPI/26357360/HOME LOAN EMI/HDFC,1322,emi,upi,paytm,hdfc,english_natural
crypto gold bonds NPS portfolio ₹2577 Phonepe,2577,investment,upi,phonepe,,cue_row
paid Pooja ₹3477 via PhonePe,3477,friends,upi,phonepe,,friends_synthetic
"Receipt #5862
diagnostic
Amount Paid: 4265
Mode: CARD",4265,healthcare,card,,,ocr_receipt
38588 rs. YouTube Premium phonepe pe,38588,entertainment,upi,phonepe,,hinglish_natural
4586.27 to lab test via Visa,4586.27,healthcare,card,,,english_natural
rent 3758 rupees cash me,3758,utilities,cash,,,hinglish_natural
office se aate hue Apple Music ka show dekha 485 rs. card se pay kia jupiter wale account se,485,entertainment,card,,jupiter,hinglish_natural
Used hdfc Visa to pay ₹278 for Bajaj Finance EMI,278,emi,card,,hdfc,english_natural
aaj food court pe 4438 rupaye kharcha hua cash se,4438,food,cash,,,voice_transcript
897 rupees water bill gpay,897,utilities,upi,gpay,,voice_transcript
"BILL
KFC
Rs.29087
paytm
Thank You Visit Again",29087,food,upi,paytm,hdfc,ocr_receipt
college fees ₹293 Cred,293,education,upi,cred,pnb,english_natural
Flipkart pe 1853 rupees ka saman liya debit card se,1853,shopping,card,,,hinglish_natural
470 rupees bhai PhonePe se pay kr diya,470,friends,upi,phonepe,,hinglish_natural
abhi 25429 ₹ saman liya electronics store pe debit card se,25429,shopping,card,,,hinglish_natural
crypto gold bonds NPS portfolio Rs184 card,184,investment,card,,sbi,cue_row
bhai 298 rs khareed le liya mall pe card se pay kr diya,25794,shopping,card,,federal bank,source_hinglish
4608 rupees Pooja G Pay HDFC Bank account,4608,friends,upi,gpay,hdfc,voice_transcript
Spent ₹132 on Bharat Petroleum using cash,132,travel,cash,,,english_natural
Arjun ko 3865 transfer kiya Jupiter se,3865,friends,upi,jupiter,,friends_synthetic
NEFT/TRANSFER/CANTEEN/HDFC,4825.94,food,cash,,hdfc,english_natural
Amazon Prime se subscription renew kar diya 95 rupay ka card se,95,entertainment,card,,,hinglish_natural
office se aate hue bro 354 rupay UPI se diyee,354,friends,upi,paytm,canara,hinglish_natural
i did 1985 expense on HDFC loan using card,1985,emi,card,,,voice_transcript
451 rupees JioCinema card,451,entertainment,card,,,voice_transcript
137 ₹ Divya card se,137,friends,card,,sbi,hinglish_natural
469 ka doctor bill pay kiya jupiter se,469,healthcare,upi,jupiter,,voice_transcript
TO:SPICEJET spicejet.41175@sbibank From:UTSAVJANA (sbi Phonepe : user9297@oksbibank,34517.49,travel,upi,phonepe,sbi,ocr_upi
JioCinema se subscription renew kiyaa 1440 rupaye ka credit card se,1440,entertainment,card,,yes bank,hinglish_natural
SIP 19357 rs. debit card se,19357,investment,card,,,hinglish_natural
tuition payment 96 done via SLICE,96,education,upi,slice,,english_natural
"BILL
Jio recharge
₹166
CASH
Thank You Visit Again",166,utilities,cash,,,ocr_receipt
dinner split 4856 rupaye friend PayTM,4856,friends,upi,paytm,,friends_synthetic
Used Fi Money phonepe to pay ₹2285 for SonyLIV,2285,entertainment,upi,phonepe,fi,english_natural
insurance premium me 3181 ₹ ka recharge kiyaa Gpay pe,3181,utilities,upi,gpay,,hinglish_natural
Paid 41657 for Bewakoof via Visa,41657,shopping,card,,kotak,english_natural
Used HDFC Bank fi to pay Rs.455 for Blinkit,455,food,upi,fi,hdfc,english_natural
rent 227 rupaye UPI se de diya,227,utilities,upi,phonepe,,hinglish_natural
ET Money 3214.98 debited from sbi,3214.98,investment,card,,sbi,english_natural
paid 389 to Unacademy through card,389,education,card,,,voice_transcript
"D EXAMFEE 1597 Completed 2Mar 2026,3:34 pm State Bank Bank 7810 UPI transaction ID 038853671765 TO:EXAMFEE exam fee.37633@state bankbank Googletransaction lD XYZabc835214 OPI cred",1597,education,upi,cred,sbi,ocr_upi
₹4766 to SBI loan via card jupiter account,4766,emi,card,,jupiter,english_natural
Spotify ₹4614 debited from Axis Bank,4614,entertainment,card,,axis,english_natural
1497 credit card stationery,1497,education,card,,,english_natural
insurance premium 7268 rupees Google Pay se pay kya,45363,utilities,upi,gpay,,source_hinglish
paid 6606 to eye checkup through card,6606,healthcare,card,,,voice_transcript
i paid 442 rupees for Vi recharge using gpay,442,utilities,upi,gpay,,voice_transcript
flight booking travel ticket Rs 43510 card,43510,travel,card,,,cue_row
exam fee ka 181 rupees ka bill cash se pay kiya,181,education,cash,,,voice_transcript
car loan EMI 26852 card,26852,emi,card,,,english_natural
INR 17360.21 to SIP via gpay,17360.21,investment,upi,gpay,,english_natural
food court me 498 rupees ka khana order kar diya G Pay se,498,food,upi,gpay,fi,hinglish_natural
paid Neha 5210 via Niyo,5210,friends,upi,niyo,,friends_synthetic
SpiceJet 3091 HDFC Bank,3091,travel,card,,hdfc,english_natural
Starbucks pe 39872 rs ka kha liya UPI se pay kia hdfc wale account se,4397,food,upi,cred,hdfc,source_hinglish
mobile recharge 638.23 NIYO,638.23,utilities,cash,,niyo,english_natural
39063 rupay petrol bhar diya Indian Oil ko naqad,20140,travel,cash,,,source_hinglish
Used Federal Bank Phonepe to pay 2283 for Shreya,2283,friends,upi,phonepe,federal bank,english_natural
Paid ₹2626 for Divya via Google Pay,2626,friends,upi,gpay,,english_natural
dost yaar ko 4592 rupaye Slice se bheje,4592,friends,upi,slice,,friends_synthetic
paid Ananya 2448 via cash,2448,friends,cash,,sbi,friends_synthetic
raat ko 4509 ₹ SIP credit card se,4509,investment,card,,niyo,hinglish_natural
dopahar ko Uber ka cab liya 208 cash me,208,travel,cash,,,hinglish_natural
Phonepe payment ?203.69 MakeMyTrip axis 8176 done,203.69,travel,upi,phonepe,axis,ocr_upi
"TAX INVOICE
society maintenance
Grand Total: Rs.38004.21
Payment: Paytm",38004.21,utilities,upi,paytm,hdfc,ocr_receipt
coaching exam preparation study material Rs3531 Paytm,3531,education,upi,paytm,axis,cue_row
24633 lab test,24633,healthcare,upi,paytm,niyo,english_natural
"KFC 413 Completed 17Mar 2025,6:00 pm axis 3793 UPI transaction ID 88831149638676",413,food,upi,gpay,axis,ocr_upi
TO:NETMEDS netmeds.64992@rblbank From:UTSAVJANA (RBL Gpay : user1408@okrblbank,40469,healthcare,upi,gpay,rbl,ocr_upi
ghar jaate waqt Priya ka split kya 1826 rs. Gpay pe,1826,friends,upi,gpay,,hinglish_natural
bhai education loan EMI ka 411 rupaye card se de diya,411,emi,card,,,voice_transcript
Bharat Petroleum ka 823 rupees ka bill card se pay kiya,823,travel,card,,,voice_transcript
auto mein 1836 lag gaye card se bhara,1836,travel,card,,,voice_transcript
SBI loan 4090.50 Paytm Successful State Bank 5503,4090.50,emi,upi,paytm,sbi,ocr_upi
Bought HP Petrol for Rs.4845.29 with SLICE,4845.29,travel,upi,slice,,english_natural
3577 rupaiye EMI kat gayi home loan EMI pe niyo pe,3577,emi,upi,niyo,,hinglish_natural
Paid FirstCry INR 3855.02 using PhonePe from NIYO,3855.02,shopping,upi,phonepe,niyo,english_natural
bhai 445 split kar diya Karan ko UPI se pay kiya,445,friends,upi,gpay,,hinglish_natural
Just paid Rs406 to mutual fund through paytm,406,investment,upi,paytm,,english_natural
sent ₹43776 to friend on card split bill UPI,43776,friends,card,,,cue_row
yaar payment 12725 done via GPay,12725,friends,upi,gpay,,english_natural
mess me 4355 rs ka food order kiyaa cash de diya,4355,food,cash,,idfc,hinglish_natural
raat ko tuition 45139 phonepe pe yaar,45139,education,upi,phonepe,idfc,hinglish_natural
metro 44 rupay Gpay pe,44,travel,upi,gpay,,hinglish_natural
Paid stationery 1534 using credit card,1534,education,card,,,english_natural
EatFit mein 78 lag gaye Phone Pe se bhara,78,food,upi,phonepe,,voice_transcript
crypto pe 4032 rs. ka paisa daala card se Axis Bank se,4032,investment,card,,axis,hinglish_natural
190 to mobile recharge via PayTM,190,utilities,upi,paytm,,english_natural
Amazon ka buy kiyaa 203 rupaye UPI se die,15088,shopping,upi,paytm,,source_hinglish
Paid Rs35122 to home loan EMI G Pay UPI HDFC Bank 3475 Done,35122,emi,upi,gpay,hdfc,ocr_upi
3339.07 bro,3339.07,friends,card,,,english_natural
stationery 37808 jupiter Successful ICICI 4881,37808,education,upi,jupiter,icici,ocr_upi
UPI/50272695/METRO/BANK,37254.66,travel,upi,gpay,,english_natural
mutual fund SIP stocks PPF FD investment ₹396 Phonepe,396,investment,upi,phonepe,,cue_row
24996 rs. EMI kat gayi credit card EMI ko credit card se,24996,emi,card,,,hinglish_natural
dhaba 25800,25800,food,upi,phonepe,,english_natural
7806 rupaiye fees bharra Unacademy pe UPI se pay kr diya,7806,education,upi,phonepe,,hinglish_natural
Practo 784 rupaiye haath se de diya,784,healthcare,cash,,,hinglish_natural
TO:MUTUALFUND mutualfund.48260@hdfcbank From:UTSAVJANA (hdfc bhim : user2544@okhdfcbank,1715,investment,upi,bhim,hdfc,ocr_upi
coaching ka tuition de diye 29820 rupees card se,20592,education,card,,,source_hinglish
hospital doctor pharmacy medicine diagnostic Rs.251 cash,251,healthcare,cash,,,cue_row
Udemy 36510 card se Jupiter wale account se,36510,education,card,,jupiter,hinglish_natural
Bought Rapido for t26 with card,26,travel,card,,,english_natural
Paid 1486 to yaar Jupiter UPI IDFC 9491 Successful,1486,friends,upi,jupiter,idfc,ocr_upi
electronics store 75 rupay card se,75,shopping,card,,,hinglish_natural
399 rupay dawai le liya PharmEasy pe card se,399,healthcare,card,,,hinglish_natural
Just paid Rs 47715 to Amit through cash,47715,friends,cash,,,english_natural
electricity bill INR 2237 Phone Pe,2237,utilities,upi,phonepe,,english_natural
lunch dinner food order swiggy zomato restaurant meal Rs.2537 gpay,2537,food,upi,gpay,,cue_row
bike loan EMI me 47493 ₹ ka loan payment kiya UPI se,47493,emi,upi,niyo,,hinglish_natural
hospital doctor pharmacy medicine diagnostic Rs.2081 cash,2081,healthcare,cash,,,cue_row
gas bill se recharge kiya 2444 rs. ka naqad,2444,utilities,cash,,,hinglish_natural
Paid 3204 for Amazon from my HDFC Bank account via credit card,3204,shopping,card,,hdfc,english_natural
kal DishTV se recharge kia 22631 rs. ka BHIM se,22631,utilities,upi,bhim,,hinglish_natural
"TAX INVOICE
Zee5
Grand Total: 3189
Payment: Slice",3189,entertainment,upi,slice,kotak,ocr_receipt
spent 489 rupees on SBI loan via card,489,emi,card,,,voice_transcript
Ola 116 GPay Completed hdfc 9701,116,travel,upi,gpay,hdfc,ocr_upi
today i spent 355 on car loan EMI via card from my hdfc bank,355,emi,card,,hdfc,voice_transcript
"D SHREYA 138.02 Completed 25Jan 2026,9:07 pm axis Bank 6552 UPI transaction ID 853506292580 TO:SHREYA shreya.88189@axisbank Goog1etransaction lD XYZabc194373 OPI GPay",138.02,friends,upi,gpay,axis,ocr_upi
"D FLIPKART 39007 Completed 17Feb 2026,3:08 pm Kotak Bank 3932 UPI transaction ID 983746122070731 TO:FLIPKART flipkart.91589@kotakbank Googletransaction lD CICAgJjg576283 OPI PhonePe",39007,shopping,upi,phonepe,kotak,ocr_upi
subah Udemy se fees bhra 46898 ka debit card se sasta tha,46898,education,card,,fi,hinglish_natural
Swiggy ?829.70 Gpay,829.70,food,upi,gpay,,english_natural
APPLE MUSIC INR 334,334,entertainment,card,,,english_natural
kal Croma se buy kr diya 7640 ₹ ka gpay se pay kiyaa,7640,shopping,upi,gpay,,hinglish_natural
Indian Oil R 3641 Paytm,3641,travel,upi,paytm,kotak,ocr_upi
hospital se medicine lya 45493 rupaiye ka UPI se,45493,healthcare,upi,gpay,,hinglish_natural
"D PETROLPUMP 142 Completed 26Jan 2026,5:17 pm ICICI Bank 5389 UPI transaction ID 52666457026914 TO:PETROLPUMP petrol pump.76806@icicibank Goog1etransaction lD CICAgJjg054127 OPI PayTM",142,travel,upi,paytm,icici,ocr_upi
flight booking travel ticket Rs24912 Paytm,24912,travel,upi,paytm,,cue_row
dopahar ko 4857 ₹ bill pay kya mobile recharge ko G Pay se,4857,utilities,upi,gpay,,hinglish_natural
colleague 3221 rupaye UPI se,3221,friends,upi,slice,,hinglish_natural
"BYJU'S 88 Completed 22Feb 2025,12:47 am State Bank 7622 UPI transaction ID 30571519593",88,education,upi,bhim,sbi,ocr_upi
Paid Rs 36378 for Zepto via cash,36378,food,cash,,,english_natural
subah ET Money se invest kiyaa 3726 rupees ka card se,3726,investment,card,,union bank,hinglish_natural
Rs.2400 paid to diagnostic via Fi Money UPI from hdfc Bank ending 8474,2400,healthcare,upi,fi,hdfc,ocr_upi
bhai ET Money ka 1824 rupaye GPay se de diya,1824,investment,upi,gpay,,voice_transcript
DishTV 3057 HDFC Bank,3057,utilities,upi,gpay,hdfc,english_natural
ATM/CASH/BANK/4836.49,4836.49,emi,card,,,english_natural
today i spent 2460 on gaming via card,2460,entertainment,card,,,voice_transcript
grocery vegetables milk bread fruits 133 paid Google Pay,133,food,upi,gpay,,cue_row
Spent ₹18128.64 on tuition using paytm,18128.64,education,upi,paytm,hdfc,english_natural
"CROMA RESTAURANT
Total 2026
Cash Received
Change 0.00",2026,shopping,card,,,ocr_receipt
dost Pooja ko 399 rupaye Jupiter se bheje,399,friends,upi,jupiter,,friends_synthetic
insurance premium me 500 rupay ka recharge kya PayTM se pay kiya,500,utilities,upi,paytm,,hinglish_natural
ghar jaate waqt Croma 11460 rupay card se pay kr diya SBI se kata,11460,shopping,card,,sbi,hinglish_natural
Rohan ko 2241 transfer kiya card se,2241,friends,card,,,friends_synthetic
₹493.20 paid to Rahul via Gpay UPI from State Bank Bank ending 4362,493.20,friends,upi,gpay,sbi,ocr_upi
Paid Rs.3623 for Apollo Pharmacy from my Niyo account via Gpay,3623,healthcare,upi,gpay,niyo,english_natural
Groww 4769 rupaye card se pay kar diya yaar,4769,investment,card,,axis,hinglish_natural
water bill me 327 ₹ ka recharge kr diya via Slice Axis Bank account se,327,utilities,upi,slice,axis,hinglish_natural
home loan car loan credit card EMI monthly 4063 autopay card,4063,emi,card,,,cue_row
44236 paid to Coin via G Pay UPI from HDFC Bank Bank ending 8696,44236,investment,upi,gpay,hdfc,ocr_upi
Yatra 34436 IDFC First,34436,travel,card,,idfc,english_natural
office se aate hue 204 rupaiye medicine le liya PharmEasy ko naqad,204,healthcare,cash,,,hinglish_natural
rent me 923 rs ka payment kiyaa SLICE se,923,utilities,upi,slice,,hinglish_natural
dinner split 1901 rupaye Karan card,1901,friends,card,,,friends_synthetic
kal 37 rupaiye checkup karaya diagnostic pe cash me,37,healthcare,cash,,,hinglish_natural
"DENTIST RESTAURANT
Total 165.65
Cash Received
Change 0.00",165.65,healthcare,upi,phonepe,,ocr_receipt
raat ko 4786 rs. petrol bharaa rickshaw pe credit card se,4786,travel,card,,,hinglish_natural
aaj IndiGo pe 101 rupaye kharcha hua Paytm se,101,travel,upi,paytm,,voice_transcript
gaming ka subscription renew kya 95 rupaye Cred pe,95,entertainment,upi,cred,fi,hinglish_natural
Spent Rs.246 on Reliance Digital using phonepe,246,shopping,upi,phonepe,,english_natural
Snapdeal se order kiya 5000 rupees ka UPI se pay kar diya HDFC Bank card se,5000,shopping,upi,gpay,hdfc,hinglish_natural
166 ka Starbucks bill pay kiya card se,166,food,card,,,voice_transcript
Rs346.96 debited from your Axis Bank account for eye checkup (Phone Pe UPI),346.96,healthcare,upi,phonepe,axis,ocr_upi
Paid Rs.175 to Bewakoof paytm UPI Punjab National Bank 3721 Completed,175,shopping,upi,paytm,pnb,ocr_upi
IndiGo 199,199,travel,card,,,english_natural
Biryani Blues se food order kia 110 rupay ka via CRED,110,food,upi,cred,icici,hinglish_natural
"Receipt #2157
Zee5
Amount Paid: Rs.11494
Mode: CARD",11494,entertainment,card,,,ocr_receipt
rent maintenance gas connection ₹11002 phonepe,11002,utilities,upi,phonepe,,cue_row
33 saman lia mall ko credit card se bc,33,shopping,card,,kotak,hinglish_natural
kal PharmEasy 30682 ₹ UPI se pay kiyaa,30682,healthcare,upi,phonepe,,hinglish_natural
mutual fund SIP stocks PPF FD investment ₹122 slice,122,investment,upi,slice,hdfc,cue_row
paid 17994 to bro through cash,17994,friends,cash,,,voice_transcript
473 rupay invest kia Zerodha pe jupiter pe,33113,investment,upi,jupiter,,source_hinglish
Rs.1847 paid to Divya via Cred from HDFC Bank,1847,friends,upi,cred,hdfc,english_natural
"diagnostic BILL
St: Rs.43866
CASH approved",43866,healthcare,cash,,,ocr_receipt
UPI/23352661/AIR INDIA/BANK,1344,travel,card,,,english_natural
"D AMIT 914 Completed 16Apr 2026,11:50 pm Federal Bank Bank 7956 UPI transaction ID 321499970320434 TO:AMIT amit.97070@federal bankbank Googletransaction lD XYZabc344210 OPI gpay",914,friends,upi,gpay,federal bank,ocr_upi
i paid 355 rupees for rent using Phonepe,355,utilities,upi,phonepe,pnb,voice_transcript
"TAX INVOICE
INOX
Grand Total: ₹3090.76
Payment: CARD",3090.76,entertainment,card,,,ocr_receipt
"D PIZZAHUT 3401 Completed 14Apr 2026,4:08 pm Axis Bank Bank 8340 UPI transaction ID 7181169441 TO:PIZZAHUT pizza hut.96922@axis bankbank Goog1etransaction lD CICAgJjg971870 OPI paytm",3401,food,upi,paytm,axis,ocr_upi
dopahar ko 2359 rupaye shopping kar diya Lenskart pe UPI se pay kiya NIYO account se,2359,shopping,upi,phonepe,niyo,hinglish_natural
"D SPOTIFY 242 Completed 8Apr 2026,6:38 pm sbi Bank 6619 UPI transaction ID 80166581366222 TO:SPOTIFY spotify.15049@sbibank Goog1etransaction lD XYZabc021305 OPI GPay",242,entertainment,upi,gpay,sbi,ocr_upi
3431 rupees education loan EMI card NIYO account,3431,emi,card,,niyo,voice_transcript
"H&M
Net Amount 4316
Paid via CASH",4316,shopping,cash,,,ocr_receipt
Amazon me 222 rupaiye ka shopping kr diya debit card se yaar,222,shopping,card,,,hinglish_natural
Paid INR 4408 for Netmeds from my NIYO account via Gpay,4408,healthcare,upi,gpay,niyo,english_natural
flatmate rent share 19162 SLICE Vikram,19162,friends,upi,slice,,friends_synthetic
kal Rahul ka transfer kiya 142 ₹ UPI se die,142,friends,upi,cred,,hinglish_natural
coaching ka course le liya 3247 rs debit card se bohot mehenga,3247,education,card,,,hinglish_natural
kal 228 Gaana GPay se,1632,entertainment,upi,gpay,,source_hinglish
Fixed deposit investment INR 2149,2149,investment,upi,gpay,hdfc,source_english
books 667,667,education,upi,slice,slice,english_natural
i paid 19556 rupees for Kuvera using G Pay,19556,investment,upi,gpay,,voice_transcript
sent money to flatmate 388 on PhonePe,388,friends,upi,phonepe,,friends_synthetic
hospital doctor pharmacy medicine diagnostic Rs372 fi,372,healthcare,upi,fi,,cue_row
Paid Rs.49666.55 to Bajaj Finance EMI PhonePe UPI SBI 1180 Done,49666.55,emi,upi,phonepe,sbi,ocr_upi
DMart ka khana khaaya 21326 rs naqad,21326,food,cash,,,hinglish_natural
grocery vegetables milk bread fruits t29023 paid Phonepe,29023,food,upi,phonepe,,cue_row
water bill 1358 rupay PayTM se pay kar diya,25781,utilities,upi,paytm,,source_hinglish
NEFT/TRANSFER/FD/SBI,4291.57,investment,upi,paytm,sbi,english_natural
coaching 1819 rupay naqad,1819,education,cash,,,hinglish_natural
"LAB TEST RESTAURANT
Total 4796.90
Cash Received
Change 0.00",4796.90,healthcare,upi,paytm,hdfc,ocr_receipt
408 rupaiye bhai card se pay kia,408,friends,card,,hdfc,hinglish_natural
1mg se dawai liyaa 3349 rs. ka UPI se hdfc account se,1,healthcare,upi,phonepe,hdfc,hinglish_natural
"PVR
Item 1 Rs.439
Item 2 ?326
Total INR 15920.69
PhonePe",15920.69,entertainment,upi,phonepe,,ocr_receipt
sent Rs 18943 to Divya on PayTM,18943,friends,upi,paytm,,friends_synthetic
petrol pump 80 rupay card se pay kar diya slice account se,80,travel,card,,slice,hinglish_natural
flight booking travel ticket INR 4958 card,4958,travel,card,,hdfc,cue_row
"Gaana
Net Amount 1707
Paid via BHIM",1707,entertainment,upi,bhim,,ocr_receipt
t4891.60 debited from your Axis account for BookMyShow (GPay UPI),4891.60,entertainment,upi,gpay,axis,ocr_upi
22807 rupay bill bharaa DishTV ko UPI se diy,44822,utilities,upi,jupiter,,source_hinglish
mess pe 229 rupaiye ka khana order kya cash de diya,229,food,cash,,,hinglish_natural
aaj Zara pe 1183 rupaye kharcha hua card se,1183,shopping,card,,,voice_transcript
crypto gold bonds NPS portfolio Rs 16323 gpay,16323,investment,upi,gpay,,cue_row
split bill 416 Phone Pe se Rohan ko diya,416,friends,upi,phonepe,idfc,friends_synthetic
Hotstar ka 48972 rupees ka bill Cred se pay kiya,48972,entertainment,upi,cred,,voice_transcript
368 rupaye books liyaa library ko via Cred,368,education,upi,cred,niyo,hinglish_natural
market 14696 ₹ haath se de diya,14696,shopping,cash,,,hinglish_natural
Payment of 306.04 to Angel One was successful via CRED UPI Ref No 26080828723 kotak Account 4320,306.04,investment,upi,cred,kotak,ocr_upi
dost 856,856,friends,upi,gpay,,english_natural
21796 paid to flatmate via PayTM UPI from sbi Bank ending 6085,21796,friends,upi,paytm,sbi,ocr_upi
coaching exam preparation study material Rs 1239 gpay,1239,education,upi,gpay,sbi,cue_row
₹2093 paid to Apple Music via paytm from kotak,2093,entertainment,upi,paytm,kotak,english_natural
bhai electronics store ka 82 rupaye paytm se de diya,82,shopping,upi,paytm,,voice_transcript
dost me 2149 rs. ka split kiya via Paytm,2149,friends,upi,paytm,,hinglish_natural
Rahul 176 NIYO Successful HDFC Bank 6918,176,friends,upi,niyo,hdfc,ocr_upi
bro 72.98,72.98,friends,upi,jupiter,,english_natural
dentist payment Rs 255 done via jupiter,255,healthcare,upi,jupiter,,english_natural
Mobile recharge INR 15151,15151,utilities,upi,paytm,,source_english
"1MG
Item 1 118
Item 2 329
Total Rs 764
CARD",764,healthcare,card,,,ocr_receipt
"BILL
electricity bill
17127
Google Pay
Thank You Visit Again",17127,utilities,upi,gpay,axis,ocr_receipt
mutual fund se mutual fund kar diya 79 rupaiye ka Jupiter pe,79,investment,upi,jupiter,idfc,hinglish_natural
230 rs Rapido PayTM se pay kia,230,travel,upi,paytm,union bank,hinglish_natural
13485 Phonepe Kuvera,13485,investment,upi,phonepe,,english_natural
aaj Amazon Prime pe 2799 rupaye kharcha hua card se,2799,entertainment,card,,,voice_transcript
423.97 Phonepe roommate,423.97,friends,upi,phonepe,jupiter,english_natural
YouTube Premium 25528 rupay UPI se diye,25528,entertainment,upi,phonepe,,hinglish_natural
dopahar ko 172 rupaye flatmate UPI se,172,friends,upi,paytm,,hinglish_natural
"D BROADBAND 2940.22 Completed 21Jan 2026,11:04 pm State Bank Bank 6476 UPI transaction ID 76213461646152 TO:BROADBAND broadband.66561@state bankbank Googletransaction lD CICAgJjg224708 OPI Phone Pe",2940.22,utilities,upi,phonepe,sbi,ocr_upi
Chai Point 2778 rupaiye Bhim se,2778,food,upi,bhim,,hinglish_natural
₹3051 charged for books on cash,3051,education,cash,,canara,english_natural
1mg pe 4022 ₹ ka test karaya card se pay kiyaa,1,healthcare,card,,hdfc,hinglish_natural
"bro 1430 Completed 23Dec 2026,8:54 pm Indusind Bank 1596 UPI transaction ID 1555623947646",1430,friends,upi,paytm,indusind,ocr_upi
Car loan EMI INR 49475,49475,emi,card,,axis,source_english
maine 9335 rupaye eye checkup ko diye cash se,9335,healthcare,cash,,,voice_transcript
stocks Rs.38 cred,38,investment,upi,cred,hdfc,ocr_upi
spent 12752 rupees on roommate via cred,12752,friends,upi,cred,,voice_transcript
today i spent 4954 on MedPlus via PayTM,4954,healthcare,upi,paytm,,voice_transcript
1036 rs. bike loan EMI card se,1036,emi,card,,,hinglish_natural
stationery me 4145 rupaiye ka admission kar diya credit card se matlab,4145,education,card,,,hinglish_natural
sent Rs 43755 to friend on niyo split bill UPI,43755,friends,upi,niyo,,cue_row
Spent 1754 on Behrouz using cash,1754,food,cash,,hdfc,english_natural
UPI/46306149/GAANA/CANARA,76,entertainment,card,,canara,english_natural
POS/SONYLIV/DEBIT CARD/9439,45010,entertainment,card,,kotak,english_natural
569 rs SIP bhar diya ET Money ko UPI se de diye yaar,569,investment,upi,slice,,hinglish_natural
"Receipt #8191
Flipkart
Amount Paid: ₹406
Mode: CARD",406,shopping,card,,sbi,ocr_receipt
Medical test charges INR 23876,23876,healthcare,card,,,source_english
i paid 443 rupees for home loan EMI using card,443,emi,card,,,voice_transcript
aaj exam fee pe 63 rupaye kharcha hua card se,63,education,card,,yes bank,voice_transcript
"INOX
Item 1 ₹429
Item 2 165
Total 185.00
CARD",185.00,entertainment,card,,,ocr_receipt
school college tuition course books fees Rs 233 paytm,233,education,upi,paytm,federal bank,cue_row
i paid 385 rupees for metro using cash,385,travel,cash,,,voice_transcript
"education loan EMI 346.75 Completed 16Feb 2025,12:25 am Axis 7212 UPI transaction ID 0522144267",346.75,emi,upi,slice,axis,ocr_upi
1118 rupees shopping kya Lenskart pe debit card se,1118,shopping,card,,kotak,hinglish_natural
1919 rupees dost ko die dost ko haath se de diye,1919,friends,cash,,hdfc,hinglish_natural
3868.63 debited from your ICICI account for Flipkart (SLICE UPI),3868.63,shopping,upi,slice,icici,ocr_upi
"CHAI POINT RESTAURANT
Total 44452.20
Cash Received
Change 0.00",44452.20,food,upi,paytm,,ocr_receipt
sent t479 to Karan on card,479,friends,card,,,friends_synthetic
bhai 34787 transfer kr diya Pooja ko slice pe,34787,friends,upi,slice,sbi,hinglish_natural
Karan 294 rs. PayTM se,294,friends,upi,paytm,,hinglish_natural
"D COLLEAGUE 326 Completed 2Jan 2026,4:31 pm HDFC Bank 8507 UPI transaction ID 10103208234160 TO:COLLEAGUE colleague.88286@hdfcbank Goog1etransaction lD CICAgJjg757885 OPI PayTM",326,friends,upi,paytm,hdfc,ocr_upi
upGrad Rs 44.77 Paytm,44.77,education,upi,paytm,,english_natural
abhi Lenskart me 39363 rs. ka shopping kar diya haath se diye,39363,shopping,cash,,,hinglish_natural
Electricity bill payment INR 22313,22313,utilities,upi,niyo,,source_english
bhai Karan ko udhar return kiya 24669 rs Google Pay se,24669,friends,upi,gpay,,friends_synthetic
"Flipkart 1013 Completed 24Mar 2026,2:27 pm HDFC Bank 1879 UPI transaction ID 53432950646001",1013,shopping,upi,jupiter,hdfc,ocr_upi
paid Shreya Rs 3082 via cash,3082,friends,cash,,,friends_synthetic
Paid 363 to Swiggy gpay UPI Kotak 6483 Successful,363,food,upi,gpay,kotak,ocr_upi
rent maintenance gas connection ₹2502 slice,2502,utilities,upi,slice,,cue_row
Paid 292 for Cleartrip from my Fi Money account via credit card,292,travel,card,,fi,english_natural
college fees ka admission kar diya 793 rupees credit card se budget tod diya,793,education,card,,hdfc,hinglish_natural
society maintenance ka payment kia 25162 rs via gpay,25162,utilities,upi,gpay,,hinglish_natural
Bought Nature's Basket for Rs42914.53 with GPay,42914.53,food,upi,gpay,,english_natural
Apollo Pharmacy se checkup karaya 27 rupaiye ka naqad SBI wale account se,27,healthcare,cash,,sbi,hinglish_natural
461 paid to exam fee via bhim from HDFC Bank,461,education,upi,bhim,hdfc,english_natural
water bill ka bill bhar diya 418 rupay debit card se,418,utilities,card,,niyo,hinglish_natural
flatmate rent share 3468 Slice yaar,3468,friends,upi,slice,hdfc,friends_synthetic
Just paid INR 299 to EatFit through PayTM,299,food,upi,paytm,,english_natural
ghar jaate waqt 255 rupaye paisa daala Paytm Money pe cred se,255,investment,upi,cred,icici,hinglish_natural
"INSURANCE PREMIUM RESTAURANT
Total 134
Cash Received
Change 0.00",134,utilities,cash,,hdfc,ocr_receipt
"TAX INVOICE
lab test
Grand Total: 21736.80
Payment: CASH",21736.80,healthcare,cash,,,ocr_receipt
32990 rupees Netmeds card,32990,healthcare,card,,,voice_transcript
46525 rupees EMI kat gayi home loan EMI pe credit card se Jupiter se,46525,emi,card,,jupiter,hinglish_natural
office se aate hue Kuvera ka SIP bharaa 328 rupaiye UPI se,328,investment,upi,jupiter,,hinglish_natural
Indian Oil me 4998 rupees ka ride lya credit card se,4998,travel,card,,,hinglish_natural
Spotify Rs 248 card,248,entertainment,card,,,english_natural
₹10863 to Zepto via GPay,10863,food,upi,gpay,,english_natural
Used slice Paytm to pay ₹153 for Cleartrip,153,travel,upi,paytm,slice,english_natural
Train ticket IRCTC INR 26301,26301,travel,card,,sbi,source_english
"DMART
Item 1 Rs 176
Item 2 INR 433
Total R 1544.47
CASH",1544.47,food,cash,,sbi,ocr_receipt
Paid 2892.78 for Meesho from my hdfc account via cash,2892.78,shopping,cash,,hdfc,english_natural
Payment of Rs 3604 to DMart was successful via niyo UPI Ref No 22030750570266 Federal Bank Account 3398,3604,food,upi,niyo,federal bank,ocr_upi
home loan car loan credit card EMI monthly 783 autopay jupiter,783,emi,upi,jupiter,,cue_row
Rs.286.38 to Behrouz via Paytm,286.38,food,upi,paytm,,english_natural
46284 rs. kha liya Nature's Basket pe cash me,46284,food,cash,,,hinglish_natural
sent money to Divya Rs.2121 on card,2121,friends,card,,,friends_synthetic
16108 rupees Subway CRED HDFC account,16108,food,upi,cred,hdfc,voice_transcript
raat ko 4349 rupay dawai liya MedPlus pe gpay se zyada ho gaya,4349,healthcare,upi,gpay,,hinglish_natural
"Neha 43924.49 Completed 25Jan 2026,7:03 am ICICI 4791 UPI transaction ID 560897064937590",43924.49,friends,upi,phonepe,icici,ocr_upi
bhai Rahul ko udhar return kiya 481 rs Bhim se,481,friends,upi,bhim,,friends_synthetic
Ola se ticket book kar diya 708 rupaye ka naqad,708,travel,cash,,,hinglish_natural
UPI/92972607/BIKE LOAN EMI/KOTAK MAHINDRA,2914.42,emi,card,,kotak,english_natural
PPF contribution INR 2828,2828,investment,card,,,source_english
sent INR 1381 to friend on G Pay split bill UPI,1381,friends,upi,gpay,,cue_row
ATM/CASH/ICICI/3639.84,3639.84,entertainment,card,,icici,english_natural
Uber ride INR 5430,5430,travel,upi,gpay,,source_english
Train ticket IRCTC INR 32888,32888,travel,upi,bhim,,source_english
474 rupaiye test karaya doctor ko Niyo se,474,healthcare,upi,niyo,yes bank,hinglish_natural
"BILL
Hotstar
Rs 10330.69
paytm
Thank You Visit Again",10330.69,entertainment,upi,paytm,axis,ocr_receipt
Udemy 2033,2033,education,card,,,english_natural
personal loan EMI se EMI kat gayi 79 ka card se bohot mehenga,79,emi,card,,slice,hinglish_natural
gaming concert event ticket Rs.345 CRED,345,entertainment,upi,cred,,cue_row
"TAX INVOICE
Haldirams
Grand Total: 33357.93
Payment: CARD",33357.93,food,card,,sbi,ocr_receipt
dopahar ko 383 rupay ticket le liya concert pe via GPay,383,entertainment,upi,gpay,canara,hinglish_natural
roommate ko 2331 transfer kiya cred se,2331,friends,upi,cred,,friends_synthetic
Just paid Rs 1465 to concert through card,1465,entertainment,card,,,english_natural
water bill ka 2189 rupees ka bill bhim se pay kiya,2189,utilities,upi,bhim,axis,voice_transcript
Bajaj Finance EMI me 20354 ₹ ka installment de diye credit card se,20354,emi,card,,,hinglish_natural
"gaming BILL
St: ₹233
CARD APPROVED",233,entertainment,card,,icici,ocr_receipt
NEFT/TRANSFER/BYJU'S/,31576,education,cash,,,english_natural
paid back friend lent money INR 2825 card,2825,friends,card,,,cue_row
bhai clinic ka 18379 rupaye cash se de diya,18379,healthcare,cash,,,voice_transcript
dinner split 2875 rupaye Rahul jupiter,2875,friends,upi,jupiter,,friends_synthetic
spent 455 rupees on Subway via niyo,455,food,upi,niyo,jupiter,voice_transcript
Paid INR 4204 for rent via Mastercard,4204,utilities,card,,icici,english_natural
"TAX INVOICE
Netmeds
Grand Total: 136
Payment: CASH",136,healthcare,cash,,rbl,ocr_receipt
Paid bike loan EMI Rs.2967 using credit card from Kotak Mahindra,2967,emi,card,,kotak,english_natural
NEFT/TRANSFER/BURGER KING/FI MONEY,505.48,food,upi,gpay,fi,english_natural
"D ZERODHA 219 Completed 18Feb 2026,9:19 pm icici Bank 2028 UPI transaction ID 781676634208 TO:ZERODHA zerodha.40485@icicibank Googletransaction lD CICAgJjg426647 OPI jupiter",219,investment,upi,jupiter,icici,ocr_upi
"D RESTAURANT 7810.54 Completed 14Mar 2026,4:12 pm HDFC Bank 8997 UPI transaction ID 36454827395481 TO:RESTAURANT restaurant.64367@hdfcbank Googletransaction lD CICAgJjg987108 OPI PhonePe",7810.54,food,upi,phonepe,hdfc,ocr_upi
car loan EMI ka installment de diye 421 ₹ credit card se,421,emi,card,,,hinglish_natural
Paid Rs.1259 for electricity bill from my HDFC account via Google Pay,1259,utilities,upi,gpay,hdfc,english_natural
Home loan EMI INR 30349,30349,emi,upi,bhim,icici,source_english
"electronics store BILL
St: INR 200
CASH approved",200,shopping,cash,,,ocr_receipt
dinner split 19024 rupaye bro cash,19024,friends,cash,,,friends_synthetic
yaar se paise bheje 62 ka phonepe pe,62,friends,upi,phonepe,,hinglish_natural
Nature's Basket pe 3085 rupay ka kha liya UPI se,3085,food,upi,gpay,idfc,hinglish_natural
UPI/39765115/PHARMEASY/ICICI,44229,healthcare,upi,phonepe,icici,english_natural
Rs.3997 to doctor via Jupiter,3997,healthcare,upi,jupiter,,english_natural
Apple Music 4057 PhonePe,4057,entertainment,upi,phonepe,,english_natural
PVR ka subscription renew kiyaa 4542 rupaye via Niyo,4542,entertainment,upi,niyo,,hinglish_natural
ET Money pe 43453 rupees ka invest kya credit card se,43453,investment,card,,,hinglish_natural
INR 4686 paid to JioMart via G Pay UPI from Yes Bank Bank ending 6574,4686,food,upi,gpay,yes bank,ocr_upi
abhi Airtel recharge se recharge kiyaa 623 ka G Pay se,623,utilities,upi,gpay,hdfc,hinglish_natural
4134 rupees ride lya Cleartrip pe card se pay kya Kotak Mahindra se,4134,travel,card,,kotak,hinglish_natural
today i spent 2281 on Pizza Hut via card,2281,food,card,,,voice_transcript
216 ₹ YouTube Premium credit card se,216,entertainment,card,,,hinglish_natural
TO:LABTEST labtest.41433@sbibank From:PRIYASHARMA (sbi Cred : sender7176@oksbibank,4910.96,healthcare,upi,cred,sbi,ocr_upi
Spotify ka 49496 rupees ka bill card se pay kiya,49496,entertainment,card,,,voice_transcript
home loan EMI 882 Phonepe Successful axis 5597,882,emi,upi,phonepe,axis,ocr_upi
Arjun ka 491 rupees ka bill PayTM se pay kiya,491,friends,upi,paytm,,voice_transcript
Bhim payment R 128 Coursera HDFC Bank 7559 successful,128,education,upi,bhim,hdfc,ocr_upi
4491 rupaye bhai Jupiter se,4491,friends,upi,jupiter,slice,hinglish_natural
Just paid ?18747 to bike loan EMI through niyo,18747,emi,upi,niyo,niyo,english_natural
Lenskart 2033 ₹ card se,2033,shopping,card,,,hinglish_natural
coaching 247 State Bank,247,education,upi,phonepe,sbi,english_natural
raat ko stationery me 72 rupaiye ka tuition diy card se pay kr diya,72,education,card,,icici,hinglish_natural
1968 rs. Unacademy UPI se diy,1968,education,upi,slice,,hinglish_natural
concert ka subscription renew kar diya 3154 rs card se pay kiya achha deal mila,3154,entertainment,card,,,hinglish_natural
Box8 228 UPI se de diye,8,food,upi,fi,,hinglish_natural
476.07 debit card SonyLIV,476.07,entertainment,card,,icici,english_natural
aaj 32071 HDFC loan debit card se,16355,emi,card,,,source_hinglish
"Zerodha 307.99 Completed 20Jul 2026,1:05 pm hdfc 8428 UPI transaction ID 2733832976911",307.99,investment,upi,bhim,hdfc,ocr_upi
45 rs Coursera UPI se pay kar diya,45,education,upi,paytm,,hinglish_natural
Tata Play 38478.41 Google Pay Payment done hdfc 5453,38478.41,utilities,upi,gpay,hdfc,ocr_upi
rent maintenance gas connection 1001 PhonePe,1001,utilities,upi,phonepe,,cue_row
Payment of Rs.352.23 to rent was successful via BHIM UPI Ref No 7430171991 HDFC Bank Account 9259,352.23,utilities,upi,bhim,hdfc,ocr_upi
"Amazon BILL
St: INR 475
Cred approved",475,shopping,upi,cred,,ocr_receipt
INR 264 paid to doctor via Google Pay UPI from HDFC Bank ending 9316,264,healthcare,upi,gpay,hdfc,ocr_upi
Credit card EMI INR 33964,33964,emi,upi,niyo,,source_english
G Pay payment ₹305.94 diagnostic HDFC Bank 6316 done,305.94,healthcare,upi,gpay,hdfc,ocr_upi
Online course subscription INR 19262,19262,education,card,,,source_english
bhai Spotify pe 170 rs. ka show dekha card se pay kiyaa,170,entertainment,card,,,hinglish_natural
i did 3714 expense on crypto using gpay,3714,investment,upi,gpay,fi,voice_transcript
1207 rupees restaurant cash,1207,food,cash,,,voice_transcript
BigBasket se khana khaaya 347 rs ka cash de diye,347,food,cash,,,hinglish_natural
367.20 Mastercard PPF,367.20,investment,card,,,english_natural
flatmate ko 297 transfer kiya Phone Pe se,297,friends,upi,phonepe,kotak,friends_synthetic
Paid R 4955.17 for SonyLIV from my NIYO account via cash,4955.17,entertainment,cash,,niyo,english_natural
Bought Blinkit for ₹360 with debit card,360,food,card,,,english_natural
Rs.285 to Arjun Cred UPI,285,friends,upi,cred,,friends_synthetic
today i spent 4413 on mall via card,4413,shopping,card,,,voice_transcript
upGrad me 295 rupees ka fees bhara debit card se,295,education,card,,,hinglish_natural
INR 24 to insurance premium via niyo ICICI account,24,utilities,upi,niyo,icici,english_natural
Netmeds pe 498 ₹ ka doctor ko de diya debit card se,498,healthcare,card,,sbi,hinglish_natural
JioCinema 21804 rupees UPI se pay kiya zyada ho gaya,21804,entertainment,upi,paytm,,hinglish_natural
43467 rupees Myntra card se achha deal mila,43467,shopping,card,,,hinglish_natural
Paid ₹3611 for crypto from my SBI account via Cred,3611,investment,upi,cred,sbi,english_natural
Just paid Rs1334.47 to BSNL through cash,1334.47,utilities,cash,,axis,english_natural
"D MEESHO 294 Completed 21Apr 2026,9:43 pm RBL Bank Bank 9698 UPI transaction ID 83373202535396 TO:MEESHO meesho.51366@rbl bankbank Goog1etransaction lD XYZabc278656 OPI CRED",294,shopping,upi,cred,rbl,ocr_upi
Mutual fund SIP INR 29848,29848,investment,upi,bhim,,source_english
Payment of Rs 975 to MedPlus was successful via paytm UPI Ref No 396219764039 ICICI Account 2393,975,healthcare,upi,paytm,icici,ocr_upi
POS/AMAZON PRIME/DEBIT CARD/1729,3913,entertainment,card,,hdfc,english_natural
Paid ?3397.93 for Tata Play from my HDFC account via Phone Pe,3397.93,utilities,upi,phonepe,hdfc,english_natural
bro se dost ko de diya 1713 ₹ ka UPI se diy matlab,1713,friends,upi,phonepe,,hinglish_natural
Payment of Rs 5602 to Spotify was successful via jupiter UPI Ref No 6168498991 icici Account 2413,5602,entertainment,upi,jupiter,icici,ocr_upi
NPS me 318 ₹ ka SIP bhar diya UPI se pay kia SBI card se,318,investment,upi,gpay,sbi,hinglish_natural
2440 ₹ doctor debit card se,47123,healthcare,card,,,source_hinglish
bhai petrol pump se ticket book kr diya 141 rupees ka debit card se,141,travel,card,,bob,hinglish_natural
Rs.824.92 paid to IndiGo via card from Niyo,824.92,travel,card,,niyo,english_natural
Rs3970 paid to Zara via cred UPI from idfc Bank ending 1905,3970,shopping,upi,cred,idfc,ocr_upi
friend me 4676 ₹ ka udhar return kiyaa UPI se diye Axis se,4676,friends,upi,gpay,axis,hinglish_natural
spent 2708 rupees on exam fee via cash,2708,education,cash,,sbi,voice_transcript
1774 shopping kya Amazon ko cash diyee,1774,shopping,cash,,,hinglish_natural
mobile recharge me 4691 ₹ ka bill bhara via paytm,4691,utilities,upi,paytm,,hinglish_natural
mutual fund 42827 rs UPI se,42827,investment,upi,gpay,canara,hinglish_natural
"D GAANA 4043 Completed 6Mar 2026,7:45 pm Bank of Baroda Bank 3025 UPI transaction ID 6640280280 TO:GAANA gaana.28972@bank of barodabank Soogletransaction lD CICAgJjg446616 OPI niyo",4043,entertainment,upi,niyo,bob,ocr_upi
aaj 313 ₹ Bajaj Finance EMI Gpay se,313,emi,upi,gpay,,hinglish_natural
"TAX INVOICE
electronics store
Grand Total: Rs 386.61
Payment: CARD",386.61,shopping,card,,,ocr_receipt
raat ko Meesho 763 rupees via cred,763,shopping,upi,cred,,hinglish_natural
Used Niyo cash to pay ₹3101.40 for SpiceJet,3101.40,travel,cash,,niyo,english_natural
460 charged for Apple Music on cash,460,entertainment,cash,,jupiter,english_natural
"Receipt #1082
Bewakoof
Amount Paid: INR 2604.11
Mode: CARD",2604.11,shopping,card,,hdfc,ocr_receipt
58 ka water bill bill pay kiya PayTM se,58,utilities,upi,paytm,,voice_transcript
INR 454.58 paid to BYJU'S via phonepe UPI from HDFC Bank ending 2641,454.58,education,upi,phonepe,hdfc,ocr_upi
233 ka school fees bill pay kiya card se Union Bank se kata,233,education,card,,union bank,voice_transcript
Used Punjab National Bank credit card to pay 3017 for insurance premium,3017,utilities,card,,pnb,english_natural
ghar jaate waqt metro se cab lya 67 rupaiye ka card se pay kia Niyo account se,67,travel,card,,niyo,hinglish_natural
"ELECTRICITY BILL RESTAURANT
Total 140
Cash Received
Change 0.00",140,utilities,upi,slice,hdfc,ocr_receipt
UPI/84428220/UNACADEMY/BANK,72.16,education,card,,,english_natural
dopahar ko Practo 41089 rupees gpay pe sasta tha,41089,healthcare,upi,gpay,,hinglish_natural
"canteen
Net Amount 3645
Paid via Cred",3645,food,upi,cred,,ocr_receipt
Practo mein 3315 lag gaye card se bhara,3315,healthcare,card,,,voice_transcript
i did 37724 expense on Netmeds using cash,37724,healthcare,cash,,pnb,voice_transcript
"personal loan EMI 43257 Completed 10Sep 2026,8:49 am idfc 4965 UPI transaction ID 85378381496234",43257,emi,upi,paytm,idfc,ocr_upi
185 rupees stock le liya Paytm Money pe card se pay kr diya hdfc wale account se,185,investment,card,,hdfc,hinglish_natural
dopahar ko Reliance Digital se saman liyaa 4906 rupees ka credit card se,4906,shopping,card,,axis,hinglish_natural
flatmate rent share 723 PhonePe Ananya,723,friends,upi,phonepe,,friends_synthetic
"Behrouz
Net Amount 28658
Paid via Paytm",28658,food,upi,paytm,,ocr_receipt
Paid INR 1700.18 for Bewakoof from my ICICI Bank account via card,1700.18,shopping,card,,icici,english_natural
Cleartrip 34221 Slice,34221,travel,upi,slice,hdfc,ocr_upi
"TAX INVOICE
BookMyShow
Grand Total: Rs16891
Payment: Phonepe",16891,entertainment,upi,phonepe,,ocr_receipt
2440 rs. course liyaa Unacademy pe haath se die,2440,education,cash,,,hinglish_natural
Paid ₹3241.89 for 1mg from my HDFC account via cash,3241.89,healthcare,cash,,hdfc,english_natural
Paytm payment ₹3352 Coursera HDFC 1465 completed,3352,education,upi,paytm,hdfc,ocr_upi
Paid 292 for Udemy via GPay,292,education,upi,gpay,,english_natural
rickshaw ka 461 rupees ka bill card se pay kiya,461,travel,card,,hdfc,voice_transcript
Bought school fees for ₹3156 with Paytm,3156,education,upi,paytm,,english_natural
spent 281 rupees on colleague via GPay,281,friends,upi,gpay,,voice_transcript
Cred payment Rs.1395 coaching icici 4161 done,1395,education,upi,cred,icici,ocr_upi
Shreya 465 rupaye cash me,465,friends,cash,,,hinglish_natural
INR 246 charged for car loan EMI on Mastercard,246,emi,card,,,english_natural
11657 rupay Zara Google Pay pe matlab,11657,shopping,upi,gpay,,hinglish_natural
home loan car loan credit card EMI monthly ₹29270 autopay card,29270,emi,card,,,cue_row
split bill 3003 NIYO se Neha ko diya,3003,friends,upi,niyo,sbi,friends_synthetic
ACT Fibernet ka recharge kr diya 2463 rupaye via CRED bc,2602,utilities,upi,cred,,source_hinglish
Jio recharge mein 1914 lag gaye BHIM se bhara,1914,utilities,upi,bhim,,voice_transcript
split bill 220 cash se Arjun ko diya,220,friends,cash,,,friends_synthetic
Paid 4708 for Tata Play via Phonepe,4708,utilities,upi,phonepe,,english_natural
medical checkup lab test health insurance Rs.109 gpay,109,healthcare,upi,gpay,,cue_row
Haldirams mein 263 lag gaye cash se bhara,263,food,cash,,,voice_transcript
Reliance Fresh 2670 cred,2670,food,upi,cred,,english_natural
diagnostic 4292,4292,healthcare,upi,phonepe,,english_natural
i paid 466 rupees for Lenskart using Niyo,466,healthcare,upi,niyo,,voice_transcript
TO:POOJA pooja.52059@statebankbank From:PRIYASHARMA (State Bank GPay : user9529@okstatebankbank,23,friends,upi,gpay,sbi,ocr_upi
Angel One 2758 ₹ cred se pay kia,2758,investment,upi,cred,,hinglish_natural
Apple Music pe 3456 rupees ka movie dekhi Cred se,16317,entertainment,upi,cred,,source_hinglish
"TAX INVOICE
PVR
Grand Total: ₹321
Payment: CARD",321,entertainment,card,,,ocr_receipt
ghar jaate waqt 2676 rupaye test karaya PharmEasy ko cred se HDFC se matlab,2676,healthcare,upi,cred,hdfc,hinglish_natural
ghar jaate waqt home loan EMI pe 11415 rupaye ka installment de diye card se kotak se,11415,emi,card,,kotak,hinglish_natural
Paytm payment 336 Spotify HDFC Bank 4249 successful,336,entertainment,upi,paytm,hdfc,ocr_upi
Train ticket IRCTC INR 27394,27394,travel,card,,,source_english
sent money to bro Rs 21724 on Phonepe,21724,friends,upi,phonepe,,friends_synthetic
subah 389 rs. loan payment kar diya education loan EMI ko UPI se pay kar diya,389,emi,upi,paytm,icici,hinglish_natural
society maintenance ka payment kya 865 rupaiye cash me,865,utilities,cash,,,hinglish_natural
food court pe 112 ka mangwaya cash diyee,112,food,cash,,,hinglish_natural
Unacademy Rs.1646 G Pay,1646,education,upi,gpay,fi,english_natural
mutual fund SIP stocks PPF FD investment INR 491 Gpay,491,investment,upi,gpay,hdfc,cue_row
education loan EMI pe 33196 ₹ ka EMI kat gayi card se,33196,emi,card,,,hinglish_natural
school college tuition course books fees INR 409 card,409,education,card,,,cue_row
Groww 245 ₹ card se hdfc se kata,46113,investment,card,,hdfc,source_hinglish
Payment of 39730 to Karan was successful via paytm UPI Ref No 5475878371053 hdfc Account 8871,39730,friends,upi,paytm,hdfc,ocr_upi
raat ko 3533 rs 1mg cash me,3533,healthcare,cash,,,hinglish_natural
Nykaa 1770 rupaiye Phone Pe se pay kar diya Yes Bank card se,1770,shopping,upi,phonepe,yes bank,hinglish_natural
slice payment t27736.37 Yatra IndusInd 6274 completed,27736.37,travel,upi,slice,indusind,ocr_upi
personal loan installment EMI deduction ?546 G Pay,546,emi,upi,gpay,,cue_row
personal loan EMI ka installment die 257 rupaiye credit card se idfc card se,257,emi,card,,idfc,hinglish_natural
"HOSPITAL
Item 1 Rs 270
Item 2 Rs242
Total INR 126
Slice",126,healthcare,upi,slice,,ocr_receipt
"EATFIT
Item 1 ₹497
Item 2 368
Total 2095.79
G Pay",2095.79,food,upi,gpay,,ocr_receipt
spent 38532 rupees on JioCinema via Phone Pe,38532,entertainment,upi,phonepe,,voice_transcript
4399 electricity bill via Phonepe matlab,4399,utilities,upi,phonepe,,hinglish_natural
"Receipt #1461
FirstCry
Amount Paid: ₹1472
Mode: G Pay",1472,shopping,upi,gpay,icici,ocr_receipt
Vedantu me 3448 rupaye ka books liyaa card se pay kar diya yaar,3448,education,card,,,hinglish_natural
sent money to Divya R 1130 on cash,1130,friends,cash,,,friends_synthetic
38143 to Uber via phonepe Punjab National Bank account,38143,travel,upi,phonepe,pnb,english_natural
aaj SBI loan pe 2688 rupaye kharcha hua card se,2688,emi,card,,,voice_transcript
Coursera ka books lia 302 rupaye debit card se,302,education,card,,,hinglish_natural
Zomato ka mangwaya 274 rs UPI se diye budget tod diya,274,food,upi,slice,,hinglish_natural
"Tata CLiQ
Net Amount 473
Paid via paytm",473,shopping,upi,paytm,,ocr_receipt
2624 rs. checkup karaya Practo pe cash me,2624,healthcare,cash,,idfc,hinglish_natural
Spent 252.02 on personal loan EMI using credit card,252.02,emi,card,,icici,english_natural
Coursera 1616 Paytm,1616,education,upi,paytm,jupiter,english_natural
breakfast snacks chai coffee ?2536 phonepe,2536,food,upi,phonepe,,cue_row
sent money to Karan R 4028 on cash,4028,friends,cash,,hdfc,friends_synthetic
maine 4810 rupaye EaseMyTrip ko diye card se,4810,travel,card,,federal bank,voice_transcript
Payment of Rs.107 to car loan EMI was successful via Phone Pe UPI Ref No 51514940074672 Punjab National Bank Account 4592,107,emi,upi,phonepe,pnb,ocr_upi
subah Kuvera se SIP bhara 4810 rupaiye ka credit card se bohot mehenga,4810,investment,card,,,hinglish_natural
Doctor consultation INR 18823,18823,healthcare,card,,,source_english
t38761 debited from your State Bank account for Air India (phonepe UPI),38761,travel,upi,phonepe,sbi,ocr_upi
"D KUVERA 15165 Completed 24Apr 2026,7:49 pm BOB Bank 2115 UPI transaction ID 927043885287158 TO:KUVERA kuvera.40584@bobbank Googletransaction lD XYZabc029973 OPI NIYO",15165,investment,upi,niyo,bob,ocr_upi
market mein 36646 lag gaye card se bhara,36646,shopping,card,,niyo,voice_transcript
library Rs.353 phonepe,353,education,upi,phonepe,pnb,ocr_upi
Ola t179 G Pay,179,travel,upi,gpay,sbi,english_natural
6168 electricity bill,6168,utilities,upi,phonepe,kotak,english_natural
18819 rupees Angel One paytm,18819,investment,upi,paytm,,voice_transcript
SpiceJet 4240.73,4240.73,travel,card,,,english_natural
1233 rupaiye kha liya Biryani Blues ko UPI se,1233,food,upi,phonepe,federal bank,hinglish_natural
bhai Air India ka 675 rupaye jupiter se de diya,675,travel,upi,jupiter,,voice_transcript
Doctor consultation INR 17962,17962,healthcare,upi,paytm,,source_english
aaj insurance premium ka recharge kiyaa 86 rupay via Jupiter,86,utilities,upi,jupiter,,hinglish_natural
dopahar ko library ka books le liya 2696 rs. phonepe se,2696,education,upi,phonepe,,hinglish_natural
Mobile recharge INR 4662,4662,utilities,upi,paytm,hdfc,source_english
bike loan EMI ka loan payment kya 489 card se pay kiyaa budget tod diya,489,emi,card,,,hinglish_natural
ghar jaate waqt 3111 rs Ajio credit card se,3111,shopping,card,,bandhan,hinglish_natural
Bought dhaba for Rs.1728 with CRED,1728,food,upi,cred,,english_natural
Phone Pe payment Rs13902 insurance premium IndusInd 5582 done,13902,utilities,upi,phonepe,indusind,ocr_upi
amazon flipkart myntra online shopping order ₹11335 card,11335,shopping,card,,icici,cue_row
Hotstar se game lya 2616 rupees ka credit card se,2616,entertainment,card,,icici,hinglish_natural
subah 26151 rupees dawai liya eye checkup ko card se,26151,healthcare,card,,,hinglish_natural
aaj 2543 rs. admission kiyaa Vedantu ko G Pay se pay kiya,2543,education,upi,gpay,,hinglish_natural
Gaana ₹32310.02 Niyo,32310.02,entertainment,upi,niyo,,english_natural
doctor ka 2447 rupees ka bill SLICE se pay kiya,2447,healthcare,upi,slice,,voice_transcript
"TAX INVOICE
Subway
Grand Total: Rs32860.77
Payment: CARD",32860.77,food,card,,,ocr_receipt
"RESTAURANT
Item 1 186
Item 2 ₹413
Total Rs.3577.59
CASH",3577.59,food,cash,,,ocr_receipt
Paid Bharat Petroleum Rs 1164.88 using Visa,1164.88,travel,card,,,english_natural
GPay payment INR 1337.54 Groww RBL Bank 7644 completed,1337.54,investment,upi,gpay,rbl,ocr_upi
Paid Swiggy ₹3772 using Google Pay,3772,food,upi,gpay,,english_natural
TO:EXAMFEE examfee.60851@icicibank From:AMITSINGH (icici Phone Pe : user1664@okicicibank,335,education,upi,phonepe,icici,ocr_upi
Water bill INR 24269,24269,utilities,card,,,source_english
Biryani Blues 1412 rupaiye card se pay kiya,1412,food,card,,,hinglish_natural
561 ka tuition bill pay kiya card se slice se kata,561,education,card,,slice,voice_transcript
spent 441 rupees on Zee5 via SLICE,441,entertainment,upi,slice,niyo,voice_transcript
aaj 2495 rupaye car loan EMI card se pay kya,2495,emi,card,,hdfc,hinglish_natural
POS/CHAI POINT/GPAY/4746,31,food,upi,gpay,sbi,english_natural
3758 rupaye 1mg UPI se de diye,3758,healthcare,upi,phonepe,,hinglish_natural
Paid Rs 351 for Tata Play via cash,351,utilities,cash,,canara,english_natural
"D CONCERT 52.53 Completed 25Apr 2026,8:26 pm HDFC Bank Bank 8491 UPI transaction ID 97467930721 TO:CONCERT concert.73654@hdfc bankbank Goog1etransaction lD CICAgJjg927900 OPI PayTM",52.53,entertainment,upi,paytm,hdfc,ocr_upi
personal loan EMI ka loan payment kiyaa 48056 rupees debit card se Punjab National Bank card se,48056,emi,card,,pnb,hinglish_natural
flight booking travel ticket INR 1775 G Pay,1775,travel,upi,gpay,,cue_row
Rs.1086.45 to SonyLIV via cash,1086.45,entertainment,cash,,,english_natural
rickshaw ka ride liyaa 387 card se pay kar diya,387,travel,card,,,hinglish_natural
mutual fund 421 UPI se diyee State Bank card se,421,investment,upi,gpay,sbi,hinglish_natural
abhi Coin me 134 rs. ka paisa daala UPI se Fi wale account se,134,investment,upi,bhim,fi,hinglish_natural
Paid 12328 for Ola from my State Bank account via credit card,12328,travel,card,,sbi,english_natural
Bought college fees for Rs.108 with cash,108,education,cash,,,english_natural
Tata Play 233 gpay Successful State Bank 6511,233,utilities,upi,gpay,sbi,ocr_upi
POS/HALDIRAMS/G PAY/1810,4988,food,upi,gpay,federal bank,english_natural
2823 Unacademy phonepe se zyada ho gaya,2823,education,upi,phonepe,jupiter,hinglish_natural
233 rupees recharge kia ACT Fibernet ko UPI se de diye,20639,utilities,upi,cred,,source_hinglish
netflix spotify hotstar subscription movie show Rs.8878 cash,8878,entertainment,cash,,,cue_row
raat ko bike loan EMI se loan payment kya 46616 rupaye ka via gpay,46616,emi,upi,gpay,,hinglish_natural
Spent 234 on Gaana using slice,234,entertainment,upi,slice,,english_natural
2345 rupees Coin card HDFC Bank account,2345,investment,card,,hdfc,voice_transcript
broadband se bill bharaa 576 rupay ka credit card se NIYO wale account se,576,utilities,card,,niyo,hinglish_natural
Spent Rs.2175 on Amazon Prime using debit card,2175,entertainment,card,,,english_natural
Rs.305 to Swiggy via cash State Bank account,305,food,cash,,sbi,english_natural
36765 ka ET Money bill pay kiya card se icici se kata,36765,investment,card,,icici,voice_transcript
39081 ₹ Airtel recharge Fi se pay kiya,39081,utilities,upi,fi,pnb,hinglish_natural
subah 21188 rupaiye bill bhar diya gas bill ko UPI se pay kr diya,21188,utilities,upi,niyo,,hinglish_natural
₹243 paid to dentist via PayTM UPI from Kotak Bank ending 2213,243,healthcare,upi,paytm,kotak,ocr_upi
INR 2118 to Netflix via credit card,2118,entertainment,card,,,english_natural
Paytm Money me 1219 rs. ka stock lya Phonepe se,1219,investment,upi,phonepe,,hinglish_natural
bhai 339 rs doctor ko die hospital pe haath se diy bc,339,healthcare,cash,,,hinglish_natural
Reliance Fresh me 340 rs. ka mangwaya UPI se pay kiyaa,340,food,upi,gpay,slice,hinglish_natural
phonepe payment R 3334 Karan sbi 7951 done,3334,friends,upi,phonepe,sbi,ocr_upi
ghar jaate waqt 4895 rupees petrol bharra Uber pe debit card se,4895,travel,card,,,hinglish_natural
personal loan installment EMI deduction Rs.421 card,421,emi,card,,,cue_row
"TAX INVOICE
DishTV
Grand Total: Rs 450
Payment: G Pay",450,utilities,upi,gpay,,ocr_receipt
HDFC loan 1647.50,1647.50,emi,card,,,english_natural
Zomato dinner INR 40955,40955,food,card,,hdfc,source_english
MedPlus 334 rupay UPI se,334,healthcare,upi,cred,,hinglish_natural
2353 to education loan EMI via credit card,2353,emi,card,,,english_natural
netflix spotify hotstar subscription movie show Rs 1136 PayTM,1136,entertainment,upi,paytm,,cue_row
4924 rupaye ticket book kiya Rapido ko haath se die,4924,travel,cash,,bandhan,hinglish_natural
366 khana order kia cafe pe UPI se pay kar diya zyada ho gaya,366,food,upi,jupiter,,hinglish_natural
Yatra me 122 rs. ka kiraya diy naqad,11918,travel,cash,,axis,source_hinglish
Payment of Rs15809 to PPF was successful via cred UPI Ref No 689270472334 SBI Account 8992,15809,investment,upi,cred,sbi,ocr_upi
Rs.2439 to Pooja cred UPI,2439,friends,upi,cred,,friends_synthetic
car loan EMI se loan payment kiyaa 131 ka card se pay kiya IDFC wale account se yaar,131,emi,card,,idfc,hinglish_natural
car loan EMI 3191.51 Mastercard,3191.51,emi,card,,,english_natural
"SWIGGY RESTAURANT
Total 41097.34
Cash Received
Change 0.00",41097.34,food,upi,paytm,icici,ocr_receipt
today i spent 478 on Swiggy via GPay from my sbi bank,478,food,upi,gpay,sbi,voice_transcript
Faasos 892.78 Jupiter Successful SBI 7998,892.78,food,upi,jupiter,sbi,ocr_upi
YouTube Premium ka game le liya 3422 rupaye debit card se Axis wale account se,3422,entertainment,card,,axis,hinglish_natural
friend Rs2840.50 cred,2840.50,friends,upi,cred,hdfc,ocr_upi
bhai hospital pe 488 ka doctor ko de diya UPI se,488,healthcare,upi,phonepe,,hinglish_natural
Exam fee INR 22317,22317,education,card,,,source_english
Paid Rs 169 for mutual fund via credit card,169,investment,card,,,english_natural
crypto gold bonds NPS portfolio INR 11142 cred,11142,investment,upi,cred,,cue_row
47365 payment kr diya ACT Fibernet pe haath se de diye bc,47365,utilities,cash,,,hinglish_natural
yaar gold se mutual fund kia 33780 rs. ka UPI se,33780,investment,upi,bhim,,hinglish_natural
electronics clothes shoes accessories purchase ?104 via card,104,shopping,card,,icici,cue_row
Paid Rs.4809 for HDFC loan from my icici account via GPay,4809,emi,upi,gpay,icici,english_natural
dinner split 2965 rupaye Neha fi,2965,friends,upi,fi,,friends_synthetic
aaj 399 rupaiye khana order kiya Faasos ko phonepe se,399,food,upi,phonepe,,hinglish_natural
"DMart
Net Amount 1139
Paid via Phone Pe",1139,food,upi,phonepe,,ocr_receipt
Zerodha Rs16541 Slice,16541,investment,upi,slice,,english_natural
Paid Netmeds Rs38008 using Cred,38008,healthcare,upi,cred,,english_natural
"Receipt #8669
DishTV
Amount Paid: Rs.384
Mode: Paytm",384,utilities,upi,paytm,,ocr_receipt
3400 rupaye Cleartrip BHIM se yaar,3400,travel,upi,bhim,,hinglish_natural
Vikram ko 151 transfer kiya paytm se,151,friends,upi,paytm,,friends_synthetic
Amazon Prime Rs.34478.49 Mastercard,34478.49,entertainment,card,,axis,english_natural
JioCinema me 2901 rupaiye ka show dekha card se,2901,entertainment,card,,hdfc,hinglish_natural
"dentist BILL
St: Rs.41350.63
Phone Pe approved",41350.63,healthcare,upi,phonepe,,ocr_receipt
mutual fund SIP stocks PPF FD investment ₹236 card,236,investment,card,,,cue_row
Zerodha payment 32183 done via Visa,32183,investment,card,,,english_natural
abhi JioMart me 2014 ka food order kiyaa Cred pe HDFC card se bhai,2014,food,upi,cred,hdfc,hinglish_natural
Ananya pe 17210 rupees ka udhar return kr diya UPI se pay kr diya Niyo se,17210,friends,upi,paytm,niyo,hinglish_natural
Hotstar mein 622 lag gaye Google Pay se bhara,622,entertainment,upi,gpay,,voice_transcript
Vikram mein 3271 lag gaye bhim se bhara,3271,friends,upi,bhim,,voice_transcript
breakfast snacks chai coffee Rs.1101 cash,1101,food,cash,,,cue_row
Paid INR 4403.34 for electronics store via CRED,4403.34,shopping,upi,cred,,english_natural
Lenskart 415 Mastercard,415,shopping,card,,slice,english_natural
33 rupees rent Bhim se pay kar diya,33,utilities,upi,bhim,sbi,hinglish_natural
2269 mangwaya Swiggy ko UPI se ICICI Bank card se,2269,food,upi,phonepe,icici,hinglish_natural
NEFT/TRANSFER/LIBRARY/,127.36,education,card,,,english_natural
food court ka food order kiya 345 rupay card se,27158,food,card,,,source_hinglish
Divya se transfer kiya 4372 rupaiye ka naqad,4372,friends,cash,,,hinglish_natural
Bought PVR for Rs.41889 with Gpay,41889,entertainment,upi,gpay,,english_natural
Paid Rs.292.99 for books from my hdfc account via cash,292.99,education,cash,,hdfc,english_natural
Used ICICI Bank Visa to pay Rs.2090.52 for SonyLIV,2090.52,entertainment,card,,icici,english_natural
1mg me 276 rupay ka medicine lya card se pay kiyaa,1,healthcare,card,,jupiter,hinglish_natural
Paid 278.22 to Croma Paytm UPI Federal Bank 3721 Successful,278.22,shopping,upi,paytm,federal bank,ocr_upi
"PVR RESTAURANT
Total 1763
Cash Received
Change 0.00",1763,entertainment,upi,gpay,,ocr_receipt
electronics clothes shoes accessories purchase 2689 via GPay,2689,shopping,upi,gpay,,cue_row
Practo 1954 rupaye card se pay kiyaa,1954,healthcare,card,,,hinglish_natural
mall mein 97 lag gaye card se bhara,97,shopping,card,,,voice_transcript
dopahar ko 44400 rs Ajio via Paytm,44400,shopping,upi,paytm,,hinglish_natural
1116 SBI loan UPI se pay kiya,1116,emi,upi,paytm,,hinglish_natural
yaar 387 rs. Air India card se pay kia,387,travel,card,,hdfc,hinglish_natural
today i spent 3352 on Zee5 via cash,3352,entertainment,cash,,,voice_transcript
spent 2523 rupees on PharmEasy via cash,2523,healthcare,cash,,,voice_transcript
gaming concert event ticket 93 PayTM,93,entertainment,upi,paytm,,cue_row
3892 rs fees bharaa upGrad ko cash me,3892,education,cash,,jupiter,hinglish_natural
ghar jaate waqt electricity bill se bill bhra 39920 ₹ ka UPI se de diye,39920,utilities,upi,gpay,hdfc,hinglish_natural
POS/FIRSTCRY/DEBIT CARD/5941,231,shopping,card,,,english_natural
"TAX INVOICE
Zee5
Grand Total: Rs.4949.02
Payment: CARD",4949.02,entertainment,card,,,ocr_receipt
1508 rupay SBI loan card se,1508,emi,card,,,hinglish_natural
1173 rupay 1mg via Gpay,1173,healthcare,upi,gpay,,hinglish_natural
"Receipt #7518
ACT Fibernet
Amount Paid: Rs.1041
Mode: CRED",1041,utilities,upi,cred,,ocr_receipt
Spent Rs 23796.49 on Blinkit using cash,23796.49,food,cash,,,english_natural
sent 242 to Shreya on cash,242,friends,cash,,,friends_synthetic
bhai society maintenance ka 47122 rupaye Phonepe se de diya,47122,utilities,upi,phonepe,,voice_transcript
Hospital bill INR 32193,32193,healthcare,cash,,,source_english
Bought stationery for Rs194 with PayTM,194,education,upi,paytm,,english_natural
uber ola cab ride airport train ticket ₹3473 card,3473,travel,card,,,cue_row
dentist Rs.684.97 debited from hdfc,684.97,healthcare,cash,,hdfc,english_natural
dopahar ko Bewakoof pe 31378 ka khareed lya Paytm pe,31378,shopping,upi,paytm,,hinglish_natural
stocks ka paisa daala 3917 ₹ UPI se pay kya,3917,investment,upi,paytm,,hinglish_natural
"BILL
MedPlus
₹3807
Jupiter
Thank You Visit Again",3807,healthcare,upi,jupiter,,ocr_receipt
"BILL
Myntra
₹1774.36
CARD
Thank You Visit Again",1774.36,shopping,card,,,ocr_receipt
amazon flipkart myntra online shopping order 2072 G Pay,2072,shopping,upi,gpay,,cue_row
"PVR
Net Amount 473
Paid via BHIM",473,entertainment,upi,bhim,,ocr_receipt
840 rs. lab test cash diye,840,healthcare,cash,,,hinglish_natural
car loan EMI se EMI bharaa 476 ka via Phone Pe,476,emi,upi,phonepe,,hinglish_natural
"PIZZA HUT RESTAURANT
Total 1657
Cash Received
Change 0.00",1657,food,upi,cred,,ocr_receipt
spent 4106 rupees on lab test via card,4106,healthcare,card,,,voice_transcript
kal 4737 rupees Jio recharge UPI se de diya,4737,utilities,upi,phonepe,sbi,hinglish_natural
Zepto Rs 453 Phonepe,453,food,upi,phonepe,jupiter,english_natural
2135 rs. course liyaa coaching pe UPI se pay kia,2135,education,upi,jupiter,,hinglish_natural
crypto gold bonds NPS portfolio INR 38124 PhonePe,38124,investment,upi,phonepe,,cue_row
449 IRCTC,449,travel,cash,,,english_natural
"BILL
Netmeds
₹239
SLICE
Thank You Visit Again",239,healthcare,upi,slice,kotak,ocr_receipt
"D PIZZAHUT 1259 Completed 18Apr 2026,12:09 pm hdfc Bank 8500 UPI transaction ID 78265003123548 TO:PIZZAHUT pizza hut.40225@hdfcbank Googletransaction lD XYZabc539671 OPI Jupiter",1259,food,upi,jupiter,hdfc,ocr_upi
car loan EMI Rs 1208.83 slice,1208.83,emi,upi,slice,hdfc,ocr_upi
478 rupees flatmate G Pay jupiter account,478,friends,upi,gpay,jupiter,voice_transcript
library me 87 ₹ ka admission kiya haath se de diya,87,education,cash,,,hinglish_natural
378 rupees Rahul Paytm,378,friends,upi,paytm,,voice_transcript
dhaba se food order kr diya 11263 ka cash diyee,11263,food,cash,,fi,hinglish_natural
24988 rs order kr diya Bewakoof ko cash diye sbi wale account se,24988,shopping,cash,,sbi,hinglish_natural
"eye checkup
Net Amount 2687
Paid via fi",2687,healthcare,upi,fi,,ocr_receipt
3585 rupaiye mangwaya Biryani Blues ko UPI se die,42457,food,upi,gpay,,source_hinglish
"Pooja 3559 Completed 13Nov 2025,6:53 am hdfc 6711 UPI transaction ID 911556529278136",3559,friends,upi,cred,hdfc,ocr_upi
R 25778.99 charged for books on credit card,25778.99,education,card,,,english_natural
school college tuition course books fees Rs4848 jupiter,4848,education,upi,jupiter,,cue_row
Spent Rs1686 on Udemy using credit card,1686,education,card,,,english_natural
amazon flipkart myntra online shopping order INR 522 CRED,522,shopping,upi,cred,,cue_row
4479 cash bro,4479,friends,cash,,axis,english_natural
Paid books 22360 using Gpay from Federal Bank,22360,education,upi,gpay,federal bank,english_natural
breakfast snacks chai coffee 4578 cash,4578,food,cash,,,cue_row
gaming concert event ticket Rs.47 Niyo,47,entertainment,upi,niyo,,cue_row
Just paid INR 313.54 to stocks through Mastercard,313.54,investment,card,,,english_natural
GPay payment 99.73 Zee5 ICICI Bank 6400 successful,99.73,entertainment,upi,gpay,icici,ocr_upi
Paid Netflix 230 using SLICE,230,entertainment,upi,slice,,english_natural
Hospital bill INR 724,724,healthcare,upi,gpay,,source_english
?3230 paid to Kuvera via cred UPI from axis Bank ending 5206,3230,investment,upi,cred,axis,ocr_upi
29697 Google Pay Shreya,29697,friends,upi,gpay,bob,english_natural
Spent Rs 16029.87 on Bharat Petroleum using cash,16029.87,travel,cash,,,english_natural
"Receipt #6584
society maintenance
Amount Paid: t4031
Mode: CRED",4031,utilities,upi,cred,,ocr_receipt
Paid Lenskart INR 4523.21 using cred from HDFC,4523.21,healthcare,upi,cred,hdfc,english_natural
exam fee se admission kya 2268 ₹ ka debit card se,2268,education,card,,pnb,hinglish_natural
paid Vikram Rs.359 via Slice,359,friends,upi,slice,,friends_synthetic
today i spent 374 on Indian Oil via cash,374,travel,cash,,,voice_transcript
paid Shreya Rs.282 via cash,282,friends,cash,,,friends_synthetic
Burger King mein 1971 lag gaye cash se bhara,1971,food,cash,,,voice_transcript
crypto gold bonds NPS portfolio Rs 13248 card,13248,investment,card,,,cue_row
Neha me 170 rs ka paise bheje paytm se pay kr diya IndusInd card se bhai,170,friends,upi,paytm,indusind,hinglish_natural
sent Rs.3598 to friend on card split bill UPI,3598,friends,card,,,cue_row
Barbeque Nation ka 38138 rupees ka bill gpay se pay kiya,38138,food,upi,gpay,idfc,voice_transcript
i did 156 expense on Ajio using cash,156,shopping,cash,,,voice_transcript
Paid INR 22466 for stocks from my icici account via slice,22466,investment,upi,slice,icici,english_natural
Box8 ka khana order kiyaa 4847 UPI se,8,food,upi,phonepe,,hinglish_natural
mall ka buy kya 401 rupay card se pay kr diya icici wale account se,401,shopping,card,,icici,hinglish_natural
medical checkup lab test health insurance 451 bhim,451,healthcare,upi,bhim,,cue_row
344 to Karan Google Pay UPI,344,friends,upi,gpay,icici,friends_synthetic
Pooja 3202,3202,friends,upi,gpay,,english_natural
dentist pe 561 ka medicine lia haath se diyee,561,healthcare,cash,,,hinglish_natural
gaming pe 10910 rupaye ka game lya card se,10910,entertainment,card,,,hinglish_natural
1mg 1539 rupees credit card se,22644,healthcare,card,,,source_hinglish
paid 591 to Hotstar through G Pay from icici,591,entertainment,upi,gpay,icici,voice_transcript
YouTube Premium se subscription renew kar diya 186 rs. ka haath se die yaar,186,entertainment,cash,,icici,hinglish_natural
Ajio 257.88 Paytm Payment done hdfc 1227,257.88,shopping,upi,paytm,hdfc,ocr_upi
Spent 77 on Gaana using credit card,77,entertainment,card,,fi,english_natural
Amazon Prime se game liya 2149 rs ka card se,2149,entertainment,card,,,hinglish_natural
paid 3241 to Zepto through bhim,3241,food,upi,bhim,,voice_transcript
Spent ₹49134 on bhai using Cred,49134,friends,upi,cred,,english_natural
Zee5 ka game liya 7962 rupees card se bohot mehenga,5,entertainment,card,,,hinglish_natural
Snapdeal 372 UPI se pay kiya HDFC Bank se,372,shopping,upi,niyo,hdfc,hinglish_natural
hospital doctor pharmacy medicine diagnostic 453 paytm,453,healthcare,upi,paytm,,cue_row
Box8 R 491 fi,491,food,upi,fi,,english_natural
ghar jaate waqt MedPlus ka checkup karaya 4708 rs via PayTM,4708,healthcare,upi,paytm,,hinglish_natural
40456 rupay buy kya Nykaa pe card se,40456,shopping,card,,,hinglish_natural
spent 4195 rupees on Groww via Phonepe,4195,investment,upi,phonepe,axis,voice_transcript
4323 rupaye Lenskart credit card se,4323,shopping,card,,hdfc,hinglish_natural
Lenskart Rs 2968.15 cash,2968.15,healthcare,cash,,sbi,english_natural
Netflix ka 970 rupees ka bill PayTM se pay kiya,970,entertainment,upi,paytm,sbi,voice_transcript
Bajaj Finance EMI pe 169 rupaye ka EMI kat gayi card se pay kya bc,169,emi,card,,sbi,hinglish_natural
"doctor BILL
St: ?2442
CARD APPROVED",2442,healthcare,card,,indusind,ocr_receipt
crypto gold bonds NPS portfolio ₹1953 card,1953,investment,card,,,cue_row
i paid 8695 rupees for Netflix using Slice,8695,entertainment,upi,slice,,voice_transcript
aaj doctor pe 428 rupaye kharcha hua Jupiter se,428,healthcare,upi,jupiter,,voice_transcript
office se aate hue home loan EMI pe 68 rupay ka installment diye card se pay kiya,68,emi,card,,,hinglish_natural
TO:ROHAN rohan.69819@icicibank From:PRIYASHARMA (ICICI jupiter : sender8882@okicicibank,50,friends,upi,jupiter,icici,ocr_upi
bhai colleague ko udhar return kiya 1202 rs cash se,1202,friends,cash,,,friends_synthetic
MedPlus 32909 rupees naqad,32909,healthcare,cash,,,hinglish_natural
493 water bill,493,utilities,cash,,hdfc,english_natural
45111 rs doctor ko de diye PharmEasy pe haath se de diye sbi se kata,45111,healthcare,cash,,sbi,hinglish_natural
"LAB TEST
Item 1 ?301
Item 2 Rs 267
Total Rs.8627.22
Phone Pe",8627.22,healthcare,upi,phonepe,,ocr_receipt
Unacademy 2420 rupaiye haath se de diya,2420,education,cash,,jupiter,hinglish_natural
stationery 159 Google Pay Completed sbi 9587,159,education,upi,gpay,sbi,ocr_upi
38830 rupees Uber cash,38830,travel,cash,,,voice_transcript
UPI/49576423/MARKET/BANK,34869,shopping,card,,,english_natural
kal food court pe 4625 rupay ka khana khaya naqad,4625,food,cash,,,hinglish_natural
subah water bill 1440 rupees Slice se pay kia,1440,utilities,upi,slice,,hinglish_natural
flatmate rent share 4473 Bhim friend,4473,friends,upi,bhim,,friends_synthetic
444 ₹ ticket lya INOX ko card se,444,entertainment,card,,,hinglish_natural
sent Rs.368 to friend on paytm,368,friends,upi,paytm,,friends_synthetic
"FOOD COURT RESTAURANT
Total 3085
Cash Received
Change 0.00",3085,food,upi,phonepe,,ocr_receipt
split bill 24779 PayTM se Pooja ko diya,24779,friends,upi,paytm,,friends_synthetic
MakeMyTrip se ticket book kya 2860 rupees ka card se pay kiya,2860,travel,card,,,hinglish_natural
43880 rupaye flatmate UPI se,43880,friends,upi,bhim,,hinglish_natural
4228 education loan EMI,4228,emi,card,,hdfc,english_natural
petrol diesel fuel INR 4120 at pump card,4120,travel,card,,,cue_row
Paid clinic Rs.18192.74 using GPay,18192.74,healthcare,upi,gpay,,english_natural
Rs 3278 debited from your Yes Bank account for roommate (Google Pay UPI),3278,friends,upi,gpay,yes bank,ocr_upi
Rs180.83 charged for coaching on card,180.83,education,card,,,english_natural
concert 1812 rs card se pay kiyaa,1812,entertainment,card,,,hinglish_natural
dost Ananya ko 350 rupaye paytm se bheje,350,friends,upi,paytm,hdfc,friends_synthetic
1036 debited from your hdfc account for INOX (Gpay UPI),1036,entertainment,upi,gpay,hdfc,ocr_upi
kal lab test ka medicine liya 2711 rupaye card se,2711,healthcare,card,,,hinglish_natural
raat ko 41337 ₹ Paytm Money UPI se,41337,investment,upi,phonepe,,hinglish_natural
netflix spotify hotstar subscription movie show Rs.25146 fi,25146,entertainment,upi,fi,,cue_row
electricity bill se recharge kiya 22047 rs. ka UPI se diyee,22047,utilities,upi,gpay,,hinglish_natural
sent 1450 to dost on SLICE,1450,friends,upi,slice,,friends_synthetic
NEFT/TRANSFER/RELIANCE DIGITAL/,2357,shopping,card,,,english_natural
netflix spotify hotstar subscription movie show t3086 card,3086,entertainment,card,,,cue_row
Rs.2699 charged for FirstCry on jupiter,2699,shopping,upi,jupiter,,english_natural
Spotify se movie dekhi 46362 rs. ka credit card se,46362,entertainment,card,,,hinglish_natural
subah broadband pe 268 ka bill bhra via Phone Pe,268,utilities,upi,phonepe,,hinglish_natural
182 rupaiye shopping kiyaa Reliance Digital ko Fi Money pe,182,shopping,upi,fi,,hinglish_natural
coaching exam preparation study material ₹12629 cash,12629,education,cash,,,cue_row
office se aate hue mall ka shopping kiya 23838 haath se die,23838,shopping,cash,,,hinglish_natural
paid back friend lent money Rs402 cash,402,friends,cash,,kotak,cue_row
raat ko SIP ka invest kr diya 742 rupaye via Gpay,742,investment,upi,gpay,icici,hinglish_natural
Lenskart ka test karaya 1790 rs. UPI se pay kar diya,1790,healthcare,upi,cred,,hinglish_natural
₹4551 paid to Subway via GPay from Kotak Mahindra,4551,food,upi,gpay,kotak,english_natural
Fixed deposit investment INR 20126,20126,investment,upi,phonepe,,source_english
Vikram pe 416 ka udhar return kiya UPI se hdfc card se,416,friends,upi,phonepe,hdfc,hinglish_natural
sent money to dost 4237 on Gpay,4237,friends,upi,gpay,sbi,friends_synthetic
Arjun 20233.24 Phonepe,20233.24,friends,upi,phonepe,,english_natural
electronics clothes shoes accessories purchase 1737 via gpay,1737,shopping,upi,gpay,,cue_row
EaseMyTrip payment ₹1498.70 done via credit card,1498.70,travel,card,,,english_natural
dopahar ko rickshaw se ticket book kiya 495 rupay ka credit card se Kotak Mahindra se kata,495,travel,card,,kotak,hinglish_natural
paid back friend lent money ₹37 gpay,37,friends,upi,gpay,,cue_row
381 ka library bill pay kiya Google Pay se,381,education,upi,gpay,,voice_transcript
3986.80 Visa exam fee,3986.80,education,card,,,english_natural
ACT Fibernet payment INR 185 done via bhim,185,utilities,upi,bhim,jupiter,english_natural
hospital doctor pharmacy medicine diagnostic 27972 card,27972,healthcare,card,,,cue_row
subah library se books lya 2194 rupaye ka card se pay kiya,2194,education,card,,kotak,hinglish_natural
Coursera ₹3163 G Pay,3163,education,upi,gpay,kotak,ocr_upi
353 loan payment kr diya personal loan EMI pe UPI se diy,353,emi,upi,gpay,,hinglish_natural
electricity bill 334 card se pay kar diya,334,utilities,card,,idfc,hinglish_natural
crypto gold bonds NPS portfolio t107 GPay,107,investment,upi,gpay,,cue_row
Paid Rs.477 for EaseMyTrip from my Fi account via credit card,477,travel,card,,fi,english_natural
"MARKET RESTAURANT
Total 2863
Cash Received
Change 0.00",2863,shopping,upi,gpay,,ocr_receipt
"D FRIEND 1491 Completed 9Mar 2026,7:50 pm sbi Bank 8044 UPI transaction ID 60042749986133 TO:FRIEND friend.70595@sbibank Soogletransaction lD CICAgJjg045067 OPI Google Pay",1491,friends,upi,gpay,sbi,ocr_upi
bhai Vi recharge ka 26313 rupaye G Pay se de diya,26313,utilities,upi,gpay,,voice_transcript
Lenskart ka checkup karaya 165 Phone Pe se,44223,healthcare,upi,phonepe,,source_hinglish
NEFT/TRANSFER/DIAGNOSTIC/,45252,healthcare,card,,,english_natural
grocery vegetables milk bread fruits ₹1588 paid cash,1588,food,cash,,,cue_row
2170 rupay Karan Phone Pe pe,2170,friends,upi,phonepe,,hinglish_natural
"BILL
Jio recharge
INR 419
GPay
Thank You Visit Again",419,utilities,upi,gpay,hdfc,ocr_receipt
Zee5 mein 371 lag gaye card se bhara,371,entertainment,card,,,voice_transcript
today i spent 343 on INOX via SLICE from my PNB bank,343,entertainment,upi,slice,pnb,voice_transcript
2994 ka credit card EMI bill pay kiya G Pay se,2994,emi,upi,gpay,,voice_transcript
Bharat Petroleum me 15754 rupaiye ka kiraya diy haath se de diya,15754,travel,cash,,,hinglish_natural
"BILL
diagnostic
Rs 274
CARD
Thank You Visit Again",274,healthcare,card,,,ocr_receipt
Burger King se khana khayaa 1057 rupay ka haath se de diya bohot mehenga,1057,food,cash,,,hinglish_natural
dinner split 301 rupaye Neha Fi,301,friends,upi,fi,,friends_synthetic
sent Rs 14220 to friend on CRED split bill UPI,14220,friends,upi,cred,,cue_row
Zee5 payment Rs 232 done via cash,232,entertainment,cash,,,english_natural
friend INR 178 bhim,178,friends,upi,bhim,axis,english_natural
ghar jaate waqt Zerodha me 8388 rs ka stock lya Phone Pe pe,8388,investment,upi,phonepe,,hinglish_natural
Paid broadband Rs.93 using paytm from SBI,93,utilities,upi,paytm,sbi,english_natural
school college tuition course books fees 117 card,117,education,card,,,cue_row
i did 10034 expense on MedPlus using card,10034,healthcare,card,,axis,voice_transcript
6229 rupaye invest kia Coin ko card se pay kr diya,6229,investment,card,,,hinglish_natural
Kuvera ka 1254 rupees ka bill card se pay kiya,1254,investment,card,,,voice_transcript
49462 rupay Jio recharge haath se diye,49462,utilities,cash,,,hinglish_natural
Payment of 1816 to Shreya was successful via Jupiter UPI Ref No 2008590400 Axis Bank Account 6942,1816,friends,upi,jupiter,axis,ocr_upi
ghar jaate waqt insurance premium me 282 rs ka bill bhra via paytm achha deal mila,282,utilities,upi,paytm,,hinglish_natural
today i spent 21836 on Jio recharge via Fi from my Fi Money bank,21836,utilities,upi,fi,fi,voice_transcript
Unacademy se books liyaa 169 rupees ka haath se diye,169,education,cash,,,hinglish_natural
PPF 5125 rupay debit card se State Bank wale account se,5125,investment,card,,sbi,hinglish_natural
yaar Amazon Prime me 9150 ₹ ka game liya UPI se de diye,9150,entertainment,upi,jupiter,slice,hinglish_natural
maine 1426 rupaye Goibibo ko diye cash se,1426,travel,cash,,jupiter,voice_transcript
i did 309 expense on Vedantu using BHIM,309,education,upi,bhim,sbi,voice_transcript
gaming concert event ticket ₹40837 card,40837,entertainment,card,,,cue_row
474 rupaiye ride lya MakeMyTrip ko credit card se,474,travel,card,,jupiter,hinglish_natural
hospital doctor pharmacy medicine diagnostic ₹2810 phonepe,2810,healthcare,upi,phonepe,,cue_row
762 rupay khana order kiya Barbeque Nation pe credit card se,762,food,card,,,hinglish_natural
9390 ₹ mangwaya Faasos ko UPI se diy HDFC Bank card se,48843,food,upi,bhim,hdfc,source_hinglish
"D WATERBILL 1343 Completed 9Jan 2026,9:28 pm HDFC Bank Bank 5042 UPI transaction ID 761765722458 TO:WATERBILL water bill.78217@hdfc bankbank Soogletransaction lD XYZabc079833 OPI Gpay",1343,utilities,upi,gpay,hdfc,ocr_upi
"BILL
Spotify
Rs 16927
CARD
Thank You Visit Again",16927,entertainment,card,,,ocr_receipt
stocks mein 175 lag gaye PhonePe se bhara,175,investment,upi,phonepe,,voice_transcript
i paid 36267 rupees for ACT Fibernet using card,36267,utilities,card,,federal bank,voice_transcript
t12823.95 to auto via CRED,12823.95,travel,upi,cred,,english_natural
stationery ka fees bharaa 154 rupaiye card se,154,education,card,,,hinglish_natural
Behrouz pe 217 rupaiye ka kha liya via Phonepe,217,food,upi,phonepe,,hinglish_natural
grocery vegetables milk bread fruits Rs.521 paid Fi Money,521,food,upi,fi,,cue_row
3229 ₹ Amit UPI se diye,3229,friends,upi,cred,,hinglish_natural
DMart ka mangwaya 355 paytm se pay kr diya,355,food,upi,paytm,,hinglish_natural
stocks 18909 credit card,18909,investment,card,,,english_natural
333 gpay flatmate,333,friends,upi,gpay,,english_natural
"D ANGELONE 43337 Completed 12Mar 2026,8:30 pm IndusInd Bank 2644 UPI transaction ID 7077576627 TO:ANGELONE angel one.19347@indusindbank Soogletransaction lD XYZabc042030 OPI Bhim",43337,investment,upi,bhim,indusind,ocr_upi
car loan EMI ka loan payment kr diya 2288 rupaye debit card se bc,2288,emi,card,,niyo,hinglish_natural
NEFT/TRANSFER/ZEE5/,322,entertainment,upi,cred,,english_natural
Bought HDFC loan for Rs 4931 with paytm,4931,emi,upi,paytm,icici,english_natural
maine 16174 rupaye Zerodha ko diye card se,16174,investment,card,,,voice_transcript
"GAS BILL RESTAURANT
Total 417.02
Cash Received
Change 0.00",417.02,utilities,card,,,ocr_receipt
Rs 124 charged for Airtel recharge on Phone Pe,124,utilities,upi,phonepe,,english_natural
12474 rupaiye Amazon BHIM pe,12474,shopping,upi,bhim,sbi,hinglish_natural
Nykaa me 24 rupaye ka shopping kiyaa debit card se,24,shopping,card,,fi,hinglish_natural
car loan EMI se installment diye 493 ka credit card se HDFC wale account se,493,emi,card,,hdfc,hinglish_natural
NEFT/TRANSFER/PRACTO/,4254.36,healthcare,card,,,english_natural
home loan car loan credit card EMI monthly 3166 autopay phonepe,3166,emi,upi,phonepe,,cue_row
NEFT/TRANSFER/ANGEL ONE/,1785.32,investment,upi,phonepe,,english_natural
Ola pe 1249 ₹ ka ride lya debit card se,1249,travel,card,,,hinglish_natural
sent Rs.1316 to yaar on card,1316,friends,card,,,friends_synthetic
Payment of INR 2835 to Vedantu was successful via slice UPI Ref No 3708587837 hdfc Account 5987,2835,education,upi,slice,hdfc,ocr_upi
bhai 12530 rupees order kr diya electronics store ko UPI se diy,7479,shopping,upi,gpay,,source_hinglish
Rs 4860.53 paid to school fees via Phonepe UPI from kotak Bank ending 2699,4860.53,education,upi,phonepe,kotak,ocr_upi
Apollo Pharmacy ₹19601 Google Pay,19601,healthcare,upi,gpay,indusind,ocr_upi
ATM/CASH/BANK/2102.65,2102.65,healthcare,upi,gpay,,english_natural
486 ka doctor bill pay kiya card se,486,healthcare,card,,,voice_transcript
bro ko 200 transfer kiya jupiter se,200,friends,upi,jupiter,,friends_synthetic
school college tuition course books fees 9758 cash,9758,education,cash,,hdfc,cue_row
Rs.182 to colleague cash UPI,182,friends,cash,,,friends_synthetic
12011 to Divya GPay UPI,12011,friends,upi,gpay,,friends_synthetic
maine 105 rupaye Rahul ko diye cred se,105,friends,upi,cred,,voice_transcript
"Receipt #2243
food court
Amount Paid: INR 52.11
Mode: Jupiter",52.11,food,upi,jupiter,union bank,ocr_receipt
Paid PVR ₹138.63 using credit card from Punjab National Bank,138.63,entertainment,card,,pnb,english_natural
RedBus 505 Bhim Payment done sbi 9466,505,travel,upi,bhim,sbi,ocr_upi
Shreya 1882 gpay,1882,friends,upi,gpay,jupiter,english_natural
raat ko hospital me 22853 rupaiye ka medicine lya credit card se SBI se,22853,healthcare,card,,sbi,hinglish_natural
paid 142 to Bajaj Finance EMI through card,142,emi,card,,,voice_transcript
Swiggy order INR 19903,19903,food,cash,,,source_english
"Tata Play BILL
St: Rs 715
Phone Pe APPROVED",715,utilities,upi,phonepe,,ocr_receipt
personal loan EMI pe 4281 rupaye ka loan payment kya via Slice,4281,emi,upi,slice,hdfc,hinglish_natural
split bill 12041 Phonepe se flatmate ko diya,12041,friends,upi,phonepe,,friends_synthetic
10906 cred books,10906,education,upi,cred,pnb,english_natural
subah Shreya me 3340 rs ka split kiyaa Fi Money se pay kr diya,3340,friends,upi,fi,,hinglish_natural
electronics clothes shoes accessories purchase Rs.14491 via card,14491,shopping,card,,icici,cue_row
Ananya ka paise bheje 2914 rupees debit card se Kotak Mahindra se bc,2914,friends,card,,kotak,hinglish_natural
MedPlus ka dawai le liya 9318 rupees haath se diy,9318,healthcare,cash,,,hinglish_natural
BookMyShow ka show dekha 126 rupaiye debit card se,126,entertainment,card,,fi,hinglish_natural
dopahar ko Udemy 3897 rupaye card se pay kiya,3897,education,card,,,hinglish_natural
Paid Rs 256 for Paytm Money via Google Pay,256,investment,upi,gpay,,english_natural
paid Karan Rs.11274 via bhim,11274,friends,upi,bhim,,friends_synthetic
spent 149 rupees on Priya via Phone Pe,149,friends,upi,phonepe,,voice_transcript
1065 rs. kha liya Nature's Basket pe card se,1065,food,card,,bob,hinglish_natural
Paid 45692 for FirstCry via Cred,45692,shopping,upi,cred,,english_natural
amazon flipkart myntra online shopping order ₹2127 card,2127,shopping,card,,icici,cue_row
food court 174 rupaye via Phone Pe,174,food,upi,phonepe,sbi,hinglish_natural
ACT Fibernet ₹454.01 debited from State Bank,454.01,utilities,upi,gpay,sbi,english_natural
i paid 1108 rupees for dhaba using PhonePe,1108,food,upi,phonepe,kotak,voice_transcript
raat ko IndiGo 46558 bhim pe,46558,travel,upi,bhim,,hinglish_natural
Paid hospital 1979 using PayTM from State Bank,1979,healthcare,upi,paytm,sbi,english_natural
Just paid 12228 to roommate through PayTM,12228,friends,upi,paytm,,english_natural
"BILL
society maintenance
3386
SLICE
Thank You Visit Again",3386,utilities,upi,slice,icici,ocr_receipt
"TAX INVOICE
clinic
Grand Total: Rs2735
Payment: CARD",2735,healthcare,card,,indusind,ocr_receipt
dopahar ko 20450 rupees home loan EMI card se pay kar diya,20450,emi,card,,,hinglish_natural
today i spent 1929 on MedPlus via card from my jupiter bank,1929,healthcare,card,,jupiter,voice_transcript
coaching exam preparation study material Rs2785 card,2785,education,card,,sbi,cue_row
ATM/CASH/HDFC BANK/44731,44731,healthcare,upi,gpay,hdfc,english_natural
126 rupees BigBasket card Kotak account,126,food,card,,kotak,voice_transcript
SpiceJet 13226,13226,travel,card,,,english_natural
auto Rs.431 CRED,431,travel,upi,cred,icici,ocr_upi
Rapido 4631 rs debit card se Jupiter se,4631,travel,card,,jupiter,hinglish_natural
PPF ka paisa daala 3573 Slice pe,3573,investment,upi,slice,,hinglish_natural
Used HDFC Phonepe to pay Rs.132.31 for Practo,132.31,healthcare,upi,phonepe,hdfc,english_natural
bhai yaar ko udhar return kiya 13810 rs cash se,13810,friends,cash,,union bank,friends_synthetic
"BILL
gas bill
INR 1133
CARD
Thank You Visit Again",1133,utilities,card,,kotak,ocr_receipt
SIP se SIP bhara 714 ₹ ka via PayTM,714,investment,upi,paytm,,hinglish_natural
amazon flipkart myntra online shopping order INR 344 cash,344,shopping,cash,,,cue_row
"BILL
BookMyShow
2539
Phone Pe
Thank You Visit Again",2539,entertainment,upi,phonepe,,ocr_receipt
yaar 411 ₹ khana order kr diya canteen ko cash die,411,food,cash,,,hinglish_natural
i paid 1493 rupees for Udemy using card,1493,education,card,,,voice_transcript
409 rupaiye khana khya Dominos pe via gpay jupiter card se,409,food,upi,gpay,jupiter,hinglish_natural
Dominos Rs17521 cash,17521,food,cash,,,english_natural
Neha 36276 ₹ jupiter se Fi Money account se,36276,friends,upi,jupiter,fi,hinglish_natural
15074 paise bheje Pooja pe UPI se HDFC Bank card se,15074,friends,upi,paytm,hdfc,hinglish_natural
yaar SpiceJet me 10712 rupaye ka ticket book kr diya jupiter se pay kar diya,10712,travel,upi,jupiter,,hinglish_natural
Pooja ko 371 transfer kiya phonepe se,371,friends,upi,phonepe,,friends_synthetic
?38666.24 debited from your IndusInd account for college fees (PayTM UPI),38666.24,education,upi,paytm,indusind,ocr_upi
MedPlus pe 34881 rupaye ka checkup karaya UPI se PNB card se achha deal mila,34881,healthcare,upi,fi,pnb,hinglish_natural
insurance premium me 1668 rs. ka bill bhra credit card se,1668,utilities,card,,,hinglish_natural
Gpay payment ₹257.57 Tata CLiQ BOB 9500 completed,257.57,shopping,upi,gpay,bob,ocr_upi
split bill 221 paytm se Priya ko diya,221,friends,upi,paytm,sbi,friends_synthetic
Spent ₹944.29 on Paytm Money using PhonePe,944.29,investment,upi,phonepe,,english_natural
ghar jaate waqt 21225 rs lab test card se bc,21225,healthcare,card,,,hinglish_natural
2209 ka doctor bill pay kiya Bhim se,2209,healthcare,upi,bhim,,voice_transcript
subah 299 ₹ subscription renew kiya concert ko UPI se,299,entertainment,upi,phonepe,,hinglish_natural
INR 483.49 charged for BYJU'S on Fi Money,483.49,education,upi,fi,,english_natural
R 3715.64 to Karan via CRED,3715.64,friends,upi,cred,,english_natural
clinic pe 1160 ₹ ka checkup karaya credit card se,1160,healthcare,card,,,hinglish_natural
i paid 21740 rupees for Zomato using cash,21740,food,cash,,,voice_transcript
coaching exam preparation study material Rs 12950 Paytm,12950,education,upi,paytm,,cue_row
bhai mein 17160 lag gaye cash se bhara,17160,friends,cash,,,voice_transcript
"Zee5 BILL
St: 2489
CASH Approved",2489,entertainment,cash,,,ocr_receipt
grocery vegetables milk bread fruits Rs.1768 paid card,1768,food,card,,,cue_row
personal loan EMI ka installment diy 4299 rs. UPI se pay kar diya,33184,emi,upi,paytm,,source_hinglish
Netflix 313 rupaye card se pay kya SBI se kata,313,entertainment,card,,sbi,hinglish_natural
PayTM payment t17444 Coin State Bank 3980 successful,17444,investment,upi,paytm,sbi,ocr_upi
3236 rs. petrol bhara IndiGo pe card se,3236,travel,card,,jupiter,hinglish_natural
Zerodha pe 3023 rupaye ka paisa daala UPI se pay kya,3023,investment,upi,slice,,hinglish_natural
aaj 4502 tuition UPI se pay kia,4502,education,upi,phonepe,,hinglish_natural
ACT Fibernet 4406,4406,utilities,upi,niyo,,english_natural
Used Canara Visa to pay 3205 for exam fee,3205,education,card,,canara,english_natural
Spent ₹2460 on electricity bill using Google Pay,2460,utilities,upi,gpay,,english_natural
Just paid Rs.344.73 to Dominos through cash,344.73,food,cash,,,english_natural
Library fee INR 11520,11520,education,upi,paytm,,source_english
2396 rupaiye course lya Unacademy pe UPI se pay kiyaa HDFC se,2396,education,upi,jupiter,hdfc,hinglish_natural
"TAX INVOICE
Netmeds
Grand Total: ₹237.81
Payment: CASH",237.81,healthcare,cash,,sbi,ocr_receipt
POS/MEDPLUS/PAYTM/8158,2951,healthcare,upi,paytm,hdfc,english_natural
breakfast snacks chai coffee Rs.319 cred,319,food,upi,cred,,cue_row
Just paid INR 3742 to PharmEasy through credit card,3742,healthcare,card,,hdfc,english_natural
"Burger King BILL
St: ?4198
gpay approved",4198,food,upi,gpay,axis,ocr_receipt
split bill 4027 Paytm se Divya ko diya,4027,friends,upi,paytm,,friends_synthetic
13484 credit card yaar,13484,friends,card,,,english_natural
sent t1597 to friend on Google Pay split bill UPI,1597,friends,upi,gpay,,cue_row
medical checkup lab test health insurance 412 jupiter,412,healthcare,upi,jupiter,,cue_row
Paid Rahul ₹45151 using cash,45151,friends,cash,,,english_natural
bhai Snapdeal 4318 ₹ cash me,4318,shopping,cash,,,hinglish_natural
i did 252 expense on colleague using cash,252,friends,cash,,,voice_transcript
SonyLIV se movie dekhi 2195 rupees ka debit card se,2195,entertainment,card,,sbi,hinglish_natural
bhai upGrad ka fees bhar diya 326 rupay card se,326,education,card,,,hinglish_natural
1001 course lia coaching ko haath se die SBI card se,1001,education,cash,,sbi,hinglish_natural
subah upGrad me 44644 rs. ka tuition de diya Google Pay se ICICI wale account se,44644,education,upi,gpay,icici,hinglish_natural
Paid ?133.90 to HDFC loan G Pay UPI icici 6984 Done,133.90,emi,upi,gpay,icici,ocr_upi
raat ko 1640 Rahul naqad,1640,friends,cash,,,hinglish_natural
Hotstar 451.17 Visa,451.17,entertainment,card,,,english_natural
dost yaar ko 13806 rupaye card se bheje,13806,friends,card,,,friends_synthetic
181 rs saman lya electronics store pe card se pay kia,181,shopping,card,,,hinglish_natural
TO:PHARMEASY pharmeasy.54352@hdfcbank From:UTSAVJANA (hdfc Phone Pe : user6850@okhdfcbank,56.72,healthcare,upi,phonepe,hdfc,ocr_upi
"TAX INVOICE
market
Grand Total: 346
Payment: CARD",346,shopping,card,,,ocr_receipt
Bhim payment ₹2111.41 education loan EMI Yes Bank 2790 successful,2111.41,emi,upi,bhim,yes bank,ocr_upi
rent maintenance gas connection 3468 slice,3468,utilities,upi,slice,,cue_row
KFC se mangwaya 35163 rupaye ka bhim se pay kar diya,35163,food,upi,bhim,,hinglish_natural
298 broadband,298,utilities,upi,gpay,fi,english_natural
"MEDPLUS
Item 1 310
Item 2 96
Total ₹3727.91
CASH",3727.91,healthcare,cash,,,ocr_receipt
SIP pe 42773 rupay ka SIP bharaa Gpay se pay kia,42773,investment,upi,gpay,hdfc,hinglish_natural
Nature's Basket 25612 Phonepe Successful IDFC First 1566,25612,food,upi,phonepe,idfc,ocr_upi
netflix spotify hotstar subscription movie show Rs.29773 BHIM,29773,entertainment,upi,bhim,,cue_row
313 rupaiye NPS debit card se,313,investment,card,,,hinglish_natural
Doctor consultation INR 27196,27196,healthcare,upi,phonepe,,source_english
₹38960.84 paid to Air India via cash from PNB,38960.84,travel,cash,,pnb,english_natural
Spent 31735 on education loan EMI using PayTM,31735,emi,upi,paytm,,english_natural
107 rupay Pooja UPI se,107,friends,upi,slice,,hinglish_natural
paid colleague Rs 4163 via cash,4163,friends,cash,,,friends_synthetic
HDFC loan pe 1051 rupaye ka EMI kat gayi G Pay pe,38420,emi,upi,gpay,hdfc,source_hinglish
"INOX RESTAURANT
Total 25405.18
Cash Received
Change 0.00",25405.18,entertainment,card,,,ocr_receipt
flatmate rent share 118 slice bro,118,friends,upi,slice,,friends_synthetic
Yatra payment Rs.495.48 done via PayTM,495.48,travel,upi,paytm,,english_natural
mutual fund SIP stocks PPF FD investment Rs1080 card,1080,investment,card,,,cue_row
netflix spotify hotstar subscription movie show ₹4420 paytm,4420,entertainment,upi,paytm,,cue_row
HDFC loan ka EMI kat gayi 2559 rupaye card se,21129,emi,card,,pnb,source_hinglish
i did 411 expense on mobile recharge using cred,411,utilities,upi,cred,,voice_transcript
42956 rupaye tuition de diya college fees ko naqad jupiter se kata,42956,education,cash,,jupiter,hinglish_natural
Rs192 charged for bike loan EMI on credit card,192,emi,card,,rbl,english_natural
₹3850 paid to friend via Gpay from Fi Money,3850,friends,upi,gpay,fi,english_natural
2851 Udemy card se pay kiyaa,34382,education,card,,axis,source_hinglish
coaching exam preparation study material ₹3543 CRED,3543,education,upi,cred,,cue_row
4414 rupaye lab test card se,4414,healthcare,card,,,hinglish_natural
INOX mein 2061 lag gaye card se bhara,2061,entertainment,card,,hdfc,voice_transcript
dentist se test karaya 31904 rs ka credit card se,31904,healthcare,card,,sbi,hinglish_natural
470 rupaiye RedBus haath se die,470,travel,cash,,niyo,hinglish_natural
bhai FD ka 329 rupaye Paytm se de diya,329,investment,upi,paytm,hdfc,voice_transcript
10418 rupees Practo cash,10418,healthcare,cash,,,voice_transcript
Vikram me 2865 rupay ka split kia credit card se State Bank wale account se,2865,friends,card,,sbi,hinglish_natural
petrol diesel fuel Rs355 at pump slice,355,travel,upi,slice,,cue_row
2718 ride lia Uber ko cash die,2718,travel,cash,,,hinglish_natural
electronics clothes shoes accessories purchase ₹36929 via cred,36929,shopping,upi,cred,sbi,cue_row
Paytm Money se mutual fund kar diya 4828 ₹ ka UPI se,4828,investment,upi,cred,,hinglish_natural
medical checkup lab test health insurance INR 46067 card,46067,healthcare,card,,,cue_row
28699 Bajaj Finance EMI credit card se,28699,emi,card,,niyo,hinglish_natural
Payment of 4497 to Spotify was successful via PayTM UPI Ref No 935753848111570 axis Account 2861,4497,entertainment,upi,paytm,axis,ocr_upi
personal loan EMI me 2010 ka loan payment kiya GPay se pay kya bhai,2010,emi,upi,gpay,,hinglish_natural
office se aate hue BSNL me 2191 rs ka bill bhar diya via Paytm,7348,utilities,upi,paytm,,source_hinglish
TO:EXAMFEE examfee.60692@statebankbank From:PRIYASHARMA (State Bank SLICE : user2128@okstatebankbank,12245,education,upi,slice,sbi,ocr_upi
"BILL
ACT Fibernet
₹37433.45
CASH
Thank You Visit Again",37433.45,utilities,cash,,,ocr_receipt
Burger King ka food order kia 8785 via gpay,8785,food,upi,gpay,,hinglish_natural
rent 1199 debit card,1199,utilities,card,,,english_natural
personal loan installment EMI deduction Rs.31135 card,31135,emi,card,,,cue_row
subah yaar se paise bheje 223 ₹ ka Google Pay se,223,friends,upi,gpay,,hinglish_natural
abhi dentist 4827 rs. card se,4827,healthcare,card,,,hinglish_natural
spent 240 rupees on Pizza Hut via card,240,food,card,,,voice_transcript
"D TATAPLAY 134 Completed 11Jan 2026,11:19 pm kotak Bank 8585 UPI transaction ID 538852838664709 TO:TATAPLAY tata play.76644@kotakbank Googletransaction lD CICAgJjg794339 OPI PayTM",134,utilities,upi,paytm,kotak,ocr_upi
2248 rs split kya dost ko via G Pay,2248,friends,upi,gpay,,hinglish_natural
Bought Practo for Rs3603.11 with Mastercard,3603.11,healthcare,card,,,english_natural
bhai 5272 rs khana order kya Box8 ko UPI se diyee IndusInd se,5272,food,upi,phonepe,indusind,hinglish_natural
Paid ₹3133 to SBI loan gpay UPI Canara Bank 5619 Completed,3133,emi,upi,gpay,canara,ocr_upi
electronics store 39778,39778,shopping,card,,,english_natural
amazon flipkart myntra online shopping order Rs.50 card,50,shopping,card,,,cue_row
NEFT/TRANSFER/BOOKMYSHOW/STATE BANK,4855,entertainment,card,,sbi,english_natural
split bill 3762 cash se Divya ko diya,3762,friends,cash,,,friends_synthetic
Flipkart 499 rupay UPI se,499,shopping,upi,cred,,hinglish_natural
bhai HDFC loan 116 rupay UPI se,116,emi,upi,paytm,,hinglish_natural
Angel One 221 ₹ card se pay kia,23014,investment,card,,,source_hinglish
YouTube Premium ₹4605 G Pay,4605,entertainment,upi,gpay,,english_natural
"PRACTO
Item 1 Rs 92
Item 2 INR 385
Total Rs.935
cred",935,healthcare,upi,cred,,ocr_receipt
Mobile recharge INR 29319,29319,utilities,upi,gpay,,source_english
Airtel recharge ka 1225 rupees ka bill cred se pay kiya,1225,utilities,upi,cred,,voice_transcript
45988 credit card bike loan EMI,45988,emi,card,,hdfc,english_natural
i did 27115 expense on Swiggy using cred,27115,food,upi,cred,jupiter,voice_transcript
i paid 9753 rupees for Lenskart using Google Pay,9753,healthcare,upi,gpay,,voice_transcript
ATM/CASH/HDFC BANK/4291,4291,travel,card,,hdfc,english_natural
hospital doctor pharmacy medicine diagnostic t419 card,419,healthcare,card,,,cue_row
Hotstar se subscription renew kya 34055 rupaye ka card se pay kia,34055,entertainment,card,,,hinglish_natural
diagnostic pe 107 rs. ka test karaya credit card se,107,healthcare,card,,,hinglish_natural
ACT Fibernet ka bill pay kar diya 439 rs UPI se pay kiya bhai,439,utilities,upi,paytm,,hinglish_natural
bhai stationery ka 7196 rupaye BHIM se de diya,7196,education,upi,bhim,,voice_transcript
Groww 175 rupaiye card se,175,investment,card,,,hinglish_natural
dentist 1253 Bandhan,1253,healthcare,card,,bandhan,english_natural
i did 3283 expense on PharmEasy using cash,3283,healthcare,cash,,slice,voice_transcript
aaj 3472 Angel One card se pay kya,3472,investment,card,,,hinglish_natural
lunch dinner food order swiggy zomato restaurant meal Rs.3047 cash,3047,food,cash,,,cue_row
grocery vegetables milk bread fruits Rs.358 paid cash,358,food,cash,,axis,cue_row
ATM/CASH/BANK/470,470,utilities,upi,gpay,,english_natural
INR 3715 to Uber via Visa,3715,travel,card,,,english_natural
auto ₹408.04 PhonePe,408.04,travel,upi,phonepe,icici,english_natural
₹138 paid to Apple Music via Fi UPI from Kotak Mahindra Bank ending 8577,138,entertainment,upi,fi,kotak,ocr_upi
SpiceJet 16216 NIYO,16216,travel,card,,niyo,english_natural
1159 debited from your SBI account for Unacademy (Bhim UPI),1159,education,upi,bhim,sbi,ocr_upi
kal library 42738 rupaiye BHIM se pay kar diya,42738,education,upi,bhim,,hinglish_natural
2949 rupees invest kiyaa Paytm Money pe credit card se,2949,investment,card,,,hinglish_natural
flight booking travel ticket 42936 Gpay,42936,travel,upi,gpay,,cue_row
904 rupees Dunkin via gpay,904,food,upi,gpay,,hinglish_natural
Amazon Prime ka game liyaa 234 rupaiye credit card se Jupiter wale account se,234,entertainment,card,,jupiter,hinglish_natural
netflix spotify hotstar subscription movie show 275 card,275,entertainment,card,,,cue_row
16941 paid to Vikram via PhonePe from ICICI,16941,friends,upi,phonepe,icici,english_natural
eye checkup se dawai liyaa 127 ₹ ka PhonePe pe HDFC Bank wale account se,12672,healthcare,upi,phonepe,hdfc,source_hinglish
subah Groww me 18291 ₹ ka paisa daala credit card se Fi Money se,18291,investment,card,,fi,hinglish_natural
credit card EMI 139 rupay card se pay kiyaa bc,139,emi,card,,,hinglish_natural
Rs.344.23 debited from your sbi account for Lenskart (Phone Pe UPI),344.23,healthcare,upi,phonepe,sbi,ocr_upi
food court 4282 rs. credit card se,4282,food,card,,,hinglish_natural
canteen Rs.195 debited from Niyo,195,food,card,,niyo,english_natural
grocery vegetables milk bread fruits Rs.304 paid cash,304,food,cash,,,cue_row
INR 4867.94 charged for bro on Phone Pe,4867.94,friends,upi,phonepe,,english_natural
4216 rs BigBasket naqad,4216,food,cash,,,hinglish_natural
i did 1007 expense on RedBus using fi,1007,travel,upi,fi,,voice_transcript
credit card EMI ka EMI kat gayi 1630 rs. debit card se,1630,emi,card,,sbi,hinglish_natural
"SPOTIFY RESTAURANT
Total 393.15
Cash Received
Change 0.00",393.15,entertainment,upi,paytm,,ocr_receipt
NEFT/TRANSFER/PAYTM MONEY/,406,investment,card,,,english_natural
Zomato ka khana order kiyaa 2658 UPI se,25051,food,upi,paytm,,source_hinglish
spent 8455 rupees on Neha via cash,8455,friends,cash,,,voice_transcript
car loan EMI ka 264 rupees ka bill card se pay kiya,264,emi,card,,,voice_transcript
Cred payment ₹369 Goibibo HDFC Bank 5154 completed,369,travel,upi,cred,hdfc,ocr_upi
6403 ka Bajaj Finance EMI bill pay kiya card se,6403,emi,card,,,voice_transcript
Paid Rs 206 for Tata CLiQ via card,206,shopping,card,,,english_natural
58 rs Vikram PayTM se,58,friends,upi,paytm,sbi,hinglish_natural
1368 Visa Coursera,1368,education,card,,,english_natural
Paytm Money 44913,44913,investment,upi,slice,,english_natural
insurance premium pe 3394 rupees ka bill pay kar diya credit card se,41014,utilities,card,,,source_hinglish
breakfast snacks chai coffee Rs.4167 PayTM,4167,food,upi,paytm,,cue_row
Used Bandhan cash to pay ₹8010.70 for broadband,8010.70,utilities,cash,,bandhan,english_natural
JioCinema 43087 Paytm,43087,entertainment,upi,paytm,yes bank,english_natural
Groww 2272.49 GPay,2272.49,investment,upi,gpay,,english_natural
crypto gold bonds NPS portfolio INR 292 Cred,292,investment,upi,cred,,cue_row
Chai Point me 349 ₹ ka khana order kr diya UPI se,349,food,upi,gpay,,hinglish_natural
Dunkin se food order kiya 2819 rs. ka cash me,2819,food,cash,,hdfc,hinglish_natural
aaj dhaba pe 3302 rupaye kharcha hua Slice se,3302,food,upi,slice,,voice_transcript
335 rs medicine lya lab test pe slice se pay kar diya,335,healthcare,upi,slice,,hinglish_natural
hospital doctor pharmacy medicine diagnostic Rs.2228 cred,2228,healthcare,upi,cred,,cue_row
HP Petrol pe 4467 rupay ka ride lya card se pay kiya,4467,travel,card,,,hinglish_natural
paid back friend lent money Rs.378 Phone Pe,378,friends,upi,phonepe,icici,cue_row
sent 122 to Karan on PayTM,122,friends,upi,paytm,,friends_synthetic
Just paid ₹9313.85 to bro through phonepe,9313.85,friends,upi,phonepe,,english_natural
"SIP 46882 Completed 28Sep 2025,9:11 am kotak 3187 UPI transaction ID 780988220925210",46882,investment,upi,gpay,kotak,ocr_upi
Rs 10261 to bro Phonepe UPI,10261,friends,upi,phonepe,,friends_synthetic
"FRESHMENU
Item 1 ?494
Item 2 ₹160
Total Rs.28626.29
GPay",28626.29,food,upi,gpay,,ocr_receipt
kal insurance premium ka bill pay kiyaa 4045 rupaye card se pay kiyaa,4045,utilities,card,,,hinglish_natural
Spent Rs.421 on canteen using cash,421,food,cash,,hdfc,english_natural
10729 rs. mess naqad,10729,food,cash,,pnb,hinglish_natural
aaj Ola se petrol bhra 37314 rupaiye ka card se,37314,travel,card,,,hinglish_natural
Coin me 264 rs ka invest kya credit card se,264,investment,card,,,hinglish_natural
"Receipt #8915
Flipkart
Amount Paid: ₹1532
Mode: CARD",1532,shopping,card,,,ocr_receipt
aaj Practo pe 2736 rupaye kharcha hua Paytm se,2736,healthcare,upi,paytm,,voice_transcript
POS/RESTAURANT/JUPITER/6464,2040,food,upi,jupiter,,english_natural
"D ZEE5 31651.27 Completed 7Apr 2026,5:54 pm Bank of Baroda Bank 1855 UPI transaction ID 20060830773 TO:ZEE5 zee5.66978@bank of barodabank Goog1etransaction lD XYZabc585987 OPI PayTM",31651.27,entertainment,upi,paytm,bob,ocr_upi
metro me 579 rs ka ride lya debit card se icici se kata,579,travel,card,,icici,hinglish_natural
ACT Fibernet Rs.192 debited from Niyo,192,utilities,card,,niyo,english_natural
bhai dost ko udhar return kiya 185 rs G Pay se,185,friends,upi,gpay,hdfc,friends_synthetic
Croma Rs.345 Phone Pe,345,shopping,upi,phonepe,icici,ocr_upi
Indian Oil pe 4193 rs ka ticket book kiyaa card se pay kia,4193,travel,card,,,hinglish_natural
Rs 413.20 charged for tuition on Visa,413.20,education,card,,,english_natural
paid 1099 to PharmEasy through Phonepe,1099,healthcare,upi,phonepe,,voice_transcript
Groww 2620 gpay,2620,investment,upi,gpay,sbi,english_natural
spent 2110 rupees on YouTube Premium via card,2110,entertainment,card,,,voice_transcript
i paid 46897 rupees for Apple Music using gpay,46897,entertainment,upi,gpay,,voice_transcript
HDFC loan 1473.35 PhonePe,1473.35,emi,upi,phonepe,hdfc,english_natural
Vi recharge mein 32890 lag gaye card se bhara,32890,utilities,card,,,voice_transcript
Vi recharge 798 Phonepe se,798,utilities,upi,phonepe,sbi,hinglish_natural
i paid 3370 rupees for FD using Gpay,3370,investment,upi,gpay,niyo,voice_transcript
tuition 26351 rupaiye via Paytm ICICI Bank se,9484,education,upi,paytm,icici,source_hinglish
215 Rohan,215,friends,upi,cred,axis,english_natural
Spent Rs.485 on HDFC loan using card,485,emi,card,,,english_natural
"electronics store
Net Amount 2221.43
Paid via CASH",2221.43,shopping,cash,,yes bank,ocr_receipt
dentist 100 cash diyee,100,healthcare,cash,,,hinglish_natural
Spent Rs24105 on Groww using debit card,24105,investment,card,,icici,english_natural
Paid Rs123 for BSNL via BHIM,123,utilities,upi,bhim,,english_natural
subah electricity bill se payment kr diya 962 rs. ka UPI se,962,utilities,upi,phonepe,sbi,hinglish_natural
personal loan installment EMI deduction ₹239 card,239,emi,card,,,cue_row
4949 ₹ tuition diy books pe Gpay pe kotak wale account se,4949,education,upi,gpay,kotak,hinglish_natural
maine 453 rupaye FD ko diye Phonepe se,453,investment,upi,phonepe,axis,voice_transcript
Payment of ₹3039.01 to gaming was successful via SLICE UPI Ref No 57190936617 ICICI Bank Account 9397,3039.01,entertainment,upi,slice,icici,ocr_upi
Paid electricity bill ₹11127 using Google Pay from PNB,11127,utilities,upi,gpay,pnb,english_natural
doctor R 4767.51 debited from sbi,4767.51,healthcare,cash,,sbi,english_natural
313 rupay udhar return kya dost pe jupiter se pay kiya bhai,313,friends,upi,jupiter,icici,hinglish_natural
Tata CLiQ 2067,2067,shopping,upi,cred,,english_natural
crypto gold bonds NPS portfolio 19165 card,19165,investment,card,,,cue_row
medical checkup lab test health insurance Rs 117 gpay,117,healthcare,upi,gpay,,cue_row
Concert ticket INR 16317,16317,entertainment,upi,cred,,source_english
Rohan 24,24,friends,upi,gpay,axis,english_natural
Rs 3630 debited from your Axis Bank account for Udemy (Cred UPI),3630,education,upi,cred,axis,ocr_upi
"D CARLOANEMI 47839 Completed 27Apr 2026,4:08 pm HDFC Bank Bank 3057 UPI transaction ID 0231740281060 TO:CARLOANEMI car loan emi.92748@hdfc bankbank Googletransaction lD XYZabc443346 OPI cred",47839,emi,upi,cred,hdfc,ocr_upi
sent ₹10855 to friend on cash split bill UPI,10855,friends,cash,,,cue_row
aaj SIP pe 1152 rupaye kharcha hua phonepe se,1152,investment,upi,phonepe,,voice_transcript
Used HDFC Bank Cred to pay Rs.4997 for Burger King,4997,food,upi,cred,hdfc,english_natural
petrol diesel fuel t90 at pump Fi Money,90,travel,upi,fi,,cue_row
"TAX INVOICE
Zepto
Grand Total: ₹81
Payment: CASH",81,food,cash,,,ocr_receipt
"BOX8 RESTAURANT
Total 4335.85
Cash Received
Change 0.00",4335.85,food,upi,slice,,ocr_receipt
stocks me 5232 rupaiye ka mutual fund kia PhonePe se pay kiyaa hdfc account se matlab,5232,investment,upi,phonepe,hdfc,hinglish_natural
Spent Rs 10062 on gaming using Visa,10062,entertainment,card,,canara,english_natural
Pooja 2717 rupay paytm pe,2717,friends,upi,paytm,,hinglish_natural
"FLIPKART
Item 1 128
Item 2 ₹60
Total 4805.07
bhim",4805.07,shopping,upi,bhim,icici,ocr_receipt
bhai mall 266 rupay haath se de diya budget tod diya,266,shopping,cash,,,hinglish_natural
paid 4519 to bike loan EMI through Slice,4519,emi,upi,slice,,voice_transcript
Pooja 434 ₹ via Google Pay,434,friends,upi,gpay,kotak,hinglish_natural
exam fee pe 122 ka tuition diy UPI se zyada ho gaya,122,education,upi,bhim,,hinglish_natural
electricity water broadband mobile recharge bill Rs.8010 paytm,8010,utilities,upi,paytm,,cue_row
Udemy 4307 gpay Completed hdfc 6752,4307,education,upi,gpay,hdfc,ocr_upi
Bought Lenskart for 771.96 with cash,771.96,shopping,cash,,hdfc,english_natural
auto me 159 ka ride le liya credit card se,159,travel,card,,,hinglish_natural
dopahar ko 35025 rupaiye Tata Play BHIM se pay kiyaa,35025,utilities,upi,bhim,,hinglish_natural
Coursera 412.98 SLICE Completed icici 3791,412.98,education,upi,slice,icici,ocr_upi
NEFT/TRANSFER/CHAI POINT/YES BANK,4388.86,food,cash,,yes bank,english_natural
hospital doctor pharmacy medicine diagnostic Rs.125 card,125,healthcare,card,,,cue_row
aaj 69 ₹ petrol pump UPI se de diya,69,travel,upi,niyo,,hinglish_natural
362 PayTM Unacademy,362,education,upi,paytm,,english_natural
ghar jaate waqt credit card EMI pe 40 rupaiye ka loan payment kiya credit card se,40,emi,card,,,hinglish_natural
FirstCry Rs.553.61 debit card,553.61,shopping,card,,,english_natural
Paid ₹221.22 to gold paytm UPI HDFC 5719 Completed,221.22,investment,upi,paytm,hdfc,ocr_upi
sent money to Shreya 4215 on Fi,4215,friends,upi,fi,,friends_synthetic
home loan car loan credit card EMI monthly 49816 autopay PhonePe,49816,emi,upi,phonepe,,cue_row
SIP 1028 HDFC Bank,1028,investment,card,,hdfc,english_natural
4778 rs bill pay kiyaa gas bill ko UPI se diy,4778,utilities,upi,paytm,,hinglish_natural
494 kiraya de diye HP Petrol pe credit card se IndusInd card se,494,travel,card,,indusind,hinglish_natural
paid back friend lent money Rs.169 card,169,friends,card,,rbl,cue_row
Spent 2486.67 on water bill using Bhim,2486.67,utilities,upi,bhim,,english_natural
Air India me 7505 rupaye ka cab lya card se pay kia,7505,travel,card,,,hinglish_natural
"Apple Music
Net Amount 1771.18
Paid via GPay",1771.18,entertainment,upi,gpay,,ocr_receipt
maine 49485 rupaye INOX ko diye card se,49485,entertainment,card,,,voice_transcript
Spent t2067.01 on Zee5 using card,2067.01,entertainment,card,,,english_natural
bhai INOX ka 131 rupaye slice se de diya,131,entertainment,upi,slice,,voice_transcript
Meesho me 1093 ₹ ka khareed le liya debit card se,1093,shopping,card,,hdfc,hinglish_natural
Myntra 470.55,470.55,shopping,upi,gpay,,english_natural
dopahar ko Lenskart ka order kar diya 307 via Gpay,307,shopping,upi,gpay,hdfc,hinglish_natural
coaching exam preparation study material R 18494 cash,18494,education,cash,,hdfc,cue_row
TO:ACTFIBERNET actfibernet.54964@icicibank From:PRIYASHARMA (ICICI Paytm : user8214@okicicibank,18803.35,utilities,upi,paytm,icici,ocr_upi
i did 2432 expense on water bill using PayTM,2432,utilities,upi,paytm,bandhan,voice_transcript
Paid Rs.4044.58 to MedPlus Google Pay UPI HDFC Bank 3017 Successful,4044.58,healthcare,upi,gpay,hdfc,ocr_upi
Uber ride INR 5669,5669,travel,cash,,axis,source_english
1513 rupaiye food order kia cafe ko via fi,47177,food,upi,fi,,source_hinglish
"TAX INVOICE
DishTV
Grand Total: Rs 4847.73
Payment: Paytm",4847.73,utilities,upi,paytm,,ocr_receipt
"INOX
Item 1 418
Item 2 434
Total Rs 2746
CARD",2746,entertainment,card,,,ocr_receipt
Paid ₹452.76 to personal loan EMI G Pay UPI State Bank 2402 Successful,452.76,emi,upi,gpay,sbi,ocr_upi
Pizza delivery INR 35963,35963,food,upi,phonepe,hdfc,source_english
"mobile recharge 394 Completed 2May 2025,3:27 pm HDFC Bank 2405 UPI transaction ID 84709819205",394,utilities,upi,gpay,hdfc,ocr_upi
470 rupay tuition die Udemy pe card se,470,education,card,,,hinglish_natural
"DENTIST RESTAURANT
Total 24441.18
Cash Received
Change 0.00",24441.18,healthcare,upi,gpay,,ocr_receipt
ghar jaate waqt 319 rupaiye loan payment kya SBI loan pe UPI se die,319,emi,upi,phonepe,hdfc,hinglish_natural
mess pe 891 rs ka food order kiya CRED se pay kiya,891,food,upi,cred,,hinglish_natural
mobile recharge ₹372.22 BHIM,372.22,utilities,upi,bhim,,english_natural
4427 personal loan EMI credit card se,4427,emi,card,,,hinglish_natural
rent ka payment kya 413 rupay cash de diya,413,utilities,cash,,,hinglish_natural
kal broadband ka payment kar diya 7846 rupaiye debit card se,7846,utilities,card,,jupiter,hinglish_natural
gas bill se recharge kr diya 47180 rupees ka slice se icici account se,47180,utilities,upi,slice,icici,hinglish_natural
RedBus ka petrol bhra 48 ₹ naqad,48,travel,cash,,fi,hinglish_natural
abhi mutual fund se invest kr diya 1523 rs. ka credit card se,1523,investment,card,,pnb,hinglish_natural
Bought petrol pump for Rs33550.04 with credit card,33550.04,travel,card,,,english_natural
"TAX INVOICE
YouTube Premium
Grand Total: Rs.735
Payment: Paytm",735,entertainment,upi,paytm,,ocr_receipt
dopahar ko 6581 rupaye mangwaya Dunkin pe via G Pay,6581,food,upi,gpay,hdfc,hinglish_natural
"Vi recharge
Net Amount 256
Paid via Fi",256,utilities,upi,fi,,ocr_receipt
gaming concert event ticket ₹2546 PayTM,2546,entertainment,upi,paytm,,cue_row
14298.00 dost,14298.00,friends,upi,phonepe,bob,english_natural
AMAZON PRIME INR 30836,30836,entertainment,card,,,english_natural
"BILL
electricity bill
Rs36333
Bhim
Thank You Visit Again",36333,utilities,upi,bhim,,ocr_receipt
"Amazon Prime BILL
St: Rs2364
CARD APPROVED",2364,entertainment,card,,icici,ocr_receipt
dost Arjun ko 505 rupaye Jupiter se bheje,505,friends,upi,jupiter,,friends_synthetic
Payment of ₹1575.08 to exam fee was successful via Cred UPI Ref No 10519681469 HDFC Account 8905,1575.08,education,upi,cred,hdfc,ocr_upi
ET Money me 10199 rupay ka stock lya Paytm se bhai,10199,investment,upi,paytm,,hinglish_natural
"clinic 389 Completed 12Oct 2026,9:50 pm HDFC Bank 8228 UPI transaction ID 340732845688",389,healthcare,upi,paytm,hdfc,ocr_upi
33272 rupees bhai Google Pay slice account,33272,friends,upi,gpay,slice,voice_transcript
NEFT/TRANSFER/DIAGNOSTIC/AXIS,2377,healthcare,card,,axis,english_natural
Rs 3843 paid to Arjun via phonepe UPI from axis Bank ending 5688,3843,friends,upi,phonepe,axis,ocr_upi
metro 317.98,317.98,travel,card,,,english_natural
Just paid 1729.74 to doctor through fi,1729.74,healthcare,upi,fi,,english_natural
paid 3590 to IRCTC through card,3590,travel,card,,,voice_transcript
INR 30654 to SIP via credit card,30654,investment,card,,,english_natural
Paid 661.26 for Pizza Hut via cred,661.26,food,upi,cred,icici,english_natural
Vikram ko 329 transfer kiya card se,329,friends,card,,,friends_synthetic
hospital doctor pharmacy medicine diagnostic INR 256 cash,256,healthcare,cash,,,cue_row
Mutual fund SIP INR 11349,11349,investment,upi,slice,,source_english
"water bill 2448.18 Completed 20Jun 2026,2:02 pm HDFC 1426 UPI transaction ID 97967642633",2448.18,utilities,upi,cred,hdfc,ocr_upi
114 rupay Airtel recharge UPI se die,114,utilities,upi,slice,,hinglish_natural
₹245.51 paid to upGrad via G Pay from slice,245.51,education,upi,gpay,slice,english_natural
i paid 370 rupees for school fees using card,370,education,card,,,voice_transcript
gaming concert event ticket 4467 Jupiter,4467,entertainment,upi,jupiter,,cue_row
Paid ₹8589.36 for bro via BHIM,8589.36,friends,upi,bhim,,english_natural
spent 32286 rupees on Amit via cash,32286,friends,cash,,,voice_transcript
Spent 4254 on PVR using CRED,4254,entertainment,upi,cred,axis,english_natural
NEFT/TRANSFER/NPS/,941,investment,upi,gpay,,english_natural
113.18 to car loan EMI via credit card,113.18,emi,card,,,english_natural
ghar jaate waqt 27438 rupaye buy kia market pe credit card se hdfc account se,27438,shopping,card,,hdfc,hinglish_natural
Goibibo se petrol bhra 15848 ka UPI se pay kiyaa,15848,travel,upi,gpay,,hinglish_natural
gas bill se payment kar diya 4885 ka UPI se NIYO se,4885,utilities,upi,paytm,niyo,hinglish_natural
tuition me 156 rupay ka books liya debit card se HDFC Bank card se,156,education,card,,hdfc,hinglish_natural
lunch dinner food order swiggy zomato restaurant meal t16237 cash,16237,food,cash,,,cue_row
Apollo Pharmacy 2798 rs. Phonepe pe HDFC card se,2798,healthcare,upi,phonepe,hdfc,hinglish_natural
dost Shreya ko 18065 rupaye Google Pay se bheje,18065,friends,upi,gpay,,friends_synthetic
422 rupees FirstCry card axis account,422,shopping,card,,axis,voice_transcript
lunch dinner food order swiggy zomato restaurant meal ?1644 Jupiter,1644,food,upi,jupiter,,cue_row
dost se paise bheje 198 rs. ka UPI se pay kr diya yaar,198,friends,upi,niyo,,hinglish_natural
PVR mein 42159 lag gaye G Pay se bhara,42159,entertainment,upi,gpay,,voice_transcript
Dunkin ka food order kr diya 356 rs. UPI se diy,3926,food,upi,cred,,source_hinglish
"BILL
PharmEasy
Rs 280
CASH
Thank You Visit Again",280,healthcare,cash,,,ocr_receipt
35392 rupaye Amazon Prime card se pay kiya,35392,entertainment,card,,,hinglish_natural
3537 ₹ tuition de diye tuition pe cash me ICICI card se,3537,education,cash,,icici,hinglish_natural
Hotstar pe 2049 ka show dekha gpay se pay kya,2049,entertainment,upi,gpay,,hinglish_natural
DMart se kha liya 2131 ₹ ka G Pay se pay kiya matlab,2131,food,upi,gpay,,hinglish_natural
bhai ₹636 paytm,636,friends,upi,paytm,yes bank,ocr_upi
234 ₹ EMI kat gayi home loan EMI pe card se pay kiya slice se kata,234,emi,card,,slice,hinglish_natural
ET Money ₹207 card,207,investment,card,,,english_natural
Amazon Rs.139 debited from SLICE,139,shopping,upi,cred,slice,english_natural
"Netmeds
Net Amount 38739.71
Paid via Google Pay",38739.71,healthcare,upi,gpay,,ocr_receipt
abhi bike loan EMI se EMI bharaa 15115 rupees ka card se pay kiyaa,15115,emi,card,,,hinglish_natural
bhai Cleartrip me 4463 rupay ka ticket book kiya debit card se,4463,travel,card,,,hinglish_natural
Rapido 37819 PhonePe,37819,travel,upi,phonepe,icici,ocr_upi
"CHAI POINT
Item 1 ₹384
Item 2 Rs.177
Total R 1335
SLICE",1335,food,upi,slice,,ocr_receipt
"TAX INVOICE
Gaana
Grand Total: t271.95
Payment: CARD",271.95,entertainment,card,,kotak,ocr_receipt
bhai HDFC loan me 1002 ₹ ka EMI bhar diya debit card se,1002,emi,card,,hdfc,hinglish_natural
INR 3099 to flatmate Phone Pe UPI,3099,friends,upi,phonepe,,friends_synthetic
bhai home loan EMI ka 151 rupaye Phonepe se de diya,151,emi,upi,phonepe,,voice_transcript
sent 2619 to friend on cash split bill UPI,2619,friends,cash,,hdfc,cue_row
dopahar ko Apollo Pharmacy se test karaya 4965 rupaye ka via Phone Pe,4965,healthcare,upi,phonepe,niyo,hinglish_natural
SonyLIV 489 rupaye cash diye,489,entertainment,cash,,,hinglish_natural
office se aate hue mobile recharge 3607 rs. UPI se pay kr diya,1395,utilities,upi,phonepe,,source_hinglish
"Airtel recharge BILL
St: 2718
CARD Approved",2718,utilities,card,,,ocr_receipt
302 rupees bro Phone Pe Jupiter account,302,friends,upi,phonepe,jupiter,voice_transcript
Chai Point me 265 rupay ka food order kiyaa cash me,265,food,cash,,,hinglish_natural
"D AIRTELRECHARGE 39 Completed 7Jan 2026,2:59 pm Punjab National Bank Bank 3348 UPI transaction ID 77895166501800 TO:AIRTELRECHARGE airtel recharge.58815@punjab national bankbank Googletransaction lD XYZabc277601 OPI PayTM",39,utilities,upi,paytm,pnb,ocr_upi
yaar 1036 rupaye payment kiya BSNL pe phonepe se pay kar diya Punjab National Bank wale account se,1036,utilities,upi,phonepe,pnb,hinglish_natural
34148 rupay Karan UPI se,34148,friends,upi,paytm,,hinglish_natural
paid 45 to Priya through cash from Jupiter,45,friends,cash,,jupiter,voice_transcript
Tata Play Rs.36384 card,36384,utilities,card,,slice,english_natural
278 ₹ recharge kya water bill ko UPI se pay kiyaa,278,utilities,upi,phonepe,,hinglish_natural
hospital ka doctor ko diyee 411 rupaye cash de diya yaar,411,healthcare,cash,,,hinglish_natural
gaming concert event ticket ₹88 GPay,88,entertainment,upi,gpay,,cue_row
NIYO payment INR 4119 Vedantu icici 8942 successful,4119,education,upi,niyo,icici,ocr_upi
"Lenskart BILL
St: Rs.26088.89
CARD Approved",26088.89,shopping,card,,,ocr_receipt
NEFT/TRANSFER/MOBILE RECHARGE/,4435,utilities,upi,jupiter,,english_natural
subah JioCinema pe 243 rupay ka show dekha via PhonePe,243,entertainment,upi,phonepe,,hinglish_natural
112 rupaye EMI kat gayi credit card EMI ko card se pay kiya,112,emi,card,,,hinglish_natural
Crypto investment INR 29759,29759,investment,upi,cred,,source_english
Groww ka invest kiya 1443 rupaiye credit card se,1443,investment,card,,icici,hinglish_natural
flatmate rent share 23039 Phonepe Neha,23039,friends,upi,phonepe,,friends_synthetic
INOX 328 bhim,328,entertainment,upi,bhim,,english_natural
FD ka SIP bhar diya 4510 rs. credit card se,4510,investment,card,,,hinglish_natural
school fees 389.05,389.05,education,cash,,,english_natural
uber ola cab ride airport train ticket INR 439 Slice,439,travel,upi,slice,,cue_row
Amazon se buy kiya 197 ₹ ka card se pay kiyaa,197,shopping,card,,,hinglish_natural
petrol pump pe 29088 ₹ ka kiraya die naqad,29088,travel,cash,,slice,hinglish_natural
Airtel recharge payment Rs.233 done via card,233,utilities,card,,,english_natural
"D PERSONALLOANEMI 2805 Completed 21Apr 2026,9:02 pm State Bank Bank 1483 UPI transaction ID 5884801408 TO:PERSONALLOANEMI personal loan emi.13279@state bankbank Goog1etransaction lD CICAgJjg503754 OPI slice",2805,emi,upi,slice,sbi,ocr_upi
i did 32311 expense on Vedantu using card,32311,education,card,,,voice_transcript
home loan EMI mein 4248 lag gaye card se bhara,4248,emi,card,,pnb,voice_transcript
office se aate hue 2945 rupaye Vikram naqad,2945,friends,cash,,niyo,hinglish_natural
Zomato dinner INR 43277,43277,food,upi,jupiter,hdfc,source_english
paid 1381 to metro through CRED,1381,travel,upi,cred,,voice_transcript
i did 19054 expense on gold using Gpay,19054,investment,upi,gpay,,voice_transcript
mess se food order kia 1047 rupay ka cash de diye,1047,food,cash,,,hinglish_natural
Bought FD for 253.46 with Visa,253.46,investment,card,,,english_natural
mutual fund SIP stocks PPF FD investment Rs 365 card,365,investment,card,,,cue_row
Spent R 15599 on stationery using GPay,15599,education,upi,gpay,,english_natural
Lenskart 3641 cash,3641,healthcare,cash,,hdfc,english_natural
dost dost ko 1348 rupaye paytm se bheje,1348,friends,upi,paytm,,friends_synthetic
480 rupaye eye checkup debit card se,480,healthcare,card,,,hinglish_natural
Meesho 37082 G Pay Successful Canara Bank 5648,37082,shopping,upi,gpay,canara,ocr_upi
dinner split 442 rupaye Ananya Bhim,442,friends,upi,bhim,,friends_synthetic
"TAX INVOICE
BookMyShow
Grand Total: 1595
Payment: CARD",1595,entertainment,card,,sbi,ocr_receipt
subah Jio recharge ka recharge kiyaa 34504 rupay UPI se pay kia,31532,utilities,upi,slice,,source_hinglish
Rs48369 to Meesho via debit card Niyo account,48369,shopping,card,,niyo,english_natural
paid 2606 to dentist through PhonePe,2606,healthcare,upi,phonepe,,voice_transcript
education loan EMI ka EMI kat gayi 3639 rs. card se,3639,emi,card,,,hinglish_natural
spent 3332 rupees on Vikram via Fi,3332,friends,upi,fi,,voice_transcript
?3108 debited from your PNB account for IRCTC (Cred UPI),3108,travel,upi,cred,pnb,ocr_upi
"DHABA RESTAURANT
Total 4449
Cash Received
Change 0.00",4449,food,upi,paytm,,ocr_receipt
friend pe 4989 rupaiye ka udhar return kr diya Phonepe se pay kya,4989,friends,upi,phonepe,,hinglish_natural
45913 Goibibo bhim pe,45913,travel,upi,bhim,,hinglish_natural
Bought credit card EMI for Rs2867 with SLICE,2867,emi,upi,slice,,english_natural
paid Shreya t4100 via card,4100,friends,card,,,friends_synthetic
Shreya 4223 UPI se pay kia,4223,friends,upi,phonepe,icici,hinglish_natural
NPS se invest kiya 4700 rupaye ka SLICE se,4700,investment,upi,slice,,hinglish_natural
Bajaj Finance EMI mein 3246 lag gaye card se bhara,3246,emi,card,,,voice_transcript
MakeMyTrip se cab liya 10939 rs. ka cash diy HDFC se kata,36178,travel,cash,,hdfc,source_hinglish
COURSERA INR 12973,12973,education,upi,gpay,,english_natural
INR 1761 to Neha Google Pay UPI,1761,friends,upi,gpay,,friends_synthetic
BookMyShow mein 492 lag gaye cash se bhara,492,entertainment,cash,,,voice_transcript
"ELECTRICITY BILL
Item 1 Rs.89
Item 2 ₹266
Total Rs.591
CARD",591,utilities,card,,,ocr_receipt
today i spent 1190 on Barbeque Nation via cash,1190,food,cash,,,voice_transcript
Payment of INR 4529.49 to ACT Fibernet was successful via phonepe UPI Ref No 56523918867 sbi Account 8453,4529.49,utilities,upi,phonepe,sbi,ocr_upi
POS/BAJAJ FINANCE EMI/VISA/4273,2383.85,emi,card,,,english_natural
home loan car loan credit card EMI monthly Rs.1782 autopay card,1782,emi,card,,,cue_row
HDFC loan ka loan payment kia 100 rs UPI se pay kr diya jupiter account se,100,emi,upi,paytm,jupiter,hinglish_natural
"DIAGNOSTIC
Item 1 Rs143
Item 2 INR 324
Total R 213
CARD",213,healthcare,card,,hdfc,ocr_receipt
30527 udhar return kr diya Ananya ko Cred pe,30527,friends,upi,cred,,hinglish_natural
ET Money 2745 rupees Gpay se pay kiya,2745,investment,upi,gpay,,hinglish_natural
dopahar ko Hotstar ka show dekha 757 rupay UPI se pay kiyaa,757,entertainment,upi,gpay,,hinglish_natural
Cafe coffee INR 26652,26652,food,card,,icici,source_english
dost Divya ko 7583 rupaye phonepe se bheje,7583,friends,upi,phonepe,,friends_synthetic
eye checkup me 34791 rupaiye ka doctor ko diye via PayTM,34791,healthcare,upi,paytm,bob,hinglish_natural
grocery vegetables milk bread fruits ₹179 paid Niyo,179,food,upi,niyo,,cue_row
Cleartrip 20683 debit card,20683,travel,card,,,english_natural
aaj PharmEasy pe 839 rupaye kharcha hua card se,839,healthcare,card,,,voice_transcript
3499 rs. Ananya via PayTM,3499,friends,upi,paytm,,hinglish_natural
Apple Music 4687 Phonepe,4687,entertainment,upi,phonepe,,english_natural
Flipkart ka order kiya 2744 rs credit card se ICICI Bank wale account se,2744,shopping,card,,icici,hinglish_natural
Payment of ₹1730.83 to Zara was successful via Gpay UPI Ref No 56945974145187 sbi Account 1867,1730.83,shopping,upi,gpay,sbi,ocr_upi
CCD ka mangwaya 15024 naqad,15024,food,cash,,sbi,hinglish_natural
"CONCERT
Item 1 Rs 494
Item 2 ₹212
Total INR 35584.32
CASH",35584.32,entertainment,cash,,,ocr_receipt
Swiggy 5742 cash die,5742,food,cash,,,hinglish_natural
Lenskart ka saman le liya 4209 rupay card se pay kiyaa Fi se,4209,shopping,card,,fi,hinglish_natural
split bill 17639 Gpay se bro ko diya,17639,friends,upi,gpay,,friends_synthetic
Paid Karan INR 307 using bhim,307,friends,upi,bhim,,english_natural
netflix spotify hotstar subscription movie show Rs 4327 card,4327,entertainment,card,,,cue_row
spent 3351 rupees on Croma via PhonePe,3351,shopping,upi,phonepe,fi,voice_transcript
"BILL
canteen
R 2576
bhim
Thank You Visit Again",2576,food,upi,bhim,,ocr_receipt
"D GAMING 140 Completed 14Jan 2026,8:07 pm Kotak Mahindra Bank 4269 UPI transaction ID 8138358178105 TO:GAMING gaming.30103@kotak mahindrabank Googletransaction lD XYZabc357835 OPI Slice",140,entertainment,upi,slice,kotak,ocr_upi
2662 rs ticket book kr diya auto ko credit card se State Bank account se,2662,travel,card,,sbi,hinglish_natural
FD 674 UPI se de diya bhai,674,investment,upi,gpay,,hinglish_natural
roommate ka transfer kya 1850 Gpay se pay kiyaa,1850,friends,upi,gpay,,hinglish_natural
i did 3065 expense on home loan EMI using card,3065,emi,card,,,voice_transcript
Rs.2053.34 debited from your Axis Bank account for Spotify (gpay UPI),2053.34,entertainment,upi,gpay,axis,ocr_upi
dost flatmate ko 740 rupaye cash se bheje,740,friends,cash,,,friends_synthetic
dinner split 20140 rupaye friend Phone Pe,20140,friends,upi,phonepe,hdfc,friends_synthetic
42 rupaiye dawai lya eye checkup pe haath se diy,42,healthcare,cash,,,hinglish_natural
Pharmacy medicine purchase INR 9602,9602,healthcare,card,,,source_english
gaming concert event ticket 3910 slice,3910,entertainment,upi,slice,,cue_row
Uber ride INR 16659,16659,travel,card,,,source_english
Snapdeal Rs.11226.38 card,11226.38,shopping,card,,,english_natural
mutual fund se mutual fund kiyaa 46458 ₹ ka credit card se,46458,investment,card,,,hinglish_natural
Bought HDFC loan for 236 with credit card,236,emi,card,,,english_natural
32688 ka mutual fund bill pay kiya card se,32688,investment,card,,,voice_transcript
today i spent 989 on Kuvera via card from my Yes Bank bank,989,investment,card,,yes bank,voice_transcript
357 ₹ books card se,357,education,card,,hdfc,hinglish_natural
DishTV ka bill bhara 2765 ₹ gpay se pay kya,2765,utilities,upi,gpay,,hinglish_natural
rent ka bill pay kia 4715 rupay G Pay se,4715,utilities,upi,gpay,,hinglish_natural
flight booking travel ticket Rs 485 cash,485,travel,cash,,,cue_row
4639 ₹ Netflix credit card se,4639,entertainment,card,,,hinglish_natural
electronics clothes shoes accessories purchase Rs19647 via card,19647,shopping,card,,,cue_row
paid back friend lent money ₹179 Gpay,179,friends,upi,gpay,,cue_row
Rs.3802.95 paid to lab test via Bhim from NIYO,3802.95,healthcare,upi,bhim,niyo,english_natural
"WATER BILL RESTAURANT
Total 161.44
Cash Received
Change 0.00",161.44,utilities,upi,fi,,ocr_receipt
"ELECTRICITY BILL
Item 1 Rs 223
Item 2 341
Total Rs2468.47
jupiter",2468.47,utilities,upi,jupiter,axis,ocr_receipt
home loan EMI ka EMI bhar diya 2723 rupay credit card se,2723,emi,card,,,hinglish_natural
48687 rupees EatFit UPI se,48687,food,upi,gpay,,hinglish_natural
mall me 4427 ka order kia naqad Fi account se,4427,shopping,cash,,fi,hinglish_natural
Spent ₹37291 on personal loan EMI using card,37291,emi,card,,,english_natural
"D MEESHO 137.64 Completed 26Feb 2026,8:27 pm Yes Bank Bank 2587 UPI transaction ID 72246019308447 TO:MEESHO meesho.11211@yes bankbank Goog1etransaction lD XYZabc225361 OPI Cred",137.64,shopping,upi,cred,yes bank,ocr_upi
ghar jaate waqt 142 rs recharge kar diya society maintenance ko Phonepe pe,142,utilities,upi,phonepe,,hinglish_natural
Nature's Basket pe 50 ka khana order kiya debit card se Fi se,50,food,card,,fi,hinglish_natural
₹3683.87 debited from your State Bank account for water bill (Bhim UPI),3683.87,utilities,upi,bhim,sbi,ocr_upi
kal 4128 rs. khareed lia Ajio ko credit card se bc,4128,shopping,card,,,hinglish_natural
464 ₹ Box8 debit card se zyada ho gaya,464,food,card,,jupiter,hinglish_natural
Rs 3714 to Shreya card UPI,3714,friends,card,,,friends_synthetic
151.81 HP Petrol,151.81,travel,cash,,,english_natural
ghar jaate waqt SIP pe 161 ₹ ka mutual fund kr diya via Paytm,9072,investment,upi,paytm,,source_hinglish
4223 rupaye NPS debit card se,4223,investment,card,,,hinglish_natural
office se aate hue personal loan EMI ka EMI bharra 4281 rupaye UPI se diy,4281,emi,upi,phonepe,,hinglish_natural
INSURANCE PREMIUM INR 2720,2720,utilities,upi,gpay,,english_natural
paid back friend lent money ₹421 Fi Money,421,friends,upi,fi,,cue_row
paid Arjun Rs 1034 via Phonepe,1034,friends,upi,phonepe,,friends_synthetic
bhai 1mg ka 499 rupaye Jupiter se de diya,499,healthcare,upi,jupiter,,voice_transcript
gas bill pe 33613 rupaye ka bill bhra card se HDFC Bank account se,33613,utilities,card,,hdfc,hinglish_natural
subah Jio recharge se payment kr diya 8302 ₹ ka naqad,8302,utilities,cash,,,hinglish_natural
bhai colleague ko udhar return kiya 148 rs cash se,148,friends,cash,,hdfc,friends_synthetic
food court ka khana kha liya 49050 rs credit card se,49050,food,card,,,hinglish_natural
15349 to Neha Google Pay UPI,15349,friends,upi,gpay,,friends_synthetic
Used Bandhan Visa to pay Rs 256 for mutual fund,256,investment,card,,bandhan,english_natural
Unacademy R 366.74 debited from Canara Bank,366.74,education,card,,canara,english_natural
yaar gas bill se bill bhra 40620 rs ka jupiter pe zyada ho gaya,40620,utilities,upi,jupiter,,hinglish_natural
"Amazon BILL
St: INR 2406
CARD Approved",2406,shopping,card,,,ocr_receipt
"Nykaa 5300 Completed 13Nov 2025,6:30 am hdfc 6051 UPI transaction ID 3561906283600",5300,shopping,upi,jupiter,hdfc,ocr_upi
bhai SonyLIV ka 3203 rupaye cred se de diya,3203,entertainment,upi,cred,jupiter,voice_transcript
17658 rupay Jio recharge card se pay kr diya,17658,utilities,card,,,hinglish_natural
bhai bro ko udhar return kiya 707 rs cred se,707,friends,upi,cred,,friends_synthetic
aaj Arjun pe 300 rupaye kharcha hua gpay se,300,friends,upi,gpay,,voice_transcript
Ola ka 3570 rupees ka bill cash se pay kiya,3570,travel,cash,,,voice_transcript
bike loan EMI ka loan payment kya 4810 rupay credit card se,4810,emi,card,,fi,hinglish_natural
Flipkart 47486 card se axis account se,8213,shopping,card,,axis,source_hinglish
office se aate hue dentist 957 ₹ via PhonePe,957,healthcare,upi,phonepe,,hinglish_natural
bhai Karan ka 430 rupaye Paytm se de diya,430,friends,upi,paytm,sbi,voice_transcript
dinner split 7419 rupaye Pooja phonepe,7419,friends,upi,phonepe,,friends_synthetic
eye checkup se test karaya 755 ka UPI se pay kya,755,healthcare,upi,paytm,bandhan,hinglish_natural
"Apollo Pharmacy
Net Amount 278
Paid via CARD",278,healthcare,card,,sbi,ocr_receipt
Paid INR 3040 for Subway via phonepe,3040,food,upi,phonepe,indusind,english_natural
RedBus pe 28 rs. ka petrol bhara Phonepe se,28,travel,upi,phonepe,hdfc,hinglish_natural
Hospital bill INR 41264,41264,healthcare,upi,paytm,,source_english
car loan EMI payment 22423.52 done via card,22423.52,emi,card,,hdfc,english_natural
Paid INR 13865 for gold from my Fi account via GPay,13865,investment,upi,gpay,fi,english_natural
1396.73 Mastercard Hotstar,1396.73,entertainment,card,,bandhan,english_natural
bro ka 452 rupees ka bill jupiter se pay kiya,452,friends,upi,jupiter,,voice_transcript
Swiggy order INR 24784,24784,food,cash,,,source_english
Paid ?2581 for HP Petrol via PayTM,2581,travel,upi,paytm,,english_natural
personal loan installment EMI deduction ₹3453 card,3453,emi,card,,,cue_row
15278 rupaiye khareed liyaa FirstCry ko UPI se HDFC Bank se kata,14233,shopping,upi,phonepe,hdfc,source_hinglish
PharmEasy payment Rs 206.22 done via Gpay,206.22,healthcare,upi,gpay,,english_natural
car loan EMI Rs195 Slice,195,emi,upi,slice,,english_natural
upGrad 166 rs credit card se,46594,education,card,,,source_hinglish
"D ARJUN 2539 Completed 16Mar 2026,1:33 pm State Bank Bank 8564 UPI transaction ID 057117844400274 TO:ARJUN arjun.76710@state bankbank Goog1etransaction lD XYZabc443793 OPI CRED",2539,friends,upi,cred,sbi,ocr_upi
Mobile recharge INR 19748,19748,utilities,upi,gpay,,source_english
uber ola cab ride airport train ticket 10728 cash,10728,travel,cash,,,cue_row
raat ko 92 rupaye gaming gpay se pay kr diya,92,entertainment,upi,gpay,,hinglish_natural
netflix spotify hotstar subscription movie show ₹2376 card,2376,entertainment,card,,,cue_row
"Zara
Net Amount 178
Paid via CARD",178,shopping,card,,,ocr_receipt
petrol diesel fuel ₹1623 at pump cash,1623,travel,cash,,,cue_row
lunch dinner food order swiggy zomato restaurant meal Rs 433 Cred,433,food,upi,cred,icici,cue_row
Rohan t377 cash,377,friends,cash,,,english_natural
415 ₹ recharge kr diya broadband pe gpay se pay kr diya Punjab National Bank se kata bohot mehenga,415,utilities,upi,gpay,pnb,hinglish_natural
sent money to Ananya 476 on Bhim,476,friends,upi,bhim,,friends_synthetic
office se aate hue education loan EMI ka installment diyee 302 rupaye Phone Pe pe,302,emi,upi,phonepe,,hinglish_natural
Spent 8723 on Tata CLiQ using debit card,8723,shopping,card,,jupiter,english_natural
mobile recharge Rs151 NIYO,151,utilities,upi,niyo,sbi,ocr_upi
NEFT/TRANSFER/AJIO/NIYO,101,shopping,card,,niyo,english_natural
Angel One pe 1460 rs ka paisa daala UPI se diye yaar,40444,investment,upi,gpay,,source_hinglish
3789 ₹ doctor ko de diya diagnostic pe UPI se diye,3789,healthcare,upi,phonepe,,hinglish_natural
subah 428 gold credit card se zyada ho gaya,428,investment,card,,indusind,hinglish_natural
"NETMEDS RESTAURANT
Total 32544.19
Cash Received
Change 0.00",32544.19,healthcare,upi,niyo,,ocr_receipt
medical checkup lab test health insurance Rs2137 card,2137,healthcare,card,,,cue_row
"TAX INVOICE
gas bill
Grand Total: Rs.55
Payment: gpay",55,utilities,upi,gpay,hdfc,ocr_receipt
Airtel recharge pe 74 rupay ka payment kya UPI se pay kiyaa,29319,utilities,upi,gpay,,source_hinglish
Just paid Rs.4842 to SonyLIV through card,4842,entertainment,card,,,english_natural
SpiceJet 32267 Jupiter Successful SBI 4235,32267,travel,upi,jupiter,sbi,ocr_upi
Netmeds 304,304,healthcare,cash,,fi,english_natural
bhai 2868 mutual fund kia FD ko UPI se,2868,investment,upi,gpay,,hinglish_natural
exam fee pe 293 rupaiye ka books liya naqad,293,education,cash,,,hinglish_natural
EaseMyTrip 20912 rupaye cash me,20912,travel,cash,,,hinglish_natural
Paid ₹44365 for car loan EMI via card,44365,emi,card,,sbi,english_natural
Udemy 5470 credit card,5470,education,card,,,english_natural
Indian Oil se ride lia 57 rupay ka credit card se,57,travel,card,,,hinglish_natural
₹2241.28 to Vedantu via cash Canara account,2241.28,education,cash,,canara,english_natural
i paid 33295 rupees for mutual fund using CRED,33295,investment,upi,cred,slice,voice_transcript
Rs31688.38 paid to car loan EMI via credit card from State Bank,31688.38,emi,card,,sbi,english_natural
ATM/CASH/ICICI BANK/96,96,investment,card,,icici,english_natural
subah lab test me 25179 rs. ka checkup karaya UPI se diyee Axis Bank se kata,25179,healthcare,upi,cred,axis,hinglish_natural
Rs 11924 to Coursera via cred,11924,education,upi,cred,,english_natural
406 rupaye electronics store UPI se,406,shopping,upi,gpay,,hinglish_natural
"1mg
Net Amount 2396
Paid via PayTM",2396,healthcare,upi,paytm,icici,ocr_receipt
bhai Snapdeal ka 2190 rupaye card se de diya,2190,shopping,card,,hdfc,voice_transcript
i paid 4516 rupees for Zepto using slice,4516,food,upi,slice,,voice_transcript
45260.74 Pizza Hut,45260.74,food,cash,,icici,english_natural
bro 68.50 cred Successful ICICI Bank 5098,68.50,friends,upi,cred,icici,ocr_upi
31489 rs. Reliance Digital card se pay kiya,31489,shopping,card,,slice,hinglish_natural
Neha mein 421 lag gaye cash se bhara,421,friends,cash,,sbi,voice_transcript
2431 ₹ Karan paytm se bhai,2431,friends,upi,paytm,,hinglish_natural
?1258.47 charged for Groww on debit card,1258.47,investment,card,,kotak,english_natural
paid back friend lent money Rs6397 Phone Pe,6397,friends,upi,phonepe,,cue_row
"insurance premium 40538 Completed 9Nov 2025,7:12 pm HDFC 1125 UPI transaction ID 984759518656140",40538,utilities,upi,paytm,hdfc,ocr_upi
office se aate hue 4289 rupaye ticket lia Apple Music ko PhonePe pe,4289,entertainment,upi,phonepe,,hinglish_natural
Paid Flipkart Rs707 using cash from sbi,707,shopping,cash,,sbi,english_natural
credit card EMI ka 1451 rupees ka bill gpay se pay kiya,1451,emi,upi,gpay,,voice_transcript
crypto gold bonds NPS portfolio 15078 Google Pay,15078,investment,upi,gpay,,cue_row
"BILL
Reliance Digital
R 27922
PayTM
Thank You Visit Again",27922,shopping,upi,paytm,,ocr_receipt
"Zara BILL
St: Rs 52.63
PhonePe APPROVED",52.63,shopping,upi,phonepe,hdfc,ocr_receipt
UPI/00547851/ELECTRICITY BILL/BANK,3257.78,utilities,upi,phonepe,,english_natural
rent maintenance gas connection ₹3804 PhonePe,3804,utilities,upi,phonepe,,cue_row
RedBus se ride lya 454 rupaye ka via SLICE,454,travel,upi,slice,,hinglish_natural
"broadband 2675 Completed 26May 2025,11:22 pm HDFC 7546 UPI transaction ID 2047176970",2675,utilities,upi,cred,hdfc,ocr_upi
"Gaana BILL
St: 23089.39
CARD APPROVED",23089.39,entertainment,card,,,ocr_receipt
medical checkup lab test health insurance Rs 1479 G Pay,1479,healthcare,upi,gpay,,cue_row
Airtel recharge pe 235 ₹ ka bill pay kar diya card se pay kya,235,utilities,card,,hdfc,hinglish_natural
lunch dinner food order swiggy zomato restaurant meal INR 84 phonepe,84,food,upi,phonepe,bandhan,cue_row
UPI/59850094/UNACADEMY/JUPITER,1456,education,card,,jupiter,english_natural
HDFC loan 20 rupaye credit card se,20,emi,card,,,hinglish_natural
ACT Fibernet se payment kar diya 112 ka UPI se pay kr diya hdfc card se,112,utilities,upi,gpay,hdfc,hinglish_natural
mutual fund 3460,3460,investment,upi,gpay,,english_natural
SonyLIV se movie dekhi 3982 rupay ka Phone Pe pe,3982,entertainment,upi,phonepe,,hinglish_natural
dost Ananya ko 2739 rupaye Bhim se bheje,2739,friends,upi,bhim,,friends_synthetic
school fees mein 47619 lag gaye Paytm se bhara,47619,education,upi,paytm,,voice_transcript
paid back friend lent money ₹316 phonepe,316,friends,upi,phonepe,,cue_row
aaj friend se dost ko die 481 rupaye ka jupiter se pay kia,481,friends,upi,jupiter,,hinglish_natural
SBI loan payment ?31338 done via phonepe,31338,emi,upi,phonepe,,english_natural
sent money to bro ₹3569 on cash,3569,friends,cash,,,friends_synthetic
paid flatmate ₹18245 via Paytm,18245,friends,upi,paytm,,friends_synthetic
"BILL
insurance premium
Rs.1596
Slice
Thank You Visit Again",1596,utilities,upi,slice,sbi,ocr_receipt
flatmate rent share 204 G Pay roommate,204,friends,upi,gpay,,friends_synthetic
amazon flipkart myntra online shopping order INR 2117 card,2117,shopping,card,,,cue_row
Rs8132.96 paid to car loan EMI via G Pay UPI from State Bank Bank ending 7407,8132.96,emi,upi,gpay,sbi,ocr_upi
"Meesho BILL
St: INR 522
GPay APPROVED",522,shopping,upi,gpay,,ocr_receipt
dinner split 19650 rupaye Arjun PayTM,19650,friends,upi,paytm,,friends_synthetic
Just paid 213 to Nykaa through PhonePe,213,shopping,upi,phonepe,,english_natural
433 Bhim FD,433,investment,upi,bhim,,english_natural
yaar ka paise bheje 428 rupay naqad,428,friends,cash,,,hinglish_natural
UPI/82819699/YOUTUBE PREMIUM/BANK,530,entertainment,upi,phonepe,,english_natural
doctor me 43658 rupaiye ka checkup karaya card se pay kya,43658,healthcare,card,,,hinglish_natural
paid dost R 2667 via CRED,2667,friends,upi,cred,hdfc,friends_synthetic
auto 16811 naqad axis se kata,16811,travel,cash,,axis,hinglish_natural
electronics clothes shoes accessories purchase ₹455 via card,455,shopping,card,,,cue_row
4703 rs. ride liyaa Uber ko Fi Money se,4703,travel,upi,fi,,hinglish_natural
yaar canteen pe 36336 rs. ka mangwaya cash de diya,36336,food,cash,,,hinglish_natural
3824 rupaiye khareed liyaa mall ko card se pay kya,3824,shopping,card,,sbi,hinglish_natural
Ananya 417.96 slice,417.96,friends,cash,,slice,english_natural
Paytm Money 2197.85 G Pay Completed Punjab National Bank 4263,2197.85,investment,upi,gpay,pnb,ocr_upi
home loan car loan credit card EMI monthly Rs.2904 autopay card,2904,emi,card,,,cue_row
kal 336 ₹ payment kya rent pe G Pay se pay kiya SLICE card se,336,utilities,upi,gpay,slice,hinglish_natural
yaar 9467 ₹ cash diyee,9467,friends,cash,,,hinglish_natural
netflix spotify hotstar subscription movie show INR 45447 card,45447,entertainment,card,,,cue_row
"Receipt #8173
Gaana
Amount Paid: ₹10468
Mode: CARD",10468,entertainment,card,,,ocr_receipt
"NATURE'S BASKET
Item 1 ₹350
Item 2 Rs421
Total 4431
PhonePe",4431,food,upi,phonepe,sbi,ocr_receipt
Bajaj Finance EMI ka installment diy 4575 ₹ Paytm pe Axis Bank card se zyada ho gaya,4575,emi,upi,paytm,axis,hinglish_natural
paid 2231 to Indian Oil through cash,2231,travel,cash,,,voice_transcript
Spent ₹163 on ET Money using bhim,163,investment,upi,bhim,,english_natural
bike loan EMI payment 330 done via card,330,emi,card,,,english_natural
318 rupay Groww PayTM pe,318,investment,upi,paytm,,hinglish_natural
spent 4894 rupees on Cleartrip via Google Pay,4894,travel,upi,gpay,rbl,voice_transcript
Just paid ₹29583.44 to Bajaj Finance EMI through credit card,29583.44,emi,card,,sbi,english_natural
dost Amit ko 4571 rupaye Gpay se bheje,4571,friends,upi,gpay,,friends_synthetic
CRED payment 39 Shreya SBI 3817 done,39,friends,upi,cred,sbi,ocr_upi
kal 3691 rs dost ko diye dost pe via gpay,3691,friends,upi,gpay,,hinglish_natural
Paid 2423.14 for credit card EMI via debit card,2423.14,emi,card,,,english_natural
Spent INR 2889 on SonyLIV using gpay,2889,entertainment,upi,gpay,kotak,english_natural
Paid Rs 539 for Nature's Basket via card,539,food,card,,,english_natural
H&M 4061.84 gpay Successful hdfc 9141,4061.84,shopping,upi,gpay,hdfc,ocr_upi
3620 to flatmate via Paytm,3620,friends,upi,paytm,,english_natural
3232.20 HDFC loan,3232.20,emi,card,,,english_natural
gaming 2115.91 gpay,2115.91,entertainment,upi,gpay,idfc,english_natural
Bought dentist for Rs.9188 with PayTM,9188,healthcare,upi,paytm,slice,english_natural
2693 rupees market cash,2693,shopping,cash,,,voice_transcript
FreshMenu t212.87 PhonePe,212.87,food,upi,phonepe,,english_natural
i did 12942 expense on mobile recharge using jupiter,12942,utilities,upi,jupiter,sbi,voice_transcript
Angel One ₹52 GPay,52,investment,upi,gpay,canara,ocr_upi
aaj 37455 paisa daala gold pe card se pay kiya jupiter wale account se sasta tha,37455,investment,card,,jupiter,hinglish_natural
Tata Play ₹2861 G Pay,2861,utilities,upi,gpay,hdfc,english_natural
dentist pe 27322 ka dawai le liya Paytm pe,49301,healthcare,upi,paytm,,source_hinglish
mutual fund SIP stocks PPF FD investment ₹1002 Cred,1002,investment,upi,cred,,cue_row
1412 rs installment diyee HDFC loan ko card se pay kiya,1412,emi,card,,hdfc,hinglish_natural
Zee5 me 46255 rs. ka subscription renew kia SLICE pe,5,entertainment,upi,slice,jupiter,hinglish_natural
"Receipt #7358
society maintenance
Amount Paid: ₹194
Mode: CARD",194,utilities,card,,,ocr_receipt
FD ₹3476.91 Paytm,3476.91,investment,upi,paytm,icici,ocr_upi
Paid books INR 34621 using G Pay from Fi Money,34621,education,upi,gpay,fi,english_natural
INR 3793 to Amit cash UPI,3793,friends,cash,,,friends_synthetic
sent Rs.4863 to friend on bhim split bill UPI,4863,friends,upi,bhim,,cue_row
Pooja ko 2923 transfer kiya Niyo se,2923,friends,upi,niyo,,friends_synthetic
661.16 friend,661.16,friends,upi,paytm,,english_natural
Just paid 44548 to Behrouz through Visa,44548,food,card,,,english_natural
"TAX INVOICE
Spotify
Grand Total: Rs 4437.84
Payment: CARD",4437.84,entertainment,card,,,ocr_receipt
bhai 6651 rupaye home loan EMI credit card se,6651,emi,card,,,hinglish_natural
Rs.150.37 to Airtel recharge via Cred,150.37,utilities,upi,cred,,english_natural
raat ko 106 rupaiye ticket le liya INOX pe Bhim se pay kr diya,106,entertainment,upi,bhim,,hinglish_natural
bhai SBI loan 4198 rupaye debit card se,4198,emi,card,,hdfc,hinglish_natural
"PIZZA HUT
Item 1 495
Item 2 Rs.411
Total ?342
CASH",342,food,cash,,,ocr_receipt
"Croma 263 Completed 1Dec 2025,11:22 pm HDFC Bank 9602 UPI transaction ID 6467651727",263,shopping,upi,bhim,hdfc,ocr_upi
dost Rahul ko 1429 rupaye Phonepe se bheje,1429,friends,upi,phonepe,,friends_synthetic
paid 21433 to Netmeds through cash,21433,healthcare,cash,,,voice_transcript
₹337 to Divya cash UPI,337,friends,cash,,,friends_synthetic
Movie ticket booking INR 43796,43796,entertainment,card,,,source_english
split bill 3068 PayTM se bro ko diya,3068,friends,upi,paytm,,friends_synthetic
mobile recharge 1904 ₹ GPay se,1904,utilities,upi,gpay,icici,hinglish_natural
raat ko 7658 rs stock le liya Coin pe via Paytm Bank of Baroda card se,7658,investment,upi,paytm,bob,hinglish_natural
i did 22839 expense on bro using phonepe,22839,friends,upi,phonepe,,voice_transcript
clinic pe 2912 rs. ka checkup karaya via paytm,2912,healthcare,upi,paytm,,hinglish_natural
27125 Gaana,27125,entertainment,upi,niyo,,english_natural
personal loan installment EMI deduction INR 3905 G Pay,3905,emi,upi,gpay,,cue_row
INR 4908.20 debited from your PNB account for doctor (Phone Pe UPI),4908.20,healthcare,upi,phonepe,pnb,ocr_upi
personal loan installment EMI deduction R 639 card,639,emi,card,,,cue_row
Internet recharge INR 16963,16963,utilities,upi,fi,,source_english
ET Money se mutual fund kar diya 1956 rupaiye ka Slice se,1956,investment,upi,slice,,hinglish_natural
Cleartrip se ride liya 2349 rupaiye ka via Phonepe icici se kata achha deal mila,2349,travel,upi,phonepe,icici,hinglish_natural
bike loan EMI se loan payment kr diya 20215 rupaiye ka debit card se,20215,emi,card,,hdfc,hinglish_natural
₹130 paid to Udemy via cash from hdfc,130,education,cash,,hdfc,english_natural
SBI loan ka 37727 rupees ka bill PayTM se pay kiya,37727,emi,upi,paytm,,voice_transcript
NETFLIX INR 9746,9746,entertainment,cash,,,english_natural
14074.81 paid to BookMyShow via Phone Pe UPI from Punjab National Bank Bank ending 9165,14074.81,entertainment,upi,phonepe,pnb,ocr_upi
Rs3225 paid to Coin via Phonepe from State Bank,3225,investment,upi,phonepe,sbi,english_natural
Used axis Mastercard to pay Rs.431 for insurance premium,431,utilities,card,,axis,english_natural
personal loan installment EMI deduction ₹292 card,292,emi,card,,,cue_row
"rickshaw 415 Completed 14Apr 2026,3:04 am State Bank 5432 UPI transaction ID 6159282249638",415,travel,upi,phonepe,sbi,ocr_upi
Haldirams payment ?3374 done via cash,3374,food,cash,,sbi,english_natural
tuition 2159 rupaiye UPI se pay kr diya YES BANK wale account se,2159,education,upi,gpay,yes bank,hinglish_natural
crypto gold bonds NPS portfolio R 89 bhim,89,investment,upi,bhim,,cue_row
i paid 363 rupees for Netflix using cash,363,entertainment,cash,,hdfc,voice_transcript
20128 rupees udhar return kiyaa Neha pe Google Pay se,20128,friends,upi,gpay,,hinglish_natural
bhai Netflix me 146 ₹ ka game le liya via bhim,146,entertainment,upi,bhim,icici,hinglish_natural
petrol diesel fuel 16113 at pump card,16113,travel,card,,,cue_row
380 rs udhar return kr diya flatmate ko UPI se pay kar diya bohot mehenga,380,friends,upi,paytm,,hinglish_natural
₹2916 to broadband via debit card PNB account,2916,utilities,card,,pnb,english_natural
coaching exam preparation study material ₹207 card,207,education,card,,hdfc,cue_row
sent money to Amit 2002 on phonepe,2002,friends,upi,phonepe,,friends_synthetic
Airtel recharge se recharge kiyaa 24714 rupees ka cash me jupiter account se,24714,utilities,cash,,jupiter,hinglish_natural
₹195 to SpiceJet via GPay,195,travel,upi,gpay,,english_natural
DishTV ka payment kya 208 rupaiye UPI se,208,utilities,upi,cred,hdfc,hinglish_natural
i paid 2004 rupees for ET Money using slice,2004,investment,upi,slice,,voice_transcript
bro ko 181 transfer kiya paytm se,181,friends,upi,paytm,,friends_synthetic
Behrouz ₹808.23 G Pay,808.23,food,upi,gpay,icici,english_natural
bhai 1mg ka 1856 rupaye card se de diya,1856,healthcare,card,,,voice_transcript
aaj RedBus pe 1949 rupaye kharcha hua card se,1949,travel,card,,,voice_transcript
212 ₹ SIP bhara gold ko card se pay kar diya,212,investment,card,,,hinglish_natural
Paid YouTube Premium ₹3802 using debit card,3802,entertainment,card,,,english_natural
19919 ka dhaba bill pay kiya Phonepe se HDFC Bank se kata,19919,food,upi,phonepe,hdfc,voice_transcript
broadband 1956 Phonepe,1956,utilities,upi,phonepe,bob,english_natural
"Receipt #4544
Meesho
Amount Paid: ?4128
Mode: PhonePe",4128,shopping,upi,phonepe,,ocr_receipt
crypto gold bonds NPS portfolio Rs.236 card,236,investment,card,,hdfc,cue_row
subah Amazon ka buy kiyaa 9878 rs credit card se,9878,shopping,card,,,hinglish_natural
split bill 1945 PayTM se bro ko diya,1945,friends,upi,paytm,,friends_synthetic
47147 Lenskart,47147,shopping,upi,slice,fi,english_natural
NPS 336 phonepe Payment done HDFC 7733,336,investment,upi,phonepe,hdfc,ocr_upi
personal loan installment EMI deduction t854 Paytm,854,emi,upi,paytm,,cue_row
spent 36887 rupees on mutual fund via card,36887,investment,card,,hdfc,voice_transcript
dhaba ₹30581.40 Slice,30581.40,food,upi,slice,,english_natural
44345 ₹ ticket book kiya rickshaw ko cash me,44345,travel,cash,,hdfc,hinglish_natural
Used NIYO cash to pay ₹424 for bhai,424,friends,cash,,niyo,english_natural
coaching exam preparation study material Rs 337 CRED,337,education,upi,cred,hdfc,cue_row
Flight ticket booking INR 21924,21924,travel,cash,,pnb,source_english
raat ko broadband ka recharge kr diya 92 rs. SLICE pe achha deal mila,92,utilities,upi,slice,,hinglish_natural
split bill 23436 Phone Pe se Karan ko diya,23436,friends,upi,phonepe,,friends_synthetic
Paid mall INR 13702.99 using gpay,13702.99,shopping,upi,gpay,,english_natural
Payment of ₹43738 to HDFC loan was successful via PayTM UPI Ref No 319740639590 SBI Account 6761,43738,emi,upi,paytm,sbi,ocr_upi
Paid society maintenance 2787 using G Pay,2787,utilities,upi,gpay,,english_natural
Paid ₹440 for bike loan EMI from my Axis Bank account via card,440,emi,card,,axis,english_natural
?1845 to Dunkin via cash,1845,food,cash,,,english_natural
mutual fund SIP stocks PPF FD investment t21936 card,21936,investment,card,,,cue_row
199 Fi Money electronics store,199,shopping,upi,fi,hdfc,english_natural
NPS me 45939 rupaiye ka stock lya card se pay kar diya,45939,investment,card,,,hinglish_natural
146 rupees MedPlus card,146,healthcare,card,,,voice_transcript
1mg ka test karaya 3625 rupaye UPI se pay kiya bohot mehenga,1,healthcare,upi,paytm,,hinglish_natural
"BILL
doctor
Rs 186.13
Phonepe
Thank You Visit Again",186.13,healthcare,upi,phonepe,kotak,ocr_receipt
1602 ₹ credit card EMI debit card se,1602,emi,card,,,hinglish_natural
flight booking travel ticket ₹2646 CRED,2646,travel,upi,cred,,cue_row
IRCTC Rs.18381.67 debited from Axis Bank,18381.67,travel,upi,phonepe,axis,english_natural
personal loan EMI pe 27630 rupaiye ka installment die card se pay kya,27630,emi,card,,niyo,hinglish_natural
ghar jaate waqt Nykaa se saman lya 417 ₹ ka card se,417,shopping,card,,,hinglish_natural
43251 rupees Kuvera niyo se pay kar diya,43251,investment,upi,niyo,,hinglish_natural
261 rs. education loan EMI card se,261,emi,card,,,hinglish_natural
crypto me 10657 rupay ka mutual fund kr diya card se pay kia,10657,investment,card,,,hinglish_natural
Paid Zee5 INR 1880 using PhonePe from Fi Money,1880,entertainment,upi,phonepe,fi,english_natural
friend Rs.1828 Gpay,1828,friends,upi,gpay,yes bank,ocr_upi
stocks 2698 rupaye UPI se pay kya Slice se,2698,investment,upi,slice,slice,hinglish_natural
Payment of ₹1273.10 to Hotstar was successful via phonepe UPI Ref No 4705908564175 IndusInd Account 6808,1273.10,entertainment,upi,phonepe,indusind,ocr_upi
ATM/CASH/BANK/202,202,education,cash,,,english_natural
gold me 282 rs ka SIP bhara cred se pay kya,282,investment,upi,cred,fi,hinglish_natural
950 rs ticket book kiyaa Goibibo ko cash diyee,950,travel,cash,,,hinglish_natural
Just paid Rs 4350 to Apple Music through Mastercard,4350,entertainment,card,,,english_natural
NEFT/TRANSFER/CLINIC/,285,healthcare,cash,,,english_natural
spent 1870 rupees on SBI loan via card,1870,emi,card,,,voice_transcript
Karan se paise bheje 34164 rupaiye ka Gpay pe,34164,friends,upi,gpay,,hinglish_natural
₹2206.42 charged for doctor on Phonepe,2206.42,healthcare,upi,phonepe,,english_natural
breakfast snacks chai coffee 6955 Jupiter,6955,food,upi,jupiter,,cue_row
today i spent 234 on Spotify via card from my sbi bank,234,entertainment,card,,sbi,voice_transcript
t122.50 paid to Flipkart via SLICE UPI from State Bank Bank ending 7450,122.50,shopping,upi,slice,sbi,ocr_upi
DMart ka kha liya 520 rs credit card se,520,food,card,,,hinglish_natural
Hotel booking INR 16771,16771,travel,card,,axis,source_english
43347 credit card SBI loan,43347,emi,card,,sbi,english_natural
371 rs doctor ko die PharmEasy pe cash me,371,healthcare,cash,,sbi,hinglish_natural
Groww 2693 rupay credit card se,27004,investment,card,,,source_hinglish
school college tuition course books fees INR 3893 card,3893,education,card,,,cue_row
Arjun ka dost ko diyee 2310 rupaye phonepe se pay kya,2310,friends,upi,phonepe,slice,hinglish_natural
"D AMAZON 4274 Completed 2Jan 2026,1:04 pm sbi Bank 2002 UPI transaction ID 26062011990688 TO:AMAZON amazon.72920@sbibank Soogletransaction lD CICAgJjg042326 OPI Jupiter",4274,shopping,upi,jupiter,sbi,ocr_upi
bike loan EMI 272.32,272.32,emi,upi,niyo,,english_natural
mall se shopping kar diya 121 rupay ka Gpay pe,121,shopping,upi,gpay,niyo,hinglish_natural
260 rupaiye DMart via PhonePe,260,food,upi,phonepe,union bank,hinglish_natural
Myntra ka order kya 66 ₹ card se,66,shopping,card,,,hinglish_natural
Spent 15790 on canteen using paytm,15790,food,upi,paytm,bandhan,english_natural
"Receipt #6883
Zepto
Amount Paid: Rs.29001.33
Mode: Phone Pe",29001.33,food,upi,phonepe,,ocr_receipt
Payment of Rs 4561 to Yatra was successful via gpay UPI Ref No 511865981760807 IndusInd Account 4048,4561,travel,upi,gpay,indusind,ocr_upi
bhai colleague ko udhar return kiya 387 rs Slice se,387,friends,upi,slice,,friends_synthetic
28079 rs Angel One UPI se diye,28079,investment,upi,cred,,hinglish_natural
"BILL
Dominos
Rs426.15
CASH
Thank You Visit Again",426.15,food,cash,,idfc,ocr_receipt
POS/DIAGNOSTIC/PAYTM/7639,2119,healthcare,upi,paytm,,english_natural
Payment of Rs 263 to friend was successful via BHIM UPI Ref No 73308903454 Punjab National Bank Account 4030,263,friends,upi,bhim,pnb,ocr_upi
Myntra se order kiya 2884 rupaye ka card se pay kya Niyo wale account se budget tod diya,2884,shopping,card,,niyo,hinglish_natural
Flipkart order INR 35043,35043,shopping,upi,slice,,source_english
Paid Rahul Rs299.69 using Phone Pe,299.69,friends,upi,phonepe,,english_natural
Udemy pe 41117 rupaiye ka fees bhar diya card se pay kiya matlab,41117,education,card,,,hinglish_natural
flatmate rent share 231 phonepe Rahul,231,friends,upi,phonepe,,friends_synthetic
Rs137 to SonyLIV via Phonepe,137,entertainment,upi,phonepe,,english_natural
Paytm payment ₹3550.18 BYJU'S ICICI Bank 6351 done,3550.18,education,upi,paytm,icici,ocr_upi
TO:MYNTRA myntra.16201@sbibank From:PRIYASHARMA (SBI Google Pay : user9770@oksbibank,4146.91,shopping,upi,gpay,sbi,ocr_upi
ATM/CASH/HDFC BANK/293,293,emi,upi,gpay,hdfc,english_natural
dinner split 24637 rupaye flatmate cash,24637,friends,cash,,,friends_synthetic
Paid 208 for Biryani Blues from my Axis Bank account via credit card,208,food,card,,axis,english_natural
G Pay payment ₹2837.14 Divya Union Bank 1413 completed,2837.14,friends,upi,gpay,union bank,ocr_upi
personal loan EMI se installment de diya 3533 ₹ ka card se matlab,3533,emi,card,,,hinglish_natural
aaj SBI loan me 186 rupaye ka installment diye credit card se,186,emi,card,,kotak,hinglish_natural
Paid Rs.39701.83 for Practo via cred,39701.83,healthcare,upi,cred,,english_natural
"D BOOKMYSHOW 1776 Completed 4Feb 2026,11:57 pm SBI Bank 2461 UPI transaction ID 6525081595 TO:BOOKMYSHOW bookmyshow.88861@sbibank Soogletransaction lD XYZabc150717 OPI Cred",1776,entertainment,upi,cred,sbi,ocr_upi
Spent INR 48259.65 on SonyLIV using debit card,48259.65,entertainment,card,,,english_natural
bhai Snapdeal 293 rupay paytm pe,293,shopping,upi,paytm,sbi,hinglish_natural
NEFT/TRANSFER/AMIT/HDFC BANK,403,friends,upi,phonepe,hdfc,english_natural
coaching exam preparation study material ₹32796 Paytm,32796,education,upi,paytm,,cue_row
aaj McDonald's 25 rupaye cash de diya,25,food,cash,,,hinglish_natural
32405 rupaye kha liya Dominos pe card se,32405,food,card,,niyo,hinglish_natural
"Lenskart
Net Amount 4276.87
Paid via jupiter",4276.87,healthcare,upi,jupiter,,ocr_receipt
spent 39600 rupees on exam fee via card,39600,education,card,,,voice_transcript
Faasos pe 360 ka mangwaya UPI se diy budget tod diya,360,food,upi,bhim,axis,hinglish_natural
bhai Karan ko udhar return kiya 272 rs Bhim se,272,friends,upi,bhim,,friends_synthetic
today i spent 3851 on Priya via Phonepe,3851,friends,upi,phonepe,,voice_transcript
"BILL
BigBasket
Rs340.28
cred
Thank You Visit Again",340.28,food,upi,cred,kotak,ocr_receipt
482 rs. movie dekhi gaming pe paytm se pay kya,482,entertainment,upi,paytm,,hinglish_natural
"Burger King 1493.88 Completed 17Aug 2026,7:31 pm icici 8966 UPI transaction ID 9061435631",1493.88,food,upi,phonepe,icici,ocr_upi
i paid 77 rupees for Zerodha using card,77,investment,card,,slice,voice_transcript
Payment of R 4110.37 to Angel One was successful via Google Pay UPI Ref No 92901544014015 Bank of Baroda Account 7553,4110.37,investment,upi,gpay,bob,ocr_upi
"TAX INVOICE
Apollo Pharmacy
Grand Total: Rs 2386.48
Payment: jupiter",2386.48,healthcare,upi,jupiter,,ocr_receipt
G Pay payment Rs.293 personal loan EMI ICICI 6203 done,293,emi,upi,gpay,icici,ocr_upi
Payment of 204.99 to Udemy was successful via phonepe UPI Ref No 20517718887494 SBI Account 9143,204.99,education,upi,phonepe,sbi,ocr_upi
"Meesho BILL
St: 15621.46
cred Approved",15621.46,shopping,upi,cred,bandhan,ocr_receipt
petrol diesel fuel R 14405 at pump card,14405,travel,card,,,cue_row
personal loan EMI ka EMI bhara 222 card se pay kiya,222,emi,card,,,hinglish_natural
"Zee5
Net Amount 32870
Paid via CASH",32870,entertainment,cash,,,ocr_receipt
education loan EMI 473 rs card se pay kia,473,emi,card,,,hinglish_natural
Myntra 18909 credit card,18909,shopping,card,,,english_natural
Paid 186 to roommate phonepe UPI HDFC Bank 1493 Done,186,friends,upi,phonepe,hdfc,ocr_upi
raat ko 161 rupaye SpiceJet card se,161,travel,card,,,hinglish_natural
aaj 2974 rupaiye upGrad via G Pay,2974,education,upi,gpay,,hinglish_natural
"BILL
Dominos
42423
bhim
Thank You Visit Again",42423,food,upi,bhim,,ocr_receipt
79 rupees EMI kat gayi car loan EMI pe UPI se SLICE wale account se sasta tha,79,emi,upi,paytm,slice,hinglish_natural
Lenskart ka checkup karaya 4998 rs. debit card se sbi se kata,4998,healthcare,card,,sbi,hinglish_natural
rent maintenance gas connection 1358 card,1358,utilities,card,,sbi,cue_row
Water bill INR 42483,42483,utilities,upi,cred,sbi,source_english
broadband 4733 rupees naqad Jupiter account se,4733,utilities,cash,,jupiter,hinglish_natural
4283.11 Visa SIP,4283.11,investment,card,,sbi,english_natural
Paid INR 42932.65 to ET Money SLICE UPI Axis 1919 Completed,42932.65,investment,upi,slice,axis,ocr_upi
bhai BYJU'S pe 2473 rupay ka tuition de diya debit card se bhai,2473,education,card,,,hinglish_natural
INR 2311 paid to flatmate via Slice from SBI,2311,friends,upi,slice,sbi,english_natural
MedPlus payment Rs1238 done via Gpay,1238,healthcare,upi,gpay,sbi,english_natural
6175 rs Bajaj Finance EMI PayTM se pay kiyaa,6175,emi,upi,paytm,,hinglish_natural
Payment of Rs.499 to Starbucks was successful via gpay UPI Ref No 184404380755405 HDFC Bank Account 1335,499,food,upi,gpay,hdfc,ocr_upi
Just paid Rs68 to concert through cash,68,entertainment,cash,,,english_natural
Fixed deposit investment INR 36205,36205,investment,upi,fi,,source_english
gaming concert event ticket INR 1818 card,1818,entertainment,card,,federal bank,cue_row
CCD 466 Slice,466,food,upi,slice,slice,english_natural
Payment of R 44554.80 to home loan EMI was successful via Slice UPI Ref No 972804667464 Kotak Mahindra Account 9076,44554.80,emi,upi,slice,kotak,ocr_upi
Pooja pe 351 rupay ka split kia card se,351,friends,card,,sbi,hinglish_natural
COLLEAGUE INR 835.56 HDFC,835.56,friends,upi,gpay,hdfc,english_natural
Netflix pe 90 ₹ ka subscription renew kiya card se bohot mehenga,90,entertainment,card,,sbi,hinglish_natural
Subway 1932 rupay cash diy Slice wale account se,1932,food,cash,,slice,hinglish_natural
i paid 281 rupees for Ananya using Phonepe,281,friends,upi,phonepe,sbi,voice_transcript
40049 ₹ saman lia Myntra ko debit card se,40049,shopping,card,,,hinglish_natural
TO:FLIPKART flipkart.34096@sbibank From:AMITSINGH (sbi phonepe : user2294@oksbibank,236,shopping,upi,phonepe,sbi,ocr_upi
Croma 487 rupees credit card se,487,shopping,card,,yes bank,hinglish_natural
Lenskart 37797 rupees card se pay kiya,37797,shopping,card,,slice,hinglish_natural
Bought dentist for 413 with Visa,413,healthcare,card,,niyo,english_natural
bro ₹21438 cred,21438,friends,upi,cred,,english_natural
"electronics store BILL
St: Rs 34208
CARD APPROVED",34208,shopping,card,,,ocr_receipt
FreshMenu me 1918 rupees ka khana order kya card se pay kiya hdfc se,1918,food,card,,hdfc,hinglish_natural
INR 26 to credit card EMI via card HDFC account,26,emi,card,,hdfc,english_natural
Bajaj Finance EMI 33909 credit card se,33909,emi,card,,,hinglish_natural
paid 1820 to gaming through GPay,1820,entertainment,upi,gpay,,voice_transcript
petrol pump se ride le liya 49645 ₹ ka UPI se,49645,travel,upi,paytm,,hinglish_natural
Tata Play Rs.42723.95 phonepe,42723.95,utilities,upi,phonepe,,english_natural
Divya 619 rs. G Pay se pay kiya,619,friends,upi,gpay,,hinglish_natural
Gaana ka game liya 2395 credit card se,2395,entertainment,card,,,hinglish_natural
"EATFIT RESTAURANT
Total 3498.57
Cash Received
Change 0.00",3498.57,food,upi,phonepe,,ocr_receipt
stationery me 45203 rupees ka fees bhara Cred pe ICICI se,45203,education,upi,cred,icici,hinglish_natural
abhi SonyLIV ka subscription renew kya 205 ₹ haath se die,205,entertainment,cash,,,hinglish_natural
split bill 22441 Phonepe se yaar ko diya,22441,friends,upi,phonepe,,friends_synthetic
flatmate rent share 20755 CRED Arjun,20755,friends,upi,cred,,friends_synthetic
dost 2128 rupees UPI se die,2128,friends,upi,slice,,hinglish_natural
car loan EMI ka loan payment kar diya 497 rupees card se,497,emi,card,,,hinglish_natural
3786 rupay Nykaa debit card se,3786,shopping,card,,,hinglish_natural
Payment of ₹284 to mall was successful via G Pay UPI Ref No 840599147092 Axis Account 6216,284,shopping,upi,gpay,axis,ocr_upi
Payment of ₹34 to EatFit was successful via Phonepe UPI Ref No 0195677318842 SBI Account 1027,34,food,upi,phonepe,sbi,ocr_upi
4447 ₹ food order kya food court pe via GPay sasta tha,4447,food,upi,gpay,sbi,hinglish_natural
Amit 48355,48355,friends,card,,icici,english_natural
petrol diesel fuel 3689 at pump CRED,3689,travel,upi,cred,,cue_row
electronics store 4447 ₹ G Pay se pay kar diya,4447,shopping,upi,gpay,niyo,hinglish_natural
petrol diesel fuel INR 65 at pump card,65,travel,card,,,cue_row
bhai coaching ka 34909 rupaye phonepe se de diya,34909,education,upi,phonepe,,voice_transcript
Paid INR 4381.52 for tuition via PhonePe,4381.52,education,upi,phonepe,sbi,english_natural
sent money to Pooja ₹1033 on PayTM,1033,friends,upi,paytm,,friends_synthetic
water bill 17632,17632,utilities,upi,phonepe,icici,english_natural
Paid Rs.1461 for coaching from my Kotak Mahindra account via Visa,1461,education,card,,kotak,english_natural
Zepto ka food order kya 22923 ₹ UPI se diye,22923,food,upi,cred,,hinglish_natural
"CROMA
Item 1 R 249
Item 2 INR 460
Total Rs.29374.39
CARD",29374.39,shopping,card,,kotak,ocr_receipt
290 Paytm Money card se pay kia,290,investment,card,,sbi,hinglish_natural
BookMyShow pe 63 ka movie dekhi debit card se,63,entertainment,card,,,hinglish_natural
Rs.317 paid to Kuvera via Bhim UPI from SBI Bank ending 5909,317,investment,upi,bhim,sbi,ocr_upi
Paid ₹2153 for JioCinema via cash,2153,entertainment,cash,,,english_natural
Used Canara cash to pay INR 31 for Indian Oil,31,travel,cash,,canara,english_natural
"books 1281 Completed 23Dec 2026,4:17 pm hdfc 1930 UPI transaction ID 180420223059",1281,education,upi,paytm,hdfc,ocr_upi
"Receipt #4883
JioCinema
Amount Paid: INR 36109
Mode: CARD",36109,entertainment,card,,,ocr_receipt
SBI loan ka loan payment kiyaa 3635 card se pay kr diya,3635,emi,card,,,hinglish_natural
Bought Dominos for 3374 with NIYO,3374,food,upi,niyo,,english_natural
NIYO payment 822.36 NPS ICICI 6523 done,822.36,investment,upi,niyo,icici,ocr_upi
3509 Barbeque Nation cash me,3509,food,cash,,hdfc,hinglish_natural
4561 rupees Barbeque Nation UPI se,32565,food,upi,slice,,source_hinglish
INR 21704 to credit card EMI via debit card,21704,emi,card,,,english_natural
TO:PERSONALLOANEMI personalloanemi.22791@statebankbank From:AMITSINGH (State Bank gpay : user9251@okstatebankbank,211,emi,upi,gpay,sbi,ocr_upi
4854 ka Croma bill pay kiya card se,4854,shopping,card,,,voice_transcript
abhi books 12945 rupaye card se pay kiyaa,12945,education,card,,,hinglish_natural
paid 23098 to Amit through Jupiter from jupiter,23098,friends,upi,jupiter,jupiter,voice_transcript
NEFT/TRANSFER/BRO/,309,friends,cash,,,english_natural
Biryani Blues se khana kha liya 463 rs ka G Pay se,463,food,upi,gpay,,hinglish_natural
yaar ka 475 rupees ka bill Slice se pay kiya,475,friends,upi,slice,,voice_transcript
sent money to Arjun ₹618 on cash,618,friends,cash,,hdfc,friends_synthetic
medical checkup lab test health insurance INR 121 slice,121,healthcare,upi,slice,,cue_row
spent 441 rupees on rent via PayTM,441,utilities,upi,paytm,,voice_transcript
253.35 to library via card,253.35,education,card,,,english_natural
2752 Cleartrip,2752,travel,upi,gpay,union bank,english_natural
crypto gold bonds NPS portfolio INR 43569 card,43569,investment,card,,,cue_row
rent 4826 rupaye UPI se diy SBI account se sasta tha,4826,utilities,upi,bhim,sbi,hinglish_natural
paid 3173 to bhai through GPay,3173,friends,upi,gpay,,voice_transcript
ATM/CASH/BANK/44821,44821,education,upi,phonepe,,english_natural
today i spent 3889 on Paytm Money via Gpay,3889,investment,upi,gpay,,voice_transcript
₹335 charged for EaseMyTrip on Bhim,335,travel,upi,bhim,,english_natural
2593 rupees loan payment kar diya credit card EMI pe card se State Bank se,2593,emi,card,,sbi,hinglish_natural
1393 IndiGo,1393,travel,card,,jupiter,english_natural
21904 rs. Ola credit card se,21904,travel,card,,,hinglish_natural
Mobile recharge INR 7893,7893,utilities,upi,phonepe,,source_english
1640 ₹ tuition de diya tuition pe credit card se,1640,education,card,,,hinglish_natural
506 school fees,506,education,upi,cred,,english_natural
Faasos 582.52 cash,582.52,food,cash,,,english_natural
Rs3637 paid to Neha via slice from ICICI Bank,3637,friends,upi,slice,icici,english_natural
4876 Google Pay Jio recharge,4876,utilities,upi,gpay,,english_natural
sent ₹12785 to friend on niyo,12785,friends,upi,niyo,,friends_synthetic
HDFC loan ka loan payment kar diya 3455 rupaiye UPI se pay kr diya,3455,emi,upi,gpay,,hinglish_natural
269 rupees Apollo Pharmacy card jupiter account,269,healthcare,card,,jupiter,voice_transcript
2566 charged for Indian Oil on debit card,2566,travel,card,,icici,english_natural
Gaana 464,464,entertainment,card,,jupiter,english_natural
flatmate ka dost ko diye 478 rs. paytm se pay kr diya,478,friends,upi,paytm,,hinglish_natural
Barbeque Nation INR 62.89 Fi Money,62.89,food,upi,fi,bob,ocr_upi
flatmate ka dost ko de diya 142 rs. UPI se,142,friends,upi,gpay,,hinglish_natural
electricity bill ka bill bhar diya 21572 rupaiye UPI se,21572,utilities,upi,gpay,,hinglish_natural
Vedantu 239 rs. card se,239,education,card,,,hinglish_natural
Used Axis card to pay Rs940 for broadband,940,utilities,card,,axis,english_natural
"DUNKIN
Item 1 79
Item 2 Rs397
Total 1812.89
cred",1812.89,food,upi,cred,kotak,ocr_receipt
Apple Music Rs374 debited from ICICI,374,entertainment,card,,icici,english_natural
1mg se dawai le liya 39021 rupay ka naqad,1,healthcare,cash,,,hinglish_natural
coaching exam preparation study material Rs 11732 cash,11732,education,cash,,,cue_row
3170 rupees Flipkart card,3170,shopping,card,,,voice_transcript
Payment of 650 to Zepto was successful via gpay UPI Ref No 02201738226 HDFC Account 8227,650,food,upi,gpay,hdfc,ocr_upi
31162 rupees petrol bhra SpiceJet pe naqad hdfc card se bohot mehenga,31162,travel,cash,,hdfc,hinglish_natural
Rs.49673.73 debited from your kotak account for Air India (Cred UPI),49673.73,travel,upi,cred,kotak,ocr_upi
₹33370.03 to YouTube Premium via Mastercard Punjab National Bank account,33370.03,entertainment,card,,pnb,english_natural
dopahar ko electricity bill me 3970 ₹ ka bill bhara Fi Money pe,3970,utilities,upi,fi,,hinglish_natural
39687 rs. gold Bhim se,21141,investment,upi,bhim,kotak,source_hinglish
kal SIP se invest kya 35 ka credit card se axis se kata,35,investment,card,,axis,hinglish_natural
Payment of t416 to MedPlus was successful via Fi UPI Ref No 62599917802715 State Bank Account 6281,416,healthcare,upi,fi,sbi,ocr_upi
"BILL
Lenskart
Rs789
CARD
Thank You Visit Again",789,healthcare,card,,,ocr_receipt
221 rupay Tata Play UPI se pay kia,221,utilities,upi,gpay,jupiter,hinglish_natural
"D CHAIPOINT 4911 Completed 5Mar 2026,11:24 pm Axis Bank 8601 UPI transaction ID 1999162469 TO:CHAIPOINT chai point.50176@axisbank Goog1etransaction lD XYZabc293684 OPI jupiter",4911,food,upi,jupiter,axis,ocr_upi
society maintenance se payment kya 281 ka CRED pe,281,utilities,upi,cred,yes bank,hinglish_natural
433 rupees PPF via phonepe,433,investment,upi,phonepe,pnb,hinglish_natural
electronics store mein 17231 lag gaye card se bhara,17231,shopping,card,,,voice_transcript
medical checkup lab test health insurance INR 34773 PhonePe,34773,healthcare,upi,phonepe,,cue_row
608 rupay Unacademy via PayTM,608,education,upi,paytm,,hinglish_natural
NEFT/TRANSFER/JIO RECHARGE/,4496,utilities,upi,slice,,english_natural
Payment of Rs2703 to SonyLIV was successful via jupiter UPI Ref No 78347679007824 HDFC Bank Account 6380,2703,entertainment,upi,jupiter,hdfc,ocr_upi
spent 384 rupees on crypto via card,384,investment,card,,,voice_transcript
mutual fund SIP stocks PPF FD investment ₹1245 phonepe,1245,investment,upi,phonepe,,cue_row
eye checkup t367 debited from SLICE,367,healthcare,upi,phonepe,slice,english_natural
"BILL
PVR
₹20070
Gpay
Thank You Visit Again",20070,entertainment,upi,gpay,,ocr_receipt
Paytm Money se invest kr diya 655 rupaye ka UPI se pay kya,655,investment,upi,phonepe,,hinglish_natural
"gold 2367.60 Completed 25Feb 2026,2:07 am ICICI 4113 UPI transaction ID 0606821797646",2367.60,investment,upi,gpay,icici,ocr_upi
Personal loan installment INR 24926,24926,emi,upi,phonepe,,source_english
ghar jaate waqt stocks 146 rupaye card se,146,investment,card,,,hinglish_natural
Paid ₹41553 to Swiggy CRED UPI HDFC 8818 Done,41553,food,upi,cred,hdfc,ocr_upi
spent 1481 rupees on mall via Jupiter,1481,shopping,upi,jupiter,hdfc,voice_transcript
maine 24 rupaye SpiceJet ko diye card se,24,travel,card,,,voice_transcript
Payment of 305.88 to Nykaa was successful via BHIM UPI Ref No 053034658555 Punjab National Bank Account 2201,305.88,shopping,upi,bhim,pnb,ocr_upi
Used State Bank Google Pay to pay ₹2926.77 for Lenskart,2926.77,healthcare,upi,gpay,sbi,english_natural
mess R 8063.25 Phonepe,8063.25,food,upi,phonepe,bob,ocr_upi
"Ajio
Net Amount 2601
Paid via CARD",2601,shopping,card,,,ocr_receipt
"insurance premium
Net Amount 2426
Paid via paytm",2426,utilities,upi,paytm,,ocr_receipt
Angel One pe 487 ₹ ka stock lia debit card se Niyo se kata,487,investment,card,,niyo,hinglish_natural
books me 375 rs. ka admission kiya card se pay kia bc,375,education,card,,icici,hinglish_natural
kal 28312 rs. books lya books ko Slice se,28312,education,upi,slice,,hinglish_natural
uber ola cab ride airport train ticket Rs 252 card,252,travel,card,,,cue_row
Unacademy 2450 rupaiye Phonepe se,2450,education,upi,phonepe,,hinglish_natural
Lenskart ka medicine liya 436 rupees naqad,436,healthcare,cash,,kotak,hinglish_natural
Paid t3662.94 for college fees from my HDFC Bank account via cash,3662.94,education,cash,,hdfc,english_natural
office se aate hue BYJU'S 3407 rs jupiter se,3407,education,upi,jupiter,,hinglish_natural
NPS me 47852 rupaiye ka SIP bhara UPI se pay kiyaa,47852,investment,upi,slice,,hinglish_natural
Used PNB gpay to pay 547 for electronics store,547,shopping,upi,gpay,pnb,english_natural
Paid Rs2686.75 for Burger King via cash,2686.75,food,cash,,,english_natural
Paid Rs 1646 to Snapdeal phonepe UPI Federal Bank 9514 Completed,1646,shopping,upi,phonepe,federal bank,ocr_upi
maine 3206 rupaye HDFC loan ko diye card se,3206,emi,card,,,voice_transcript
"TAX INVOICE
Spotify
Grand Total: Rs.38147
Payment: CARD",38147,entertainment,card,,axis,ocr_receipt
Payment of ₹6383.52 to Uber was successful via paytm UPI Ref No 3647048704280 SBI Account 8579,6383.52,travel,upi,paytm,sbi,ocr_upi
372 ka Starbucks bill pay kiya cash se,372,food,cash,,,voice_transcript
rickshaw 875.75 debited from sbi,875.75,travel,card,,sbi,english_natural
bhai Cleartrip ka 444 rupaye card se de diya,444,travel,card,,slice,voice_transcript
spent 4489 rupees on education loan EMI via card,4489,emi,card,,,voice_transcript
"BILL
market
32982.02
CARD
Thank You Visit Again",32982.02,shopping,card,,,ocr_receipt
Myntra me 10326 rs. ka shopping kia UPI se,10326,shopping,upi,slice,,hinglish_natural
amazon flipkart myntra online shopping order INR 7647 paytm,7647,shopping,upi,paytm,,cue_row
TO:DIAGNOSTIC diagnostic.53730@icicibank From:PRIYASHARMA (ICICI SLICE : sender9855@okicicibank,1075.94,healthcare,upi,slice,icici,ocr_upi
aaj MedPlus pe 7971 rupaye kharcha hua card se,7971,healthcare,card,,,voice_transcript
"Nature's Basket
Net Amount 430
Paid via Jupiter",430,food,upi,jupiter,bob,ocr_receipt
Payment of Rs 2543 to diagnostic was successful via phonepe UPI Ref No 646831897125165 axis Account 3340,2543,healthcare,upi,phonepe,axis,ocr_upi
"water bill
Net Amount 282
Paid via Phone Pe",282,utilities,upi,phonepe,,ocr_receipt
office se aate hue FD me 494 ka mutual fund kr diya via NIYO,494,investment,upi,niyo,pnb,hinglish_natural
₹2745 paid to SpiceJet via cash from axis,2745,travel,cash,,axis,english_natural
"BILL
Apple Music
2127
SLICE
Thank You Visit Again",2127,entertainment,upi,slice,,ocr_receipt
TO:BOOKMYSHOW bookmyshow.79850@sbibank From:RAHULKUMAR (SBI PhonePe : user2911@oksbibank,40045,entertainment,upi,phonepe,sbi,ocr_upi
BYJU'S ka 24 rupees ka bill cash se pay kiya,24,education,cash,,,voice_transcript
dentist t492.58 debited from SBI,492.58,healthcare,upi,fi,sbi,english_natural
"BILL
Amazon Prime
₹1996
CARD
Thank You Visit Again",1996,entertainment,card,,icici,ocr_receipt
"Receipt #9248
Biryani Blues
Amount Paid: R 30708
Mode: CASH",30708,food,cash,,,ocr_receipt
Ola ka 46699 rupees ka bill card se pay kiya,46699,travel,card,,,voice_transcript
Bharat Petroleum pe 511 rs ka kiraya diyee card se,511,travel,card,,,hinglish_natural
sent ₹5952 to Ananya on card,5952,friends,card,,,friends_synthetic
319 rupaye broadband UPI se de diye,319,utilities,upi,cred,,hinglish_natural
office se aate hue Bharat Petroleum pe 473 rupaye ka ride lia debit card se,473,travel,card,,,hinglish_natural
"BILL
Spotify
Rs.130.32
CARD
Thank You Visit Again",130.32,entertainment,card,,,ocr_receipt
electricity water broadband mobile recharge bill Rs 1279 Phone Pe,1279,utilities,upi,phonepe,,cue_row
yaar mutual fund se SIP bharaa 3635 rs. ka jupiter se pay kia,3635,investment,upi,jupiter,jupiter,hinglish_natural
"Starbucks 4472 Completed 9Aug 2025,5:02 pm RBL Bank 9955 UPI transaction ID 936518756926920",4472,food,upi,jupiter,rbl,ocr_upi
2852 rupees Groww card se pay kia,2852,investment,card,,hdfc,hinglish_natural
electronics store ₹5638 Mastercard,5638,shopping,card,,bob,english_natural
mutual fund 432 PhonePe Payment done Canara Bank 3127,432,investment,upi,phonepe,canara,ocr_upi
"home loan EMI 44111 Completed 18Apr 2026,9:05 pm ICICI Bank 7130 UPI transaction ID 21407373087143",44111,emi,upi,slice,icici,ocr_upi
Payment of 2734 to dentist was successful via phonepe UPI Ref No 6032888948 State Bank Account 7204,2734,healthcare,upi,phonepe,sbi,ocr_upi
Yatra ka ride le liya 15515 rupaiye haath se die Axis Bank account se,15515,travel,cash,,axis,hinglish_natural
547.20 Angel One,547.20,investment,upi,paytm,sbi,english_natural
lunch dinner food order swiggy zomato restaurant meal Rs428 paytm,428,food,upi,paytm,,cue_row
"BILL
concert
₹437
CASH
Thank You Visit Again",437,entertainment,cash,,,ocr_receipt
1203 ₹ khana khayaa Subway ko via GPay,1203,food,upi,gpay,,hinglish_natural
sent money to bro R 4464 on cash,4464,friends,cash,,,friends_synthetic
4831 rupaye khana order kiyaa EatFit pe PhonePe pe,4831,food,upi,phonepe,,hinglish_natural
ACT Fibernet mein 1743 lag gaye GPay se bhara,1743,utilities,upi,gpay,jupiter,voice_transcript
6281 rs KFC Paytm pe,23907,food,upi,paytm,,source_hinglish
Udemy se fees bharaa 1600 rs ka cash die sasta tha,1600,education,cash,,hdfc,hinglish_natural
9527 to Shreya SLICE UPI,9527,friends,upi,slice,,friends_synthetic
i paid 23657 rupees for gold using card,23657,investment,card,,,voice_transcript
yaar 450 rupees RedBus haath se de diya,450,travel,cash,,hdfc,hinglish_natural
rent maintenance gas connection Rs 51 PayTM,51,utilities,upi,paytm,canara,cue_row
eye checkup se checkup karaya 340 rs. ka card se,340,healthcare,card,,slice,hinglish_natural
25200 ₹ Reliance Fresh Phone Pe pe,25200,food,upi,phonepe,,hinglish_natural
1053 rs. mutual fund kya ET Money pe UPI se pay kya,1053,investment,upi,paytm,,hinglish_natural
paid Vikram Rs 15248 via Paytm,15248,friends,upi,paytm,idfc,friends_synthetic
₹449 debited from your ICICI account for Practo (Phonepe UPI),449,healthcare,upi,phonepe,icici,ocr_upi
i paid 493 rupees for colleague using gpay,493,friends,upi,gpay,,voice_transcript
paid back friend lent money Rs.4287 G Pay,4287,friends,upi,gpay,,cue_row
"LENSKART RESTAURANT
Total 39965
Cash Received
Change 0.00",39965,shopping,upi,cred,,ocr_receipt
maine 217 rupaye Bewakoof ko diye card se,217,shopping,card,,,voice_transcript
Faasos 48.07 Union Bank,48.07,food,cash,,union bank,english_natural
home loan EMI 31860 rupay Slice pe bc,31860,emi,upi,slice,,hinglish_natural
breakfast snacks chai coffee Rs 2560 bhim,2560,food,upi,bhim,hdfc,cue_row
Paid ₹1028.68 for petrol pump from my State Bank account via credit card,1028.68,travel,card,,sbi,english_natural
Just paid R 344.24 to YouTube Premium through Gpay,344.24,entertainment,upi,gpay,,english_natural
Tata Play me 1121 rupees ka bill bhra CRED pe,1121,utilities,upi,cred,,hinglish_natural
Kuvera me 2143 rs ka SIP bharaa UPI se diye bohot mehenga,2143,investment,upi,cred,,hinglish_natural
bhai MakeMyTrip ka 3914 rupaye cash se de diya,3914,travel,cash,,,voice_transcript
UPI/65088140/TATA PLAY/BANK,4942.06,utilities,upi,paytm,,english_natural
rent maintenance gas connection 4240 cash,4240,utilities,cash,,,cue_row
"petrol pump 1085 Completed 26Dec 2026,10:15 pm PNB 9096 UPI transaction ID 0155226412465",1085,travel,upi,gpay,pnb,ocr_upi
284 rupaye stock lia SIP pe via phonepe,284,investment,upi,phonepe,sbi,hinglish_natural
PPF contribution INR 13598,13598,investment,card,,,source_english
"D TATAPLAY 2412 Completed 1Feb 2026,8:29 pm ICICI Bank Bank 3525 UPI transaction ID 140046408798173 TO:TATAPLAY tata play.66628@icici bankbank Soogletransaction lD XYZabc524521 OPI Phone Pe",2412,utilities,upi,phonepe,icici,ocr_upi
HDFC loan 317 card se,317,emi,card,,,hinglish_natural
KFC 2250 rs. haath se diy,2250,food,cash,,,hinglish_natural
electronics clothes shoes accessories purchase ₹3923 via NIYO,3923,shopping,upi,niyo,,cue_row
420 rupees mangwaya Chai Point ko debit card se NIYO account se,420,food,card,,niyo,hinglish_natural
"Receipt #1544
Practo
Amount Paid: t993
Mode: gpay",993,healthcare,upi,gpay,sbi,ocr_receipt
Online shopping payment INR 34818,34818,shopping,card,,,source_english
amazon flipkart myntra online shopping order INR 2134 card,2134,shopping,card,,,cue_row
friend ka dost ko diy 345 rupaiye Gpay se pay kya,345,friends,upi,gpay,sbi,hinglish_natural
Paid Groww 668 using jupiter,668,investment,upi,jupiter,,english_natural
144 rupaiye shopping kar diya Amazon ko PhonePe se,144,shopping,upi,phonepe,,hinglish_natural
EaseMyTrip pe 4694 rupaiye ka ride liya naqad SBI se,4694,travel,cash,,sbi,hinglish_natural
dopahar ko Behrouz ka mangwaya 172 rs. credit card se,172,food,card,,,hinglish_natural
amazon flipkart myntra online shopping order ₹37049 card,37049,shopping,card,,axis,cue_row
Bajaj Finance EMI 459 rupees card se pay kar diya hdfc se bohot mehenga,459,emi,card,,hdfc,hinglish_natural
Paid INR 334 for Biryani Blues via phonepe,334,food,upi,phonepe,icici,english_natural
t696.84 to mutual fund via credit card,696.84,investment,card,,,english_natural
office se aate hue 26 rupaye library UPI se,26,education,upi,phonepe,fi,hinglish_natural
Just paid INR 22546 to water bill through PhonePe,22546,utilities,upi,phonepe,niyo,english_natural
Spotify se movie dekhi 2031 rupaye ka UPI se pay kr diya,2031,entertainment,upi,gpay,,hinglish_natural
3377 ka home loan EMI bill pay kiya card se,3377,emi,card,,,voice_transcript
POS/SBI LOAN/VISA/7736,2389.31,emi,card,,sbi,english_natural
society maintenance ka 42 rupees ka bill GPay se pay kiya,42,utilities,upi,gpay,,voice_transcript
paid 35244 to Reliance Digital through Jupiter,35244,shopping,upi,jupiter,,voice_transcript
personal loan installment EMI deduction R 33640 card,33640,emi,card,,hdfc,cue_row
21319 payment kar diya BSNL pe via PayTM hdfc wale account se matlab,21319,utilities,upi,paytm,hdfc,hinglish_natural
281 ₹ Meesho card se pay kiya,281,shopping,card,,,hinglish_natural
Spent 179.66 on Ajio using debit card,179.66,shopping,card,,,english_natural
Paid t21476.49 for eye checkup from my Niyo account via Visa,21476.49,healthcare,card,,niyo,english_natural
1879 rs. doctor ko diy doctor ko bhim pe SBI wale account se,1879,healthcare,upi,bhim,sbi,hinglish_natural
Coin se paisa daala 43589 rs. ka via Jupiter,9709,investment,upi,jupiter,,source_hinglish
home loan car loan credit card EMI monthly Rs.3348 autopay card,3348,emi,card,,,cue_row
office se aate hue Ajio ka khareed lya 13826 rs UPI se diyee,13826,shopping,upi,gpay,jupiter,hinglish_natural
aaj 224 rupay Apollo Pharmacy card se yaar,224,healthcare,card,,,hinglish_natural
"D AMAZONPRIME 25673 Completed 6Mar 2026,9:49 pm Kotak Bank 7131 UPI transaction ID 91994951659919 TO:AMAZONPRIME amazon prime.46214@kotakbank Googletransaction lD XYZabc446452 OPI G Pay",25673,entertainment,upi,gpay,kotak,ocr_upi
NPS se stock le liya 2012 rupaiye ka slice pe,2012,investment,upi,slice,,hinglish_natural
dopahar ko upGrad 39225 rupay UPI se pay kia,39225,education,upi,gpay,,hinglish_natural
Just paid 203 to Jio recharge through Google Pay,203,utilities,upi,gpay,,english_natural
paid 530 to SBI loan through PhonePe,530,emi,upi,phonepe,,voice_transcript
Online course subscription INR 4229,4229,education,card,,,source_english
Paytm payment ₹1295 Pizza Hut ICICI 6005 completed,1295,food,upi,paytm,icici,ocr_upi
473 ₹ exam fee UPI se pay kiyaa,473,education,upi,gpay,,hinglish_natural
books 24965 rs. UPI se,24965,education,upi,paytm,,hinglish_natural
Air India ka kiraya diyee 3491 rupay credit card se Fi se kata,3491,travel,card,,fi,hinglish_natural
Amit ko 392 transfer kiya card se,392,friends,card,,,friends_synthetic
Bajaj Finance EMI ka EMI kat gayi 3685 rupay debit card se,3685,emi,card,,,hinglish_natural
227 rupay paise bheje Karan ko UPI se pay kr diya,227,friends,upi,jupiter,,hinglish_natural
Starbucks Rs.28670.24 credit card,28670.24,food,card,,union bank,english_natural
2522 rs Vi recharge UPI se pay kar diya,2522,utilities,upi,slice,,hinglish_natural
Hotstar me 2933 rupaye ka movie dekhi UPI se matlab,2933,entertainment,upi,jupiter,,hinglish_natural
colleague payment 2195 done via CRED,2195,friends,upi,cred,,english_natural
VEDANTU INR 4902 UNION BANK,4902,education,upi,phonepe,union bank,english_natural
TO:BOOKMYSHOW bookmyshow.60859@kotakbank From:AMITSINGH (Kotak Phonepe : user4679@okkotakbank,255,entertainment,upi,phonepe,kotak,ocr_upi
NEFT/TRANSFER/SBI LOAN/,324,emi,upi,paytm,,english_natural
yaar 430 debit card,430,friends,card,,,english_natural
paid 17608 to stationery through G Pay,17608,education,upi,gpay,,voice_transcript
electronics clothes shoes accessories purchase INR 58 via card,58,shopping,card,,,cue_row
Tata CLiQ se saman le liya 3864 rupaiye ka naqad Fi Money account se,3864,shopping,cash,,fi,hinglish_natural
184 bill bharaa ACT Fibernet ko credit card se,184,utilities,card,,hdfc,hinglish_natural
"CLINIC RESTAURANT
Total 4634
Cash Received
Change 0.00",4634,healthcare,card,,,ocr_receipt
488 rs. broadband debit card se,488,utilities,card,,jupiter,hinglish_natural
"D ROOMMATE 1695 Completed 22Apr 2026,10:25 pm Yes Bank Bank 4456 UPI transaction ID 2041558301 TO:ROOMMATE roommate.97871@yes bankbank Goog1etransaction lD CICAgJjg646312 OPI CRED",1695,friends,upi,cred,yes bank,ocr_upi
amazon flipkart myntra online shopping order ₹224 card,224,shopping,card,,,cue_row
"Hotstar BILL
St: Rs.1319.36
PayTM Approved",1319.36,entertainment,upi,paytm,,ocr_receipt
Spent Rs.2493.47 on INOX using Cred,2493.47,entertainment,upi,cred,slice,english_natural
school college tuition course books fees t45609 Phonepe,45609,education,upi,phonepe,,cue_row
raat ko Pooja ka transfer kar diya 26896 rupay G Pay se,26896,friends,upi,gpay,,hinglish_natural
PVR 159 rupees UPI se diyee,159,entertainment,upi,slice,,hinglish_natural
clinic payment Rs455.26 done via Paytm,455.26,healthcare,upi,paytm,,english_natural
hospital doctor pharmacy medicine diagnostic INR 63 card,63,healthcare,card,,,cue_row
sent money to dost Rs 84 on Phonepe,84,friends,upi,phonepe,,friends_synthetic
lab test 264 Bhim pe,264,healthcare,upi,bhim,icici,hinglish_natural
kal 1686 rs. khareed lia Amazon pe UPI se pay kar diya,1686,shopping,upi,niyo,,hinglish_natural
ghar jaate waqt society maintenance 4210 rupaye credit card se,4210,utilities,card,,,hinglish_natural
Paid Gaana INR 4093.05 using card from axis,4093.05,entertainment,card,,axis,english_natural
4444 rupaiye car loan EMI credit card se,6446,emi,card,,idfc,source_hinglish
spent 560 rupees on Angel One via GPay,560,investment,upi,gpay,,voice_transcript
bhai books ka 3654 rupaye cash se de diya,3654,education,cash,,federal bank,voice_transcript
Haldirams pe 3446 rupay ka food order kr diya UPI se die,3446,food,upi,jupiter,,hinglish_natural
2248 debited from your Federal Bank account for Pizza Hut (PhonePe UPI),2248,food,upi,phonepe,federal bank,ocr_upi
Rs 10975 debited from your HDFC Bank account for Reliance Digital (GPay UPI),10975,shopping,upi,gpay,hdfc,ocr_upi
electronics clothes shoes accessories purchase ?119 via PayTM,119,shopping,upi,paytm,,cue_row
"market BILL
St: 43
phonepe Approved",43,shopping,upi,phonepe,sbi,ocr_receipt
netflix spotify hotstar subscription movie show INR 255 card,255,entertainment,card,,,cue_row
Paid library Rs.653 using Phone Pe,653,education,upi,phonepe,,english_natural
Biryani Blues ka food order kr diya 216 rupees naqad,216,food,cash,,,hinglish_natural
"TAX INVOICE
Gaana
Grand Total: ₹3504
Payment: CARD",3504,entertainment,card,,,ocr_receipt
G Pay payment R 475 home loan EMI icici 4292 completed,475,emi,upi,gpay,icici,ocr_upi
17471 ₹ IRCTC UPI se de diya,17471,travel,upi,slice,,hinglish_natural
raat ko HP Petrol pe 380 ₹ ka ride lya cash me,380,travel,cash,,,hinglish_natural
office se aate hue Tata Play se recharge kiya 153 rupaiye ka Gpay se pay kiyaa,14107,utilities,upi,gpay,,source_hinglish
exam fee se admission kiyaa 4476 ₹ ka Cred se,4476,education,upi,cred,,hinglish_natural
paid Rahul Rs.1775 via GPay,1775,friends,upi,gpay,,friends_synthetic
YouTube Premium INR 287.84 debited from Fi Money,287.84,entertainment,cash,,fi,english_natural
car loan EMI 453.64 Slice Payment done IDFC 9444,453.64,emi,upi,slice,idfc,ocr_upi
BAJAJ FINANCE EMI INR 23535,23535,emi,card,,,english_natural
Concert ticket INR 41437,41437,entertainment,upi,niyo,,source_english
₹2433 charged for Shreya on cash,2433,friends,cash,,,english_natural
NEFT/TRANSFER/GAS BILL/JUPITER,47818.65,utilities,upi,phonepe,jupiter,english_natural
electronics clothes shoes accessories purchase Rs 237 via card,237,shopping,card,,,cue_row
college fees 2882 PayTM Successful sbi 1292,2882,education,upi,paytm,sbi,ocr_upi
cred payment Rs 32953.04 Arjun State Bank 1670 successful,32953.04,friends,upi,cred,sbi,ocr_upi
ghar jaate waqt 1165 rupay personal loan EMI UPI se diye,1165,emi,upi,cred,hdfc,hinglish_natural
"Pizza Hut
Net Amount 3651.11
Paid via CARD",3651.11,food,card,,hdfc,ocr_receipt
Unacademy pe 28620 ka fees bharra credit card se,28620,education,card,,,hinglish_natural
bhai Netmeds ka 28550 rupaye paytm se de diya,28550,healthcare,upi,paytm,,voice_transcript
Spent ₹2084.41 on Zomato using GPay,2084.41,food,upi,gpay,hdfc,english_natural
"RENT RESTAURANT
Total 2962.71
Cash Received
Change 0.00",2962.71,utilities,cash,,hdfc,ocr_receipt
aaj Meesho pe 20277 rupaye kharcha hua Gpay se,20277,shopping,upi,gpay,sbi,voice_transcript
raat ko Nature's Basket ka food order kr diya 2430 rs. PayTM pe,7932,food,upi,paytm,,source_hinglish
maine 804 rupaye PharmEasy ko diye Cred se,804,healthcare,upi,cred,sbi,voice_transcript
amazon flipkart myntra online shopping order ₹344 card,344,shopping,card,,,cue_row
office se aate hue 1367 rupay Goibibo card se pay kia bhai,1367,travel,card,,sbi,hinglish_natural
maine 5941 rupaye eye checkup ko diye Niyo se,5941,healthcare,upi,niyo,,voice_transcript
FRIEND INR 21219 INDUSIND BANK,21219,friends,cash,,indusind,english_natural
2546 rupaye school fees haath se diye,2546,education,cash,,sbi,hinglish_natural
Online course subscription INR 2436,2436,education,upi,niyo,hdfc,source_english
i did 2442 expense on Angel One using card,2442,investment,card,,,voice_transcript
24213 rs. Zara card se,24213,shopping,card,,,hinglish_natural
18498 to Pooja GPay UPI,18498,friends,upi,gpay,,friends_synthetic
Just paid Rs 1768.12 to Paytm Money through gpay,1768.12,investment,upi,gpay,,english_natural
bike loan EMI se installment diy 2715 rupay ka card se pay kya IndusInd se matlab,2715,emi,card,,indusind,hinglish_natural
credit card EMI se installment diyee 236 rupees ka card se,236,emi,card,,,hinglish_natural
today i spent 31222 on electricity bill via Paytm from my IDFC First bank,31222,utilities,upi,paytm,idfc,voice_transcript
credit card EMI pe 45657 ₹ ka loan payment kia UPI se diye,45657,emi,upi,gpay,,hinglish_natural
dinner split 1013 rupaye Divya cred,1013,friends,upi,cred,,friends_synthetic
exam fee pe 1293 ₹ ka tuition de diya PayTM pe,1293,education,upi,paytm,icici,hinglish_natural
311 rs. coaching via Phone Pe,311,education,upi,phonepe,,hinglish_natural
Paytm Money 3215.53 gpay,3215.53,investment,upi,gpay,,english_natural
bhai Karan ko udhar return kiya 542 rs Phonepe se,542,friends,upi,phonepe,,friends_synthetic
"TATA CLIQ RESTAURANT
Total 1181
Cash Received
Change 0.00",1181,shopping,upi,paytm,hdfc,ocr_receipt
yaar 331 rupaiye Croma cash me,331,shopping,cash,,fi,hinglish_natural
176 ₹ mutual fund kiyaa Groww pe credit card se,176,investment,card,,,hinglish_natural
Gas bill payment INR 9725,9725,utilities,upi,cred,,source_english
bhai Swiggy ka 2046 rupaye Phonepe se de diya,2046,food,upi,phonepe,,voice_transcript
office se aate hue 1098 Karan UPI se diye,1098,friends,upi,gpay,jupiter,hinglish_natural
Spent R 24820 on Groww using gpay,24820,investment,upi,gpay,pnb,english_natural
gaming concert event ticket Rs.1491 Fi Money,1491,entertainment,upi,fi,,cue_row
4702 rupay invest kiyaa FD pe Gpay se bhai,4702,investment,upi,gpay,,hinglish_natural
Zee5 ka show dekha 363 rs PayTM se,5,entertainment,upi,paytm,,hinglish_natural
i did 370 expense on IRCTC using cash,370,travel,cash,,,voice_transcript
exam fee 28 Visa,28,education,card,,pnb,english_natural
dost 449 rupaye UPI se,449,friends,upi,bhim,hdfc,hinglish_natural
363 rupees Amit Gpay,363,friends,upi,gpay,,voice_transcript
flight booking travel ticket Rs.6175 card,6175,travel,card,,,cue_row
dinner split 1343 rupaye roommate cash,1343,friends,cash,,,friends_synthetic
Spent ₹1977 on Apollo Pharmacy using cash,1977,healthcare,cash,,,english_natural
Payment of INR 3102 to Flipkart was successful via BHIM UPI Ref No 8539806792481 icici Account 7709,3102,shopping,upi,bhim,icici,ocr_upi
Priya ko 1650 transfer kiya G Pay se,1650,friends,upi,gpay,hdfc,friends_synthetic
maine 10180 rupaye PharmEasy ko diye niyo se,10180,healthcare,upi,niyo,,voice_transcript
bhai Chai Point ka 4249 rupaye Phone Pe se de diya,4249,food,upi,phonepe,icici,voice_transcript
Vi recharge 232 Google Pay,232,utilities,upi,gpay,,english_natural
Rs.226.50 to Karan via SLICE,226.50,friends,upi,slice,,english_natural
home loan EMI 452.29 Punjab National Bank,452.29,emi,card,,pnb,english_natural
amazon flipkart myntra online shopping order R 28239 GPay,28239,shopping,upi,gpay,,cue_row
maine 3173 rupaye rent ko diye NIYO se,3173,utilities,upi,niyo,,voice_transcript
electronics clothes shoes accessories purchase 3191 via Google Pay,3191,shopping,upi,gpay,,cue_row
"D BARBEQUENATION 31793 Completed 17Apr 2026,9:53 pm hdfc Bank 7968 UPI transaction ID 1920228540402 TO:BARBEQUENATION barbeque nation.62869@hdfcbank Soogletransaction lD XYZabc845015 OPI Phone Pe",31793,food,upi,phonepe,hdfc,ocr_upi
2853 ₹ dost ko diye Amit ko cash diyee,2853,friends,cash,,,hinglish_natural
49531 rupees college fees Google Pay idfc account,49531,education,upi,gpay,idfc,voice_transcript
134 rupees credit card EMI card kotak account,134,emi,card,,kotak,voice_transcript
PPF contribution INR 39818,39818,investment,upi,cred,,source_english
paid 205 to Croma through jupiter from SBI,205,shopping,upi,jupiter,sbi,voice_transcript
library me 38 rupees ka fees bhara cash diy,38,education,cash,,sbi,hinglish_natural
Fixed deposit investment INR 41591,41591,investment,upi,paytm,,source_english
UPI/14357423/WATER BILL/SBI,598,utilities,cash,,sbi,english_natural
Nykaa 445,445,shopping,card,,,english_natural
home loan car loan credit card EMI monthly Rs 378 autopay card,378,emi,card,,sbi,cue_row
Used NIYO phonepe to pay INR 4048.71 for crypto,4048.71,investment,upi,phonepe,niyo,english_natural
College fees payment INR 21924,21924,education,upi,cred,,source_english
Hotstar 3470 rs. via bhim ICICI account se,3470,entertainment,upi,bhim,icici,hinglish_natural
TO:BYJU'S byju's.19704@sbibank From:PRIYASHARMA (SBI GPay : sender9090@oksbibank,3760.02,education,upi,gpay,sbi,ocr_upi
today i spent 250 on friend via cred,250,friends,upi,cred,,voice_transcript
Bewakoof Rs 530.33 debited from IDFC First,530.33,shopping,card,,idfc,english_natural
FreshMenu 41200,41200,food,upi,gpay,niyo,english_natural
Phonepe payment Rs 46042 Pizza Hut icici 2126 done,46042,food,upi,phonepe,icici,ocr_upi
concert payment ₹140 done via debit card,140,entertainment,card,,slice,english_natural
medical checkup lab test health insurance ₹1425 Paytm,1425,healthcare,upi,paytm,,cue_row
42342 Rahul cash de diya,42342,friends,cash,,,hinglish_natural
G Pay payment Rs.299 clinic PNB 1024 completed,299,healthcare,upi,gpay,pnb,ocr_upi
aaj 3599 rupaye mangwaya DMart pe fi pe,3599,food,upi,fi,,hinglish_natural
Gaana 2236 Paytm,2236,entertainment,upi,paytm,,english_natural
Box8 ka kha liya 567 ₹ haath se diyee,8,food,cash,,,hinglish_natural
office se aate hue Amazon 1311 rs. via paytm,1311,shopping,upi,paytm,bob,hinglish_natural
SpiceJet payment R 4934 done via card,4934,travel,card,,sbi,english_natural
office se aate hue Yatra 4809 rupees UPI se pay kia,4809,travel,upi,gpay,,hinglish_natural
Rs 212.01 charged for Goibibo on cash,212.01,travel,cash,,,english_natural
maine 42145 rupaye Reliance Fresh ko diye cash se,42145,food,cash,,,voice_transcript
Used hdfc Mastercard to pay 2635.25 for tuition,2635.25,education,card,,hdfc,english_natural
abhi BSNL 2508 rupay card se,2508,utilities,card,,,hinglish_natural
Angel One 4406 rupaye phonepe pe,4406,investment,upi,phonepe,,hinglish_natural
aaj Udemy ka admission kiyaa 1750 rupaiye debit card se Fi card se,1750,education,card,,fi,hinglish_natural
paid 39682 to Tata CLiQ through Slice from ICICI Bank,39682,shopping,upi,slice,icici,voice_transcript
"BILL
Apollo Pharmacy
₹3750.04
CRED
Thank You Visit Again",3750.04,healthcare,upi,cred,,ocr_receipt
₹6605 charged for electronics store on card,6605,shopping,card,,sbi,english_natural
Paid clinic t437 using Mastercard from icici,437,healthcare,card,,icici,english_natural
Barbeque Nation se khana order kar diya 337 ka via Google Pay,337,food,upi,gpay,pnb,hinglish_natural
sent money to friend Rs 217 on cred,217,friends,upi,cred,hdfc,friends_synthetic
"D DOMINOS 855.04 Completed 12Jan 2026,4:24 pm SBI Bank 3268 UPI transaction ID 40541652370087 TO:DOMINOS dominos.75294@sbibank Googletransaction lD XYZabc900322 OPI GPay",855.04,food,upi,gpay,sbi,ocr_upi
maine 1767 rupaye diagnostic ko diye card se,1767,healthcare,card,,hdfc,voice_transcript
₹4759 paid to rent via Gpay UPI from ICICI Bank Bank ending 3708,4759,utilities,upi,gpay,icici,ocr_upi
aaj Jio recharge se bill bhra 267 rs. ka UPI se pay kiya,267,utilities,upi,paytm,,hinglish_natural
electronics clothes shoes accessories purchase Rs 360 via Gpay,360,shopping,upi,gpay,,cue_row
today i spent 2242 on Nykaa via card,2242,shopping,card,,,voice_transcript
Tata Play 614 HDFC,614,utilities,upi,gpay,hdfc,english_natural
sent 8458 to Shreya on Jupiter,8458,friends,upi,jupiter,,friends_synthetic
kal Subway se food order kr diya 41113 rupaye ka UPI se pay kr diya sbi se bc,41113,food,upi,jupiter,sbi,hinglish_natural
4676 rupees Netmeds naqad,4676,healthcare,cash,,slice,hinglish_natural
paid Arjun 412 via cash,412,friends,cash,,,friends_synthetic
"BILL
FirstCry
t2063
gpay
Thank You Visit Again",2063,shopping,upi,gpay,hdfc,ocr_receipt
school fees ka course lia 3548 rupaiye Paytm pe,26476,education,upi,paytm,,source_hinglish
water bill pe 1461 ka bill bhar diya gpay pe kotak se kata,1461,utilities,upi,gpay,kotak,hinglish_natural
1566 Phone Pe Zepto,1566,food,upi,phonepe,,english_natural
2950 rs. bill bhar diya rent ko cash diy,2950,utilities,cash,,,hinglish_natural
Paid Ananya 28011 using niyo from jupiter,28011,friends,upi,niyo,jupiter,english_natural
Rs 1774 charged for ACT Fibernet on paytm,1774,utilities,upi,paytm,,english_natural
TO:SUBWAY subway.74382@axisbankbank From:RAHULKUMAR (Axis Bank paytm : sender6296@okaxisbankbank,289.92,food,upi,paytm,axis,ocr_upi
1917 rupaiye paisa daala crypto pe debit card se,1917,investment,card,,,hinglish_natural
Paid Rs.383 to hospital Gpay UPI Axis Bank 1618 Completed,383,healthcare,upi,gpay,axis,ocr_upi
bhai Priya ko udhar return kiya 2111 rs PayTM se,2111,friends,upi,paytm,,friends_synthetic
bhai Subway ka 3697 rupaye card se de diya,3697,food,card,,,voice_transcript
rent maintenance gas connection 45780 fi,45780,utilities,upi,fi,,cue_row
1177 rupees admission kr diya college fees ko debit card se,1177,education,card,,,hinglish_natural
Movie ticket booking INR 16172,16172,entertainment,upi,niyo,bandhan,source_english
today i spent 2645 on mobile recharge via BHIM,2645,utilities,upi,bhim,,voice_transcript
Rs.2365 paid to Udemy via cash from hdfc,2365,education,cash,,hdfc,english_natural
books pe 121 rupay ka tuition diy card se pay kia,121,education,card,,,hinglish_natural
hospital doctor pharmacy medicine diagnostic t4097 G Pay,4097,healthcare,upi,gpay,,cue_row
Tata Play ₹3863 Gpay,3863,utilities,upi,gpay,sbi,ocr_upi
maine 377 rupaye BookMyShow ko diye card se,377,entertainment,card,,,voice_transcript
103 Gaana card se,103,entertainment,card,,,hinglish_natural
?1146.40 paid to 1mg via Niyo UPI from kotak Bank ending 4449,1146.40,healthcare,upi,niyo,kotak,ocr_upi
Paid ₹22462.07 for Swiggy via bhim,22462.07,food,upi,bhim,kotak,english_natural
bhai mein 16135 lag gaye PayTM se bhara,16135,friends,upi,paytm,,voice_transcript
dopahar ko Kuvera se SIP bhra 492 rupees ka UPI se diy Jupiter se kata,492,investment,upi,fi,jupiter,hinglish_natural
"Amazon Prime
Net Amount 169
Paid via CARD",169,entertainment,card,,icici,ocr_receipt
paid flatmate Rs 2477 via Google Pay,2477,friends,upi,gpay,axis,friends_synthetic
dost Rohan ko 4292 rupaye Bhim se bheje,4292,friends,upi,bhim,sbi,friends_synthetic
aaj Amazon Prime pe 428 rupaye kharcha hua card se,428,entertainment,card,,,voice_transcript
Bhim payment ₹245 BSNL Kotak Mahindra 1435 successful,245,utilities,upi,bhim,kotak,ocr_upi
bhai 3231 rs. fees bhara school fees pe credit card se Jupiter card se,3231,education,card,,jupiter,hinglish_natural
bike loan EMI se EMI bhar diya 131 rupaye ka card se,34820,emi,card,,,source_hinglish
49454 ka Rahul bill pay kiya card se,49454,friends,card,,,voice_transcript
office se aate hue 167 rs books liyaa Vedantu ko card se,167,education,card,,,hinglish_natural
4249.88 credit card EMI,4249.88,emi,card,,niyo,english_natural
spent 3611 rupees on HDFC loan via card,3611,emi,card,,,voice_transcript
today i spent 140 on Apple Music via card,140,entertainment,card,,,voice_transcript
4146 rupaiye EaseMyTrip card se,4146,travel,card,,,hinglish_natural
abhi PharmEasy me 44097 rupay ka doctor ko de diye credit card se,44097,healthcare,card,,,hinglish_natural
paid 9468 to Shreya through bhim,9468,friends,upi,bhim,,voice_transcript
"BSNL
Item 1 Rs 330
Item 2 INR 62
Total ₹293.31
Phone Pe",293.31,utilities,upi,phonepe,,ocr_receipt
7851 rupaye food order kiya food court pe UPI se pay kiyaa,3891,food,upi,cred,,source_hinglish
134 rupay payment kiya gas bill pe card se pay kiyaa,134,utilities,card,,,hinglish_natural
"BILL
Reliance Digital
Rs.5067
CASH
Thank You Visit Again",5067,shopping,cash,,kotak,ocr_receipt
"Receipt #5983
Vi recharge
Amount Paid: Rs.871.99
Mode: BHIM",871.99,utilities,upi,bhim,,ocr_receipt
spent 198 rupees on bhai via Bhim,198,friends,upi,bhim,sbi,voice_transcript
t5920.74 paid to Dunkin via credit card from HDFC Bank,5920.74,food,card,,hdfc,english_natural
PharmEasy 910 credit card,910,healthcare,card,,,english_natural
bhai JioMart ka mangwaya 158 rs UPI se die,158,food,upi,phonepe,,hinglish_natural
Stock purchase INR 863,863,investment,upi,gpay,,source_english
lab test 45878 debited from Fi,45878,healthcare,cash,,fi,english_natural
"DishTV BILL
St: Rs44795
CARD APPROVED",44795,utilities,card,,,ocr_receipt
TO:WATERBILL waterbill.73403@yesbankbank From:UTSAVJANA (Yes Bank Cred : user2911@okyesbankbank,35322,utilities,upi,cred,yes bank,ocr_upi
yaar credit card EMI ka EMI kat gayi 92 rupees card se sbi card se,22440,emi,card,,sbi,source_hinglish
ghar jaate waqt books se admission kiyaa 410 rupees ka credit card se,410,education,card,,hdfc,hinglish_natural
i paid 335 rupees for Indian Oil using card,335,travel,card,,sbi,voice_transcript
paid 3295 to PharmEasy through phonepe from sbi,3295,healthcare,upi,phonepe,sbi,voice_transcript
Rs 42479.87 paid to BSNL via paytm UPI from idfc Bank ending 7408,42479.87,utilities,upi,paytm,idfc,ocr_upi
bhai 4095 rupees clinic UPI se budget tod diya,4095,healthcare,upi,phonepe,,hinglish_natural
₹3918.47 debited from your Union Bank account for gas bill (PayTM UPI),3918.47,utilities,upi,paytm,union bank,ocr_upi
SIP ka SIP bhar diya 34342 ₹ credit card se yaar,34342,investment,card,,,hinglish_natural
dopahar ko 364 ₹ Myntra credit card se,364,shopping,card,,slice,hinglish_natural
lab test 2624.76 slice Successful Kotak 5558,2624.76,healthcare,upi,slice,kotak,ocr_upi
2914.38 to FreshMenu via Slice,2914.38,food,upi,slice,,english_natural
dost 3451 Gpay Payment done SBI 5581,3451,friends,upi,gpay,sbi,ocr_upi
yaar 971 rupees kha liya Dunkin pe debit card se Fi account se,971,food,card,,fi,hinglish_natural
abhi 4226 rupaye SIP bhar diya SIP pe UPI se de diya,4226,investment,upi,gpay,federal bank,hinglish_natural
mutual fund Rs.2746.92 Phonepe,2746.92,investment,upi,phonepe,sbi,ocr_upi
Rs 23544 debited from your Punjab National Bank account for mall (Gpay UPI),23544,shopping,upi,gpay,pnb,ocr_upi
personal loan installment EMI deduction Rs.80 card,80,emi,card,,,cue_row
Bajaj Finance EMI me 164 rupaiye ka loan payment kiya credit card se,164,emi,card,,,hinglish_natural
i did 2002 expense on home loan EMI using card,2002,emi,card,,slice,voice_transcript
Google Pay payment ₹32710 MedPlus Indusind Bank 4920 successful,32710,healthcare,upi,gpay,indusind,ocr_upi
INR 43715 charged for dhaba on Google Pay,43715,food,upi,gpay,,english_natural
aaj 380 rupees stocks card se,380,investment,card,,sbi,hinglish_natural
flight booking travel ticket Rs.12419 card,12419,travel,card,,,cue_row
dopahar ko restaurant se khana order kar diya 39649 ka UPI se pay kya,39649,food,upi,gpay,,hinglish_natural
Croma 15048 GPay Payment done SBI 1003,15048,shopping,upi,gpay,sbi,ocr_upi
Spent 3628 on education loan EMI using Mastercard,3628,emi,card,,,english_natural
library 7038 rs. debit card se matlab,7038,education,card,,,hinglish_natural
colleague ko 8442 transfer kiya jupiter se,8442,friends,upi,jupiter,,friends_synthetic
grocery vegetables milk bread fruits ₹3839 paid G Pay,3839,food,upi,gpay,,cue_row
Bought market for ₹333 with Fi,333,shopping,upi,fi,,english_natural
Used Fi Money Mastercard to pay R 3764 for Spotify,3764,entertainment,card,,fi,english_natural
aaj Bharat Petroleum se kiraya diyee 4421 rupaye ka card se,4421,travel,card,,,hinglish_natural
"MOBILE RECHARGE RESTAURANT
Total 447
Cash Received
Change 0.00",447,utilities,upi,bhim,,ocr_receipt
i paid 103 rupees for SpiceJet using slice,103,travel,upi,slice,,voice_transcript
bhai home loan EMI 33387 rupees credit card se,33387,emi,card,,,hinglish_natural
aaj Coursera 27 rs. card se pay kr diya,27,education,card,,,hinglish_natural
i did 4150 expense on mobile recharge using card,4150,utilities,card,,hdfc,voice_transcript
2781 rupaye IRCTC cash die bohot mehenga,2781,travel,cash,,kotak,hinglish_natural
medical checkup lab test health insurance 5788 PhonePe,5788,healthcare,upi,phonepe,,cue_row
Spent ₹3336.91 on Vi recharge using cash,3336.91,utilities,cash,,,english_natural
lab test ka doctor ko diye 4203 Niyo se pay kr diya,4203,healthcare,upi,niyo,,hinglish_natural
hospital ka medicine lia 485 ₹ card se pay kia,485,healthcare,card,,,hinglish_natural
Zee5 payment Rs.308 done via Mastercard,308,entertainment,card,,,english_natural
Netflix 42727 rupaiye cash me Kotak Mahindra se,42727,entertainment,cash,,kotak,hinglish_natural
bhai Coin 37636 rs credit card se,37636,investment,card,,sbi,hinglish_natural
spent 137 rupees on auto via card,137,travel,card,,slice,voice_transcript
ghar jaate waqt 518 rs Reliance Digital card se pay kar diya,518,shopping,card,,,hinglish_natural
GOLD INR 3649,3649,investment,card,,,english_natural
4914 rupees Rohan Phonepe,4914,friends,upi,phonepe,,voice_transcript
127 rupaye admission kar diya tuition pe Cred se sasta tha,20625,education,upi,cred,,source_hinglish
Spent Rs.58.54 on Bajaj Finance EMI using credit card,58.54,emi,card,,,english_natural
Coin 14589 Bhim Completed State Bank 6907,14589,investment,upi,bhim,sbi,ocr_upi
"Receipt #7779
Apollo Pharmacy
Amount Paid: Rs.4634
Mode: CARD",4634,healthcare,card,,,ocr_receipt
Rohan mein 2187 lag gaye PhonePe se bhara,2187,friends,upi,phonepe,,voice_transcript
Google Pay payment ?4919.75 Air India HDFC Bank 3975 successful,4919.75,travel,upi,gpay,hdfc,ocr_upi
bhai 90 rs Bajaj Finance EMI card se,90,emi,card,,hdfc,hinglish_natural
432 rupees Gaana via Google Pay,432,entertainment,upi,gpay,,hinglish_natural
ghar jaate waqt 171 ₹ subscription renew kiya YouTube Premium ko PhonePe pe,171,entertainment,upi,phonepe,slice,hinglish_natural
Car loan EMI INR 38420,38420,emi,upi,gpay,hdfc,source_english
office se aate hue canteen se khana kha liya 134 rupees ka credit card se yaar,134,food,card,,,hinglish_natural
"Receipt #5806
DishTV
Amount Paid: Rs.3800.38
Mode: CASH",3800.38,utilities,cash,,,ocr_receipt
paid Amit 2174 via gpay,2174,friends,upi,gpay,,friends_synthetic
"Receipt #6699
ACT Fibernet
Amount Paid: ₹28107.84
Mode: bhim",28107.84,utilities,upi,bhim,hdfc,ocr_receipt
office se aate hue society maintenance 34303 rupaye UPI se,34303,utilities,upi,paytm,,hinglish_natural
uber ola cab ride airport train ticket 51 cash,51,travel,cash,,,cue_row
Kuvera ka SIP bharaa 195 rupay credit card se,195,investment,card,,,hinglish_natural
291 ₹ car loan EMI card se,291,emi,card,,,hinglish_natural
360 Practo,360,healthcare,upi,bhim,,english_natural
4870 to auto via Paytm,4870,travel,upi,paytm,,english_natural
electricity bill 205 rupay UPI se diye HDFC Bank account se,205,utilities,upi,bhim,hdfc,hinglish_natural
Behrouz 270 rs via phonepe bohot mehenga,270,food,upi,phonepe,,hinglish_natural
paid 310 to PharmEasy through GPay,310,healthcare,upi,gpay,,voice_transcript
SBI loan 227 rupaiye credit card se,227,emi,card,,,hinglish_natural
"TAX INVOICE
Netmeds
Grand Total: Rs 2306
Payment: paytm",2306,healthcare,upi,paytm,,ocr_receipt
college fees se fees bharra 2149 rupaye ka debit card se,2149,education,card,,,hinglish_natural
paid back friend lent money Rs 4658 card,4658,friends,card,,,cue_row
Groww mein 193 lag gaye G Pay se bhara,193,investment,upi,gpay,,voice_transcript
Paid HDFC loan Rs.21172 using Mastercard,21172,emi,card,,,english_natural
"Barbeque Nation 43071.43 Completed 22May 2026,7:16 pm ICICI 5214 UPI transaction ID 89892284014",43071.43,food,upi,gpay,icici,ocr_upi
Pooja ko 207 transfer kiya cash se,207,friends,cash,,,friends_synthetic
education loan EMI pe 3118 rupay ka installment de diye card se,3118,emi,card,,,hinglish_natural
Coursera se admission kiya 30484 rupay ka UPI se,14408,education,upi,gpay,,source_hinglish
"GAMING
Item 1 Rs.402
Item 2 ₹168
Total ₹1795
CARD",1795,entertainment,card,,,ocr_receipt
home loan EMI 669 Google Pay pe,669,emi,upi,gpay,,hinglish_natural
68 rupaye ticket book kya HP Petrol pe debit card se,68,travel,card,,,hinglish_natural
abhi 3776 rs. loan payment kia Bajaj Finance EMI ko card se pay kia,3776,emi,card,,niyo,hinglish_natural
Reliance Digital ka saman liyaa 37473 ₹ card se,37473,shopping,card,,,hinglish_natural
college fees se course liya 1848 rupees ka UPI se,1848,education,upi,phonepe,,hinglish_natural
gaming concert event ticket ?410 card,410,entertainment,card,,,cue_row
557 rupaiye fees bhra Udemy pe GPay pe jupiter se kata bhai,557,education,upi,gpay,jupiter,hinglish_natural
GPay payment Rs.29727.84 insurance premium axis 4100 successful,29727.84,utilities,upi,gpay,axis,ocr_upi
"VI RECHARGE RESTAURANT
Total 18307
Cash Received
Change 0.00",18307,utilities,upi,gpay,sbi,ocr_receipt
Ola 1059,1059,travel,upi,paytm,,english_natural
Bus ticket INR 45055,45055,travel,upi,gpay,,source_english
470.38 paid to BYJU'S via phonepe from ICICI,470.38,education,upi,phonepe,icici,english_natural
Zerodha ka stock liyaa 115 ₹ via Jupiter,115,investment,upi,jupiter,,hinglish_natural
i paid 19952 rupees for school fees using card,19952,education,card,,,voice_transcript
i paid 200 rupees for DMart using SLICE,200,food,upi,slice,hdfc,voice_transcript
Spent ₹961.67 on Behrouz using Phonepe,961.67,food,upi,phonepe,,english_natural
mutual fund SIP stocks PPF FD investment 2849 Google Pay,2849,investment,upi,gpay,,cue_row
1698 rupees INOX card,1698,entertainment,card,,,voice_transcript
Just paid ₹4796 to stationery through Fi,4796,education,upi,fi,,english_natural
"D BOOKMYSHOW 145 Completed 9Mar 2026,3:03 pm HDFC Bank 6179 UPI transaction ID 41844462042457 TO:BOOKMYSHOW bookmyshow.93269@hdfcbank Goog1etransaction lD XYZabc731392 OPI Phone Pe",145,entertainment,upi,phonepe,hdfc,ocr_upi
rickshaw se petrol bharra 28178 rupay ka naqad budget tod diya,28178,travel,cash,,,hinglish_natural
i paid 247 rupees for Apple Music using Phone Pe,247,entertainment,upi,phonepe,,voice_transcript
maine 2727 rupaye Spotify ko diye Phonepe se,2727,entertainment,upi,phonepe,,voice_transcript
library 49692,49692,education,upi,phonepe,,english_natural
paid 1374 to college fees through bhim,1374,education,upi,bhim,,voice_transcript
PVR se ticket liyaa 378 ₹ ka UPI se,378,entertainment,upi,phonepe,,hinglish_natural
office se aate hue Arjun 2708 rupaiye UPI se Fi se kata,2708,friends,upi,fi,fi,hinglish_natural
Paid 25893 for EaseMyTrip via credit card,25893,travel,card,,,english_natural
Bought Paytm Money for 46523 with card,46523,investment,card,,yes bank,english_natural
244 to Kuvera via debit card,244,investment,card,,,english_natural
bhai Shreya ko udhar return kiya 243 rs cash se,243,friends,cash,,,friends_synthetic
R 2851.59 paid to BSNL via G Pay UPI from State Bank Bank ending 8809,2851.59,utilities,upi,gpay,sbi,ocr_upi
eye checkup me 783 ka checkup karaya cash me bohot mehenga,23938,healthcare,cash,,,source_hinglish
Zerodha ka paisa daala 2025 card se pay kya zyada ho gaya,2025,investment,card,,,hinglish_natural
subah friend ka dost ko de diye 4366 rupees UPI se diy,4366,friends,upi,cred,hdfc,hinglish_natural
yaar me 468 rupees ka paise bheje Phone Pe pe zyada ho gaya,468,friends,upi,phonepe,,hinglish_natural
abhi 260 rs. subscription renew kr diya Zee5 ko UPI se achha deal mila,260,entertainment,upi,slice,,hinglish_natural
today i spent 4803 on Behrouz via PayTM,4803,food,upi,paytm,,voice_transcript
lunch dinner food order swiggy zomato restaurant meal INR 322 card,322,food,card,,,cue_row
Tata Play ka bill pay kar diya 2007 ₹ paytm pe Axis Bank wale account se,2007,utilities,upi,paytm,axis,hinglish_natural
bhai college fees ka 16084 rupaye cash se de diya,16084,education,cash,,,voice_transcript
electricity water broadband mobile recharge bill Rs.7126 cred,7126,utilities,upi,cred,,cue_row
"mobile recharge BILL
St: 4395
CARD Approved",4395,utilities,card,,hdfc,ocr_receipt
dopahar ko 7079 rupaiye Tata Play UPI se,7079,utilities,upi,paytm,,hinglish_natural
FOOD COURT INR 12639,12639,food,cash,,,english_natural
mall ka 301 rupees ka bill slice se pay kiya,301,shopping,upi,slice,,voice_transcript
maine 4706 rupaye Faasos ko diye GPay se,4706,food,upi,gpay,,voice_transcript
aaj 367 rupaiye Zomato cash de diye bohot mehenga,367,food,cash,,,hinglish_natural
lunch dinner food order swiggy zomato restaurant meal ₹38781 cash,38781,food,cash,,hdfc,cue_row
bhai Airtel recharge ka 37519 rupaye card se de diya,37519,utilities,card,,sbi,voice_transcript
Online course subscription INR 46137,46137,education,card,,hdfc,source_english
Rohan 11477 rupaiye UPI se pay kia,11477,friends,upi,jupiter,slice,hinglish_natural
NEFT/TRANSFER/DENTIST/,312,healthcare,cash,,,english_natural
4187 ₹ SIP credit card se,4187,investment,card,,,hinglish_natural
bhai flatmate ko udhar return kiya 383 rs cred se,383,friends,upi,cred,,friends_synthetic
29476 rupaiye Bajaj Finance EMI card se,29476,emi,card,,sbi,hinglish_natural
346 ka Dunkin bill pay kiya cash se hdfc se kata,346,food,cash,,hdfc,voice_transcript
Payment of INR 19759 to Apple Music was successful via GPay UPI Ref No 7312650075406 BOB Account 1363,19759,entertainment,upi,gpay,bob,ocr_upi
kal 46236 rupaiye Lenskart UPI se,46236,healthcare,upi,cred,,hinglish_natural
restaurant Rs40186 GPay,40186,food,upi,gpay,sbi,ocr_upi
Croma se shopping kia 2985 rs. ka debit card se,2985,shopping,card,,,hinglish_natural
INOX Rs.41756.48 debited from jupiter,41756.48,entertainment,upi,jupiter,jupiter,english_natural
"EATFIT
Item 1 Rs.302
Item 2 ₹382
Total 253.12
paytm",253.12,food,upi,paytm,sbi,ocr_receipt
gas bill R 397 debited from HDFC Bank,397,utilities,upi,phonepe,hdfc,english_natural
NEFT/TRANSFER/CLINIC/SBI,43792.80,healthcare,upi,phonepe,sbi,english_natural
"Lenskart BILL
St: INR 1818
CARD APPROVED",1818,healthcare,card,,,ocr_receipt
breakfast snacks chai coffee Rs 3189 PayTM,3189,food,upi,paytm,,cue_row
PPF 53.35 SLICE,53.35,investment,upi,slice,,english_natural
dinner split 9794 rupaye roommate Cred,9794,friends,upi,cred,,friends_synthetic
Zerodha 29 rupees UPI se die,29,investment,upi,paytm,,hinglish_natural
259 rupees Apollo Pharmacy Phone Pe,259,healthcare,upi,phonepe,,voice_transcript
Just paid ₹660 to library through debit card,660,education,card,,,english_natural
i did 195 expense on Tata Play using card,195,utilities,card,,,voice_transcript
HOME LOAN EMI INR 2817.54,2817.54,emi,card,,,english_natural
Paid Rs.1028 to gas bill G Pay UPI ICICI 4675 Completed,1028,utilities,upi,gpay,icici,ocr_upi
748 ₹ loan payment kar diya education loan EMI ko debit card se,748,emi,card,,,hinglish_natural
394 rupees bill pay kiyaa mobile recharge pe PayTM se,394,utilities,upi,paytm,jupiter,hinglish_natural
13532 payment kiyaa water bill pe UPI se die,13532,utilities,upi,jupiter,,hinglish_natural
kal 280 rupaiye Myntra credit card se,280,shopping,card,,,hinglish_natural
gaming concert event ticket 26203 Jupiter,26203,entertainment,upi,jupiter,sbi,cue_row
Yatra 33846.17 Google Pay Successful sbi 9842,33846.17,travel,upi,gpay,sbi,ocr_upi
subah Apollo Pharmacy ka doctor ko die 2891 card se pay kia,2891,healthcare,card,,slice,hinglish_natural
today i spent 2500 on Amit via cash,2500,friends,cash,,,voice_transcript
₹23247 paid to BYJU'S via Cred UPI from Punjab National Bank Bank ending 3910,23247,education,upi,cred,pnb,ocr_upi
Ajio se order kar diya 190 rupay ka Phonepe se pay kiya,190,shopping,upi,phonepe,icici,hinglish_natural
55 rupay doctor ko de diya Apollo Pharmacy ko jupiter se pay kiya,55,healthcare,upi,jupiter,,hinglish_natural
Clothing store bill INR 30444,30444,shopping,cash,,idfc,source_english
paid dost Rs 4159 via cash,4159,friends,cash,,,friends_synthetic
Lenskart 3321 rupaiye paytm se,3321,healthcare,upi,paytm,icici,hinglish_natural
389 rupaye BookMyShow debit card se,389,entertainment,card,,,hinglish_natural
sent ?335 to Arjun on Slice,335,friends,upi,slice,,friends_synthetic
lunch dinner food order swiggy zomato restaurant meal 2442 cash,2442,food,cash,,,cue_row
INR 380 paid to lab test via Mastercard from slice,380,healthcare,card,,slice,english_natural
BYJU'S 42486 fi Payment done ICICI Bank 4588,42486,education,upi,fi,icici,ocr_upi
phonepe payment ₹7948 colleague HDFC 4897 done,7948,friends,upi,phonepe,hdfc,ocr_upi
1498 rupees personal loan EMI PayTM,1498,emi,upi,paytm,,voice_transcript
PayTM payment Rs.22068.50 Pooja ICICI Bank 3449 done,22068.50,friends,upi,paytm,icici,ocr_upi
maine 823 rupaye gas bill ko diye Bhim se,823,utilities,upi,bhim,fi,voice_transcript
raat ko Barbeque Nation ka khana khaya 1173 cash diye,1173,food,cash,,,hinglish_natural
Airtel recharge ka 431 rupees ka bill slice se pay kiya,431,utilities,upi,slice,jupiter,voice_transcript
netflix spotify hotstar subscription movie show INR 354 cash,354,entertainment,cash,,,cue_row
494 rupees college fees PayTM,494,education,upi,paytm,,voice_transcript
Spent Rs.477.30 on Amit using cash,477.30,friends,cash,,yes bank,english_natural
Paid INR 19151 for JioCinema via credit card,19151,entertainment,card,,,english_natural
yaar ka udhar return kia 281 rupaiye phonepe pe budget tod diya,281,friends,upi,phonepe,,hinglish_natural
Paid 100 to Amazon Prime Bhim UPI ICICI 2759 Successful,100,entertainment,upi,bhim,icici,ocr_upi
1241 rs. movie dekhi Zee5 pe gpay se pay kiya Yes Bank card se,1241,entertainment,upi,gpay,yes bank,hinglish_natural
paid 4847 to FirstCry through card,4847,shopping,card,,,voice_transcript
subah Rahul me 452 rupaiye ka paise bheje via PayTM hdfc account se,452,friends,upi,paytm,hdfc,hinglish_natural
ghar jaate waqt 486 rupees bill bhara BSNL ko haath se diy HDFC Bank wale account se,486,utilities,cash,,hdfc,hinglish_natural
Apollo Pharmacy ka test karaya 3244 rs debit card se,3244,healthcare,card,,,hinglish_natural
NEFT/TRANSFER/ACT FIBERNET/,1770,utilities,upi,cred,,english_natural
Paid Rs 444 for SIP from my State Bank account via Mastercard,444,investment,card,,sbi,english_natural
UPI/96586466/NETMEDS/FI MONEY,3597.68,healthcare,card,,fi,english_natural
248 ₹ food court naqad,248,food,cash,,,hinglish_natural
aaj Kuvera pe 44938 rupaye kharcha hua Paytm se,44938,investment,upi,paytm,hdfc,voice_transcript
Paytm payment ₹3295 Coursera YES BANK 2222 completed,3295,education,upi,paytm,yes bank,ocr_upi
spent 369 rupees on BSNL via cash,369,utilities,cash,,fi,voice_transcript
rent maintenance gas connection R 40256 Gpay,40256,utilities,upi,gpay,,cue_row
89 rupees stock liya crypto pe card se pay kiya budget tod diya,89,investment,card,,,hinglish_natural
subah ET Money se mutual fund kya 48748 rs. ka phonepe se,48748,investment,upi,phonepe,hdfc,hinglish_natural
Restaurant bill INR 30424,30424,food,cash,,pnb,source_english
today i spent 11277 on Rapido via CRED,11277,travel,upi,cred,,voice_transcript
"D UDEMY 4540 Completed 19Feb 2026,7:23 pm IDFC Bank 8626 UPI transaction ID 016242955538 TO:UDEMY udemy.73218@idfcbank Soogletransaction lD XYZabc154220 OPI GPay",4540,education,upi,gpay,idfc,ocr_upi
flatmate rent share 98 gpay Divya,98,friends,upi,gpay,,friends_synthetic
"H&M RESTAURANT
Total 15537.96
Cash Received
Change 0.00",15537.96,shopping,upi,gpay,,ocr_receipt
paid Rahul Rs 871 via phonepe,871,friends,upi,phonepe,,friends_synthetic
stationery 478 rs debit card se,19262,education,card,,,source_hinglish
46154 rupaiye dawai liya Practo ko debit card se,46154,healthcare,card,,,hinglish_natural
roommate 3954,3954,friends,upi,niyo,fi,english_natural
Used HDFC Mastercard to pay R 3168 for bike loan EMI,3168,emi,card,,hdfc,english_natural
Vi recharge 108 rupees credit card se,108,utilities,card,,,hinglish_natural
"BILL
cafe
?43008
PhonePe
Thank You Visit Again",43008,food,upi,phonepe,pnb,ocr_receipt
eye checkup se dawai lia 301 rupaiye ka card se,301,healthcare,card,,jupiter,hinglish_natural
1690 rupay personal loan EMI card se,1690,emi,card,,,hinglish_natural
lab test ka 36 rupees ka bill CRED se pay kiya,36,healthcare,upi,cred,slice,voice_transcript
raat ko 2433 Tata Play UPI se,2433,utilities,upi,gpay,hdfc,hinglish_natural
"society maintenance
Net Amount 3750
Paid via CARD",3750,utilities,card,,,ocr_receipt
office se aate hue 3312 rupaye bhai cash me,3312,friends,cash,,,hinglish_natural
raat ko Myntra pe 366 ₹ ka order kya credit card se Slice wale account se,366,shopping,card,,slice,hinglish_natural
YOUTUBE PREMIUM INR 236,236,entertainment,card,,,english_natural
i did 2811 expense on electricity bill using Phone Pe,2811,utilities,upi,phonepe,,voice_transcript
ghar jaate waqt stocks ka invest kiya 383 rupaye card se,383,investment,card,,,hinglish_natural
electronics clothes shoes accessories purchase Rs 11554 via card,11554,shopping,card,,sbi,cue_row
475 Gpay broadband,475,utilities,upi,gpay,,english_natural
ATM/CASH/BANK/39699,39699,investment,upi,slice,,english_natural
DishTV me 2710 ₹ ka bill pay kya UPI se die,2710,utilities,upi,gpay,,hinglish_natural
Bharat Petroleum ka kiraya diyee 33398 rs cash me Axis card se zyada ho gaya,33398,travel,cash,,axis,hinglish_natural
flatmate rent share 2562 gpay colleague,2562,friends,upi,gpay,,friends_synthetic
Coin ka invest kia 2280 rupay Paytm se,2280,investment,upi,paytm,icici,hinglish_natural
Paid Rs 456 for Divya via gpay,456,friends,upi,gpay,,english_natural
abhi Airtel recharge ka payment kya 345 rupees naqad,345,utilities,cash,,,hinglish_natural
medical checkup lab test health insurance ₹256 Phonepe,256,healthcare,upi,phonepe,,cue_row
1mg ka doctor ko diye 153 rupaye SLICE pe,1,healthcare,upi,slice,,hinglish_natural
today i spent 1051 on yaar via BHIM,1051,friends,upi,bhim,,voice_transcript
yaar 455 bhai cash diyee,455,friends,cash,,idfc,hinglish_natural
Ananya se dost ko die 148 ₹ ka credit card se,148,friends,card,,,hinglish_natural
bhai ET Money me 3797 rupees ka SIP bhra UPI se pay kiya Fi Money wale account se,3797,investment,upi,slice,fi,hinglish_natural
Pooja pe 337 ka dost ko die Phone Pe se,337,friends,upi,phonepe,hdfc,hinglish_natural
raat ko library se admission kiyaa 27511 rupees ka haath se die ICICI Bank se,27511,education,cash,,icici,hinglish_natural
Rs.815 to Amit Google Pay UPI,815,friends,upi,gpay,,friends_synthetic
Bought roommate for Rs 493 with PayTM,493,friends,upi,paytm,,english_natural
gas bill Rs27798.26 debited from icici,27798.26,utilities,cash,,icici,english_natural
Ananya pe 8897 ka split kya via Fi Money Jupiter wale account se,8897,friends,upi,fi,jupiter,hinglish_natural
paid friend Rs.3799 via Gpay,3799,friends,upi,gpay,,friends_synthetic
2037 saman lia Meesho ko credit card se,2037,shopping,card,,,hinglish_natural
2458 rupees Unacademy cash diye,2458,education,cash,,sbi,hinglish_natural
"BILL
SonyLIV
INR 33167
CARD
Thank You Visit Again",33167,entertainment,card,,,ocr_receipt
bhai Rohan ko udhar return kiya 3691 rs phonepe se,3691,friends,upi,phonepe,,friends_synthetic
dentist mein 220 lag gaye card se bhara,220,healthcare,card,,,voice_transcript
Jio recharge ₹122.00 debited from Fi,122.00,utilities,upi,gpay,fi,english_natural
hospital 148 phonepe Successful ICICI Bank 7190,148,healthcare,upi,phonepe,icici,ocr_upi
Paid Rs 34993 to Spotify Fi UPI ICICI Bank 8214 Done,34993,entertainment,upi,fi,icici,ocr_upi
aaj upGrad me 3247 ka books le liya haath se die bc,3247,education,cash,,,hinglish_natural
i did 43683 expense on Apollo Pharmacy using card,43683,healthcare,card,,,voice_transcript
yaar stationery 4556 BHIM se pay kiya icici wale account se,4556,education,upi,bhim,icici,hinglish_natural
4564 Vikram CRED se achha deal mila,4564,friends,upi,cred,,hinglish_natural
today i spent 29545 on DMart via CRED,29545,food,upi,cred,,voice_transcript
split bill 94 cash se friend ko diya,94,friends,cash,,,friends_synthetic
t299.06 to petrol pump via cash,299.06,travel,cash,,,english_natural
NEFT/TRANSFER/BSNL/,3340.50,utilities,card,,,english_natural
flatmate rent share 1586 paytm Amit,1586,friends,upi,paytm,,friends_synthetic
PVR me 4390 rs. ka show dekha card se,4390,entertainment,card,,idfc,hinglish_natural
aaj society maintenance 269 UPI se diye,269,utilities,upi,paytm,,hinglish_natural
"D RESTAURANT 5899 Completed 3Apr 2026,11:54 pm Axis Bank 5277 UPI transaction ID 97131158250 TO:RESTAURANT restaurant.80618@axisbank Googletransaction lD CICAgJjg211218 OPI G Pay",5899,food,upi,gpay,axis,ocr_upi
Paid Rs.48712 for Bajaj Finance EMI from my Niyo account via debit card,48712,emi,card,,niyo,english_natural
personal loan installment EMI deduction 446 card,446,emi,card,,,cue_row
Neha 628 Jupiter se,628,friends,upi,jupiter,hdfc,hinglish_natural
paid 2623 to exam fee through card,2623,education,card,,,voice_transcript
friend ko 221 transfer kiya cash se,221,friends,cash,,hdfc,friends_synthetic
FirstCry ka shopping kya 3998 rupay UPI se die,3998,shopping,upi,gpay,jupiter,hinglish_natural
Dunkin Rs 2691.14 debited from axis,2691.14,food,upi,gpay,axis,english_natural
Paid Tata CLiQ 270.84 using debit card,270.84,shopping,card,,,english_natural
Paid ₹2420 for yaar via Phone Pe,2420,friends,upi,phonepe,idfc,english_natural
"D PVR 4781.73 Completed 14Apr 2026,11:59 pm hdfc Bank 7736 UPI transaction ID 89094951680405 TO:PVR pvr.15125@hdfcbank Goog1etransaction lD CICAgJjg277286 OPI PhonePe",4781.73,entertainment,upi,phonepe,hdfc,ocr_upi
Payment of Rs.4972 to Jio recharge was successful via GPay UPI Ref No 16659818470710 hdfc Account 2546,4972,utilities,upi,gpay,hdfc,ocr_upi
8581 rupaiye food order kiyaa food court pe cash diyee kotak wale account se,8581,food,cash,,kotak,hinglish_natural
medical checkup lab test health insurance Rs1015 paytm,1015,healthcare,upi,paytm,,cue_row
TO:INOX inox.98635@icicibankbank From:PRIYASHARMA (ICICI Bank PayTM : user1194@okicicibankbank,1379.83,entertainment,upi,paytm,icici,ocr_upi
POS/BAJAJ FINANCE EMI/GOOGLE PAY/6575,393,emi,upi,gpay,,english_natural
uber ola cab ride airport train ticket 2031 Gpay,2031,travel,upi,gpay,sbi,cue_row
BigBasket pe 374 rs ka food order kya paytm se pay kar diya,374,food,upi,paytm,,hinglish_natural
1mg 2241,2241,healthcare,upi,cred,,english_natural
₹4576 charged for Amit on phonepe,4576,friends,upi,phonepe,,english_natural
sent money to Priya t886 on slice,886,friends,upi,slice,,friends_synthetic
Payment of Rs379 to BSNL was successful via gpay UPI Ref No 02392914967 hdfc Account 2966,379,utilities,upi,gpay,hdfc,ocr_upi
Netmeds 424,424,healthcare,card,,rbl,english_natural
"BILL
cafe
INR 389.27
CASH
Thank You Visit Again",389.27,food,cash,,pnb,ocr_receipt
Just paid ?2948 to Bewakoof through gpay,2948,shopping,upi,gpay,hdfc,english_natural
maine 3174 rupaye Udemy ko diye card se,3174,education,card,,fi,voice_transcript
"BILL
DMart
INR 37.88
CARD
Thank You Visit Again",37.88,food,card,,icici,ocr_receipt
maine 32 rupaye school fees ko diye cash se,32,education,cash,,,voice_transcript
Bought exam fee for ₹475 with PayTM,475,education,upi,paytm,,english_natural
society maintenance Rs 424.73 credit card,424.73,utilities,card,,jupiter,english_natural
stocks ka 258 rupees ka bill SLICE se pay kiya,258,investment,upi,slice,icici,voice_transcript
petrol diesel fuel 13955 at pump card,13955,travel,card,,,cue_row
4715 rs. upGrad naqad,9321,education,cash,,,source_hinglish
"Dunkin
Net Amount 3721
Paid via CASH",3721,food,cash,,yes bank,ocr_receipt
abhi 464 rs Airtel recharge via Paytm,464,utilities,upi,paytm,,hinglish_natural
157 ka HDFC loan bill pay kiya card se,157,emi,card,,,voice_transcript
Rs.4244 to SBI loan via Visa,4244,emi,card,,,english_natural
"Netmeds BILL
St: 49496
GPay Approved",49496,healthcare,upi,gpay,,ocr_receipt
32816 rupaiye Divya via G Pay,32816,friends,upi,gpay,pnb,hinglish_natural
ATM/CASH/BANK/137,137,education,card,,,english_natural
paid 244 to BSNL through paytm,244,utilities,upi,paytm,,voice_transcript
subah Zepto pe 1830 ka kha liya Google Pay se,13580,food,upi,gpay,,source_hinglish
32789 rupees Burger King card se pay kr diya,32789,food,card,,fi,hinglish_natural
"BSNL RESTAURANT
Total 2565.25
Cash Received
Change 0.00",2565.25,utilities,upi,phonepe,yes bank,ocr_receipt
199 rs. order kar diya Zara ko BHIM se pay kar diya,199,shopping,upi,bhim,,hinglish_natural
flatmate rent share 2116 GPay Karan,2116,friends,upi,gpay,,friends_synthetic
"BILL
PharmEasy
Rs.491.71
CARD
Thank You Visit Again",491.71,healthcare,card,,,ocr_receipt
split bill 400 Fi Money se Pooja ko diya,400,friends,upi,fi,,friends_synthetic
Spent Rs3480 on diagnostic using Mastercard,3480,healthcare,card,,,english_natural
home loan car loan credit card EMI monthly Rs.1851 autopay card,1851,emi,card,,,cue_row
maine 86 rupaye dentist ko diye GPay se,86,healthcare,upi,gpay,,voice_transcript
Paid INR 32035.86 for credit card EMI via Mastercard,32035.86,emi,card,,jupiter,english_natural
hospital se checkup karaya 2396 rupaiye ka card se ICICI Bank se kata,2396,healthcare,card,,icici,hinglish_natural
Payment of 5680.40 to Ola was successful via PayTM UPI Ref No 538721477008 Kotak Mahindra Account 7841,5680.40,travel,upi,paytm,kotak,ocr_upi
insurance premium 302 rupay via GPay,302,utilities,upi,gpay,slice,hinglish_natural
flatmate rent share 1343 Google Pay flatmate,1343,friends,upi,gpay,sbi,friends_synthetic
Just paid 615 to diagnostic through debit card,615,healthcare,card,,bob,english_natural
Rs 378 debited from your hdfc account for books (Cred UPI),378,education,upi,cred,hdfc,ocr_upi
coaching se fees bhar diya 4052 rs ka haath se diye,4052,education,cash,,,hinglish_natural
College fees payment INR 18328,18328,education,card,,sbi,source_english
"BEWAKOOF
Item 1 ₹460
Item 2 Rs.403
Total 1652
CARD",1652,shopping,card,,,ocr_receipt
R 448 to Vikram cash UPI,448,friends,cash,,,friends_synthetic
i paid 1980 rupees for MakeMyTrip using PayTM,1980,travel,upi,paytm,,voice_transcript
IRCTC Rs 22105.81 debited from Axis,22105.81,travel,card,,axis,english_natural
bhai 36240 rupees cash me HDFC Bank card se yaar,36240,friends,cash,,hdfc,hinglish_natural
Coursera 4091 jupiter,4091,education,upi,jupiter,,english_natural
dopahar ko Bajaj Finance EMI ka installment diyee 4567 ₹ card se pay kya,4567,emi,card,,,hinglish_natural
i paid 3621 rupees for mutual fund using card,3621,investment,card,,sbi,voice_transcript
48618 rs Barbeque Nation UPI se pay kia,48618,food,upi,jupiter,fi,hinglish_natural
"1mg BILL
St: 38802
CARD Approved",38802,healthcare,card,,,ocr_receipt
Snapdeal Rs2499 PhonePe,2499,shopping,upi,phonepe,axis,ocr_upi
"ACT FIBERNET
Item 1 Rs 127
Item 2 R 463
Total Rs.21469.19
PayTM",21469.19,utilities,upi,paytm,,ocr_receipt
323 ₹ invest kr diya gold pe Paytm se,323,investment,upi,paytm,,hinglish_natural
i paid 1001 rupees for Nature's Basket using Paytm,1001,food,upi,paytm,,voice_transcript
netflix spotify hotstar subscription movie show 11815 Phone Pe,11815,entertainment,upi,phonepe,sbi,cue_row
petrol diesel fuel ₹2316 at pump card,2316,travel,card,,,cue_row
ghar jaate waqt water bill se bill pay kia 19082 rs ka credit card se,19082,utilities,card,,,hinglish_natural
44587 rupay khana khayaa Dominos ko cash de diya Jupiter se achha deal mila,44587,food,cash,,jupiter,hinglish_natural
Electricity bill payment INR 14107,14107,utilities,upi,gpay,,source_english
rent 2810,2810,utilities,upi,bhim,axis,english_natural
yaar Subway pe 116 rupees ka khana khayaa cash diyee,116,food,cash,,axis,hinglish_natural
paid 2755 to concert through card,2755,entertainment,card,,,voice_transcript
"Receipt #1705
Zee5
Amount Paid: t41363
Mode: CASH",41363,entertainment,cash,,,ocr_receipt
Cleartrip ka cab liyaa 907 rupay debit card se Fi Money se,907,travel,card,,fi,hinglish_natural
crypto ka 2908 rupees ka bill G Pay se pay kiya,2908,investment,upi,gpay,,voice_transcript
Netflix ₹29966 Fi Money,29966,entertainment,upi,fi,,english_natural
UPI/30389598/MCDONALD'S/BANK,593.62,food,card,,,english_natural
rent maintenance gas connection ₹151 card,151,utilities,card,,,cue_row
UPI/94554019/WATER BILL/SBI,2673.35,utilities,card,,sbi,english_natural
Bought Yatra for Rs2530 with PhonePe,2530,travel,upi,phonepe,niyo,english_natural
split bill 715 gpay se Shreya ko diya,715,friends,upi,gpay,,friends_synthetic
₹30485.73 charged for Indian Oil on paytm,30485.73,travel,upi,paytm,,english_natural
Shreya pe 3547 rs. ka udhar return kiyaa PayTM se pay kiyaa,3547,friends,upi,paytm,axis,hinglish_natural
Spent Rs 2649 on personal loan EMI using Phonepe,2649,emi,upi,phonepe,,english_natural
Paid ₹3649 for SBI loan from my HDFC Bank account via Cred,3649,emi,upi,cred,hdfc,english_natural
tuition ka admission kya 38821 rupees credit card se bc,38821,education,card,,,hinglish_natural
Netflix ka 24112 rupees ka bill Phonepe se pay kiya,24112,entertainment,upi,phonepe,slice,voice_transcript
Paid Rs 3101 for clinic from my Axis Bank account via cash,3101,healthcare,cash,,axis,english_natural
Paid 26181 to petrol pump slice UPI HDFC 7311 Completed,26181,travel,upi,slice,hdfc,ocr_upi
abhi market 2923 rupees card se,2923,shopping,card,,,hinglish_natural
"electronics store 47252 Completed 20Oct 2025,6:17 am ICICI 8321 UPI transaction ID 6293177077230",47252,shopping,upi,paytm,icici,ocr_upi
home loan car loan credit card EMI monthly Rs29580 autopay card,29580,emi,card,,,cue_row
1591 ka restaurant bill pay kiya G Pay se Axis se kata,1591,food,upi,gpay,axis,voice_transcript
Indian Oil 963 rupees haath se diye,963,travel,cash,,,hinglish_natural
167 YouTube Premium,167,entertainment,upi,bhim,fi,english_natural
"Receipt #4625
Snapdeal
Amount Paid: t69.55
Mode: bhim",69.55,shopping,upi,bhim,,ocr_receipt
Rs 3667.59 charged for mobile recharge on Gpay,3667.59,utilities,upi,gpay,,english_natural
Bewakoof ka 77 rupees ka bill Niyo se pay kiya,77,shopping,upi,niyo,,voice_transcript
Rs.189 debited from your Yes Bank account for IndiGo (PayTM UPI),189,travel,upi,paytm,yes bank,ocr_upi
Just paid ₹42321 to PharmEasy through card,42321,healthcare,card,,niyo,english_natural
Rs.481 paid to MakeMyTrip via BHIM UPI from icici Bank ending 2888,481,travel,upi,bhim,icici,ocr_upi
medical checkup lab test health insurance t82 Gpay,82,healthcare,upi,gpay,canara,cue_row
office se aate hue 383 rs. food order kr diya Blinkit pe cash diy bc,383,food,cash,,,hinglish_natural
mutual fund SIP stocks PPF FD investment Rs.1414 G Pay,1414,investment,upi,gpay,,cue_row
home loan EMI ₹1290 debit card,1290,emi,card,,,english_natural
"ELECTRONICS STORE RESTAURANT
Total 2766.26
Cash Received
Change 0.00",2766.26,shopping,cash,,,ocr_receipt
Pharmacy medicine purchase INR 30687,30687,healthcare,upi,slice,rbl,source_english
subah Apollo Pharmacy ka checkup karaya 35765 rupaiye UPI se pay kya kotak account se,35765,healthcare,upi,phonepe,kotak,hinglish_natural
ghar jaate waqt hospital se test karaya 3135 rs. ka UPI se,3135,healthcare,upi,slice,hdfc,hinglish_natural
SBI loan 39863 HDFC Bank,39863,emi,upi,gpay,hdfc,english_natural
NEFT/TRANSFER/SOCIETY MAINTENANCE/AXIS,4914,utilities,upi,niyo,axis,english_natural
abhi 3236 rupay Shreya credit card se,3236,friends,card,,jupiter,hinglish_natural
home loan car loan credit card EMI monthly 2012 autopay card,2012,emi,card,,,cue_row
Pizza delivery INR 41083,41083,food,cash,,bob,source_english
mobile recharge se recharge kr diya 908 ₹ ka via Gpay,908,utilities,upi,gpay,,hinglish_natural
doctor 4040 rupaye card se,4040,healthcare,card,,,hinglish_natural
1969 rupaiye PPF UPI se,1969,investment,upi,phonepe,,hinglish_natural
Rs 3417.23 paid to concert via PayTM from NIYO,3417.23,entertainment,upi,paytm,niyo,english_natural
broadband 16913.11 Mastercard,16913.11,utilities,card,,,english_natural
263 rupaiye college fees gpay se pay kiyaa,263,education,upi,gpay,,hinglish_natural
Bajaj Finance EMI pe 4949 ka EMI bhra credit card se slice se,4949,emi,card,,slice,hinglish_natural
Just paid INR 17534 to Bajaj Finance EMI through debit card,17534,emi,card,,fi,english_natural
"TAX INVOICE
INOX
Grand Total: ₹48810.16
Payment: Slice",48810.16,entertainment,upi,slice,,ocr_receipt
bhai Coursera ka 156 rupaye Google Pay se de diya,156,education,upi,gpay,icici,voice_transcript
"BILL
market
Rs804
gpay
Thank You Visit Again",804,shopping,upi,gpay,hdfc,ocr_receipt
Zerodha 43269 rs. credit card se,43269,investment,card,,,hinglish_natural
"1mg BILL
St: ₹9451
PayTM APPROVED",9451,healthcare,upi,paytm,,ocr_receipt
2166 rupees doctor cash HDFC Bank account,2166,healthcare,cash,,hdfc,voice_transcript
"HP Petrol 365.38 Completed 12Jan 2026,12:57 pm kotak 3548 UPI transaction ID 784666271312",365.38,travel,upi,gpay,kotak,ocr_upi
Burger King se kha liya 701 rupay ka cash diye,701,food,cash,,,hinglish_natural
"BILL
market
₹2904
CASH
Thank You Visit Again",2904,shopping,cash,,,ocr_receipt
Paid Rs.3801.62 to tuition G Pay UPI HDFC 6947 Completed,3801.62,education,upi,gpay,hdfc,ocr_upi
today i spent 108 on credit card EMI via card from my icici bank,108,emi,card,,icici,voice_transcript
yaar diagnostic se checkup karaya 49 ka haath se de diya,49,healthcare,cash,,,hinglish_natural
TO:BHAI bhai.70903@hdfcbank From:AMITSINGH (hdfc Phonepe : sender1115@okhdfcbank,419,friends,upi,phonepe,hdfc,ocr_upi
Hotstar me 446 rupaye ka game lia NIYO se,446,entertainment,upi,niyo,,hinglish_natural
"market 9008 Completed 13Aug 2026,3:16 pm axis 8107 UPI transaction ID 507129725887132",9008,shopping,upi,phonepe,axis,ocr_upi
Flipkart order INR 14692,14692,shopping,upi,cred,,source_english
t464 charged for bro on cred,464,friends,upi,cred,,english_natural
aaj 2641 rupaye paise bheje Rahul ko niyo se pay kar diya,2641,friends,upi,niyo,,hinglish_natural
21891.04 Visa upGrad,21891.04,education,card,,,english_natural
Meesho mein 390 lag gaye Google Pay se bhara,390,shopping,upi,gpay,,voice_transcript
"D ROHAN 220 Completed 28Feb 2026,5:03 pm HDFC Bank Bank 9390 UPI transaction ID 19412295470348 TO:ROHAN rohan.89321@hdfc bankbank Goog1etransaction lD CICAgJjg926499 OPI cred",220,friends,upi,cred,hdfc,ocr_upi
Paid Dunkin Rs.2211 using niyo,2211,food,upi,niyo,,english_natural
"D YAAR 20778.91 Completed 22Apr 2026,10:32 pm SBI Bank 8235 UPI transaction ID 585749110667264 TO:YAAR yaar.22012@sbibank Goog1etransaction lD XYZabc397895 OPI cred",20778.91,friends,upi,cred,sbi,ocr_upi
Practo 104.80,104.80,healthcare,upi,slice,,english_natural
Paid INR 225.49 for hospital via Niyo,225.49,healthcare,upi,niyo,fi,english_natural
Rs 480.70 debited from your State Bank account for mutual fund (Paytm UPI),480.70,investment,upi,paytm,sbi,ocr_upi
yaar 1277 rupees personal loan EMI card se,1277,emi,card,,hdfc,hinglish_natural
office se aate hue education loan EMI me 1526 rupay ka EMI kat gayi card se,1526,emi,card,,,hinglish_natural
Box8 se kha liya 34726 ka Google Pay se,8,food,upi,gpay,kotak,hinglish_natural
ATM/CASH/BANK/4775.04,4775.04,friends,cash,,,english_natural
Paid 1543.58 for food court via debit card,1543.58,food,card,,sbi,english_natural
738 rs bill bhar diya broadband ko UPI se,738,utilities,upi,gpay,hdfc,hinglish_natural
flatmate rent share 1717 PayTM roommate,1717,friends,upi,paytm,,friends_synthetic
dopahar ko HDFC loan se EMI kat gayi 4294 rs ka credit card se,4294,emi,card,,,hinglish_natural
Bought mall for ?2411 with Mastercard,2411,shopping,card,,icici,english_natural
Paid 31974 for stationery via phonepe,31974,education,upi,phonepe,,english_natural
₹3108 paid to MedPlus via jupiter from jupiter,3108,healthcare,upi,jupiter,jupiter,english_natural
library ka books liya 3323 rupaiye card se bohot mehenga,3323,education,card,,,hinglish_natural
FreshMenu me 22057 rupees ka mangwaya card se pay kya,22057,food,card,,niyo,hinglish_natural
sent money to bhai Rs.148 on NIYO,148,friends,upi,niyo,,friends_synthetic
Spent Rs.2278 on society maintenance using CRED,2278,utilities,upi,cred,sbi,english_natural
hospital doctor pharmacy medicine diagnostic INR 92 card,92,healthcare,card,,pnb,cue_row
"lab test 10438.97 Completed 15Jul 2025,7:13 am Axis Bank 7438 UPI transaction ID 4925612853933",10438.97,healthcare,upi,paytm,axis,ocr_upi
home loan car loan credit card EMI monthly Rs4343 autopay card,4343,emi,card,,,cue_row
lab test 773 ₹ cash me,773,healthcare,cash,,,hinglish_natural
electronics clothes shoes accessories purchase ₹3981 via Bhim,3981,shopping,upi,bhim,bob,cue_row
Zara Rs 315 debited from kotak,315,shopping,card,,kotak,english_natural
3408 CRED cafe,3408,food,upi,cred,,english_natural
car loan EMI se EMI bhar diya 350 ka via PhonePe sasta tha,22328,emi,upi,phonepe,,source_hinglish
UPI/71875232/PERSONAL LOAN EMI/BANK,316.08,emi,upi,phonepe,,english_natural
"BILL
mobile recharge
2785
CARD
Thank You Visit Again",2785,utilities,card,,,ocr_receipt
spent 3378 rupees on food court via Phonepe,3378,food,upi,phonepe,,voice_transcript
office se aate hue car loan EMI 3803 rs. credit card se SBI account se,3803,emi,card,,sbi,hinglish_natural
"D KARAN 286.26 Completed 12Mar 2026,2:10 pm icici Bank 4996 UPI transaction ID 990650015958928 TO:KARAN karan.78656@icicibank Googletransaction lD XYZabc095625 OPI PhonePe",286.26,friends,upi,phonepe,icici,ocr_upi
"Nature's Basket
Net Amount 233
Paid via CARD",233,food,card,,,ocr_receipt
Cleartrip 55 rupaiye haath se de diya,55,travel,cash,,jupiter,hinglish_natural
school fees ka course le liya 1160 rupaye card se,1160,education,card,,,hinglish_natural
Paid t155 to Zee5 BHIM UPI Axis Bank 1222 Completed,155,entertainment,upi,bhim,axis,ocr_upi
"Receipt #2836
Lenskart
Amount Paid: ₹4561.49
Mode: CARD",4561.49,shopping,card,,,ocr_receipt
429.08 library,429.08,education,cash,,,english_natural
crypto gold bonds NPS portfolio Rs 7317 G Pay,7317,investment,upi,gpay,,cue_row
kal Lenskart ka test karaya 47294 UPI se pay kiyaa,47294,healthcare,upi,phonepe,,hinglish_natural
Rahul Rs41693 PhonePe,41693,friends,upi,phonepe,sbi,ocr_upi
hospital me 56 rupay ka test karaya debit card se Fi Money se,56,healthcare,card,,fi,hinglish_natural
rickshaw payment Rs 1281.60 done via card,1281.60,travel,card,,kotak,english_natural
4239 debited from your State Bank account for MedPlus (Niyo UPI),4239,healthcare,upi,niyo,sbi,ocr_upi
personal loan EMI Rs.965 Visa,965,emi,card,,slice,english_natural
Paid ₹279.24 to flatmate paytm UPI Axis Bank 7146 Successful,279.24,friends,upi,paytm,axis,ocr_upi
dinner split 1867 rupaye dost Cred,1867,friends,upi,cred,,friends_synthetic
SpiceJet ka cab liya 255 rupay cash diy,255,travel,cash,,slice,hinglish_natural
Behrouz ₹1743 paytm,1743,food,upi,paytm,,english_natural
Airtel recharge me 140 rupaiye ka bill pay kr diya cash me,140,utilities,cash,,,hinglish_natural
Shreya ko 1143 transfer kiya Phone Pe se,1143,friends,upi,phonepe,,friends_synthetic
crypto 41132 rs card se,41132,investment,card,,,hinglish_natural
IRCTC se ride liyaa 328 rupay ka credit card se bohot mehenga,328,travel,card,,fi,hinglish_natural
2831 rupees Coursera card jupiter account,2831,education,card,,jupiter,voice_transcript
bike loan EMI me 2343 rupaye ka EMI bhra card se,2343,emi,card,,,hinglish_natural
mutual fund ₹242.78 Slice,242.78,investment,upi,slice,hdfc,ocr_upi
school fees 250 rupay card se,250,education,card,,,hinglish_natural
petrol diesel fuel Rs3471 at pump card,3471,travel,card,,,cue_row
concert 5620 debited from sbi,5620,entertainment,card,,sbi,english_natural
TO:PPF ppf.96752@kotakbank From:UTSAVJANA (kotak BHIM : sender1025@okkotakbank,18843,investment,upi,bhim,kotak,ocr_upi
bhai 4247 rupaye show dekha BookMyShow pe card se pay kiya Axis Bank se,774,entertainment,card,,axis,source_hinglish
gaming 1728 rupees credit card se,1728,entertainment,card,,kotak,hinglish_natural
lunch dinner food order swiggy zomato restaurant meal ₹399 card,399,food,card,,,cue_row
bhai ET Money ka mutual fund kar diya 283 rupaye via PayTM bc,283,investment,upi,paytm,,hinglish_natural
YouTube Premium 3047,3047,entertainment,upi,paytm,,english_natural
"INOX
Net Amount 4137
Paid via CARD",4137,entertainment,card,,,ocr_receipt
raat ko 39303 Zee5 haath se diy sasta tha,39303,entertainment,cash,,kotak,hinglish_natural
3276 rupay Haldirams CRED pe,24955,food,upi,cred,hdfc,source_hinglish
Karan ko 56 transfer kiya phonepe se,56,friends,upi,phonepe,,friends_synthetic
Airtel recharge se recharge kiyaa 42778 ₹ ka cash de diye,42778,utilities,cash,,,hinglish_natural
2352 rupaiye kha liya restaurant pe Phone Pe pe,2352,food,upi,phonepe,,hinglish_natural
Just paid INR 26232.37 to BigBasket through cash,26232.37,food,cash,,,english_natural
Bike loan EMI INR 14878,14878,emi,card,,,source_english
Lenskart 24427 debit card,24427,healthcare,card,,axis,english_natural
raat ko 48437 rupees Bharat Petroleum credit card se,48437,travel,card,,jupiter,hinglish_natural
bhai auto se ticket book kia 398 rupaye ka naqad,398,travel,cash,,,hinglish_natural
dost Vikram ko 327 rupaye G Pay se bheje,327,friends,upi,gpay,,friends_synthetic
breakfast snacks chai coffee Rs.500 cash,500,food,cash,,,cue_row
paid 44838 to Barbeque Nation through PayTM,44838,food,upi,paytm,,voice_transcript
maine 3881 rupaye market ko diye phonepe se,3881,shopping,upi,phonepe,,voice_transcript
spent 224 rupees on FirstCry via fi,224,shopping,upi,fi,idfc,voice_transcript
MedPlus se medicine lya 72 rupaye ka via Paytm,72,healthcare,upi,paytm,,hinglish_natural
"ELECTRICITY BILL
Item 1 347
Item 2 ₹111
Total Rs.29014.43
CASH",29014.43,utilities,cash,,,ocr_receipt
Paid Rs.14906 to eye checkup PhonePe UPI PNB 6952 Successful,14906,healthcare,upi,phonepe,pnb,ocr_upi
spent 10931 rupees on diagnostic via Jupiter,10931,healthcare,upi,jupiter,,voice_transcript
TO:FD fd.17157@axisbank From:UTSAVJANA (axis Jupiter : sender4059@okaxisbank,1080.49,investment,upi,jupiter,axis,ocr_upi
"Receipt #1426
1mg
Amount Paid: ₹12877.25
Mode: CARD",12877.25,healthcare,card,,,ocr_receipt
Apollo Pharmacy 2052 Google Pay,2052,healthcare,upi,gpay,,english_natural
dinner split 180 rupaye Divya PhonePe,180,friends,upi,phonepe,icici,friends_synthetic
i did 46445 expense on Meesho using cash,46445,shopping,cash,,kotak,voice_transcript
sent Rs.4496 to Priya on niyo,4496,friends,upi,niyo,,friends_synthetic
aaj insurance premium pe 1693 rupaye kharcha hua Paytm se,1693,utilities,upi,paytm,pnb,voice_transcript
405 rupay PharmEasy paytm pe,405,healthcare,upi,paytm,hdfc,hinglish_natural
Stock purchase INR 44652,44652,investment,card,,,source_english
1894 ₹ auto card se,1894,travel,card,,sbi,hinglish_natural
electricity water broadband mobile recharge bill Rs3959 Phone Pe,3959,utilities,upi,phonepe,idfc,cue_row
Paid 16455 for FreshMenu via credit card,16455,food,card,,,english_natural
Gaana 745 HDFC Bank,745,entertainment,card,,hdfc,english_natural
electronics clothes shoes accessories purchase Rs3217 via G Pay,3217,shopping,upi,gpay,,cue_row
grocery vegetables milk bread fruits ₹15670 paid cash,15670,food,cash,,,cue_row
raat ko Burger King se mangwaya 36383 rs ka UPI se die,36383,food,upi,phonepe,,hinglish_natural
aaj SBI loan pe 449 rupaye kharcha hua card se,449,emi,card,,,voice_transcript
22610.98 paid to SpiceJet via GPay UPI from SBI Bank ending 4171,22610.98,travel,upi,gpay,sbi,ocr_upi
Bought ET Money for 44868.50 with credit card,44868.50,investment,card,,,english_natural
Pizza Hut 200 credit card se slice card se,200,food,card,,slice,hinglish_natural
44910 ₹ Bewakoof credit card se,44910,shopping,card,,,hinglish_natural
Bought electricity bill for Rs.159.59 with Gpay,159.59,utilities,upi,gpay,,english_natural
education loan EMI ka installment diyee 2146 rs card se Bandhan wale account se,2146,emi,card,,bandhan,hinglish_natural
exam fee Rs 43.70 debit card,43.70,education,card,,slice,english_natural
Exam fee INR 43627,43627,education,card,,,source_english
216 rs. installment de diye credit card EMI pe UPI se,216,emi,upi,slice,pnb,hinglish_natural
Vedantu 1982 rupaiye card se pay kar diya,1982,education,card,,,hinglish_natural
2423 Google Pay friend,2423,friends,upi,gpay,,english_natural
181 rupay movie dekhi gaming pe card se pay kia budget tod diya,181,entertainment,card,,,hinglish_natural
today i spent 1202 on Zomato via card from my slice bank,1202,food,card,,slice,voice_transcript
36597 rs. hospital CRED se,36597,healthcare,upi,cred,,hinglish_natural
paid back friend lent money 47323 paytm,47323,friends,upi,paytm,,cue_row
DishTV mein 10318 lag gaye Gpay se bhara,10318,utilities,upi,gpay,icici,voice_transcript
1932 ka FD bill pay kiya gpay se Axis se kata,1932,investment,upi,gpay,axis,voice_transcript
37446 charged for ET Money on Mastercard,37446,investment,card,,,english_natural
Reliance Digital ka shopping kr diya 860 rupaye via Fi yaar,13771,shopping,upi,fi,,source_hinglish
sent money to friend Rs 3025 on niyo,3025,friends,upi,niyo,hdfc,friends_synthetic
sent money to Priya 24335 on CRED,24335,friends,upi,cred,union bank,friends_synthetic
Payment of Rs 78 to Divya was successful via Phonepe UPI Ref No 6144890659379 ICICI Account 7984,78,friends,upi,phonepe,icici,ocr_upi
Rs 20198.39 paid to yaar via fi UPI from YES BANK Bank ending 7274,20198.39,friends,upi,fi,yes bank,ocr_upi
split bill 483 cred se bro ko diya,483,friends,upi,cred,,friends_synthetic
GPay payment t1963 Haldirams RBL 1402 completed,1963,food,upi,gpay,rbl,ocr_upi
₹2641 charged for DMart on cash,2641,food,cash,,,english_natural
JioMart 220 rs haath se de diya,220,food,cash,,,hinglish_natural
office se aate hue Behrouz 168 rs. UPI se pay kiya,168,food,upi,phonepe,fi,hinglish_natural
Rs.4882.89 charged for Rahul on cash,4882.89,friends,cash,,jupiter,english_natural
College fees payment INR 45753,45753,education,cash,,,source_english
"Receipt #9216
Zee5
Amount Paid: Rs.3566.10
Mode: CARD",3566.10,entertainment,card,,idfc,ocr_receipt
yaar 104.47,104.47,friends,upi,phonepe,,english_natural
Apollo Pharmacy se dawai lia 4220 rupaye ka UPI se,4220,healthcare,upi,phonepe,,hinglish_natural
Zee5 ka 225 rupees ka bill card se pay kiya,225,entertainment,card,,,voice_transcript
spent 20884 rupees on Groww via PhonePe,20884,investment,upi,phonepe,,voice_transcript
Payment of Rs.446 to ACT Fibernet was successful via Paytm UPI Ref No 7650360291 sbi Account 5496,446,utilities,upi,paytm,sbi,ocr_upi
Paid R 283 for Tata CLiQ from my Axis account via debit card,283,shopping,card,,axis,english_natural
personal loan installment EMI deduction Rs.249 Bhim,249,emi,upi,bhim,,cue_row
Pooja pe 3491 ka udhar return kiya via jupiter,3491,friends,upi,jupiter,,hinglish_natural
paid Divya 22134 via card,22134,friends,card,,,friends_synthetic
AIR INDIA INR 3742 SLICE,3742,travel,card,,slice,english_natural
Paid Rs.392 for education loan EMI from my Bank of Baroda account via card,392,emi,card,,bob,english_natural
Uber ride INR 10826,10826,travel,upi,phonepe,hdfc,source_english
HDFC loan 4976.75,4976.75,emi,card,,,english_natural
21101 rs. udhar return kia friend pe haath se de diye axis card se matlab,21101,friends,cash,,axis,hinglish_natural
Just paid INR 9196.76 to Vi recharge through cash,9196.76,utilities,cash,,,english_natural
split bill 942 slice se dost ko diya,942,friends,upi,slice,,friends_synthetic
G Pay payment R 21968 Kuvera hdfc 7595 successful,21968,investment,upi,gpay,hdfc,ocr_upi
UPI/99559005/GOIBIBO/NIYO,465,travel,upi,phonepe,niyo,english_natural
JioMart 44454 rupay UPI se,44454,food,upi,niyo,,hinglish_natural
Paid INR 3755 for YouTube Premium via card,3755,entertainment,card,,sbi,english_natural
abhi 75 home loan EMI debit card se,75,emi,card,,,hinglish_natural
hospital ka doctor ko de diya 164 rupay via gpay,164,healthcare,upi,gpay,,hinglish_natural
i paid 27233 rupees for Lenskart using card,27233,shopping,card,,,voice_transcript
hospital doctor pharmacy medicine diagnostic Rs.3455 SLICE,3455,healthcare,upi,slice,,cue_row
bhai EaseMyTrip ka 31718 rupaye card se de diya,31718,travel,card,,,voice_transcript
broadband pe 34031 rupaye ka recharge kar diya UPI se pay kiya,34031,utilities,upi,gpay,,hinglish_natural
mutual fund SIP stocks PPF FD investment ₹4947 SLICE,4947,investment,upi,slice,federal bank,cue_row
bhai ko 6197 transfer kiya cash se,6197,friends,cash,,,friends_synthetic
Paid FreshMenu R 261 using paytm,261,food,upi,paytm,,english_natural
friend ko 12057 transfer kiya cash se,12057,friends,cash,,,friends_synthetic
McDonald's se khana order kr diya 213 rupaiye ka card se,213,food,card,,,hinglish_natural
i paid 120 rupees for dentist using Phone Pe,120,healthcare,upi,phonepe,,voice_transcript
books ka course lya 4664 rupaiye card se,4664,education,card,,idfc,hinglish_natural
Flipkart Rs469 Bhim,469,shopping,upi,bhim,icici,english_natural
aaj bike loan EMI pe 27 rupaye kharcha hua card se,27,emi,card,,,voice_transcript
kal Netmeds se test karaya 236 ka naqad,236,healthcare,cash,,,hinglish_natural
flatmate rent share 2087 GPay Ananya,2087,friends,upi,gpay,,friends_synthetic
12183 rupees bike loan EMI card Bank of Baroda account,12183,emi,card,,bob,voice_transcript
aaj Apple Music pe 464 rupaye kharcha hua Fi se,464,entertainment,upi,fi,,voice_transcript
"Bewakoof BILL
St: ₹43969
CARD Approved",43969,shopping,card,,,ocr_receipt
dopahar ko 431 rs Udemy UPI se diye,431,education,upi,gpay,,hinglish_natural
Rahul 30799 G Pay,30799,friends,upi,gpay,,english_natural
aaj 205 rupaye ride liya Yatra pe naqad,205,travel,cash,,niyo,hinglish_natural
today i spent 9201 on Lenskart via card from my Federal Bank bank,9201,healthcare,card,,federal bank,voice_transcript
₹3333 to Priya Paytm UPI,3333,friends,upi,paytm,,friends_synthetic
Payment of INR 2086 to flatmate was successful via G Pay UPI Ref No 244429345462665 ICICI Bank Account 2414,2086,friends,upi,gpay,icici,ocr_upi
"Receipt #2382
Amazon Prime
Amount Paid: 351.37
Mode: CARD",351.37,entertainment,card,,,ocr_receipt
Cleartrip ₹161.61 Paytm,161.61,travel,upi,paytm,,english_natural
Just paid 349 to DishTV through paytm,349,utilities,upi,paytm,,english_natural
Angel One ka 43484 rupees ka bill card se pay kiya,43484,investment,card,,hdfc,voice_transcript
sent money to roommate 1139 on Gpay,1139,friends,upi,gpay,,friends_synthetic
Bajaj Finance EMI ka installment diyee 23524 rs credit card se,23524,emi,card,,,hinglish_natural
Paid t366.09 to BYJU'S Phone Pe UPI SBI 3727 Successful,366.09,education,upi,phonepe,sbi,ocr_upi
Starbucks R 2643 debited from icici,2643,food,card,,icici,english_natural
G Pay payment Rs33181.81 HP Petrol PNB 8330 successful,33181.81,travel,upi,gpay,pnb,ocr_upi
sent Rs.4616 to friend on Gpay,4616,friends,upi,gpay,,friends_synthetic
dopahar ko MakeMyTrip 2668 rupaye Paytm pe,2668,travel,upi,paytm,,hinglish_natural
car loan EMI se installment de diye 19951 rupees ka via Fi Money,19951,emi,upi,fi,,hinglish_natural
"LENSKART
Item 1 50
Item 2 ₹130
Total INR 392
cred",392,shopping,upi,cred,,ocr_receipt
"Apollo Pharmacy BILL
St: 35199.99
CARD approved",35199.99,healthcare,card,,icici,ocr_receipt
Mutual fund SIP INR 29688,29688,investment,upi,cred,kotak,source_english
school fees me 1697 rupaye ka admission kia card se pay kiyaa hdfc wale account se,1697,education,card,,hdfc,hinglish_natural
paid 4843 to exam fee through card,4843,education,card,,,voice_transcript
sent Rs100 to friend on SLICE,100,friends,upi,slice,,friends_synthetic
Lenskart mein 16261 lag gaye Google Pay se bhara,16261,shopping,upi,gpay,,voice_transcript
659 doctor ko die Apollo Pharmacy pe GPay pe,659,healthcare,upi,gpay,icici,hinglish_natural
UPI/82628549/SOCIETY MAINTENANCE/SBI,289.11,utilities,card,,sbi,english_natural
office se aate hue 361 rs. checkup karaya Practo pe Paytm se,361,healthcare,upi,paytm,,hinglish_natural
Haldirams 2518 niyo,2518,food,upi,niyo,,english_natural
Meesho se saman le liya 3072 ka card se pay kar diya,3072,shopping,card,,canara,hinglish_natural
"H&M RESTAURANT
Total 30096.08
Cash Received
Change 0.00",30096.08,shopping,card,,kotak,ocr_receipt
PVR 53 rs. card se,53,entertainment,card,,sbi,hinglish_natural
maine 3722 rupaye Subway ko diye cash se,3722,food,cash,,,voice_transcript
ghar jaate waqt Bajaj Finance EMI ka loan payment kiya 46 rs. card se pay kr diya SBI se kata bhai,46,emi,card,,sbi,hinglish_natural
raat ko education loan EMI se EMI bhra 25578 rs ka debit card se,25578,emi,card,,,hinglish_natural
TO:MALL mall.49487@icicibank From:RAHULKUMAR (ICICI Fi Money : sender8387@okicicibank,33,shopping,upi,fi,icici,ocr_upi
grocery vegetables milk bread fruits 93 paid gpay,93,food,upi,gpay,hdfc,cue_row
Bought JioCinema for Rs2886.54 with NIYO,2886.54,entertainment,upi,niyo,sbi,english_natural
Myntra pe 1953 rupaye ka order kia Phonepe se pay kar diya achha deal mila,1953,shopping,upi,phonepe,,hinglish_natural
Apple Music 1719 ₹ card se,1719,entertainment,card,,,hinglish_natural
paid 18120 to Cleartrip through cash,18120,travel,cash,,,voice_transcript
breakfast snacks chai coffee ₹491 Gpay,491,food,upi,gpay,sbi,cue_row
office se aate hue flatmate ka split kr diya 512 rupaye Niyo se HDFC Bank account se,512,friends,upi,niyo,hdfc,hinglish_natural
dentist se doctor ko die 13814 rupaiye ka UPI se pay kia,13814,healthcare,upi,phonepe,,hinglish_natural
Flipkart order INR 38929,38929,shopping,card,,bob,source_english
raat ko library se course lia 119 rupaye ka Slice se pay kia sasta tha,119,education,upi,slice,sbi,hinglish_natural
car loan EMI 2091 rupees credit card se,2091,emi,card,,sbi,hinglish_natural
Rs.389 to Airtel recharge via PhonePe,389,utilities,upi,phonepe,,english_natural
crypto gold bonds NPS portfolio Rs.12746 phonepe,12746,investment,upi,phonepe,,cue_row
Hotel booking INR 12291,12291,travel,card,,,source_english
Paid ₹1816 for EaseMyTrip via cash,1816,travel,cash,,,english_natural
Netmeds 128.11 jupiter,128.11,healthcare,card,,jupiter,english_natural
bike loan EMI 2035 Mastercard,2035,emi,card,,,english_natural
Used icici gpay to pay Rs 319 for home loan EMI,319,emi,upi,gpay,icici,english_natural
Used Jupiter cash to pay 12605.21 for flatmate,12605.21,friends,cash,,jupiter,english_natural
4829 rupaiye canteen jupiter pe,4829,food,upi,jupiter,hdfc,hinglish_natural
sent money to flatmate ₹2453 on cred,2453,friends,upi,cred,,friends_synthetic
1mg se doctor ko diye 4126 rupees ka Bhim pe HDFC Bank card se,1,healthcare,upi,bhim,hdfc,hinglish_natural
i did 124 expense on Zerodha using jupiter,124,investment,upi,jupiter,,voice_transcript
₹15061 charged for doctor on Visa,15061,healthcare,card,,hdfc,english_natural
4942 rupees buy kar diya Meesho pe UPI se pay kiyaa,4942,shopping,upi,cred,,hinglish_natural
"BILL
BookMyShow
₹32
SLICE
Thank You Visit Again",32,entertainment,upi,slice,,ocr_receipt
Payment of R 1896.95 to Tata Play was successful via phonepe UPI Ref No 9729678286 Axis Account 3532,1896.95,utilities,upi,phonepe,axis,ocr_upi
Unacademy se tuition diy 41435 rupaiye ka naqad matlab,41435,education,cash,,,hinglish_natural
BookMyShow ka show dekha 14255 rupaye Phonepe se,14255,entertainment,upi,phonepe,,hinglish_natural
Bought Apollo Pharmacy for Rs2778.40 with Visa,2778.40,healthcare,card,,,english_natural
Used State Bank Mastercard to pay 3352 for concert,3352,entertainment,card,,sbi,english_natural
Cleartrip 1133.47,1133.47,travel,cash,,,english_natural
flatmate rent share 987 Paytm Arjun,987,friends,upi,paytm,sbi,friends_synthetic
i did 4676 expense on school fees using cash,4676,education,cash,,,voice_transcript
diagnostic ₹423.66 cash,423.66,healthcare,cash,,,english_natural
17683 EMI bharaa HDFC loan ko card se,17683,emi,card,,,hinglish_natural
4271.02 charged for lab test on cash,4271.02,healthcare,cash,,kotak,english_natural
spent 2699 rupees on Lenskart via cash,2699,shopping,cash,,,voice_transcript
aaj books ka fees bhara 139 ₹ card se pay kiyaa Kotak Mahindra se kata,139,education,card,,kotak,hinglish_natural
Kuvera 10455.82 Bhim,10455.82,investment,upi,bhim,,english_natural
rent maintenance gas connection t887 card,887,utilities,card,,,cue_row
flight booking travel ticket R 4731 cash,4731,travel,cash,,,cue_row
PPF se invest kia 226 rupaye ka credit card se,226,investment,card,,hdfc,hinglish_natural
concert me 40508 rupaye ka subscription renew kya credit card se,40508,entertainment,card,,rbl,hinglish_natural
aaj Airtel recharge pe 217 rupaye kharcha hua PayTM se,217,utilities,upi,paytm,,voice_transcript
"Vedantu 4358 Completed 3Apr 2026,5:35 pm HDFC Bank 5259 UPI transaction ID 8263769246105",4358,education,upi,cred,hdfc,ocr_upi
dentist ka medicine lia 44 rs UPI se de diya,44,healthcare,upi,paytm,,hinglish_natural
254 SpiceJet,254,travel,card,,,english_natural
ATM/CASH/HDFC/2736,2736,travel,card,,hdfc,english_natural
maine 491 rupaye Neha ko diye BHIM se,491,friends,upi,bhim,,voice_transcript
INR 2802.31 paid to Karan via Bhim UPI from HDFC Bank ending 7839,2802.31,friends,upi,bhim,hdfc,ocr_upi
Nykaa ka saman liya 2753 rupees Phone Pe se pay kiyaa,2753,shopping,upi,phonepe,,hinglish_natural
Phone Pe payment 3009 Practo kotak 6837 successful,3009,healthcare,upi,phonepe,kotak,ocr_upi
Bought PharmEasy for Rs 74 with cash,74,healthcare,cash,,niyo,english_natural
College fees payment INR 48826,48826,education,card,,,source_english
split bill 261 fi se roommate ko diya,261,friends,upi,fi,,friends_synthetic
sent ?22615 to Priya on Paytm,22615,friends,upi,paytm,icici,friends_synthetic
Zee5 1903 ₹ debit card se,5487,entertainment,card,,,source_hinglish
society maintenance 255 ₹ paytm se pay kar diya,255,utilities,upi,paytm,,hinglish_natural
home loan car loan credit card EMI monthly 2188 autopay card,2188,emi,card,,,cue_row
spent 3659 rupees on society maintenance via slice,3659,utilities,upi,slice,,voice_transcript
Payment of 2785 to college fees was successful via CRED UPI Ref No 1012457181 HDFC Bank Account 8895,2785,education,upi,cred,hdfc,ocr_upi
home loan car loan credit card EMI monthly R 3594 autopay card,3594,emi,card,,hdfc,cue_row
4614 rupees test karaya Lenskart ko debit card se,4614,healthcare,card,,,hinglish_natural
"TAX INVOICE
PharmEasy
Grand Total: R 18188.38
Payment: CASH",18188.38,healthcare,cash,,,ocr_receipt
3751 rupay auto cash me,3751,travel,cash,,,hinglish_natural
"Lenskart BILL
St: ₹192.68
CARD APPROVED",192.68,shopping,card,,,ocr_receipt
Pharmacy medicine purchase INR 15868,15868,healthcare,upi,gpay,,source_english
COIN INR 1413,1413,investment,card,,,english_natural
3423 ka Behrouz bill pay kiya Gpay se NIYO se kata,3423,food,upi,gpay,niyo,voice_transcript
Paid Rs.13787 for McDonald's from my Slice account via cash,13787,food,cash,,slice,english_natural
3648 rs home loan EMI UPI se,3648,emi,upi,fi,,hinglish_natural
dinner split 1233 rupaye flatmate Slice,1233,friends,upi,slice,,friends_synthetic
Rahul se paise bheje 232 rupaiye ka Gpay pe Jupiter se kata,232,friends,upi,gpay,jupiter,hinglish_natural
UPI/25908033/SIP/SLICE,196.03,investment,upi,gpay,slice,english_natural
office se aate hue education loan EMI pe 118 rupaiye ka loan payment kar diya Slice se pay kar diya,118,emi,upi,slice,,hinglish_natural
coaching exam preparation study material ₹3601 cash,3601,education,cash,,,cue_row
1255 rupaye checkup karaya dentist ko card se,1255,healthcare,card,,jupiter,hinglish_natural
EatFit se khana khayaa 35598 rupaiye ka debit card se,35598,food,card,,,hinglish_natural
amazon flipkart myntra online shopping order Rs 41111 Gpay,41111,shopping,upi,gpay,,cue_row
445 rupaiye bill bharra electricity bill pe UPI se diye,36285,utilities,upi,gpay,,source_hinglish
"NETFLIX RESTAURANT
Total 88.92
Cash Received
Change 0.00",88.92,entertainment,card,,,ocr_receipt
3436 rs. Dominos debit card se,3436,food,card,,,hinglish_natural
Payment of Rs 7629 to Airtel recharge was successful via fi UPI Ref No 028591565817 SBI Account 4577,7629,utilities,upi,fi,sbi,ocr_upi
lunch dinner food order swiggy zomato restaurant meal ₹483 phonepe,483,food,upi,phonepe,,cue_row
phonepe payment INR 44708 Barbeque Nation axis 4891 successful,44708,food,upi,phonepe,axis,ocr_upi
547 rupay saman liyaa Snapdeal pe card se IDFC card se,547,shopping,card,,idfc,hinglish_natural
bhim payment 3626 PharmEasy SBI 1858 done,3626,healthcare,upi,bhim,sbi,ocr_upi
Rahul ka split kar diya 461 via slice HDFC wale account se,461,friends,upi,slice,hdfc,hinglish_natural
Bought restaurant for INR 311.00 with cash,311.00,food,cash,,,english_natural
Used Canara Bank niyo to pay ?3313.56 for FreshMenu,3313.56,food,upi,niyo,canara,english_natural
Zee5 Rs 397 debited from axis,397,entertainment,upi,gpay,axis,english_natural
7462 paid to home loan EMI via Phone Pe from Axis Bank,7462,emi,upi,phonepe,axis,english_natural
"BookMyShow 23657 Completed 17Dec 2026,7:36 am Indusind Bank 4379 UPI transaction ID 174279792519",23657,entertainment,upi,slice,indusind,ocr_upi
Rahul mein 4205 lag gaye cash se bhara,4205,friends,cash,,,voice_transcript
medical checkup lab test health insurance Rs 2693 Cred,2693,healthcare,upi,cred,hdfc,cue_row
Just paid Rs.31407 to Zerodha through credit card,31407,investment,card,,,english_natural
49964 ka stationery bill pay kiya Google Pay se,49964,education,upi,gpay,,voice_transcript
Unacademy payment INR 313.12 done via Google Pay,313.12,education,upi,gpay,,english_natural
t1286 paid to YouTube Premium via debit card from Bank of Baroda,1286,entertainment,card,,bob,english_natural
POS/BOOKS/GPAY/3472,4012.29,education,upi,gpay,,english_natural
yaar 2867 rs. Ola card se pay kar diya,2867,travel,card,,,hinglish_natural
medical checkup lab test health insurance Rs.281 BHIM,281,healthcare,upi,bhim,,cue_row
95 Apollo Pharmacy phonepe pe,95,healthcare,upi,phonepe,icici,hinglish_natural
"D MALL 308.19 Completed 14Jan 2026,9:25 pm hdfc Bank 9304 UPI transaction ID 0709419572416 TO:MALL mall.83063@hdfcbank Googletransaction lD XYZabc369810 OPI GPay",308.19,shopping,upi,gpay,hdfc,ocr_upi
dinner split 3698 rupaye Vikram Paytm,3698,friends,upi,paytm,idfc,friends_synthetic
5978 rs Reliance Digital credit card se,5978,shopping,card,,fi,hinglish_natural
kal 356 HDFC loan cred pe,356,emi,upi,cred,,hinglish_natural
Paid INR 835 to insurance premium PhonePe UPI Punjab National Bank 8572 Done,835,utilities,upi,phonepe,pnb,ocr_upi
48610 khareed le liya Snapdeal pe card se,48610,shopping,card,,hdfc,hinglish_natural
"D PRIYA 36584.68 Completed 7Jan 2026,4:16 pm sbi Bank 5405 UPI transaction ID 57365404492728 TO:PRIYA priya.17570@sbibank Goog1etransaction lD CICAgJjg178836 OPI bhim",36584.68,friends,upi,bhim,sbi,ocr_upi
258 ₹ checkup karaya hospital ko credit card se,258,healthcare,card,,,hinglish_natural
26094 rupaye bill pay kiya rent ko debit card se,26094,utilities,card,,,hinglish_natural
uber ola cab ride airport train ticket 281 card,281,travel,card,,union bank,cue_row
Spent Rs.143.23 on Nykaa using GPay,143.23,shopping,upi,gpay,,english_natural
flatmate rent share 4077 phonepe flatmate,4077,friends,upi,phonepe,,friends_synthetic
Paid R 2670.26 for car loan EMI from my SLICE account via debit card,2670.26,emi,card,,slice,english_natural
32784 paid to BYJU'S via PhonePe UPI from axis Bank ending 8709,32784,education,upi,phonepe,axis,ocr_upi
Zerodha pe 2462 ka mutual fund kar diya credit card se zyada ho gaya,2462,investment,card,,,hinglish_natural
272 ka Hotstar bill pay kiya card se State Bank se kata,272,entertainment,card,,sbi,voice_transcript
library se tuition diy 22446 rupay ka credit card se,22446,education,card,,hdfc,hinglish_natural
SBI loan 2084 ₹ debit card se Fi se kata,2084,emi,card,,fi,hinglish_natural
ATM/CASH/BANK/39696.65,39696.65,food,upi,gpay,,english_natural
Karan 303,303,friends,upi,gpay,,english_natural
Barbeque Nation 3375,3375,food,cash,,,english_natural
Rohan ka split kiya 4267 rupees UPI se diyee Fi Money card se,4267,friends,upi,paytm,fi,hinglish_natural
"market 833 Completed 9Dec 2025,1:37 pm IndusInd 9609 UPI transaction ID 3944532217841",833,shopping,upi,jupiter,indusind,ocr_upi
aaj Swiggy pe 48 rupaye kharcha hua CRED se,48,food,upi,cred,,voice_transcript
gas bill 3553 debited from HDFC Bank,3553,utilities,upi,gpay,hdfc,english_natural
"Receipt #5382
Amazon Prime
Amount Paid: 1734
Mode: CARD",1734,entertainment,card,,,ocr_receipt
Fixed deposit investment INR 4831,4831,investment,upi,slice,,source_english
coaching exam preparation study material 42392 card,42392,education,card,,sbi,cue_row
home loan car loan credit card EMI monthly ₹2249 autopay card,2249,emi,card,,hdfc,cue_row
eye checkup 186 bhim,186,healthcare,upi,bhim,,english_natural
electronics store INR 109 cash,109,shopping,cash,,,english_natural
bhai Coursera 6141 rupees cash me,6141,education,cash,,niyo,hinglish_natural
"Receipt #2359
dentist
Amount Paid: ₹33484
Mode: Paytm",33484,healthcare,upi,paytm,hdfc,ocr_receipt
eye checkup 4065,4065,healthcare,upi,phonepe,,english_natural
"TAX INVOICE
Spotify
Grand Total: INR 2271
Payment: CARD",2271,entertainment,card,,,ocr_receipt
GPay payment Rs 20815 Netflix HDFC Bank 2677 completed,20815,entertainment,upi,gpay,hdfc,ocr_upi
PPF contribution INR 45976,45976,investment,upi,slice,,source_english
subah Spotify se movie dekhi 2478 rupay ka UPI se diyee,2478,entertainment,upi,phonepe,jupiter,hinglish_natural
Divya 2497 Phonepe Successful ICICI Bank 5480,2497,friends,upi,phonepe,icici,ocr_upi
maine 45295 rupaye Yatra ko diye cash se,45295,travel,cash,,,voice_transcript
netflix spotify hotstar subscription movie show ₹4058 card,4058,entertainment,card,,,cue_row
Paid 35621.36 to Reliance Fresh jupiter UPI SBI 1218 Completed,35621.36,food,upi,jupiter,sbi,ocr_upi
yaar ka 26212 rupees ka bill Fi Money se pay kiya,26212,friends,upi,fi,,voice_transcript
electronics store ka khareed lya 36987 rs. credit card se,36987,shopping,card,,,hinglish_natural
Hospital bill INR 27508,27508,healthcare,cash,,,source_english
sent money to Priya 6967 on cash,6967,friends,cash,,hdfc,friends_synthetic
38376 rupay Spotify UPI se de diye bhai,38376,entertainment,upi,gpay,,hinglish_natural
48879 rs BYJU'S Gpay se,48879,education,upi,gpay,,hinglish_natural
Cafe coffee INR 19701,19701,food,upi,paytm,hdfc,source_english
2393 cash Uber,2393,travel,cash,,,english_natural
aaj flatmate pe 4423 rupaye kharcha hua Paytm se,4423,friends,upi,paytm,hdfc,voice_transcript
McDonald's mein 39527 lag gaye paytm se bhara,39527,food,upi,paytm,axis,voice_transcript
"TAX INVOICE
Apollo Pharmacy
Grand Total: ₹38093.32
Payment: CARD",38093.32,healthcare,card,,hdfc,ocr_receipt
mobile recharge 1237 rupay UPI se pay kya,1237,utilities,upi,gpay,,hinglish_natural
"CLINIC
Item 1 308
Item 2 ₹210
Total Rs.4168.82
paytm",4168.82,healthcare,upi,paytm,,ocr_receipt
SIP t4256 Phonepe,4256,investment,upi,phonepe,,english_natural
3423 rupay Bharat Petroleum UPI se pay kar diya,3423,travel,upi,gpay,,hinglish_natural
"MedPlus
Net Amount 4137.85
Paid via CARD",4137.85,healthcare,card,,sbi,ocr_receipt
11637 rupaye CCD UPI se diy,11637,food,upi,gpay,,hinglish_natural
Paid Myntra Rs1810 using cash from sbi,1810,shopping,cash,,sbi,english_natural
Payment of Rs.42866 to Snapdeal was successful via GPay UPI Ref No 3978341270834 sbi Account 9665,42866,shopping,upi,gpay,sbi,ocr_upi
Gaana se subscription renew kar diya 37 rs ka UPI se pay kar diya,37,entertainment,upi,fi,union bank,hinglish_natural
yaar 260 ₹ lab test credit card se,260,healthcare,card,,,hinglish_natural
colleague ka 3328 rupees ka bill cred se pay kiya,3328,friends,upi,cred,,voice_transcript
bhai crypto ka 824 rupaye paytm se de diya,824,investment,upi,paytm,,voice_transcript
22979.68 to gas bill via phonepe Axis Bank account,22979.68,utilities,upi,phonepe,axis,english_natural
subah Snapdeal 447 rupees card se,447,shopping,card,,sbi,hinglish_natural
Pizza delivery INR 36961,36961,food,upi,niyo,,source_english
9901 rs Rahul Slice se pay kiyaa,9901,friends,upi,slice,,hinglish_natural
maine 3690 rupaye IRCTC ko diye Fi se,3690,travel,upi,fi,,voice_transcript
Haldirams Rs 320.74 gpay,320.74,food,upi,gpay,sbi,ocr_upi
IndiGo 235 Jupiter Payment done ICICI 7151,235,travel,upi,jupiter,icici,ocr_upi
"D GROWW 47874 Completed 16Jan 2026,4:55 pm State Bank Bank 5287 UPI transaction ID 18703950888 TO:GROWW groww.77733@state bankbank Googletransaction lD CICAgJjg594021 OPI gpay",47874,investment,upi,gpay,sbi,ocr_upi
FD ka mutual fund kia 3932 rupees UPI se achha deal mila,3932,investment,upi,slice,,hinglish_natural
office se aate hue Neha 209 rupees UPI se,209,friends,upi,gpay,,hinglish_natural
Lunch at hotel INR 12649,12649,food,upi,gpay,,source_english
home loan EMI pe 538 rupaiye ka installment diye card se pay kr diya ICICI Bank wale account se bc,538,emi,card,,icici,hinglish_natural
maine 47498 rupaye Neha ko diye cash se,47498,friends,cash,,,voice_transcript
"D BYJU'S 3578 Completed 18Mar 2026,5:04 pm BOB Bank 3494 UPI transaction ID 1120150261 TO:BYJU'S byju's.53945@bobbank Googletransaction lD XYZabc277141 OPI Jupiter",3578,education,upi,jupiter,bob,ocr_upi
PVR me 627 rupaiye ka movie dekhi card se hdfc se,627,entertainment,card,,hdfc,hinglish_natural
POS/PAYTM MONEY/MASTERCARD/8292,399,investment,card,,,english_natural
hospital doctor pharmacy medicine diagnostic Rs47755 PhonePe,47755,healthcare,upi,phonepe,,cue_row
2726.54 paid to YouTube Premium via PayTM UPI from idfc Bank ending 1967,2726.54,entertainment,upi,paytm,idfc,ocr_upi
1359 mangwaya Swiggy ko UPI se diye SBI wale account se,1359,food,upi,phonepe,sbi,hinglish_natural
i paid 56 rupees for Haldirams using Paytm,56,food,upi,paytm,slice,voice_transcript
289 charged for Karan on cash,289,friends,cash,,,english_natural
bhai Divya pe 683 rupaye ka split kia Phone Pe pe,683,friends,upi,phonepe,,hinglish_natural
i did 36186 expense on Zomato using cash,36186,food,cash,,,voice_transcript
7231 rupaye saman lia Ajio ko card se pay kar diya Kotak Mahindra se,4429,shopping,card,,kotak,source_hinglish
aaj market pe 68 rupaye kharcha hua cash se,68,shopping,cash,,,voice_transcript
33025 rupees doctor ko de diye doctor pe debit card se,33025,healthcare,card,,,hinglish_natural
abhi SonyLIV 1069 rupay card se,1069,entertainment,card,,pnb,hinglish_natural
PPF 14925,14925,investment,upi,slice,,english_natural
Paid 303 for Groww via Mastercard,303,investment,card,,icici,english_natural
29106 ₹ lab test GPay se pay kia,17888,healthcare,upi,gpay,,source_hinglish
paid 204 to Unacademy through phonepe,204,education,upi,phonepe,,voice_transcript
"MARKET
Item 1 ₹226
Item 2 ₹103
Total ₹48332
CARD",48332,shopping,card,,,ocr_receipt
₹109.88 charged for tuition on Mastercard,109.88,education,card,,,english_natural
INR 292 paid to PPF via Jupiter UPI from Axis Bank ending 8193,292,investment,upi,jupiter,axis,ocr_upi
POS/DUNKIN/CRED/5543,4384,food,upi,cred,slice,english_natural
school college tuition course books fees Rs.72 card,72,education,card,,,cue_row
33712 Lenskart,33712,shopping,card,,slice,english_natural
split bill 7504 cash se Amit ko diya,7504,friends,cash,,,friends_synthetic
doctor ka medicine liyaa 2757 ₹ UPI se die,2757,healthcare,upi,slice,,hinglish_natural
"Spotify
Net Amount 214
Paid via GPay",214,entertainment,upi,gpay,,ocr_receipt
sent Rs.448 to friend on G Pay split bill UPI,448,friends,upi,gpay,,cue_row
friend 2915 debited from axis,2915,friends,upi,phonepe,axis,english_natural
4138 rupay petrol bharaa HP Petrol pe slice se pay kr diya Kotak card se,4138,travel,upi,slice,kotak,hinglish_natural
Behrouz 83 rs. haath se de diye,83,food,cash,,,hinglish_natural
netflix spotify hotstar subscription movie show ₹2675 bhim,2675,entertainment,upi,bhim,,cue_row
hospital doctor pharmacy medicine diagnostic Rs 433 card,433,healthcare,card,,,cue_row
2039 ka Tata Play bill pay kiya card se,2039,utilities,card,,,voice_transcript
BIKE LOAN EMI INR 25140.77,25140.77,emi,upi,gpay,,english_natural
Ananya ko 12779 transfer kiya PayTM se,12779,friends,upi,paytm,hdfc,friends_synthetic
raat ko Arjun 3941 rupaiye credit card se bc,3941,friends,card,,,hinglish_natural
HDFC loan 35521,35521,emi,upi,paytm,axis,english_natural
Just paid INR 2005 to electricity bill through cred,2005,utilities,upi,cred,,english_natural
home loan EMI ₹34035.02 debit card,34035.02,emi,card,,,english_natural
"Haldirams
Net Amount 171.33
Paid via slice",171.33,food,upi,slice,sbi,ocr_receipt
302 rupay FD card se pay kiya yaar,302,investment,card,,idfc,hinglish_natural
Spotify 14766 ₹ UPI se de diya,14766,entertainment,upi,phonepe,,hinglish_natural
friend 2453 rupees SLICE pe bc,2453,friends,upi,slice,,hinglish_natural
"BILL
MedPlus
Rs.1078
CARD
Thank You Visit Again",1078,healthcare,card,,,ocr_receipt
4914 rs Coin debit card se achha deal mila,4914,investment,card,,axis,hinglish_natural
Cafe coffee INR 11491,11491,food,upi,phonepe,,source_english
abhi 2435 rupaye books le liya coaching pe card se,2435,education,card,,,hinglish_natural
411 rupaiye cab lya petrol pump ko card se Yes Bank account se,411,travel,card,,yes bank,hinglish_natural
3076 rs cab lia RedBus pe card se State Bank se,6702,travel,card,,sbi,source_hinglish
Apple Music 1031.26 Fi Money,1031.26,entertainment,card,,fi,english_natural
yaar 135 rupaye dawai lia hospital ko via phonepe,135,healthcare,upi,phonepe,,hinglish_natural
Paid 4107 for Bharat Petroleum via cash,4107,travel,cash,,,english_natural
friend se transfer kr diya 1158 rupay ka cash me,1158,friends,cash,,,hinglish_natural
i paid 2825 rupees for credit card EMI using GPay,2825,emi,upi,gpay,,voice_transcript
3014 rupaye bill bhra Tata Play ko haath se de diye Indusind Bank card se,3014,utilities,cash,,indusind,hinglish_natural
Spent ₹279 on Vedantu using card,279,education,card,,yes bank,english_natural
INR 220 charged for car loan EMI on debit card,220,emi,card,,,english_natural
maine 572 rupaye market ko diye cash se,572,shopping,cash,,,voice_transcript
Angel One 21,21,investment,card,,,english_natural
UPI/24054760/SCHOOL FEES/BANK,4156,education,cash,,,english_natural
yaar 461 Airtel recharge GPay se pay kia,461,utilities,upi,gpay,,hinglish_natural
"Netmeds
Net Amount 4003
Paid via CASH",4003,healthcare,cash,,icici,ocr_receipt
library 1773 rupaye haath se die,1773,education,cash,,jupiter,hinglish_natural
Arjun payment ₹309 done via cred,309,friends,upi,cred,jupiter,english_natural
dinner split 5381 rupaye Rohan BHIM,5381,friends,upi,bhim,icici,friends_synthetic
Neha mein 406 lag gaye Phone Pe se bhara,406,friends,upi,phonepe,,voice_transcript
Starbucks ka khana kha liya 34180 rupay naqad,34180,food,cash,,,hinglish_natural
Starbucks pe 2781 rupaye ka food order kar diya credit card se,2781,food,card,,,hinglish_natural
spent 49493 rupees on JioCinema via card,49493,entertainment,card,,,voice_transcript
Nature's Basket mein 1048 lag gaye gpay se bhara,1048,food,upi,gpay,,voice_transcript
yaar 437 rupees dost ko die Karan ko UPI se diyee,437,friends,upi,paytm,hdfc,hinglish_natural
Faasos ka khana order kar diya 239 rupaiye UPI se,239,food,upi,gpay,,hinglish_natural
BYJU'S 42684 GPay,42684,education,upi,gpay,canara,ocr_upi
"DENTIST
Item 1 ₹404
Item 2 Rs 400
Total ?485
Paytm",485,healthcare,upi,paytm,,ocr_receipt
Payment of Rs 292 to electronics store was successful via Phonepe UPI Ref No 82202204106 SBI Account 5418,292,shopping,upi,phonepe,sbi,ocr_upi
Amit payment Rs31995.58 done via Gpay,31995.58,friends,upi,gpay,slice,english_natural
42310 rs. SIP bharra stocks ko PayTM se pay kr diya,42310,investment,upi,paytm,,hinglish_natural
dopahar ko flatmate se paise bheje 482 rupaye ka UPI se bohot mehenga,482,friends,upi,slice,icici,hinglish_natural
Paid ?15306.10 to RedBus PayTM UPI HDFC 9864 Done,15306.10,travel,upi,paytm,hdfc,ocr_upi
"BILL
MedPlus
t3311
CASH
Thank You Visit Again",3311,healthcare,cash,,sbi,ocr_receipt
bhai Divya ka 127 rupaye cash se de diya,127,friends,cash,,slice,voice_transcript
food court mein 23651 lag gaye Phonepe se bhara,23651,food,upi,phonepe,,voice_transcript
i did 200 expense on Uber using cash,200,travel,cash,,,voice_transcript
4909.02 paid to Faasos via Phonepe from HDFC Bank,4909.02,food,upi,phonepe,hdfc,english_natural
"Bharat Petroleum 4194.56 Completed 28Dec 2026,4:32 am ICICI 9601 UPI transaction ID 98122396575376",4194.56,travel,upi,niyo,icici,ocr_upi
"market BILL
St: Rs1208
CARD Approved",1208,shopping,card,,,ocr_receipt
maine 36868 rupaye Nykaa ko diye Phonepe se,36868,shopping,upi,phonepe,,voice_transcript
aaj Tata Play se bill pay kia 462 ₹ ka UPI se matlab,462,utilities,upi,jupiter,,hinglish_natural
Angel One 747 rupees card se,747,investment,card,,,hinglish_natural
3801 rs. transfer kya Amit pe Gpay se,3801,friends,upi,gpay,,hinglish_natural
i did 36185 expense on Zee5 using Cred,36185,entertainment,upi,cred,,voice_transcript
Rs 338.28 to credit card EMI via Mastercard,338.28,emi,card,,,english_natural
49593 rs. bill bharaa Airtel recharge ko haath se diy,49593,utilities,cash,,,hinglish_natural
upGrad 8586 credit card se,8586,education,card,,federal bank,hinglish_natural
"Receipt #6015
Lenskart
Amount Paid: Rs 466
Mode: CARD",466,healthcare,card,,,ocr_receipt
medical checkup lab test health insurance ?3236 card,3236,healthcare,card,,,cue_row
2105 rs Indian Oil UPI se pay kya,2105,travel,upi,cred,slice,hinglish_natural
₹27606 paid to Angel One via debit card from IDFC,27606,investment,card,,idfc,english_natural
spent 4127 rupees on FD via card,4127,investment,card,,kotak,voice_transcript
mall mein 127 lag gaye GPay se bhara,127,shopping,upi,gpay,fi,voice_transcript
yaar ko 3252 transfer kiya GPay se,3252,friends,upi,gpay,,friends_synthetic
ET Money mein 355 lag gaye GPay se bhara,355,investment,upi,gpay,,voice_transcript
petrol pump mein 205 lag gaye card se bhara,205,travel,card,,slice,voice_transcript
KFC ka mangwaya 2019 rs haath se de diya,2019,food,cash,,indusind,hinglish_natural
aaj 3012 rupay BookMyShow UPI se,3012,entertainment,upi,jupiter,canara,hinglish_natural
Paid Jio recharge Rs.47933 using Mastercard,47933,utilities,card,,,english_natural
office se aate hue coaching me 1818 rupees ka fees bhar diya cash me,1818,education,cash,,,hinglish_natural
Myntra ka khareed lia 82 rupay naqad HDFC se,82,shopping,cash,,hdfc,hinglish_natural
RAHUL INR 126,126,friends,upi,gpay,,english_natural
colleague se paise bheje 1282 rs ka UPI se diy,1282,friends,upi,paytm,hdfc,hinglish_natural
475 rupees game lya JioCinema pe UPI se,475,entertainment,upi,bhim,,hinglish_natural
INOX 90 Slice,90,entertainment,upi,slice,hdfc,english_natural
i paid 4879 rupees for Shreya using Gpay,4879,friends,upi,gpay,,voice_transcript
spent 257 rupees on friend via Jupiter,257,friends,upi,jupiter,axis,voice_transcript
kal BigBasket 1921 naqad Jupiter account se,1921,food,cash,,jupiter,hinglish_natural
subah 442 rs. bill pay kya rent ko UPI se de diye,442,utilities,upi,gpay,,hinglish_natural
"H&M RESTAURANT
Total 1641.39
Cash Received
Change 0.00",1641.39,shopping,upi,phonepe,,ocr_receipt
SIP ka 1435 rupees ka bill card se pay kiya,1435,investment,card,,hdfc,voice_transcript
NEFT/TRANSFER/YATRA/,41308,travel,upi,gpay,,english_natural
aaj Neha pe 36220 rupaye kharcha hua PayTM se,36220,friends,upi,paytm,,voice_transcript
sent ?499 to Ananya on phonepe,499,friends,upi,phonepe,,friends_synthetic
bhai Bajaj Finance EMI ka 36995 rupaye card se de diya,36995,emi,card,,hdfc,voice_transcript
"BILL
Amazon Prime
₹4128
CARD
Thank You Visit Again",4128,entertainment,card,,hdfc,ocr_receipt
Paid Rs.2310 to insurance premium PayTM UPI ICICI Bank 2324 Completed,2310,utilities,upi,paytm,icici,ocr_upi
aaj credit card EMI pe 272 rupaye kharcha hua card se,272,emi,card,,,voice_transcript
"TAX INVOICE
clinic
Grand Total: ₹31188.61
Payment: CARD",31188.61,healthcare,card,,,ocr_receipt
Ananya 4362 rs UPI se die,4362,friends,upi,paytm,hdfc,hinglish_natural
aaj Ananya pe 132 rupaye kharcha hua card se,132,friends,card,,,voice_transcript
dopahar ko books ka fees bhra 24382 ₹ credit card se,24382,education,card,,fi,hinglish_natural
POS/HOME LOAN EMI/MASTERCARD/1159,23873,emi,card,,,english_natural
aaj NPS se paisa daala 2600 rupees ka Slice se pay kiyaa,2600,investment,upi,slice,,hinglish_natural
ATM/CASH/FI/150,150,education,upi,bhim,fi,english_natural
Rs.313 paid to Vi recharge via Phone Pe UPI from Axis Bank Bank ending 4700,313,utilities,upi,phonepe,axis,ocr_upi
split bill 4137 G Pay se Priya ko diya,4137,friends,upi,gpay,,friends_synthetic
Rs.169.35 paid to books via GPay UPI from ICICI Bank Bank ending 5917,169.35,education,upi,gpay,icici,ocr_upi
aaj diagnostic pe 1431 rupaye kharcha hua Phone Pe se,1431,healthcare,upi,phonepe,,voice_transcript
Spent 4241 on tuition using Visa,4241,education,card,,,english_natural
spent 5889 rupees on PPF via card,5889,investment,card,,kotak,voice_transcript
amazon flipkart myntra online shopping order Rs222 jupiter,222,shopping,upi,jupiter,pnb,cue_row
i paid 20872 rupees for education loan EMI using card,20872,emi,card,,,voice_transcript
Arjun Rs 3570.74 Bhim,3570.74,friends,upi,bhim,hdfc,ocr_upi
paid 2889 to Vedantu through card,2889,education,card,,,voice_transcript
gaming concert event ticket INR 281 paytm,281,entertainment,upi,paytm,,cue_row
Bajaj Finance EMI ka loan payment kar diya 2113 rupay debit card se Kotak Mahindra wale account se budget tod diya,2113,emi,card,,kotak,hinglish_natural
today i spent 51 on friend via jupiter from my SBI bank,51,friends,upi,jupiter,sbi,voice_transcript
Exam fee INR 22135,22135,education,upi,phonepe,,source_english
aaj lab test ka dawai liyaa 35609 CRED se pay kya,35609,healthcare,upi,cred,,hinglish_natural
R 4055 to Shreya SLICE UPI,4055,friends,upi,slice,kotak,friends_synthetic
Rahul pe 358 ₹ ka dost ko diy cred se pay kya,358,friends,upi,cred,,hinglish_natural
"MOBILE RECHARGE RESTAURANT
Total 348
Cash Received
Change 0.00",348,utilities,upi,gpay,hdfc,ocr_receipt
120 to lab test via Fi Money HDFC account,120,healthcare,upi,fi,hdfc,english_natural
breakfast snacks chai coffee 2522 cash,2522,food,cash,,,cue_row
Rs.20889.86 charged for Coursera on debit card,20889.86,education,card,,,english_natural
paid 26806 to Subway through cash from Slice,26806,food,cash,,slice,voice_transcript
INR 15839.81 debited from your SBI account for education loan EMI (Paytm UPI),15839.81,emi,upi,paytm,sbi,ocr_upi
Paid petrol pump Rs 231 using card from Axis Bank,231,travel,card,,axis,english_natural
eye checkup 4614 rupees credit card se IndusInd se kata,4614,healthcare,card,,indusind,hinglish_natural
rent maintenance gas connection Rs2847 cash,2847,utilities,cash,,,cue_row
kal 2986 rupaiye petrol bhar diya EaseMyTrip ko via Paytm matlab,46319,travel,upi,paytm,,source_hinglish
UPI/13550938/BIGBASKET/BANK,85,food,upi,phonepe,,english_natural
19500.40 debit card Coin,19500.40,investment,card,,,english_natural
Karan ka dost ko de diye 25973 rs haath se diy,25973,friends,cash,,,hinglish_natural
bhai car loan EMI me 2776 rupay ka EMI kat gayi card se,2776,emi,card,,,hinglish_natural
DishTV ka bill pay kr diya 4512 rupaiye UPI se,4512,utilities,upi,phonepe,,hinglish_natural
2544 paid to market via Paytm UPI from Indusind Bank Bank ending 3077,2544,shopping,upi,paytm,indusind,ocr_upi
i did 3192 expense on Amit using gpay,3192,friends,upi,gpay,,voice_transcript
gas bill mein 34597 lag gaye card se bhara,34597,utilities,card,,hdfc,voice_transcript
hospital se checkup karaya 18310 rs. ka UPI se pay kya,18310,healthcare,upi,paytm,,hinglish_natural
paid back friend lent money INR 497 Gpay,497,friends,upi,gpay,,cue_row
Rohan ka udhar return kr diya 2991 rupay UPI se pay kiyaa idfc card se,2991,friends,upi,slice,idfc,hinglish_natural
HP Petrol mein 105 lag gaye card se bhara,105,travel,card,,,voice_transcript
subah credit card EMI me 1722 rupaiye ka EMI kat gayi card se,1722,emi,card,,,hinglish_natural
UPI/88523578/AMAZON/HDFC,140,shopping,card,,hdfc,english_natural
sent ?19540 to Ananya on cash,19540,friends,cash,,,friends_synthetic
37028.39 Gpay IRCTC,37028.39,travel,upi,gpay,hdfc,english_natural
SIP 138 rupay card se pay kar diya bohot mehenga,138,investment,card,,slice,hinglish_natural
Paid restaurant INR 2044.73 using Mastercard,2044.73,food,card,,,english_natural
electricity water broadband mobile recharge bill Rs1804 card,1804,utilities,card,,canara,cue_row
POS/HDFC LOAN/DEBIT CARD/5860,12300,emi,card,,,english_natural
mobile recharge se payment kiyaa 3924 rs ka PayTM se,3924,utilities,upi,paytm,slice,hinglish_natural
hospital doctor pharmacy medicine diagnostic 3523 Paytm,3523,healthcare,upi,paytm,,cue_row
Paid Arjun ₹4984 using Phone Pe,4984,friends,upi,phonepe,,english_natural
Rs.7331 to Practo via phonepe,7331,healthcare,upi,phonepe,,english_natural
home loan EMI Rs 33694 debited from HDFC,33694,emi,card,,hdfc,english_natural
Zee5 ka subscription renew kr diya 49916 via gpay,3974,entertainment,upi,gpay,sbi,source_hinglish
Angel One pe 46458 rs ka stock liyaa UPI se de diya,46458,investment,upi,phonepe,,hinglish_natural
netflix spotify hotstar subscription movie show Rs.4841 Phonepe,4841,entertainment,upi,phonepe,,cue_row
10982.46 cash doctor,10982.46,healthcare,cash,,icici,english_natural
"HOTSTAR RESTAURANT
Total 2419.51
Cash Received
Change 0.00",2419.51,entertainment,card,,,ocr_receipt
Faasos 4920 CRED,4920,food,upi,cred,axis,english_natural
sent INR 2732 to bro on G Pay,2732,friends,upi,gpay,axis,friends_synthetic
NEFT/TRANSFER/KUVERA/NIYO,1354,investment,upi,phonepe,niyo,english_natural
Rs.192 paid to Dunkin via niyo UPI from ICICI Bank Bank ending 1865,192,food,upi,niyo,icici,ocr_upi
336 ka mess bill pay kiya card se State Bank se kata,336,food,card,,sbi,voice_transcript
eye checkup 29286.49 phonepe Successful SBI 5370,29286.49,healthcare,upi,phonepe,sbi,ocr_upi
IndiGo 1187 Google Pay Successful Axis Bank 5440,1187,travel,upi,gpay,axis,ocr_upi
"dhaba BILL
St: INR 783
G Pay Approved",783,food,upi,gpay,,ocr_receipt
Flipkart se khareed liya 290 rs. ka naqad,290,shopping,cash,,,hinglish_natural
"TAX INVOICE
mall
Grand Total: ₹46707
Payment: CARD",46707,shopping,card,,,ocr_receipt
PharmEasy 17261 State Bank,17261,healthcare,upi,slice,sbi,english_natural
Practo ka 4967 rupees ka bill Gpay se pay kiya,4967,healthcare,upi,gpay,sbi,voice_transcript
kal 65 rs udhar return kya Vikram pe via G Pay,65,friends,upi,gpay,,hinglish_natural
kal 107 rs order kia Reliance Digital ko card se SBI wale account se,107,shopping,card,,sbi,hinglish_natural
i paid 931 rupees for car loan EMI using card,931,emi,card,,,voice_transcript
Paid Vedantu Rs8334 using gpay from HDFC Bank,8334,education,upi,gpay,hdfc,english_natural
24891 rupees mobile recharge Jupiter se,24891,utilities,upi,jupiter,,hinglish_natural
dopahar ko education loan EMI 743 ₹ phonepe se,40384,emi,upi,phonepe,,source_hinglish
2547 rs. kiraya diye IRCTC pe cash me,2547,travel,cash,,canara,hinglish_natural
maine 3581 rupaye crypto ko diye SLICE se,3581,investment,upi,slice,,voice_transcript
office se aate hue gaming pe 2545 ka game lya card se,2545,entertainment,card,,,hinglish_natural
office se aate hue 274 rupees installment diyee personal loan EMI ko debit card se icici card se,274,emi,card,,icici,hinglish_natural
yaar Pooja se dost ko die 3968 rupaiye ka naqad,3968,friends,cash,,fi,hinglish_natural
380 ₹ Croma card se pay kar diya,380,shopping,card,,,hinglish_natural
dopahar ko personal loan EMI ka EMI kat gayi 48662 PayTM pe hdfc se,48662,emi,upi,paytm,hdfc,hinglish_natural
Nykaa payment Rs 2192 done via GPay,2192,shopping,upi,gpay,,english_natural
Burger King 184 rupay jupiter se pay kr diya,184,food,upi,jupiter,,hinglish_natural
Used idfc cash to pay t685 for Swiggy,685,food,cash,,idfc,english_natural
Cleartrip payment 173 done via cash,173,travel,cash,,,english_natural
gaming concert event ticket t565 cash,565,entertainment,cash,,,cue_row
ghar jaate waqt Subway ka khana kha liya 2500 rs UPI se pay kya hdfc wale account se,2500,food,upi,gpay,hdfc,hinglish_natural
gold 4756 paytm,4756,investment,upi,paytm,,english_natural
"Receipt #4883
Myntra
Amount Paid: Rs.457
Mode: Google Pay",457,shopping,upi,gpay,pnb,ocr_receipt
"Reliance Digital BILL
St: Rs128.79
CARD Approved",128.79,shopping,card,,,ocr_receipt
gaming concert event ticket ₹4854 card,4854,entertainment,card,,hdfc,cue_row
stocks pe 328 rs ka SIP bhar diya PayTM se pay kr diya,328,investment,upi,paytm,,hinglish_natural
subah eye checkup pe 1707 rupay ka test karaya GPay se pay kya,1707,healthcare,upi,gpay,,hinglish_natural
913 ka bike loan EMI bill pay kiya card se SBI se kata,913,emi,card,,sbi,voice_transcript
Cred payment 36943 tuition hdfc 9856 done,36943,education,upi,cred,hdfc,ocr_upi
Payment of Rs.22047 to JioCinema was successful via phonepe UPI Ref No 026642738696 Axis Bank Account 5336,22047,entertainment,upi,phonepe,axis,ocr_upi
Paytm Money se mutual fund kiya 443 rupay ka card se pay kia SBI account se,443,investment,card,,sbi,hinglish_natural
paid bhai Rs.3172 via cash,3172,friends,cash,,,friends_synthetic
clinic 472 naqad State Bank card se,472,healthcare,cash,,sbi,hinglish_natural
netflix spotify hotstar subscription movie show ₹4533 card,4533,entertainment,card,,,cue_row
27380 ₹ SIP bhara Kuvera pe debit card se,27380,investment,card,,jupiter,hinglish_natural
rickshaw me 1315 ka ride liya PhonePe se pay kiya kotak se,1315,travel,upi,phonepe,kotak,hinglish_natural
electronics store ka khareed liya 2647 ₹ card se,2647,shopping,card,,,hinglish_natural
jupiter payment INR 574 yaar axis 4593 successful,574,friends,upi,jupiter,axis,ocr_upi
grocery vegetables milk bread fruits t130 paid cash,130,food,cash,,,cue_row
Paid Rs3167 for Bharat Petroleum from my sbi account via Jupiter,3167,travel,upi,jupiter,sbi,english_natural
243.29 PhonePe BigBasket,243.29,food,upi,phonepe,,english_natural
Vedantu pe 472 rupay ka fees bhar diya credit card se,38787,education,card,,,source_hinglish
INR 64 charged for water bill on CRED,64,utilities,upi,cred,,english_natural
yaar Zepto ka food order kya 36870 ₹ haath se die,36870,food,cash,,,hinglish_natural
"MOBILE RECHARGE
Item 1 Rs207
Item 2 Rs.464
Total ₹445
cred",445,utilities,upi,cred,,ocr_receipt
split bill 4565 Bhim se Arjun ko diya,4565,friends,upi,bhim,,friends_synthetic
bike loan EMI 49980 rupay credit card se,49980,emi,card,,,hinglish_natural
Vedantu mein 39083 lag gaye cash se bhara,39083,education,cash,,jupiter,voice_transcript
Netflix 5113 Google Pay Payment done axis 4681,5113,entertainment,upi,gpay,axis,ocr_upi
"water bill
Net Amount 23185
Paid via Cred",23185,utilities,upi,cred,,ocr_receipt
electronics clothes shoes accessories purchase Rs2866 via GPay,2866,shopping,upi,gpay,,cue_row
bhai Rohan ko udhar return kiya 401 rs card se,401,friends,card,,,friends_synthetic
spent 239 rupees on SBI loan via GPay,239,emi,upi,gpay,,voice_transcript
"Receipt #1125
Gaana
Amount Paid: 16315
Mode: CARD",16315,entertainment,card,,bob,ocr_receipt
i did 267 expense on broadband using Phone Pe,267,utilities,upi,phonepe,,voice_transcript
aaj diagnostic pe 3480 rupaye kharcha hua card se,3480,healthcare,card,,,voice_transcript
1mg se doctor ko de diye 450 rs. ka BHIM se,1,healthcare,upi,bhim,,hinglish_natural
JioCinema se ticket liyaa 1955 ka UPI se de diye zyada ho gaya,1955,entertainment,upi,bhim,fi,hinglish_natural
Croma 4872 UPI se,4872,shopping,upi,paytm,,hinglish_natural
4036 rupees Arjun via PayTM,4036,friends,upi,paytm,,hinglish_natural
Paid t908.52 for ET Money via niyo,908.52,investment,upi,niyo,,english_natural
today i spent 437 on Swiggy via cash from my Jupiter bank,437,food,cash,,jupiter,voice_transcript
ATM/CASH/BANK/1780.41,1780.41,healthcare,upi,fi,,english_natural
subah credit card EMI 372 card se pay kr diya ICICI card se,372,emi,card,,icici,hinglish_natural
47662 rupees SBI loan card,47662,emi,card,,,voice_transcript
paid Ananya 13653 via cash,13653,friends,cash,,icici,friends_synthetic
car loan EMI se EMI kat gayi 2154 rupaiye ka card se pay kia HDFC Bank se,43683,emi,card,,hdfc,source_hinglish
Divya 27778 GPay Payment done Kotak 7551,27778,friends,upi,gpay,kotak,ocr_upi
₹2475 debited from your Axis Bank account for Bajaj Finance EMI (Paytm UPI),2475,emi,upi,paytm,axis,ocr_upi
jupiter payment ₹206 Ajio Bandhan Bank 4817 successful,206,shopping,upi,jupiter,bandhan,ocr_upi
i paid 13855 rupees for Udemy using card,13855,education,card,,hdfc,voice_transcript
26846 ₹ kiraya diy metro ko debit card se,26846,travel,card,,,hinglish_natural
4435 rupees books naqad bhai,4435,education,cash,,slice,hinglish_natural
Spent Rs.4611 on YouTube Premium using Phonepe,4611,entertainment,upi,phonepe,,english_natural
i paid 117 rupees for ACT Fibernet using paytm,117,utilities,upi,paytm,slice,voice_transcript
471 crypto,471,investment,card,,,english_natural
Apollo Pharmacy me 31714 rupay ka checkup karaya haath se de diya bc,31714,healthcare,cash,,,hinglish_natural
Amazon ka buy kar diya 1258 rupees G Pay se State Bank se,41134,shopping,upi,gpay,sbi,source_hinglish
Bought Ola for R 176 with cash,176,travel,cash,,,english_natural
"YouTube Premium 2873 Completed 19Nov 2026,1:10 pm Bank of Baroda 3785 UPI transaction ID 9431521199",2873,entertainment,upi,gpay,bob,ocr_upi
Rs 17061 paid to Tata Play via card from Fi,17061,utilities,card,,fi,english_natural
school college tuition course books fees R 227 Phone Pe,227,education,upi,phonepe,,cue_row
abhi Gaana 1625 rupay credit card se,1625,entertainment,card,,,hinglish_natural
society maintenance me 233 rupaiye ka payment kr diya Phone Pe pe,233,utilities,upi,phonepe,,hinglish_natural
"FLIPKART
Item 1 INR 90
Item 2 ₹493
Total ₹39.95
CARD",39.95,shopping,card,,,ocr_receipt
Payment of ₹12159.73 to credit card EMI was successful via Fi UPI Ref No 062539418545541 kotak Account 3878,12159.73,emi,upi,fi,kotak,ocr_upi
hospital doctor pharmacy medicine diagnostic 327 BHIM,327,healthcare,upi,bhim,,cue_row
water bill 2477 Bhim,2477,utilities,upi,bhim,axis,english_natural
school college tuition course books fees Rs.37011 phonepe,37011,education,upi,phonepe,,cue_row
coaching exam preparation study material Rs.4518 card,4518,education,card,,,cue_row
bro Rs 2550 GPay,2550,friends,upi,gpay,,english_natural
Amit mein 42478 lag gaye card se bhara,42478,friends,card,,,voice_transcript
spent 235 rupees on JioMart via gpay,235,food,upi,gpay,,voice_transcript
sent Rs 1807 to flatmate on cash,1807,friends,cash,,,friends_synthetic
education loan EMI INR 330.28 Mastercard,330.28,emi,card,,,english_natural
auto 2753 bhim,2753,travel,upi,bhim,,english_natural
CCD ka khana order kia 2705 ₹ Phonepe pe,2705,food,upi,phonepe,,hinglish_natural
coaching exam preparation study material INR 20925 phonepe,20925,education,upi,phonepe,,cue_row
JioCinema me 3164 rupay ka ticket liya paytm se,3164,entertainment,upi,paytm,,hinglish_natural
Divya 378,378,friends,upi,gpay,,english_natural
JioCinema se ticket lya 3016 rupaiye ka card se,3016,entertainment,card,,,hinglish_natural
BSNL 246.83 paytm Successful Bank of Baroda 8564,246.83,utilities,upi,paytm,bob,ocr_upi
aaj gold pe 56 rupaye kharcha hua card se,56,investment,card,,idfc,voice_transcript
SpiceJet me 366 rupees ka cab liya naqad sasta tha,366,travel,cash,,jupiter,hinglish_natural
Kuvera Rs.3285.37 Gpay,3285.37,investment,upi,gpay,sbi,ocr_upi
Behrouz ka khana khaaya 50 rupay UPI se,50,food,upi,gpay,jupiter,hinglish_natural
Vedantu ka course liyaa 6477 rupay UPI se diyee bohot mehenga,6477,education,upi,slice,,hinglish_natural
"DISHTV
Item 1 R 238
Item 2 ₹279
Total ₹2828.16
CARD",2828.16,utilities,card,,,ocr_receipt
Paid ₹215 to bro G Pay UPI Kotak 1293 Successful,215,friends,upi,gpay,kotak,ocr_upi
"electricity bill BILL
St: Rs.713
PhonePe Approved",713,utilities,upi,phonepe,hdfc,ocr_receipt
Meesho 473.28 sbi,473.28,shopping,card,,sbi,english_natural
split bill 14408 cash se Rahul ko diya,14408,friends,cash,,,friends_synthetic
Reliance Digital se khareed liya 248 rs ka card se,248,shopping,card,,,hinglish_natural
399 rupaiye CCD Niyo se pay kar diya yaar,399,food,upi,niyo,,hinglish_natural
coaching exam preparation study material R 4952 card,4952,education,card,,hdfc,cue_row
Vi recharge payment Rs 5731 done via PayTM,5731,utilities,upi,paytm,,english_natural
PVR ?10954.01 Visa,10954.01,entertainment,card,,,english_natural
₹45384 paid to tuition via bhim UPI from SBI Bank ending 1729,45384,education,upi,bhim,sbi,ocr_upi
gaming concert event ticket Rs 2942 card,2942,entertainment,card,,,cue_row
356 EaseMyTrip credit card se,356,travel,card,,slice,hinglish_natural
4791 Airtel recharge,4791,utilities,upi,slice,,english_natural
mutual fund me 2156 rs ka mutual fund kiya gpay se pay kar diya,2156,investment,upi,gpay,,hinglish_natural
"D VEDANTU 121.75 Completed 28Feb 2026,11:42 pm ICICI Bank 6781 UPI transaction ID 44271804559128 TO:VEDANTU vedantu.89672@icicibank Goog1etransaction lD XYZabc217447 OPI CRED",121.75,education,upi,cred,icici,ocr_upi
381 cash PharmEasy,381,healthcare,cash,,jupiter,english_natural
i paid 137 rupees for Priya using cash,137,friends,cash,,,voice_transcript
4980 rupaye Tata Play cash me,4980,utilities,cash,,,hinglish_natural
dopahar ko books me 33 rupaye ka tuition de diya naqad,33,education,cash,,pnb,hinglish_natural
paid Shreya Rs6634 via GPay,6634,friends,upi,gpay,,friends_synthetic
i did 31 expense on bhai using Slice,31,friends,upi,slice,hdfc,voice_transcript
Just paid R 33621 to Bajaj Finance EMI through Mastercard,33621,emi,card,,,english_natural
"Dunkin 1613.97 Completed 2Nov 2026,2:44 pm Kotak 2707 UPI transaction ID 17079536870288",1613.97,food,upi,gpay,kotak,ocr_upi
Stock purchase INR 27004,27004,investment,card,,,source_english
47503 Shreya UPI se die,47503,friends,upi,paytm,sbi,hinglish_natural
PPF contribution INR 39729,39729,investment,upi,gpay,pnb,source_english
flight booking travel ticket 290 card,290,travel,card,,,cue_row
spent 2624 rupees on Burger King via GPay,2624,food,upi,gpay,,voice_transcript
spent 3760 rupees on personal loan EMI via card,3760,emi,card,,sbi,voice_transcript
gas bill Rs.2831.35 PayTM,2831.35,utilities,upi,paytm,,english_natural
1486 PayTM stationery,1486,education,upi,paytm,,english_natural
sent R 8168 to friend on Gpay split bill UPI,8168,friends,upi,gpay,,cue_row
2791 rs. roommate naqad,2791,friends,cash,,,hinglish_natural
subah Arjun me 145 rs. ka split kiyaa UPI se de diya,145,friends,upi,cred,,hinglish_natural
Paid Rs 970.96 for colleague via PhonePe,970.96,friends,upi,phonepe,,english_natural
Apple Music 665 rupaye via niyo,665,entertainment,upi,niyo,,hinglish_natural
water bill ka recharge kia 2912 rupaye UPI se,2912,utilities,upi,gpay,,hinglish_natural
aaj Zerodha pe 666 rupaye kharcha hua cred se,666,investment,upi,cred,sbi,voice_transcript
Netflix me 1264 rs ka subscription renew kya credit card se matlab,1264,entertainment,card,,,hinglish_natural
doctor 24179 UPI se de diye,24179,healthcare,upi,niyo,indusind,hinglish_natural
dopahar ko 3085 rupay show dekha SonyLIV pe Gpay se pay kiyaa HDFC Bank se kata,3085,entertainment,upi,gpay,hdfc,hinglish_natural
Spent ₹4908 on SIP using Paytm,4908,investment,upi,paytm,,english_natural
flatmate rent share 62 cash Arjun,62,friends,cash,,,friends_synthetic
paid 33 to Flipkart through card,33,shopping,card,,,voice_transcript
aaj Goibibo pe 103 rupaye kharcha hua card se,103,travel,card,,,voice_transcript
Bought Nature's Basket for 2566.22 with debit card,2566.22,food,card,,,english_natural
dinner split 3915 rupaye Amit gpay,3915,friends,upi,gpay,,friends_synthetic
Payment of 4078.94 to hospital was successful via CRED UPI Ref No 68201202152 HDFC Bank Account 9436,4078.94,healthcare,upi,cred,hdfc,ocr_upi
30878 rupees Bewakoof card Fi account,30878,shopping,card,,fi,voice_transcript
flatmate rent share 268 CRED Neha,268,friends,upi,cred,,friends_synthetic
25812 cash Chai Point,25812,food,cash,,hdfc,english_natural
maine 2192 rupaye canteen ko diye slice se,2192,food,upi,slice,,voice_transcript
Zara ka saman liyaa 359 rs. GPay se pay kr diya,359,shopping,upi,gpay,,hinglish_natural
colleague se dost ko de diye 278 rupees ka naqad,278,friends,cash,,,hinglish_natural
flatmate rent share 4046 Jupiter Amit,4046,friends,upi,jupiter,,friends_synthetic
"flatmate 10997.41 Completed 26Jun 2026,6:40 am hdfc 6695 UPI transaction ID 35850814322",10997.41,friends,upi,gpay,hdfc,ocr_upi
bhai 729 ₹ Paytm Money UPI se,729,investment,upi,gpay,,hinglish_natural
"diagnostic
Net Amount 2797
Paid via NIYO",2797,healthcare,upi,niyo,icici,ocr_receipt
broadband 4558 PayTM Payment done Kotak Mahindra 9281,4558,utilities,upi,paytm,kotak,ocr_upi
Paid ₹854.82 to Shreya Paytm UPI axis 2837 Completed,854.82,friends,upi,paytm,axis,ocr_upi
ghar jaate waqt Cleartrip ka cab lia 185 rs credit card se,185,travel,card,,sbi,hinglish_natural
Vedantu ka books le liya 296 rupaiye cash diy,296,education,cash,,,hinglish_natural
13357 rupaye Priya GPay pe,13357,friends,upi,gpay,,hinglish_natural
"Pooja 3432.61 Completed 13Apr 2025,6:59 pm HDFC 3284 UPI transaction ID 997949756756",3432.61,friends,upi,gpay,hdfc,ocr_upi
"D FAASOS 2763.59 Completed 6Jan 2026,10:06 pm Yes Bank Bank 1245 UPI transaction ID 380208967191 TO:FAASOS faasos.87498@yes bankbank Soogletransaction lD XYZabc912689 OPI bhim",2763.59,food,upi,bhim,yes bank,ocr_upi
Paid Rs3460.66 to SIP PayTM UPI Punjab National Bank 2551 Completed,3460.66,investment,upi,paytm,pnb,ocr_upi
BYJU'S ka course lia 3068 ₹ UPI se pay kiyaa bc,3068,education,upi,gpay,rbl,hinglish_natural
gas bill ka bill bharra 26966 rupay Phone Pe pe,26966,utilities,upi,phonepe,,hinglish_natural
Reliance Digital se buy kia 318 rupaiye ka card se pay kiya,26714,shopping,card,,,source_hinglish
sent money to Rahul 2503 on Phone Pe,2503,friends,upi,phonepe,yes bank,friends_synthetic
POS/COIN/G PAY/4038,2042,investment,upi,gpay,hdfc,english_natural
Spent ₹35 on Zomato using cash,35,food,cash,,,english_natural
Vi recharge mein 3403 lag gaye cash se bhara,3403,utilities,cash,,,voice_transcript
i paid 4840 rupees for library using card,4840,education,card,,pnb,voice_transcript
yaar se udhar return kiyaa 28688 rupaye ka cash de diye,28688,friends,cash,,,hinglish_natural
1184 charged for NPS on Gpay,1184,investment,upi,gpay,,english_natural
AJIO INR 4735,4735,shopping,card,,,english_natural
office se aate hue PPF se mutual fund kya 47095 rs ka card se pay kr diya YES BANK se kata,47095,investment,card,,yes bank,hinglish_natural
Paid hospital R 359 using Paytm from Kotak,359,healthcare,upi,paytm,kotak,english_natural
i did 4202 expense on Bajaj Finance EMI using phonepe,4202,emi,upi,phonepe,hdfc,voice_transcript
Amazon Prime R 27524 Phone Pe,27524,entertainment,upi,phonepe,,english_natural
UPI/28307256/ELECTRICITY BILL/BANK,132,utilities,card,,,english_natural
bhai 497 rupaye Angel One card se pay kar diya,497,investment,card,,slice,hinglish_natural
Paid INR 3225 for Biryani Blues from my Kotak account via cash,3225,food,cash,,kotak,english_natural
"AIRTEL RECHARGE RESTAURANT
Total 302
Cash Received
Change 0.00",302,utilities,upi,paytm,,ocr_receipt
28564 rupay mutual fund debit card se,28564,investment,card,,axis,hinglish_natural
2378 ka yaar bill pay kiya phonepe se,2378,friends,upi,phonepe,,voice_transcript
Bajaj Finance EMI 1971 debited from HDFC,1971,emi,card,,hdfc,english_natural
rent maintenance gas connection INR 466 Phonepe,466,utilities,upi,phonepe,,cue_row
Rapido 48550 rupay UPI se pay kia,48550,travel,upi,paytm,,hinglish_natural
3516 rupees tuition de diye books ko UPI se,3516,education,upi,bhim,,hinglish_natural
sent INR 24123 to colleague on CRED,24123,friends,upi,cred,hdfc,friends_synthetic
"BLINKIT
Item 1 R 418
Item 2 Rs 299
Total Rs 20005.08
Google Pay",20005.08,food,upi,gpay,,ocr_receipt
kal 224 rs. SIP bhara SIP pe debit card se,224,investment,card,,,hinglish_natural
coaching exam preparation study material R 2401 card,2401,education,card,,,cue_row
Paid Rs.1948 to market CRED UPI IndusInd 2822 Done,1948,shopping,upi,cred,indusind,ocr_upi
565 rs. khana order kr diya McDonald's pe cash me,565,food,cash,,,hinglish_natural
SIP 4576 rupaye via Paytm,41591,investment,upi,paytm,,source_hinglish
Nykaa ka shopping kar diya 860 ₹ credit card se,860,shopping,card,,,hinglish_natural
445 library,445,education,upi,cred,slice,english_natural
CCD 4042 rupees naqad yaar,4042,food,cash,,,hinglish_natural
30859 rs Groww Phonepe se pay kar diya,30859,investment,upi,phonepe,,hinglish_natural
paid colleague INR 1485 via cash,1485,friends,cash,,icici,friends_synthetic
Payment of ₹20677 to society maintenance was successful via Gpay UPI Ref No 5634397682 icici Account 5995,20677,utilities,upi,gpay,icici,ocr_upi
ghar jaate waqt friend 24925 rupaye UPI se pay kar diya State Bank wale account se,24925,friends,upi,bhim,sbi,hinglish_natural
Payment of ₹448 to SIP was successful via phonepe UPI Ref No 2668974275 Union Bank Account 6743,448,investment,upi,phonepe,union bank,ocr_upi
sent INR 46025 to friend on Phone Pe split bill UPI,46025,friends,upi,phonepe,pnb,cue_row
TO:JIORECHARGE jiorecharge.33689@sbibank From:UTSAVJANA (sbi cred : user6214@oksbibank,312,utilities,upi,cred,sbi,ocr_upi
11476 rupees ride liya HP Petrol pe UPI se,11476,travel,upi,slice,,hinglish_natural
Dominos ₹4955 cash,4955,food,cash,,sbi,english_natural
"exam fee 40521 Completed 23Feb 2025,6:18 am HDFC Bank 2692 UPI transaction ID 24806420488",40521,education,upi,gpay,hdfc,ocr_upi
food court payment Rs.4897 done via cash,4897,food,cash,,,english_natural
upGrad 828.46 Google Pay Successful HDFC Bank 9509,828.46,education,upi,gpay,hdfc,ocr_upi
bhai DMart se food order kr diya 351 rupaiye ka jupiter se pay kiya yaar,351,food,upi,jupiter,,hinglish_natural
MedPlus pe 3301 rupay ka doctor ko die debit card se,3301,healthcare,card,,,hinglish_natural
i did 42814 expense on SIP using Phone Pe,42814,investment,upi,phonepe,,voice_transcript
rent maintenance gas connection Rs.326 Gpay,326,utilities,upi,gpay,yes bank,cue_row
dost Rohan ko 2530 rupaye cash se bheje,2530,friends,cash,,,friends_synthetic
bhai Ananya ko udhar return kiya 2841 rs cash se,2841,friends,cash,,,friends_synthetic
subah Jio recharge pe 2815 rupaye ka payment kar diya Cred se pay kia,2815,utilities,upi,cred,,hinglish_natural
aaj electricity bill pe 2492 rupay ka bill bharra PayTM se pay kr diya ICICI Bank card se,23236,utilities,upi,paytm,icici,source_hinglish
sent Rs424 to Vikram on cash,424,friends,cash,,,friends_synthetic
9745 ka crypto bill pay kiya card se,9745,investment,card,,,voice_transcript
rickshaw Rs417.82 Phonepe,417.82,travel,upi,phonepe,idfc,ocr_upi
"SpiceJet 34913.76 Completed 16Aug 2025,5:41 pm Kotak 4831 UPI transaction ID 028601183769",34913.76,travel,upi,bhim,kotak,ocr_upi
Paid 445.02 to flatmate G Pay UPI Bandhan 9399 Completed,445.02,friends,upi,gpay,bandhan,ocr_upi
cred payment Rs126 tuition SBI 6939 done,126,education,upi,cred,sbi,ocr_upi
dopahar ko SBI loan 17642 rs UPI se pay kr diya,17642,emi,upi,gpay,,hinglish_natural
raat ko 1053 Nykaa via Gpay,1053,shopping,upi,gpay,,hinglish_natural
"Receipt #8490
Dunkin
Amount Paid: R 44
Mode: CASH",44,food,cash,,,ocr_receipt
dopahar ko IRCTC pe 64 rupaye ka petrol bhar diya PayTM se pay kar diya,64,travel,upi,paytm,,hinglish_natural
bhai gas bill ka 385 rupaye Slice se de diya,385,utilities,upi,slice,,voice_transcript
Amit payment Rs 265.38 done via phonepe,265.38,friends,upi,phonepe,,english_natural
Jio recharge 301 rs. Gpay se pay kiya,301,utilities,upi,gpay,hdfc,hinglish_natural
dinner split 431 rupaye Pooja PayTM,431,friends,upi,paytm,hdfc,friends_synthetic
college fees 17861 rs UPI se diyee,17861,education,upi,paytm,hdfc,hinglish_natural
"Practo 25029 Completed 23Jun 2025,1:22 am hdfc 4399 UPI transaction ID 27087254662",25029,healthcare,upi,gpay,hdfc,ocr_upi
Uber ride INR 17271,17271,travel,card,,icici,source_english
Car loan EMI INR 6157,6157,emi,upi,paytm,icici,source_english
11727 ₹ Swiggy PayTM pe yaar,11727,food,upi,paytm,hdfc,hinglish_natural
ghar jaate waqt 1873 rs bill pay kar diya rent pe card se pay kr diya,31674,utilities,card,,,source_hinglish
bhai colleague ko udhar return kiya 385 rs Google Pay se,385,friends,upi,gpay,axis,friends_synthetic
"DISHTV RESTAURANT
Total 1370
Cash Received
Change 0.00",1370,utilities,card,,sbi,ocr_receipt
137 rs buy kr diya Amazon ko card se pay kya Fi account se,137,shopping,card,,fi,hinglish_natural
uber ola cab ride airport train ticket Rs.486 card,486,travel,card,,,cue_row
electricity water broadband mobile recharge bill ₹3282 niyo,3282,utilities,upi,niyo,,cue_row
sent Rs 29838 to friend on Cred split bill UPI,29838,friends,upi,cred,,cue_row
1876 charged for Amit on PayTM,1876,friends,upi,paytm,,english_natural
Nykaa 42171.50,42171.50,shopping,upi,cred,,english_natural
"Udemy 23412 Completed 7Oct 2026,2:54 am icici 3710 UPI transaction ID 0443305098",23412,education,upi,jupiter,icici,ocr_upi
dost 458 rupay haath se diyee,458,friends,cash,,,hinglish_natural
flight booking travel ticket ₹278 Bhim,278,travel,upi,bhim,hdfc,cue_row
abhi 4014 food court cred se pay kiyaa,4014,food,upi,cred,bandhan,hinglish_natural
ATM/CASH/BANK/3656,3656,education,card,,,english_natural
dost Neha ko 2984 rupaye card se bheje,2984,friends,card,,,friends_synthetic
"electronics store
Net Amount 1221.71
Paid via Google Pay",1221.71,shopping,upi,gpay,,ocr_receipt
dopahar ko insurance premium 4183 rupay card se,4183,utilities,card,,,hinglish_natural
294 rupaye Ananya UPI se pay kia,294,friends,upi,paytm,,hinglish_natural
clinic ₹3385 debited from axis,3385,healthcare,card,,axis,english_natural
spent 3646 rupees on Zepto via phonepe,3646,food,upi,phonepe,,voice_transcript
"FirstCry BILL
St: ₹33569
G Pay APPROVED",33569,shopping,upi,gpay,idfc,ocr_receipt
589 rupaye Goibibo card se pay kia,589,travel,card,,hdfc,hinglish_natural
petrol diesel fuel ₹99 at pump card,99,travel,card,,,cue_row
SBI loan 460,460,emi,upi,bhim,,english_natural
"D GOLD 39706 Completed 25Feb 2026,7:08 pm Kotak Mahindra Bank 5369 UPI transaction ID 9616367717752 TO:GOLD gold.88345@kotak mahindrabank Googletransaction lD XYZabc269154 OPI Paytm",39706,investment,upi,paytm,kotak,ocr_upi
Bewakoof 26239,26239,shopping,upi,cred,,english_natural
Zepto ka 95 rupees ka bill card se pay kiya,95,food,card,,,voice_transcript
bhai Flipkart ka 22187 rupaye Paytm se de diya,22187,shopping,upi,paytm,,voice_transcript
Bharat Petroleum payment Rs.104 done via slice,104,travel,upi,slice,axis,english_natural
Netflix se subscription renew kiyaa 2170 rupay ka debit card se,2170,entertainment,card,,hdfc,hinglish_natural
Paid Rs 2977.79 for YouTube Premium from my Jupiter account via cash,2977.79,entertainment,cash,,jupiter,english_natural
flatmate rent share 3007 card Amit,3007,friends,card,,,friends_synthetic
Paid 4660 for Vedantu via credit card,4660,education,card,,,english_natural
7610.35 cash MakeMyTrip,7610.35,travel,cash,,,english_natural
DishTV se bill bhra 4464 ₹ ka cash me sasta tha,4464,utilities,cash,,,hinglish_natural
Netflix me 240 rupees ka ticket liyaa cred se pay kar diya,16538,entertainment,upi,cred,,source_hinglish
dentist ka dawai lya 925 rs cash me bhai,925,healthcare,cash,,,hinglish_natural
maine 14530 rupaye Nature's Basket ko diye cash se,14530,food,cash,,,voice_transcript
netflix spotify hotstar subscription movie show Rs44840 card,44840,entertainment,card,,,cue_row
497 rupees Apple Music haath se diy yaar,497,entertainment,cash,,hdfc,hinglish_natural
3084.60 Zara,3084.60,shopping,card,,icici,english_natural
FD se mutual fund kia 1008 rupaye ka card se pay kr diya,1008,investment,card,,,hinglish_natural
education loan EMI 12145 icici,12145,emi,upi,gpay,icici,english_natural
Paid Udemy t23393 using Fi Money,23393,education,upi,fi,,english_natural
maine 473 rupaye library ko diye cash se,473,education,cash,,,voice_transcript
Vi recharge 3498 GPay Payment done kotak 8053,3498,utilities,upi,gpay,kotak,ocr_upi
subah diagnostic pe 3699 rs ka test karaya haath se diye,3699,healthcare,cash,,,hinglish_natural
grocery vegetables milk bread fruits Rs.192 paid cash,192,food,cash,,,cue_row
DMart 284.70,284.70,food,upi,gpay,pnb,english_natural
ET Money ?30860 PhonePe,30860,investment,upi,phonepe,pnb,ocr_upi
rent maintenance gas connection Rs46952 paytm,46952,utilities,upi,paytm,,cue_row
today i spent 165 on gaming via cash from my State Bank bank,165,entertainment,cash,,sbi,voice_transcript
credit card EMI 41103,41103,emi,card,,,english_natural
₹3879.96 paid to college fees via Visa from SBI,3879.96,education,card,,sbi,english_natural
TO:JIOCINEMA jiocinema.85365@kotakbank From:PRIYASHARMA (kotak Google Pay : user8736@okkotakbank,184.02,entertainment,upi,gpay,kotak,ocr_upi
bhai 3154 rupaye game liyaa BookMyShow ko slice pe,3154,entertainment,upi,slice,,hinglish_natural
i did 2063 expense on tuition using cash,2063,education,cash,,,voice_transcript
H&M ka buy kr diya 3050 rupaye PayTM se Niyo wale account se,3050,shopping,upi,paytm,niyo,hinglish_natural
Bought Netflix for Rs.26961.08 with Niyo,26961.08,entertainment,upi,niyo,icici,english_natural
"HOTSTAR RESTAURANT
Total 226
Cash Received
Change 0.00",226,entertainment,card,,,ocr_receipt
Coursera mein 1627 lag gaye card se bhara,1627,education,card,,,voice_transcript
1186.63 market,1186.63,shopping,cash,,,english_natural
POS/GROWW/SLICE/2906,244.82,investment,upi,slice,,english_natural
bhai Nykaa ka 468 rupaye card se de diya,468,shopping,card,,,voice_transcript
Rs.3794.26 charged for SIP on PayTM,3794.26,investment,upi,paytm,fi,english_natural
petrol diesel fuel ₹442 at pump card,442,travel,card,,hdfc,cue_row
"D KARAN 4834 Completed 22Apr 2026,1:58 pm ICICI Bank Bank 2231 UPI transaction ID 699399451068382 TO:KARAN karan.90786@icici bankbank Soogletransaction lD CICAgJjg298604 OPI Phone Pe",4834,friends,upi,phonepe,icici,ocr_upi
NEFT/TRANSFER/METRO/,43.86,travel,cash,,,english_natural
NEFT/TRANSFER/MESS/,4147.99,food,upi,gpay,,english_natural
home loan car loan credit card EMI monthly Rs 2226 autopay card,2226,emi,card,,,cue_row
857 rs. MakeMyTrip haath se die,857,travel,cash,,,hinglish_natural
school fees se tuition diyee 972 rupaye ka debit card se,972,education,card,,,hinglish_natural
gaming 3910 rs. via Slice,3910,entertainment,upi,slice,,hinglish_natural
TO:RELIANCEDIGITAL reliancedigital.83819@axisbankbank From:AMITSINGH (Axis Bank paytm : sender4614@okaxisbankbank,2719,shopping,upi,paytm,axis,ocr_upi
personal loan installment EMI deduction ₹4754 card,4754,emi,card,,,cue_row
amazon flipkart myntra online shopping order Rs.12058 card,12058,shopping,card,,,cue_row
Paid ?49827 for water bill from my SBI account via phonepe,49827,utilities,upi,phonepe,sbi,english_natural
aaj 4738 rs canteen UPI se diyee,4738,food,upi,paytm,slice,hinglish_natural
maine 15098 rupaye Paytm Money ko diye SLICE se,15098,investment,upi,slice,,voice_transcript
i paid 2479 rupees for Meesho using card,2479,shopping,card,,,voice_transcript
Rs.387 debited from your State Bank account for Udemy (G Pay UPI),387,education,upi,gpay,sbi,ocr_upi
"D PERSONALLOANEMI 1085.73 Completed 3Feb 2026,7:26 pm HDFC Bank Bank 2390 UPI transaction ID 06661020117 TO:PERSONALLOANEMI personal loan emi.45775@hdfc bankbank Googletransaction lD CICAgJjg889347 OPI PhonePe",1085.73,emi,upi,phonepe,hdfc,ocr_upi
i paid 1131 rupees for dentist using card,1131,healthcare,card,,,voice_transcript
Bought HDFC loan for INR 221 with debit card,221,emi,card,,,english_natural
Biryani Blues ka khana order kiyaa 2488 rupaiye card se pay kia,2488,food,card,,,hinglish_natural
books me 46508 ₹ ka fees bhra credit card se Fi se,46508,education,card,,fi,hinglish_natural
mutual fund SIP stocks PPF FD investment INR 276 Cred,276,investment,upi,cred,,cue_row
maine 3546 rupaye mall ko diye Gpay se,3546,shopping,upi,gpay,canara,voice_transcript
mutual fund ka stock lya 5285 rs via SLICE,5285,investment,upi,slice,,hinglish_natural
education loan EMI ka EMI bharaa 349 rupaiye credit card se,349,emi,card,,jupiter,hinglish_natural
Rs.33775 paid to Vedantu via jupiter UPI from idfc Bank ending 9334,33775,education,upi,jupiter,idfc,ocr_upi
Netmeds ₹3614 debited from ICICI,3614,healthcare,upi,phonepe,icici,english_natural
maine 2165 rupaye library ko diye slice se,2165,education,upi,slice,,voice_transcript
Bought Box8 for 49308 with GPay,49308,food,upi,gpay,,english_natural
Just paid 3574 to education loan EMI through NIYO,3574,emi,upi,niyo,,english_natural
TO:UDEMY udemy.11847@icicibank From:UTSAVJANA (icici Gpay : user8198@okicicibank,3912,education,upi,gpay,icici,ocr_upi
Cred payment ₹450 flatmate SBI 5159 completed,450,friends,upi,cred,sbi,ocr_upi
mall me 1827 rupees ka saman liyaa card se pay kia,1827,shopping,card,,axis,hinglish_natural
ET Money se mutual fund kar diya 10021 rupaiye ka UPI se de diye,10021,investment,upi,gpay,,hinglish_natural
water bill 45334 rs UPI se diye,45334,utilities,upi,cred,sbi,hinglish_natural
dost bro ko 4856 rupaye card se bheje,4856,friends,card,,,friends_synthetic
PVR se ticket liyaa 203 rupees ka card se pay kr diya,203,entertainment,card,,,hinglish_natural
library mein 47715 lag gaye Phone Pe se bhara,47715,education,upi,phonepe,pnb,voice_transcript
129 ACT Fibernet haath se diye,129,utilities,cash,,,hinglish_natural
"TAX INVOICE
mobile recharge
Grand Total: Rs.411.89
Payment: Paytm",411.89,utilities,upi,paytm,hdfc,ocr_receipt
HDFC loan 7401 rupaiye card se pay kar diya,5257,emi,card,,,source_hinglish
bhai DMart ka 76 rupaye cred se de diya,76,food,upi,cred,,voice_transcript
colleague pe 73 ka dost ko diy UPI se pay kiya,73,friends,upi,phonepe,icici,hinglish_natural
paid back friend lent money Rs.15764 jupiter,15764,friends,upi,jupiter,,cue_row
Library fee INR 30612,30612,education,upi,gpay,,source_english
FD ka mutual fund kiyaa 4150 rupaiye credit card se budget tod diya,4150,investment,card,,,hinglish_natural
aaj Haldirams pe 3220 rupaye kharcha hua card se,3220,food,card,,,voice_transcript
Food court payment INR 29440,29440,food,cash,,sbi,source_english
Ajio ka shopping kya 47284 rupaiye credit card se,47284,shopping,card,,,hinglish_natural
Rohan ko 412 transfer kiya jupiter se,412,friends,upi,jupiter,,friends_synthetic
paid 214 to BSNL through Phone Pe from Fi,214,utilities,upi,phonepe,fi,voice_transcript
crypto gold bonds NPS portfolio ₹3807 Google Pay,3807,investment,upi,gpay,,cue_row
aaj Nature's Basket se khana order kr diya 484 rs ka UPI se die,484,food,upi,niyo,,hinglish_natural
bhai crypto ka 31 rupaye CRED se de diya,31,investment,upi,cred,,voice_transcript
BookMyShow pe 1716 rupaiye ka ticket lia Phone Pe se jupiter se kata,1716,entertainment,upi,phonepe,jupiter,hinglish_natural
subah eye checkup ka doctor ko diy 2535 ₹ UPI se,2535,healthcare,upi,gpay,,hinglish_natural
i did 149 expense on Coursera using jupiter,149,education,upi,jupiter,,voice_transcript
petrol diesel fuel Rs.21311 at pump card,21311,travel,card,,,cue_row
aaj 975 rupaiye kiraya de diye auto ko UPI se,975,travel,upi,gpay,sbi,hinglish_natural
Cleartrip payment ₹3542.50 done via cash,3542.50,travel,cash,,,english_natural
Paid Rs.16125 for Air India via credit card,16125,travel,card,,jupiter,english_natural
314 rupaye Vi recharge via Phonepe,314,utilities,upi,phonepe,,hinglish_natural
Bought INOX for ₹1061.35 with card,1061.35,entertainment,card,,,english_natural
cafe mein 168 lag gaye cash se bhara,168,food,cash,,,voice_transcript
today i spent 2055 on Amazon Prime via cred from my hdfc bank,2055,entertainment,upi,cred,hdfc,voice_transcript
aaj Netflix pe 3947 rupaye kharcha hua card se,3947,entertainment,card,,,voice_transcript
Arjun 28195 rupees Bhim se pay kr diya,28195,friends,upi,bhim,,hinglish_natural
raat ko lab test 2337 rupay via niyo,2337,healthcare,upi,niyo,,hinglish_natural
aaj car loan EMI pe 258 rupaye kharcha hua Gpay se,258,emi,upi,gpay,,voice_transcript
500 rupees Rohan via PayTM,500,friends,upi,paytm,,hinglish_natural
3340 rupaye market CRED se,3340,shopping,upi,cred,,hinglish_natural
netflix spotify hotstar subscription movie show t32704 Gpay,32704,entertainment,upi,gpay,hdfc,cue_row
bro ko 4820 transfer kiya card se,4820,friends,card,,,friends_synthetic
spent 1457 rupees on insurance premium via Bhim,1457,utilities,upi,bhim,,voice_transcript
office se aate hue tuition ka course le liya 11225 ₹ cash me Jupiter account se,11225,education,cash,,jupiter,hinglish_natural
personal loan installment EMI deduction Rs.3224 Cred,3224,emi,upi,cred,,cue_row
FreshMenu mein 2251 lag gaye G Pay se bhara,2251,food,upi,gpay,,voice_transcript
Apollo Pharmacy 4054 G Pay Completed State Bank 9325,4054,healthcare,upi,gpay,sbi,ocr_upi
Biryani Blues me 1695 ka mangwaya UPI se diye,1695,food,upi,gpay,,hinglish_natural
"RENT
Item 1 ₹50
Item 2 Rs.375
Total INR 908
G Pay",908,utilities,upi,gpay,,ocr_receipt
4821 Visa SIP,4821,investment,card,,,english_natural
personal loan installment EMI deduction Rs39288 card,39288,emi,card,,,cue_row
Just paid t3873.27 to Amazon Prime through PayTM,3873.27,entertainment,upi,paytm,,english_natural
education loan EMI 418 GPay,418,emi,upi,gpay,hdfc,ocr_upi
2270 rupaye bill bhra broadband pe debit card se,2270,utilities,card,,,hinglish_natural
amazon flipkart myntra online shopping order 4733 card,4733,shopping,card,,,cue_row
1722 charged for Croma on PayTM,1722,shopping,upi,paytm,,english_natural
36072 rupaiye SBI loan credit card se,36072,emi,card,,,hinglish_natural
sent ₹25302 to friend on Phonepe split bill UPI,25302,friends,upi,phonepe,,cue_row
broadband payment 177.77 done via Phonepe,177.77,utilities,upi,phonepe,,english_natural
Paid 5228 to Priya slice UPI Axis Bank 3018 Done,5228,friends,upi,slice,axis,ocr_upi
home loan car loan credit card EMI monthly 4198 autopay card,4198,emi,card,,,cue_row
419 Mastercard Lenskart,419,shopping,card,,hdfc,english_natural
388 ka Snapdeal bill pay kiya Paytm se,388,shopping,upi,paytm,,voice_transcript
Paid R 17671 for KFC via Paytm,17671,food,upi,paytm,icici,english_natural
paid flatmate 12449 via paytm,12449,friends,upi,paytm,,friends_synthetic
344 Visa Apollo Pharmacy,344,healthcare,card,,,english_natural
"FRESHMENU
Item 1 INR 108
Item 2 Rs.135
Total R 15719.39
Gpay",15719.39,food,upi,gpay,,ocr_receipt
4681 ka gas bill bill pay kiya card se,4681,utilities,card,,,voice_transcript
eye checkup 2609,2609,healthcare,card,,,english_natural
"Zerodha 107.07 Completed 1Aug 2025,5:36 pm icici 8568 UPI transaction ID 81013611506",107.07,investment,upi,cred,icici,ocr_upi
aaj stocks se stock lia 2202 rs ka CRED se,2202,investment,upi,cred,,hinglish_natural
ATM/CASH/BANK/34735,34735,investment,card,,,english_natural
"Receipt #7360
Gaana
Amount Paid: Rs.19747.22
Mode: gpay",19747.22,entertainment,upi,gpay,,ocr_receipt
Vikram payment Rs.2845.33 done via cred,2845.33,friends,upi,cred,hdfc,english_natural
ATM/CASH/BANK/2393,2393,shopping,upi,bhim,,english_natural
aaj personal loan EMI pe 3890 rupaye kharcha hua card se,3890,emi,card,,,voice_transcript
Clothing store bill INR 16543,16543,shopping,upi,phonepe,,source_english
crypto me 3573 rs ka paisa daala PhonePe se pay kiya,3573,investment,upi,phonepe,icici,hinglish_natural
spent 44551 rupees on Bewakoof via card,44551,shopping,card,,,voice_transcript
Paid ₹851 to yaar phonepe UPI kotak 2937 Done,851,friends,upi,phonepe,kotak,ocr_upi
gaming concert event ticket ₹893 Paytm,893,entertainment,upi,paytm,,cue_row
EatFit se food order kya 4967 rs. ka UPI se pay kia,4967,food,upi,jupiter,,hinglish_natural
mall 545 rupay card se matlab,545,shopping,card,,canara,hinglish_natural
Just paid INR 215 to flatmate through Gpay,215,friends,upi,gpay,,english_natural
mutual fund me 5041 rs ka stock lya UPI se Slice se,5041,investment,upi,gpay,slice,hinglish_natural
3410 payment kiyaa electricity bill pe UPI se pay kar diya,3410,utilities,upi,gpay,,hinglish_natural
metro 48043,48043,travel,upi,phonepe,pnb,english_natural
breakfast snacks chai coffee Rs19908 phonepe,19908,food,upi,phonepe,,cue_row
flight booking travel ticket Rs3153 cash,3153,travel,cash,,,cue_row
Paytm Money 31966,31966,investment,card,,,english_natural
spent 389 rupees on HP Petrol via card,389,travel,card,,sbi,voice_transcript
dost Rahul ko 1627 rupaye Slice se bheje,1627,friends,upi,slice,indusind,friends_synthetic
slice payment Rs.687 Netflix ICICI Bank 8314 completed,687,entertainment,upi,slice,icici,ocr_upi
i paid 35193 rupees for Jio recharge using Google Pay,35193,utilities,upi,gpay,,voice_transcript
FD se paisa daala 3577 rupees ka credit card se,3577,investment,card,,federal bank,hinglish_natural
"auto 327 Completed 23May 2026,8:01 pm PNB 7697 UPI transaction ID 066057965273983",327,travel,upi,gpay,pnb,ocr_upi
Paid Rs.3715 to flatmate PayTM UPI ICICI 9784 Successful,3715,friends,upi,paytm,icici,ocr_upi
Paid Zee5 Rs352.85 using Gpay,352.85,entertainment,upi,gpay,,english_natural
"D TUITION 272 Completed 7Feb 2026,4:19 pm SBI Bank 5385 UPI transaction ID 63415213867417 TO:TUITION tuition.24931@sbibank Googletransaction lD XYZabc590713 OPI Slice",272,education,upi,slice,sbi,ocr_upi
BYJU'S 35939 rupaye naqad,35939,education,cash,,,hinglish_natural
"MOBILE RECHARGE RESTAURANT
Total 23
Cash Received
Change 0.00",23,utilities,upi,bhim,,ocr_receipt
1719 rupees Bajaj Finance EMI phonepe se,35959,emi,upi,phonepe,,source_hinglish
sent ₹4141 to roommate on card,4141,friends,card,,,friends_synthetic
G Pay payment 37019 gold State Bank 6443 successful,37019,investment,upi,gpay,sbi,ocr_upi
Paid Rs.490.73 for Meesho via Visa,490.73,shopping,card,,,english_natural
Rs.1914 paid to Neha via PayTM from NIYO,1914,friends,upi,paytm,niyo,english_natural
McDonald's se kha liya 474 rs ka cash me,474,food,cash,,,hinglish_natural
sent ₹4371 to bro on Phone Pe,4371,friends,upi,phonepe,,friends_synthetic
yaar eye checkup se checkup karaya 8150 rupay ka paytm pe,8150,healthcare,upi,paytm,,hinglish_natural
Groww ka SIP bhar diya 42776 rupaiye UPI se Bank of Baroda wale account se,42776,investment,upi,phonepe,bob,hinglish_natural
subah market me 2646 ₹ ka buy kiyaa credit card se BOB se kata,2646,shopping,card,,bob,hinglish_natural
HDFC loan pe 4498 rupaiye ka installment diy debit card se SBI se,4498,emi,card,,sbi,hinglish_natural
kal 25340 rupees PVR debit card se,25340,entertainment,card,,fi,hinglish_natural
spent 3028 rupees on HDFC loan via card,3028,emi,card,,,voice_transcript
subah Chai Point pe 337 rs. ka khana kha liya via Phone Pe,337,food,upi,phonepe,sbi,hinglish_natural
"PRACTO
Item 1 INR 379
Item 2 ₹271
Total Rs 201
CARD",201,healthcare,card,,,ocr_receipt
4714 rs FreshMenu UPI se yaar,4714,food,upi,bhim,,hinglish_natural
sent ₹1923 to friend on slice split bill UPI,1923,friends,upi,slice,canara,cue_row
"Receipt #1169
DishTV
Amount Paid: ?4907
Mode: CARD",4907,utilities,card,,indusind,ocr_receipt
PharmEasy pe 1483 rs. ka checkup karaya haath se die achha deal mila,1483,healthcare,cash,,,hinglish_natural
"BILL
doctor
INR 26022.90
Phonepe
Thank You Visit Again",26022.90,healthcare,upi,phonepe,,ocr_receipt
Amit 3840 paytm,3840,friends,upi,paytm,,english_natural
"Bewakoof
Net Amount 41765
Paid via CARD",41765,shopping,card,,,ocr_receipt
breakfast snacks chai coffee Rs.19298 Bhim,19298,food,upi,bhim,,cue_row
"Tata Play BILL
St: 337
Phonepe approved",337,utilities,upi,phonepe,,ocr_receipt
367 rupaiye Uber debit card se,367,travel,card,,jupiter,hinglish_natural
316 rupees crypto Phone Pe,316,investment,upi,phonepe,,voice_transcript
769 ka Hotstar bill pay kiya card se Niyo se kata,769,entertainment,card,,niyo,voice_transcript
"D DISHTV 1596 Completed 1Jan 2026,3:45 pm hdfc Bank 7744 UPI transaction ID 6993005476424 TO:DISHTV dishtv.91016@hdfcbank Googletransaction lD XYZabc828183 OPI jupiter",1596,utilities,upi,jupiter,hdfc,ocr_upi
i paid 4197 rupees for NPS using G Pay,4197,investment,upi,gpay,federal bank,voice_transcript
bhai hospital pe 3315 rs ka doctor ko de diya card se,3315,healthcare,card,,pnb,hinglish_natural
"BILL
hospital
Rs 4127
paytm
Thank You Visit Again",4127,healthcare,upi,paytm,,ocr_receipt
car loan EMI payment Rs.484 done via debit card,484,emi,card,,jupiter,english_natural
83 rupees roommate Paytm,83,friends,upi,paytm,,voice_transcript
"INOX BILL
St: Rs.48659
CASH approved",48659,entertainment,cash,,,ocr_receipt
Faasos 3059.00,3059.00,food,card,,niyo,english_natural
Paytm Money ka stock liya 1369 card se icici wale account se,1369,investment,card,,icici,hinglish_natural
3162 food order kia Swiggy ko haath se die,3162,food,cash,,,hinglish_natural
Snapdeal 579 rupaiye debit card se,579,shopping,card,,,hinglish_natural
1857 rupees Air India cash sbi account,1857,travel,cash,,sbi,voice_transcript
₹1961 debited from your ICICI account for SonyLIV (phonepe UPI),1961,entertainment,upi,phonepe,icici,ocr_upi
rent maintenance gas connection ₹10280 GPay,10280,utilities,upi,gpay,,cue_row
mutual fund se SIP bhar diya 338 ka UPI se matlab,338,investment,upi,jupiter,,hinglish_natural
spent 4903 rupees on Tata CLiQ via card,4903,shopping,card,,icici,voice_transcript
raat ko 416 ₹ 1mg via cred,416,healthcare,upi,cred,fi,hinglish_natural
yaar Nykaa ka buy kr diya 3690 rupay PhonePe pe icici se,3690,shopping,upi,phonepe,icici,hinglish_natural
Rs14909 to Arjun card UPI,14909,friends,card,,,friends_synthetic
bhai 332 rs EMI bhar diya HDFC loan pe card se pay kia,332,emi,card,,,hinglish_natural
"petrol pump 3210 Completed 8Aug 2026,1:47 am hdfc 4447 UPI transaction ID 639249484031338",3210,travel,upi,gpay,hdfc,ocr_upi
electronics clothes shoes accessories purchase 1693 via paytm,1693,shopping,upi,paytm,,cue_row
Gpay payment 447 EatFit State Bank 8280 completed,447,food,upi,gpay,sbi,ocr_upi
118 ka eye checkup bill pay kiya card se Jupiter se kata,118,healthcare,card,,jupiter,voice_transcript
40702 rs kiraya de diya EaseMyTrip ko card se pay kia,40702,travel,card,,hdfc,hinglish_natural
₹2786 to Rohan Gpay UPI,2786,friends,upi,gpay,sbi,friends_synthetic
UPI/12632283/YOUTUBE PREMIUM/BANK,1925,entertainment,card,,,english_natural
4366 ka stocks bill pay kiya Jupiter se,4366,investment,upi,jupiter,,voice_transcript
home loan EMI se EMI bhara 159 rupaye ka card se,159,emi,card,,,hinglish_natural
2169 rupees metro credit card se,2169,travel,card,,,hinglish_natural
upGrad 120.26 Gpay Payment done HDFC 9862,120.26,education,upi,gpay,hdfc,ocr_upi
Movie ticket booking INR 30807,30807,entertainment,upi,phonepe,,source_english
Amazon 18545 PayTM Payment done HDFC Bank 3995,18545,shopping,upi,paytm,hdfc,ocr_upi
flatmate rent share 1682 Paytm Divya,1682,friends,upi,paytm,,friends_synthetic
Shreya me 279 ka dost ko die Fi Money pe,279,friends,upi,fi,,hinglish_natural
Paid home loan EMI Rs.4408 using PayTM,4408,emi,upi,paytm,,english_natural
NEFT/TRANSFER/INDIGO/,43808,travel,card,,,english_natural
crypto se stock lya 3398 rupaye ka NIYO pe,3398,investment,upi,niyo,,hinglish_natural
i did 22736 expense on gold using card,22736,investment,card,,hdfc,voice_transcript
home loan car loan credit card EMI monthly Rs.4689 autopay card,4689,emi,card,,,cue_row
TO:HDFCLOAN hdfcloan.43773@sbibank From:PRIYASHARMA (SBI PhonePe : user9875@oksbibank,2297,emi,upi,phonepe,sbi,ocr_upi
Payment of 10727 to CCD was successful via Paytm UPI Ref No 986391062046786 Axis Account 9551,10727,food,upi,paytm,axis,ocr_upi
9742 rs. order kar diya H&M ko debit card se,9742,shopping,card,,,hinglish_natural
Just paid 216 to Chai Point through gpay,216,food,upi,gpay,niyo,english_natural
split bill 403 cash se Rahul ko diya,403,friends,cash,,,friends_synthetic
dopahar ko Zomato ka kha liya 4899 Google Pay se pay kiya hdfc wale account se budget tod diya,4899,food,upi,gpay,hdfc,hinglish_natural
"BILL
Ajio
Rs217
CARD
Thank You Visit Again",217,shopping,card,,,ocr_receipt
dost Divya ko 4182 rupaye card se bheje,4182,friends,card,,indusind,friends_synthetic
₹37758.67 to stocks via CRED State Bank account,37758.67,investment,upi,cred,sbi,english_natural
society maintenance ₹2039 bhim,2039,utilities,upi,bhim,,english_natural
"HOSPITAL RESTAURANT
Total 4130
Cash Received
Change 0.00",4130,healthcare,upi,paytm,,ocr_receipt
Burger King pe 2214 rupay ka mangwaya UPI se diye,2214,food,upi,bhim,hdfc,hinglish_natural
dinner split 4873 rupaye Arjun PhonePe,4873,friends,upi,phonepe,,friends_synthetic
sent ₹198 to friend on card split bill UPI,198,friends,card,,,cue_row
spent 1122 rupees on mutual fund via card,1122,investment,card,,,voice_transcript
kal 18965 books liyaa coaching pe haath se diye,18965,education,cash,,,hinglish_natural
UPI/13002584/TUITION/BANK,10790.09,education,upi,gpay,,english_natural
aaj 1mg pe 6661 rupaye kharcha hua Phone Pe se,6661,healthcare,upi,phonepe,axis,voice_transcript
Just paid INR 302 to education loan EMI through debit card,302,emi,card,,indusind,english_natural
211 rupay mutual fund kya crypto pe via SLICE,211,investment,upi,slice,,hinglish_natural
i paid 3659 rupees for Karan using Gpay,3659,friends,upi,gpay,sbi,voice_transcript
i did 2754 expense on car loan EMI using card,2754,emi,card,,,voice_transcript
mutual fund SIP stocks PPF FD investment 271 card,271,investment,card,,,cue_row
28315 rs concert card se pay kiyaa,28315,entertainment,card,,,hinglish_natural
"MEESHO
Item 1 INR 72
Item 2 299
Total ₹31527.06
Jupiter",31527.06,shopping,upi,jupiter,,ocr_receipt
office se aate hue Kuvera pe 52 rupaye ka paisa daala UPI se pay kya,52,investment,upi,gpay,idfc,hinglish_natural
49940 ka Amit bill pay kiya GPay se,49940,friends,upi,gpay,,voice_transcript
"YouTube Premium
Net Amount 14207
Paid via CARD",14207,entertainment,card,,hdfc,ocr_receipt
medical checkup lab test health insurance ?1727 card,1727,healthcare,card,,,cue_row
school college tuition course books fees INR 4366 cash,4366,education,cash,,pnb,cue_row
ATM/CASH/BANK/2457,2457,shopping,upi,paytm,,english_natural
i did 279 expense on stationery using cash,279,education,cash,,pnb,voice_transcript
dost ka dost ko die 483 paytm se pay kr diya ICICI card se zyada ho gaya,483,friends,upi,paytm,icici,hinglish_natural
26 Rapido,26,travel,upi,slice,,english_natural
Payment of Rs40625.16 to bike loan EMI was successful via gpay UPI Ref No 7781621427 sbi Account 3391,40625.16,emi,upi,gpay,sbi,ocr_upi
"DishTV 4670 Completed 11Jan 2026,2:21 pm kotak 5669 UPI transaction ID 06035627061050",4670,utilities,upi,phonepe,kotak,ocr_upi
split bill 3348 phonepe se Neha ko diya,3348,friends,upi,phonepe,,friends_synthetic
petrol diesel fuel Rs 4421 at pump cash,4421,travel,cash,,,cue_row
split bill 3263 BHIM se Pooja ko diya,3263,friends,upi,bhim,,friends_synthetic
abhi 27877 rupaye petrol bharra rickshaw ko credit card se,27877,travel,card,,,hinglish_natural
2363 rs. split kya Neha ko CRED se,2363,friends,upi,cred,,hinglish_natural
Ajio me 43948 rs ka buy kya PhonePe pe,43948,shopping,upi,phonepe,,hinglish_natural
388 rupees Burger King naqad,388,food,cash,,,hinglish_natural
POS/EYE CHECKUP/GPAY/7030,489,healthcare,upi,gpay,slice,english_natural
raat ko 170 rupaiye invest kya SIP pe Phone Pe pe sasta tha,170,investment,upi,phonepe,,hinglish_natural
bhai 38466 rupees bill pay kya BSNL ko card se pay kar diya HDFC Bank card se,38466,utilities,card,,hdfc,hinglish_natural
"Amazon Prime
Net Amount 1759
Paid via CARD",1759,entertainment,card,,,ocr_receipt
4149 rs Jio recharge UPI se pay kiya zyada ho gaya,4149,utilities,upi,slice,,hinglish_natural
i did 333 expense on Angel One using SLICE,333,investment,upi,slice,,voice_transcript
dost bhai ko 2229 rupaye cash se bheje,2229,friends,cash,,,friends_synthetic
lab test Rs236.71 phonepe,236.71,healthcare,upi,phonepe,canara,ocr_upi
"RELIANCE DIGITAL
Item 1 Rs.213
Item 2 378
Total 14696
Gpay",14696,shopping,upi,gpay,,ocr_receipt
"BILL
YouTube Premium
₹452.60
CARD
Thank You Visit Again",452.60,entertainment,card,,axis,ocr_receipt
R 25738.72 debited from your IndusInd account for Amit (gpay UPI),25738.72,friends,upi,gpay,indusind,ocr_upi
aaj Practo pe 27823 rupaye kharcha hua G Pay se,27823,healthcare,upi,gpay,sbi,voice_transcript
Zara ka order kar diya 9453 rupaiye Fi Money se,9453,shopping,upi,fi,,hinglish_natural
29556 ₹ khana order kr diya Blinkit pe naqad,29556,food,cash,,jupiter,hinglish_natural
rickshaw me 11290 ₹ ka cab liyaa cash de diye,11290,travel,cash,,,hinglish_natural
42902 rupaiye society maintenance Phone Pe se,42902,utilities,upi,phonepe,,hinglish_natural
bike loan EMI se loan payment kia 23012 rupay ka phonepe pe HDFC account se,23012,emi,upi,phonepe,hdfc,hinglish_natural
grocery vegetables milk bread fruits ₹33852 paid Cred,33852,food,upi,cred,,cue_row
amazon flipkart myntra online shopping order 7029 card,7029,shopping,card,,,cue_row
₹10998 to Kuvera via Mastercard,10998,investment,card,,,english_natural
₹409 to JioCinema via debit card,409,entertainment,card,,,english_natural
IRCTC se ticket book kar diya 650 rupaye ka UPI se pay kar diya,650,travel,upi,gpay,,hinglish_natural
Netmeds ka 33161 rupees ka bill card se pay kiya,33161,healthcare,card,,,voice_transcript
IndiGo pe 376 rs. ka petrol bhra debit card se matlab,42023,travel,card,,,source_hinglish
4465 rupaiye auto CRED pe,4465,travel,upi,cred,,hinglish_natural
Zee5 25129.64,25129.64,entertainment,card,,,english_natural
4217 rupaiye mutual fund kiyaa SIP pe Slice pe,4831,investment,upi,slice,,source_hinglish
Just paid Rs.1574 to Rohan through Gpay,1574,friends,upi,gpay,,english_natural
subah Vi recharge se recharge kiya 390 rs. ka UPI se Kotak se,390,utilities,upi,paytm,kotak,hinglish_natural
Paid 24569 to RedBus paytm UPI BOB 3637 Completed,24569,travel,upi,paytm,bob,ocr_upi
NEFT/TRANSFER/PAYTM MONEY/,41094,investment,upi,gpay,,english_natural
Spent Rs.427.03 on Myntra using Cred,427.03,shopping,upi,cred,sbi,english_natural
electronics store ka saman le liya 43154 rupaye UPI se diye,43154,shopping,upi,cred,,hinglish_natural
Tata Play INR 248 debited from IDFC,248,utilities,upi,gpay,idfc,english_natural
Arjun 75,75,friends,upi,gpay,,english_natural
"CLINIC
Item 1 137
Item 2 ₹368
Total t4275
Paytm",4275,healthcare,upi,paytm,,ocr_receipt
maine 2023 rupaye library ko diye card se,2023,education,card,,,voice_transcript
car loan EMI 231 Mastercard,231,emi,card,,,english_natural
Paid Rs.380.77 for Priya via PhonePe,380.77,friends,upi,phonepe,,english_natural
3600 rs. doctor haath se die,3600,healthcare,cash,,,hinglish_natural
1690.60 charged for H&M on credit card,1690.60,shopping,card,,,english_natural
office se aate hue 3604 rupay Arjun cash de diya,3604,friends,cash,,hdfc,hinglish_natural
"D BLINKIT 3760 Completed 6Jan 2026,10:27 pm kotak Bank 6617 UPI transaction ID 459968224312125 TO:BLINKIT blinkit.57931@kotakbank Goog1etransaction lD CICAgJjg923078 OPI Paytm",3760,food,upi,paytm,kotak,ocr_upi
car loan EMI 3327 G Pay,3327,emi,upi,gpay,hdfc,ocr_upi
hospital doctor pharmacy medicine diagnostic Rs 11878 NIYO,11878,healthcare,upi,niyo,,cue_row
3614 ka Ola bill pay kiya card se,3614,travel,card,,,voice_transcript
4874 rupees Yatra card se pay kiya,4874,travel,card,,sbi,hinglish_natural
Myntra 280 credit card,280,shopping,card,,,english_natural
kal 2484 ₹ Netmeds card se pay kiyaa,2484,healthcare,card,,,hinglish_natural
broadband 37599 Bank of Baroda,37599,utilities,upi,phonepe,bob,english_natural
i did 78 expense on hospital using jupiter,78,healthcare,upi,jupiter,,voice_transcript
dost Divya ko 215 rupaye paytm se bheje,215,friends,upi,paytm,kotak,friends_synthetic
netflix spotify hotstar subscription movie show 2707 card,2707,entertainment,card,,,cue_row
subah credit card EMI ka EMI bhra 214 rupees credit card se Fi Money card se,214,emi,card,,fi,hinglish_natural
Nykaa 1841 rs G Pay se pay kya,1841,shopping,upi,gpay,,hinglish_natural
bhai HDFC loan ka EMI kat gayi 349 rupay card se SBI se,349,emi,card,,sbi,hinglish_natural
597 rupees Bharat Petroleum cash,597,travel,cash,,,voice_transcript
maine 4068 rupaye Air India ko diye card se,4068,travel,card,,yes bank,voice_transcript
Gaana 4340.40 GPay,4340.40,entertainment,upi,gpay,,english_natural
Zara 413,413,shopping,upi,cred,,english_natural
spent 14812 rupees on Kuvera via phonepe,14812,investment,upi,phonepe,,voice_transcript
personal loan EMI pe 3562 rupaiye ka EMI kat gayi via niyo,3562,emi,upi,niyo,,hinglish_natural
"BILL
SonyLIV
Rs4323
jupiter
Thank You Visit Again",4323,entertainment,upi,jupiter,,ocr_receipt
dinner split 4279 rupaye Shreya paytm,4279,friends,upi,paytm,,friends_synthetic
Lunch at hotel INR 25482,25482,food,card,,,source_english
gaming 235.24,235.24,entertainment,upi,gpay,,english_natural
gaming concert event ticket Rs 35118 paytm,35118,entertainment,upi,paytm,,cue_row
"gold 323 Completed 16Jun 2025,3:05 am State Bank 7435 UPI transaction ID 8426226441",323,investment,upi,phonepe,sbi,ocr_upi
Amazon 3274 rupees card se State Bank card se,4956,shopping,card,,sbi,source_hinglish
paid Arjun ₹382 via card,382,friends,card,,,friends_synthetic
POS/DUNKIN/NIYO/8461,31891.39,food,upi,niyo,,english_natural
Priya ko 23028 transfer kiya gpay se,23028,friends,upi,gpay,,friends_synthetic
electronics clothes shoes accessories purchase Rs.22668 via PayTM,22668,shopping,upi,paytm,axis,cue_row
Hotstar ka 2424 rupees ka bill card se pay kiya,2424,entertainment,card,,,voice_transcript
abhi 308 transfer kar diya dost pe G Pay pe sbi wale account se,308,friends,upi,gpay,sbi,hinglish_natural
i did 269 expense on Spotify using cash,269,entertainment,cash,,sbi,voice_transcript
"TAX INVOICE
BSNL
Grand Total: ₹2719
Payment: CRED",2719,utilities,upi,cred,,ocr_receipt
office se aate hue HDFC loan ka EMI kat gayi 21639 ₹ credit card se,21639,emi,card,,,hinglish_natural
McDonald's 19134 ₹ BHIM pe,19134,food,upi,bhim,,hinglish_natural
13584 Tata CLiQ,13584,shopping,upi,paytm,slice,english_natural
maine 186 rupaye college fees ko diye card se,186,education,card,,hdfc,voice_transcript
Payment of t250 to lab test was successful via Gpay UPI Ref No 671844617327 SBI Account 4043,250,healthcare,upi,gpay,sbi,ocr_upi
39094 ka BigBasket bill pay kiya cash se Federal Bank se kata,39094,food,cash,,federal bank,voice_transcript
1643 rupay petrol bharaa Uber pe haath se diyee,1643,travel,cash,,axis,hinglish_natural
office se aate hue concert pe 4249 rs ka subscription renew kr diya card se,4249,entertainment,card,,,hinglish_natural
Amazon Prime 47121 rupaiye Fi pe,47121,entertainment,upi,fi,sbi,hinglish_natural
Amazon Rs295 PayTM,295,shopping,upi,paytm,,english_natural
maine 48509 rupaye concert ko diye Cred se,48509,entertainment,upi,cred,,voice_transcript
raat ko 30440 rupay personal loan EMI gpay pe zyada ho gaya,8141,emi,upi,gpay,,source_hinglish
438 rupaye DishTV UPI se,438,utilities,upi,gpay,hdfc,hinglish_natural
Amit 28456 rupay naqad,28456,friends,cash,,,hinglish_natural
2326 rupaiye books lia upGrad pe Jupiter se pay kiya HDFC se kata,2326,education,upi,jupiter,hdfc,hinglish_natural
Apple Music 227 rs via paytm,227,entertainment,upi,paytm,,hinglish_natural
Paid Rs614.91 for Unacademy via GPay,614.91,education,upi,gpay,,english_natural
"McDonald's BILL
St: Rs.86.57
Phonepe approved",86.57,food,upi,phonepe,,ocr_receipt
MedPlus me 40083 rs ka medicine liyaa UPI se diy,40083,healthcare,upi,phonepe,,hinglish_natural
283.17 paid to exam fee via Paytm from Fi,283.17,education,upi,paytm,fi,english_natural
split bill 236 cash se Pooja ko diya,236,friends,cash,,sbi,friends_synthetic
Biryani Blues payment INR 278.16 done via Google Pay,278.16,food,upi,gpay,,english_natural
"dentist 2770 Completed 4Dec 2026,12:07 am HDFC 9675 UPI transaction ID 385360384675",2770,healthcare,upi,jupiter,hdfc,ocr_upi
1875 ka HP Petrol bill pay kiya card se,1875,travel,card,,,voice_transcript
dopahar ko water bill 497 rupaiye UPI se,497,utilities,upi,jupiter,,hinglish_natural
Paid ₹371 to Vedantu paytm UPI axis 6220 Completed,371,education,upi,paytm,axis,ocr_upi
248 recharge kiyaa mobile recharge ko UPI se de diya,248,utilities,upi,paytm,,hinglish_natural
"Bewakoof
Net Amount 306
Paid via CARD",306,shopping,card,,hdfc,ocr_receipt
gold ka invest kr diya 424 rupaye UPI se,424,investment,upi,fi,,hinglish_natural
"Amazon Prime BILL
St: ₹369
CARD APPROVED",369,entertainment,card,,hdfc,ocr_receipt
gaming concert event ticket ₹274 PayTM,274,entertainment,upi,paytm,,cue_row
ET Money ka invest kia 34 rs. debit card se,34,investment,card,,jupiter,hinglish_natural
"CCD BILL
St: ₹3949
phonepe Approved",3949,food,upi,phonepe,hdfc,ocr_receipt
sent Rs.112 to Rahul on Paytm,112,friends,upi,paytm,,friends_synthetic
Paid Rs 1342 for Apollo Pharmacy via Visa,1342,healthcare,card,,hdfc,english_natural
Divya payment 4514 done via cash,4514,friends,cash,,,english_natural
medical checkup lab test health insurance 40757 cash,40757,healthcare,cash,,,cue_row
39254.73 paid to home loan EMI via Paytm UPI from Kotak Bank ending 6883,39254.73,emi,upi,paytm,kotak,ocr_upi
mutual fund SIP stocks PPF FD investment INR 252 card,252,investment,card,,,cue_row
Amit 36855 Google Pay Payment done ICICI Bank 4832,36855,friends,upi,gpay,icici,ocr_upi
Rs153.89 to Hotstar via paytm,153.89,entertainment,upi,paytm,,english_natural
"Swiggy
Net Amount 24817
Paid via PhonePe",24817,food,upi,phonepe,,ocr_receipt
paid back friend lent money Rs 408 Phonepe,408,friends,upi,phonepe,,cue_row
Spent Rs.9282.70 on Hotstar using credit card,9282.70,entertainment,card,,,english_natural
Bought petrol pump for R 493.13 with cash,493.13,travel,cash,,,english_natural
INR 3020 to yaar PhonePe UPI,3020,friends,upi,phonepe,,friends_synthetic
2468 rs Netmeds naqad achha deal mila,2468,healthcare,cash,,icici,hinglish_natural
yaar Vedantu 13167 rupaiye via cred,32798,education,upi,cred,,source_hinglish
"JIOCINEMA RESTAURANT
Total 64.45
Cash Received
Change 0.00",64.45,entertainment,card,,,ocr_receipt
TO:INSURANCEPREMIUM insurancepremium.87967@hdfcbank From:AMITSINGH (HDFC Google Pay : user5762@okhdfcbank,2259,utilities,upi,gpay,hdfc,ocr_upi
Paid Rs.28187.40 to colleague paytm UPI HDFC Bank 7707 Completed,28187.40,friends,upi,paytm,hdfc,ocr_upi
maine 3210 rupaye Zee5 ko diye cash se,3210,entertainment,cash,,,voice_transcript
diagnostic me 38032 rs ka checkup karaya UPI se diye,38032,healthcare,upi,niyo,,hinglish_natural
460 rupay JioMart UPI se,784,food,upi,paytm,,source_hinglish
dost Neha ko 2449 rupaye cash se bheje,2449,friends,cash,,,friends_synthetic
2759 rs. saman le liya Snapdeal pe via gpay,2759,shopping,upi,gpay,icici,hinglish_natural
sent money to Pooja t1580 on cash,1580,friends,cash,,,friends_synthetic
abhi FD ka stock liyaa 3646 rupees debit card se Kotak wale account se,3646,investment,card,,kotak,hinglish_natural
ZARA INR 191,191,shopping,upi,gpay,,english_natural
Google Pay payment ₹495 books Axis 7631 done,495,education,upi,gpay,axis,ocr_upi
POS/NETMEDS/MASTERCARD/9979,337,healthcare,card,,,english_natural
gaming concert event ticket 6590 Phonepe,6590,entertainment,upi,phonepe,,cue_row
medical checkup lab test health insurance Rs322 Paytm,322,healthcare,upi,paytm,,cue_row
₹243 to IRCTC via cash,243,travel,cash,,,english_natural
Mobile recharge INR 44496,44496,utilities,upi,bhim,,source_english
dost Arjun ko 4937 rupaye phonepe se bheje,4937,friends,upi,phonepe,,friends_synthetic
Bought electricity bill for ₹262.31 with phonepe,262.31,utilities,upi,phonepe,,english_natural
flight booking travel ticket INR 372 cash,372,travel,cash,,,cue_row
ATM/CASH/NIYO/23,23,food,upi,gpay,niyo,english_natural
kal Unacademy me 1040 rs ka fees bhara card se Jupiter wale account se,1040,education,card,,jupiter,hinglish_natural
33801 metro,33801,travel,cash,,sbi,english_natural
Practo ka medicine lya 2723 rs debit card se,2723,healthcare,card,,icici,hinglish_natural
Flipkart order INR 34162,34162,shopping,card,,hdfc,source_english
Spent ₹4764 on hospital using Visa,4764,healthcare,card,,,english_natural
Payment of ₹4357 to SpiceJet was successful via NIYO UPI Ref No 70436922591 hdfc Account 7960,4357,travel,upi,niyo,hdfc,ocr_upi
IRCTC se cab liya 498 ₹ ka credit card se,498,travel,card,,,hinglish_natural
NEFT/TRANSFER/BRO/,64,friends,upi,gpay,,english_natural
Neha ko 426 transfer kiya CRED se,426,friends,upi,cred,,friends_synthetic
netflix spotify hotstar subscription movie show Rs.23431 card,23431,entertainment,card,,,cue_row
SBI loan Rs 1425.92 Mastercard,1425.92,emi,card,,,english_natural
HP Petrol ka cab liya 4963 rupay card se pay kar diya,4963,travel,card,,,hinglish_natural
Snapdeal ka shopping kiya 1163 rupaye debit card se,1163,shopping,card,,axis,hinglish_natural
"BILL
H&M
Rs 4586
SLICE
Thank You Visit Again",4586,shopping,upi,slice,sbi,ocr_receipt
coaching exam preparation study material ₹4015 Fi Money,4015,education,upi,fi,,cue_row
INR 109 to Jio recharge via Bhim,109,utilities,upi,bhim,,english_natural
paid Amit Rs1393 via slice,1393,friends,upi,slice,,friends_synthetic
"TATA PLAY RESTAURANT
Total 352
Cash Received
Change 0.00",352,utilities,upi,phonepe,,ocr_receipt
Tata Play 2071 rs. UPI se,2071,utilities,upi,jupiter,,hinglish_natural
BSNL pe 30113 rs ka bill bharra via G Pay sasta tha,30113,utilities,upi,gpay,,hinglish_natural
home loan EMI ka EMI kat gayi 36040 rupees card se pay kia HDFC Bank wale account se,36040,emi,card,,hdfc,hinglish_natural
Coin ka SIP bhara 35238 Cred se pay kia,35238,investment,upi,cred,federal bank,hinglish_natural
ATM/CASH/JUPITER/177,177,travel,cash,,jupiter,english_natural
Cred payment Rs 505.68 PharmEasy ICICI Bank 1917 done,505.68,healthcare,upi,cred,icici,ocr_upi
gaming se show dekha 4355 rupay ka gpay se,4355,entertainment,upi,gpay,,hinglish_natural
INR 2567 to Dunkin via card sbi account,2567,food,card,,sbi,english_natural
Udemy 436 rs card se pay kar diya,436,education,card,,,hinglish_natural
subah SonyLIV se ticket le liya 4040 rs. ka UPI se,4040,entertainment,upi,phonepe,jupiter,hinglish_natural
Unacademy 6405 cred Successful icici 4343,6405,education,upi,cred,icici,ocr_upi
home loan EMI 24067.48,24067.48,emi,card,,,english_natural
dinner split 235 rupaye Rohan cash,235,friends,cash,,,friends_synthetic
abhi credit card EMI se loan payment kr diya 2709 rs. ka credit card se,1161,emi,card,,,source_hinglish
gold ka invest kya 271 rupay Google Pay se pay kia,271,investment,upi,gpay,niyo,hinglish_natural
POS/METRO/CREDIT CARD/4309,298.62,travel,card,,,english_natural
?128 to HDFC loan via Slice BOB account,128,emi,upi,slice,bob,english_natural
3803 education loan EMI,3803,emi,upi,phonepe,niyo,english_natural
"EATFIT RESTAURANT
Total 174
Cash Received
Change 0.00",174,food,upi,jupiter,,ocr_receipt
Arjun se paise bheje 4038 rupay ka cash diye matlab,4038,friends,cash,,,hinglish_natural
Paid INR 60.69 to McDonald's jupiter UPI State Bank 2383 Done,60.69,food,upi,jupiter,sbi,ocr_upi
43061 rupees bill bhara mobile recharge ko debit card se,43061,utilities,card,,slice,hinglish_natural
roommate 401 rs. via Phonepe,401,friends,upi,phonepe,,hinglish_natural
275 paisa daala Groww ko card se BOB se kata,275,investment,card,,bob,hinglish_natural
i paid 1732 rupees for canteen using cash,1732,food,cash,,hdfc,voice_transcript
"NETMEDS
Item 1 ₹466
Item 2 INR 226
Total Rs.3229
Phonepe",3229,healthcare,upi,phonepe,axis,ocr_receipt
society maintenance ka recharge kia 34939 rupees Cred se pay kar diya,34939,utilities,upi,cred,,hinglish_natural
Croma ka buy kar diya 4681 rs. via slice,4681,shopping,upi,slice,,hinglish_natural
sent 1433 to friend on GPay,1433,friends,upi,gpay,,friends_synthetic
office se aate hue stationery se tuition de diye 14814 rupaiye ka UPI se,14814,education,upi,cred,,hinglish_natural
"MedPlus
Net Amount 37423.85
Paid via CARD",37423.85,healthcare,card,,,ocr_receipt
colleague se paise bheje 489 ka cash diy,489,friends,cash,,,hinglish_natural
32018 ₹ Vikram cash diy bhai,32018,friends,cash,,fi,hinglish_natural
"DMART
Item 1 498
Item 2 Rs.190
Total 17663.09
CASH",17663.09,food,cash,,,ocr_receipt
Rs 382.80 to SBI loan via Visa,382.80,emi,card,,,english_natural
Box8 me 12165 ka food order kiya cash diyee,8,food,cash,,,hinglish_natural
"BILL
DishTV
₹3983.31
PayTM
Thank You Visit Again",3983.31,utilities,upi,paytm,hdfc,ocr_receipt
"TAX INVOICE
Swiggy
Grand Total: ?30292
Payment: bhim",30292,food,upi,bhim,,ocr_receipt
abhi 14657 rupaye exam fee haath se diy,14657,education,cash,,hdfc,hinglish_natural
paid 4303 to Jio recharge through Bhim,4303,utilities,upi,bhim,,voice_transcript
electricity water broadband mobile recharge bill ₹395 cash,395,utilities,cash,,,cue_row
sent money to Priya INR 23653 on Phone Pe,23653,friends,upi,phonepe,,friends_synthetic
i did 35202 expense on mess using PayTM,35202,food,upi,paytm,hdfc,voice_transcript
flatmate rent share 171 cash Arjun,171,friends,cash,,hdfc,friends_synthetic
RedBus 182 rupay cash me,182,travel,cash,,slice,hinglish_natural
Spent 32352.37 on DishTV using GPay,32352.37,utilities,upi,gpay,hdfc,english_natural
Gaana se game liya 4148 rs ka cash me,4148,entertainment,cash,,,hinglish_natural
Netflix 866 card,866,entertainment,card,,,english_natural
coaching exam preparation study material ₹2138 cash,2138,education,cash,,,cue_row
hospital doctor pharmacy medicine diagnostic Rs 3431 cash,3431,healthcare,cash,,,cue_row
HDFC loan ka 44045 rupees ka bill Paytm se pay kiya,44045,emi,upi,paytm,sbi,voice_transcript
Used icici G Pay to pay t40425.92 for Amit,40425.92,friends,upi,gpay,icici,english_natural
crypto ka 10640 rupees ka bill card se pay kiya,10640,investment,card,,,voice_transcript
Paid roommate 2341 using Paytm from Niyo,2341,friends,upi,paytm,niyo,english_natural
paid back friend lent money ₹339 cash,339,friends,cash,,,cue_row
UPI/22628576/JIOCINEMA/PNB,4190,entertainment,cash,,pnb,english_natural
bhai Shreya ko udhar return kiya 2957 rs Slice se,2957,friends,upi,slice,pnb,friends_synthetic
INR 60 to friend cash UPI,60,friends,cash,,,friends_synthetic
Paid 2898 for doctor from my sbi account via debit card,2898,healthcare,card,,sbi,english_natural
uber ola cab ride airport train ticket Rs.880 Phone Pe,880,travel,upi,phonepe,,cue_row
netflix spotify hotstar subscription movie show ₹3748 cash,3748,entertainment,cash,,hdfc,cue_row
car loan EMI 3986 ₹ debit card se bc,3986,emi,card,,,hinglish_natural
subah Spotify ka show dekha 329 ₹ Phone Pe se,329,entertainment,upi,phonepe,,hinglish_natural
Uber ka 42755 rupees ka bill cash se pay kiya,42755,travel,cash,,,voice_transcript
Bought Zomato for Rs.1958.14 with Mastercard,1958.14,food,card,,,english_natural
eye checkup 3463 CRED Successful Punjab National Bank 1033,3463,healthcare,upi,cred,pnb,ocr_upi
dopahar ko 2207 rupay Practo card se pay kr diya,2207,healthcare,card,,icici,hinglish_natural
electronics clothes shoes accessories purchase ₹73 via cash,73,shopping,cash,,,cue_row
Bought petrol pump for Rs 435.51 with Bhim,435.51,travel,upi,bhim,,english_natural
"APOLLO PHARMACY RESTAURANT
Total 38036.45
Cash Received
Change 0.00",38036.45,healthcare,card,,sbi,ocr_receipt
Netflix mein 6266 lag gaye card se bhara,6266,entertainment,card,,icici,voice_transcript
2796 rupaye library Gpay pe,2796,education,upi,gpay,,hinglish_natural
"Receipt #1740
KFC
Amount Paid: Rs215
Mode: CASH",215,food,cash,,,ocr_receipt
₹407 charged for Practo on Cred,407,healthcare,upi,cred,,english_natural
"Myntra
Net Amount 38765
Paid via CARD",38765,shopping,card,,icici,ocr_receipt
Coursera se admission kr diya 241 ₹ ka UPI se pay kiya,40270,education,upi,cred,hdfc,source_hinglish
maine 443 rupaye Swiggy ko diye card se,443,food,card,,,voice_transcript
i paid 47893 rupees for Arjun using Slice,47893,friends,upi,slice,,voice_transcript
"Croma BILL
St: ?2653
CARD APPROVED",2653,shopping,card,,,ocr_receipt
petrol diesel fuel Rs.46867 at pump card,46867,travel,card,,,cue_row
PPF contribution INR 19898,19898,investment,card,,,source_english
62 rs. Coursera haath se die,62,education,cash,,kotak,hinglish_natural
Spent 36687 on doctor using Visa,36687,healthcare,card,,,english_natural
school fees R 1350.05 G Pay,1350.05,education,upi,gpay,pnb,ocr_upi
RedBus me 239 rupay ka ticket book kiya debit card se,14952,travel,card,,,source_hinglish
1893 rs personal loan EMI card se,1893,emi,card,,,hinglish_natural
paid Divya Rs3281 via cash,3281,friends,cash,,,friends_synthetic
TO:NETFLIX netflix.66834@icicibank From:PRIYASHARMA (ICICI Jupiter : user6773@okicicibank,302.29,entertainment,upi,jupiter,icici,ocr_upi
TO:JIOCINEMA jiocinema.13041@axisbank From:RAHULKUMAR (axis Fi : sender1328@okaxisbank,155.79,entertainment,upi,fi,axis,ocr_upi
school fees payment INR 4376.09 done via Mastercard,4376.09,education,card,,jupiter,english_natural
kal 2418 tuition diye school fees pe cred se pay kiyaa bohot mehenga,2418,education,upi,cred,,hinglish_natural
lab test se doctor ko diyee 343 rs. ka UPI se pay kiyaa,343,healthcare,upi,cred,,hinglish_natural
₹419.96 charged for Lenskart on CRED,419.96,shopping,upi,cred,hdfc,english_natural
Rs.333 debited from your HDFC account for Jio recharge (niyo UPI),333,utilities,upi,niyo,hdfc,ocr_upi
MedPlus se doctor ko die 32 ka UPI se diyee Axis Bank se kata,32,healthcare,upi,slice,axis,hinglish_natural
aaj credit card EMI se loan payment kr diya 3490 rupaiye ka card se,3490,emi,card,,fi,hinglish_natural
i did 40065 expense on ET Money using niyo,40065,investment,upi,niyo,,voice_transcript
BookMyShow payment 59.64 done via Paytm,59.64,entertainment,upi,paytm,,english_natural
ATM/CASH/BANK/18651.75,18651.75,travel,card,,,english_natural
"D STOCKS 31010.26 Completed 17Mar 2026,6:52 pm Canara Bank Bank 3619 UPI transaction ID 31604960913307 TO:STOCKS stocks.70600@canara bankbank Soogletransaction lD XYZabc292875 OPI PhonePe",31010.26,investment,upi,phonepe,canara,ocr_upi
VEDANTU INR 21710 JUPITER,21710,education,upi,jupiter,jupiter,english_natural
paid 149 to YouTube Premium through card from Jupiter,149,entertainment,card,,jupiter,voice_transcript
today i spent 365 on mall via PayTM,365,shopping,upi,paytm,,voice_transcript
sent ₹2367 to Amit on SLICE,2367,friends,upi,slice,,friends_synthetic
Zerodha ka paisa daala 2099 rupaye card se pay kiya,2099,investment,card,,,hinglish_natural
497 rupaye Angel One debit card se,497,investment,card,,,hinglish_natural
paid Ananya 421 via PayTM,421,friends,upi,paytm,,friends_synthetic
Bought exam fee for Rs398 with Visa,398,education,card,,,english_natural
College fees payment INR 21794,21794,education,card,,icici,source_english
office se aate hue 18045 rupay bill bharaa gas bill ko bhim se Axis Bank se kata,18045,utilities,upi,bhim,axis,hinglish_natural
BSNL 2500 UPI se de diye,2500,utilities,upi,gpay,,hinglish_natural
₹9223 debited from your HDFC Bank account for petrol pump (Bhim UPI),9223,travel,upi,bhim,hdfc,ocr_upi
Flipkart order INR 25794,25794,shopping,card,,federal bank,source_english
kal 1428 rupees Lenskart PhonePe pe,36505,shopping,upi,phonepe,,source_hinglish
home loan car loan credit card EMI monthly 1354 autopay card,1354,emi,card,,,cue_row
abhi 1679 rupaiye payment kr diya electricity bill ko via Phonepe,1679,utilities,upi,phonepe,,hinglish_natural
JioCinema se ticket lia 431 ₹ ka UPI se diye,431,entertainment,upi,slice,,hinglish_natural
bhai pe 40328 rupees ka dost ko die Phone Pe pe,40328,friends,upi,phonepe,hdfc,hinglish_natural
4833 paid to JioCinema via GPay UPI from Axis Bank ending 9228,4833,entertainment,upi,gpay,axis,ocr_upi
12899 debited from your HDFC account for gaming (gpay UPI),12899,entertainment,upi,gpay,hdfc,ocr_upi
books ka 452 rupees ka bill Slice se pay kiya,452,education,upi,slice,,voice_transcript
Concert ticket INR 8400,8400,entertainment,upi,gpay,,source_english
"DOCTOR RESTAURANT
Total 295
Cash Received
Change 0.00",295,healthcare,cash,,,ocr_receipt
"eye checkup
Net Amount 163
Paid via CARD",163,healthcare,card,,sbi,ocr_receipt
eye checkup mein 108 lag gaye card se bhara,108,healthcare,card,,,voice_transcript
gaming concert event ticket ₹23868 PayTM,23868,entertainment,upi,paytm,,cue_row
Meesho ₹30435 Gpay,30435,shopping,upi,gpay,sbi,ocr_upi
"Lenskart
Net Amount 92.58
Paid via SLICE",92.58,shopping,upi,slice,,ocr_receipt
upGrad pe 541 rupees ka tuition diye debit card se,541,education,card,,,hinglish_natural
Coin Rs.28401 Paytm,28401,investment,upi,paytm,hdfc,ocr_upi
Spent 132 on BigBasket using card,132,food,card,,,english_natural
Just paid Rs17610.36 to Priya through cash,17610.36,friends,cash,,,english_natural
Credit card EMI INR 40358,40358,emi,card,,,source_english
bhai coaching ka 174 rupaye bhim se de diya,174,education,upi,bhim,,voice_transcript
sent 219 to Arjun on cash,219,friends,cash,,pnb,friends_synthetic
crypto payment 222 done via GPay,222,investment,upi,gpay,niyo,english_natural
PVR 365.77 Fi Money Completed axis 9358,365.77,entertainment,upi,fi,axis,ocr_upi
personal loan EMI 347 ₹ phonepe se Axis Bank card se bc,347,emi,upi,phonepe,axis,hinglish_natural
paid 495 to bro through paytm,495,friends,upi,paytm,,voice_transcript
office se aate hue 4237 rupaye fees bhra BYJU'S pe Phone Pe se pay kr diya,4237,education,upi,phonepe,,hinglish_natural
rent maintenance gas connection ₹14429 cash,14429,utilities,cash,,,cue_row
office se aate hue 20080 rupaye admission kiya BYJU'S pe phonepe se pay kar diya ICICI Bank se,20080,education,upi,phonepe,icici,hinglish_natural
"TAX INVOICE
Behrouz
Grand Total: 37518
Payment: G Pay",37518,food,upi,gpay,,ocr_receipt
mall se order kia 344 rupaiye ka via Gpay budget tod diya,344,shopping,upi,gpay,,hinglish_natural
aaj Groww pe 2877 rupaye kharcha hua card se,2877,investment,card,,,voice_transcript
17893 rupees HP Petrol card,17893,travel,card,,,voice_transcript
upGrad 2886 rs card se,2886,education,card,,fi,hinglish_natural
Lenskart 81 rupaye card se pay kiyaa,81,healthcare,card,,,hinglish_natural
"INOX
Net Amount 294
Paid via CASH",294,entertainment,cash,,,ocr_receipt
21129 rupees Pooja haath se diye,21129,friends,cash,,hdfc,hinglish_natural
Paid Rs.131 for Subway from my HDFC Bank account via cash,131,food,cash,,hdfc,english_natural
dinner split 4356 rupaye Vikram paytm,4356,friends,upi,paytm,,friends_synthetic
Biryani Blues 41551.51 GPay Successful ICICI Bank 7704,41551.51,food,upi,gpay,icici,ocr_upi
4130 car loan EMI,4130,emi,upi,gpay,,english_natural
school college tuition course books fees ₹47660 card,47660,education,card,,,cue_row
Airtel recharge 2363.55,2363.55,utilities,upi,slice,,english_natural
GOLD INR 2842.55 STATE BANK,2842.55,investment,card,,sbi,english_natural
"Rapido 300 Completed 19Mar 2026,9:38 pm kotak 9778 UPI transaction ID 574998947388",300,travel,upi,paytm,kotak,ocr_upi
674.64 Udemy,674.64,education,card,,,english_natural
"KFC 539 Completed 28Apr 2026,3:30 am HDFC Bank 9448 UPI transaction ID 62364956917578",539,food,upi,gpay,hdfc,ocr_upi
Amazon payment Rs.4355.92 done via debit card,4355.92,shopping,card,,union bank,english_natural
381 charged for Divya on phonepe,381,friends,upi,phonepe,,english_natural
SBI loan INR 28338 debited from ICICI,28338,emi,card,,icici,english_natural
bhai Rahul ko udhar return kiya 432 rs Google Pay se,432,friends,upi,gpay,,friends_synthetic
today i spent 1768 on flatmate via Gpay,1768,friends,upi,gpay,,voice_transcript
460 rupees insurance premium Phonepe se,460,utilities,upi,phonepe,,hinglish_natural
264 ka Tata Play bill pay kiya Paytm se,264,utilities,upi,paytm,,voice_transcript
subah 399 rs. Flipkart card se,399,shopping,card,,,hinglish_natural
subah 25228 rupaiye upGrad UPI se pay kya,25228,education,upi,paytm,icici,hinglish_natural
SBI loan 30813 Visa,30813,emi,card,,,english_natural
259 rupaye Pizza Hut cash me matlab,259,food,cash,,,hinglish_natural
i did 4396 expense on canteen using card,4396,food,card,,,voice_transcript
Netflix 393 PayTM Successful HDFC 8253,393,entertainment,upi,paytm,hdfc,ocr_upi
clinic Rs.4351.08 Paytm,4351.08,healthcare,upi,paytm,kotak,ocr_upi
Priya ko 4946 transfer kiya Gpay se,4946,friends,upi,gpay,,friends_synthetic
Jupiter payment Rs 3168 Ananya ICICI Bank 8661 successful,3168,friends,upi,jupiter,icici,ocr_upi
Rs183 debited from your SBI account for Ajio (Fi UPI),183,shopping,upi,fi,sbi,ocr_upi
yaar stationery 4593 ₹ credit card se,27378,education,card,,,source_hinglish
"D FAASOS 4202 Completed 28Apr 2026,3:18 pm ICICI Bank 7888 UPI transaction ID 831409171472 TO:FAASOS faasos.67714@icicibank Soogletransaction lD CICAgJjg395498 OPI Cred",4202,food,upi,cred,icici,ocr_upi
Paid Rs.4162.37 for Rohan via cred,4162.37,friends,upi,cred,,english_natural
Biryani Blues se khana khayaa 244 rupees ka Fi pe,244,food,upi,fi,,hinglish_natural
NPS INR 3177,3177,investment,card,,,english_natural
13153 rupaiye game lia Zee5 pe card se,13153,entertainment,card,,,hinglish_natural
"D SBILOAN 4786.10 Completed 19Feb 2026,1:36 pm Canara Bank 1916 UPI transaction ID 222024176697068 TO:SBILOAN sbi loan.36387@canarabank Goog1etransaction lD CICAgJjg266740 OPI GPay",4786.10,emi,upi,gpay,canara,ocr_upi
"SONYLIV
Item 1 Rs.165
Item 2 Rs 446
Total Rs 2015.27
CARD",2015.27,entertainment,card,,icici,ocr_receipt
Online course subscription INR 43331,43331,education,upi,phonepe,,source_english
HP PETROL INR 14197,14197,travel,upi,phonepe,,english_natural
BigBasket se mangwaya 193 rupaiye ka cash me,24464,food,cash,,,source_hinglish
Just paid R 280 to Uber through Paytm,280,travel,upi,paytm,,english_natural
yaar Netflix ka show dekha 2513 rs. cash me SBI se kata,2513,entertainment,cash,,sbi,hinglish_natural
180 rs khana khaaya KFC pe gpay se PNB card se,180,food,upi,gpay,pnb,hinglish_natural
1637 ka stocks bill pay kiya Google Pay se,1637,investment,upi,gpay,,voice_transcript
4609 rupaye course lya stationery ko credit card se,4609,education,card,,,hinglish_natural
₹24285 to KFC via PhonePe,24285,food,upi,phonepe,,english_natural
Paid ₹21989.68 to Vedantu GPay UPI kotak 4127 Completed,21989.68,education,upi,gpay,kotak,ocr_upi
POS/NETFLIX/VISA/5028,103,entertainment,card,,slice,english_natural
Paid insurance premium t4157.22 using Cred from icici,4157.22,utilities,upi,cred,icici,english_natural
"SOCIETY MAINTENANCE
Item 1 INR 182
Item 2 ?138
Total ₹6972
G Pay",6972,utilities,upi,gpay,,ocr_receipt
Spent Rs.16255.62 on Zara using cash,16255.62,shopping,cash,,,english_natural
medical checkup lab test health insurance INR 1643 card,1643,healthcare,card,,,cue_row
"insurance premium
Net Amount 339
Paid via G Pay",339,utilities,upi,gpay,idfc,ocr_receipt
4727 rupees car loan EMI card,4727,emi,card,,,voice_transcript
Medical test charges INR 47042,47042,healthcare,upi,gpay,,source_english
yaar SonyLIV 38712 rupees cash me,32583,entertainment,cash,,idfc,source_hinglish
"cafe BILL
St: Rs.1072.28
Slice Approved",1072.28,food,upi,slice,icici,ocr_receipt
abhi books 1276 rupaye UPI se diyee,1276,education,upi,jupiter,,hinglish_natural
gaming concert event ticket Rs 4290 cash,4290,entertainment,cash,,,cue_row
i did 331 expense on college fees using card,331,education,card,,,voice_transcript
personal loan installment EMI deduction ₹296 card,296,emi,card,,,cue_row
"Coin 79 Completed 27Dec 2026,12:44 am HDFC 9434 UPI transaction ID 9174238086919",79,investment,upi,phonepe,hdfc,ocr_upi
concert payment INR 493 done via CRED,493,entertainment,upi,cred,,english_natural
Behrouz ka food order kia 2236 card se pay kia,2236,food,card,,,hinglish_natural
abhi 283 rs Practo UPI se diye matlab,283,healthcare,upi,phonepe,jupiter,hinglish_natural
Just paid Rs.122 to Amazon through card,122,shopping,card,,,english_natural
Jio recharge 3591.87 Jupiter Completed State Bank 9869,3591.87,utilities,upi,jupiter,sbi,ocr_upi
Paid ₹32722.00 for Bajaj Finance EMI via credit card,32722.00,emi,card,,,english_natural
"broadband 2332 Completed 3Oct 2025,10:50 pm IndusInd 5229 UPI transaction ID 898184324457434",2332,utilities,upi,gpay,indusind,ocr_upi
Apple Music 3763.03 NIYO,3763.03,entertainment,upi,phonepe,niyo,english_natural
mutual fund me 4810 rs. ka SIP bhara G Pay se pay kiyaa,4810,investment,upi,gpay,,hinglish_natural
aaj Ajio pe 3351 rupaye kharcha hua Cred se,3351,shopping,upi,cred,,voice_transcript
INR 4163.81 to gold via GPay,4163.81,investment,upi,gpay,,english_natural
"Receipt #6949
electricity bill
Amount Paid: ?229.66
Mode: Fi Money",229.66,utilities,upi,fi,,ocr_receipt
coaching me 434 rs. ka fees bhra card se pay kiya,434,education,card,,,hinglish_natural
exam fee 470 gpay Successful HDFC 2427,470,education,upi,gpay,hdfc,ocr_upi
SBI loan 336 rupees slice se,336,emi,upi,slice,,hinglish_natural
"BILL
H&M
INR 672
CARD
Thank You Visit Again",672,shopping,card,,,ocr_receipt
Ananya se udhar return kr diya 29091 rupees ka naqad,29091,friends,cash,,,hinglish_natural
bike loan EMI ka 4901 rupees ka bill card se pay kiya,4901,emi,card,,hdfc,voice_transcript
Bought auto for ₹3118.24 with card,3118.24,travel,card,,,english_natural
30659 rupay Groww via Phone Pe,30659,investment,upi,phonepe,,hinglish_natural
spent 158 rupees on bike loan EMI via card,158,emi,card,,,voice_transcript
Shreya ko 4268 transfer kiya BHIM se,4268,friends,upi,bhim,hdfc,friends_synthetic
uber ola cab ride airport train ticket Rs.10547 cash,10547,travel,cash,,,cue_row
31759 paid to SBI loan via jupiter UPI from axis Bank ending 2746,31759,emi,upi,jupiter,axis,ocr_upi
Shreya ko 4791 transfer kiya G Pay se,4791,friends,upi,gpay,yes bank,friends_synthetic
flatmate rent share 24162 PhonePe Vikram,24162,friends,upi,phonepe,,friends_synthetic
clinic me 39283 ka medicine lya Google Pay se Union Bank account se achha deal mila,39283,healthcare,upi,gpay,union bank,hinglish_natural
abhi 27376 ₹ Neha gpay se,27376,friends,upi,gpay,,hinglish_natural
3424 to Rohan PayTM UPI,3424,friends,upi,paytm,,friends_synthetic
Behrouz me 52 rupees ka kha liya UPI se pay kiyaa,52,food,upi,jupiter,hdfc,hinglish_natural
"market BILL
St: ₹434
gpay APPROVED",434,shopping,upi,gpay,,ocr_receipt
bike loan EMI ka loan payment kr diya 31007 rupay credit card se,31007,emi,card,,,hinglish_natural
subah car loan EMI se EMI kat gayi 4332 rupaye ka UPI se,4332,emi,upi,cred,,hinglish_natural
Paid Rs.1053 to gas bill PhonePe UPI Axis 4565 Done,1053,utilities,upi,phonepe,axis,ocr_upi
1605 rupees Practo Phone Pe se,1605,healthcare,upi,phonepe,,hinglish_natural
R 26444 paid to Rapido via PhonePe from Punjab National Bank,26444,travel,upi,phonepe,pnb,english_natural
Rapido ₹23109.55 card,23109.55,travel,card,,,english_natural
16904 ka gaming bill pay kiya cred se Jupiter se kata,16904,entertainment,upi,cred,jupiter,voice_transcript
electricity water broadband mobile recharge bill 49483 card,49483,utilities,card,,,cue_row
dinner split 16597 rupaye Arjun Phone Pe,16597,friends,upi,phonepe,,friends_synthetic
dentist se test karaya 22374 ka UPI se bc,22374,healthcare,upi,gpay,,hinglish_natural
Paid ?43370 for personal loan EMI via card,43370,emi,card,,hdfc,english_natural
personal loan EMI 255 rs. via SLICE SBI se zyada ho gaya,255,emi,upi,slice,sbi,hinglish_natural
₹424 debited from your Kotak Mahindra account for Ola (PayTM UPI),424,travel,upi,paytm,kotak,ocr_upi
GPay payment 3095.99 Coin BOB 9960 successful,3095.99,investment,upi,gpay,bob,ocr_upi
"Receipt #1013
Netmeds
Amount Paid: t178.19
Mode: CARD",178.19,healthcare,card,,,ocr_receipt
DishTV 923,923,utilities,upi,gpay,,english_natural
Bought PPF for 4185 with card,4185,investment,card,,,english_natural
INOX 4056 rupees cash diyee yaar,4056,entertainment,cash,,,hinglish_natural
Vi recharge se payment kar diya 220 rs ka Slice se pay kya,220,utilities,upi,slice,,hinglish_natural
Bought HDFC loan for 27567.40 with Mastercard,27567.40,emi,card,,,english_natural
maine 145 rupaye yaar ko diye Phone Pe se,145,friends,upi,phonepe,,voice_transcript
i paid 946 rupees for rickshaw using card,946,travel,card,,hdfc,voice_transcript
Paid R 22611 for eye checkup via cash,22611,healthcare,cash,,,english_natural
12867 jupiter exam fee,12867,education,upi,jupiter,jupiter,english_natural
Just paid Rs100.64 to Rohan through Paytm,100.64,friends,upi,paytm,,english_natural
Payment of Rs.2443.19 to Faasos was successful via paytm UPI Ref No 0304716623 SBI Account 8812,2443.19,food,upi,paytm,sbi,ocr_upi
Movie ticket booking INR 26079,26079,entertainment,upi,phonepe,bob,source_english
4650 ₹ Reliance Digital GPay se,43265,shopping,upi,gpay,,source_hinglish
subah personal loan EMI 469 rupees credit card se matlab,469,emi,card,,,hinglish_natural
Paid ₹1876 for Burger King from my Fi Money account via GPay,1876,food,upi,gpay,fi,english_natural
"ZEE5
Item 1 Rs363
Item 2 Rs.145
Total Rs 488
GPay",488,entertainment,upi,gpay,icici,ocr_receipt
"TAX INVOICE
Apple Music
Grand Total: Rs.324
Payment: CARD",324,entertainment,card,,,ocr_receipt
?41857 debited from your HDFC account for EaseMyTrip (gpay UPI),41857,travel,upi,gpay,hdfc,ocr_upi
"D SONYLIV 49 Completed 5Feb 2026,10:51 pm Punjab National Bank Bank 3541 UPI transaction ID 3916388887052 TO:SONYLIV sonyliv.72658@punjab national bankbank Googletransaction lD CICAgJjg354866 OPI Gpay",49,entertainment,upi,gpay,pnb,ocr_upi
sent Rs.497 to yaar on cash,497,friends,cash,,pnb,friends_synthetic
i paid 47580 rupees for Ola using cash,47580,travel,cash,,,voice_transcript
auto ka 4959 rupees ka bill slice se pay kiya,4959,travel,upi,slice,icici,voice_transcript
POS/GROWW/MASTERCARD/3152,39260.97,investment,card,,,english_natural
"D IRCTC 15884.31 Completed 15Apr 2026,6:02 pm ICICI Bank 6868 UPI transaction ID 16397505792151 TO:IRCTC irctc.15042@icicibank Goog1etransaction lD CICAgJjg094430 OPI Paytm",15884.31,travel,upi,paytm,icici,ocr_upi
yaar 1328 ₹ ticket liya YouTube Premium pe debit card se yaar,1328,entertainment,card,,icici,hinglish_natural
Vedantu me 2103 rs. ka fees bharaa card se pay kya,10086,education,card,,,source_hinglish
maine 489 rupaye friend ko diye GPay se,489,friends,upi,gpay,,voice_transcript
"Haldirams BILL
St: Rs.123
CASH approved",123,food,cash,,,ocr_receipt
ghar jaate waqt 19321 Behrouz UPI se diyee,19321,food,upi,paytm,,hinglish_natural
Hospital bill INR 34847,34847,healthcare,upi,cred,,source_english
sent money to Neha Rs 274 on cash,274,friends,cash,,,friends_synthetic
Flight ticket booking INR 38937,38937,travel,cash,,,source_english
ghar jaate waqt 3739 rs. saman liyaa Snapdeal ko debit card se,3739,shopping,card,,,hinglish_natural
Paid ₹417.11 for Vedantu via GPay,417.11,education,upi,gpay,,english_natural
split bill 360 cred se colleague ko diya,360,friends,upi,cred,,friends_synthetic
25899 rupaye khana khaaya BigBasket pe naqad bc,25899,food,cash,,,hinglish_natural
gold 3787 ₹ UPI se pay kia axis account se,3787,investment,upi,gpay,axis,hinglish_natural
Paid Rs2648.88 to stocks Paytm UPI ICICI Bank 3231 Done,2648.88,investment,upi,paytm,icici,ocr_upi
Airtel recharge ka recharge kr diya 331 rs. G Pay se,331,utilities,upi,gpay,jupiter,hinglish_natural
sent money to Arjun ₹241 on cash,241,friends,cash,,,friends_synthetic
IndiGo Rs.1574.38 paytm,1574.38,travel,upi,paytm,pnb,ocr_upi
"restaurant
Net Amount 5325
Paid via Phonepe",5325,food,upi,phonepe,,ocr_receipt
DMart se food order kar diya 4489 ka haath se de diye,4489,food,cash,,,hinglish_natural
office se aate hue 45225 rupay bill bhara BSNL ko UPI se pay kiya State Bank card se,45225,utilities,upi,fi,sbi,hinglish_natural
4376 ka Apple Music bill pay kiya cash se Punjab National Bank se kata,4376,entertainment,cash,,pnb,voice_transcript
i paid 4258 rupees for Biryani Blues using SLICE,4258,food,upi,slice,,voice_transcript
388 rupay BYJU'S via PayTM matlab,388,education,upi,paytm,,hinglish_natural
office se aate hue 246 rupaye payment kya Airtel recharge pe UPI se pay kar diya,246,utilities,upi,phonepe,,hinglish_natural
split bill 210 card se Ananya ko diya,210,friends,card,,canara,friends_synthetic
uber ola cab ride airport train ticket Rs1545 paytm,1545,travel,upi,paytm,,cue_row
₹3987 paid to Rohan via GPay UPI from icici Bank ending 2744,3987,friends,upi,gpay,icici,ocr_upi
UPI/08331465/PERSONAL LOAN EMI/SBI,159,emi,card,,sbi,english_natural
home loan EMI 3381,3381,emi,card,,,english_natural
IRCTC 28438,28438,travel,card,,,english_natural
aaj Apple Music ka movie dekhi 1851 rs. UPI se die,1851,entertainment,upi,phonepe,,hinglish_natural
298 ₹ subscription renew kar diya BookMyShow ko UPI se,298,entertainment,upi,paytm,,hinglish_natural
"Reliance Digital 385.81 Completed 15Sep 2025,12:32 pm axis 6853 UPI transaction ID 558991354665228",385.81,shopping,upi,gpay,axis,ocr_upi
161 rs udhar return kia friend pe UPI se pay kr diya,161,friends,upi,phonepe,,hinglish_natural
"water bill 341 Completed 9Feb 2025,7:16 am sbi 8960 UPI transaction ID 4151182224132",341,utilities,upi,gpay,sbi,ocr_upi
Rs 2853 debited from your axis account for education loan EMI (PayTM UPI),2853,emi,upi,paytm,axis,ocr_upi
UPI/54227222/ARJUN/NIYO,3780.62,friends,card,,niyo,english_natural
flatmate ka 155 rupees ka bill CRED se pay kiya,155,friends,upi,cred,,voice_transcript
₹43741 debited from your icici account for NPS (Jupiter UPI),43741,investment,upi,jupiter,icici,ocr_upi
Rs 289 paid to dost via PhonePe UPI from sbi Bank ending 2419,289,friends,upi,phonepe,sbi,ocr_upi
INOX Rs4378 phonepe,4378,entertainment,upi,phonepe,hdfc,english_natural
office se aate hue PharmEasy se dawai lia 2643 rupaye ka via Google Pay,2643,healthcare,upi,gpay,,hinglish_natural
MedPlus 608 Axis,608,healthcare,upi,phonepe,axis,english_natural
i did 3736 expense on clinic using card,3736,healthcare,card,,jupiter,voice_transcript
aaj DishTV ka bill bhar diya 1233 rupaye debit card se,1233,utilities,card,,,hinglish_natural
20345 rupay upGrad credit card se,20345,education,card,,jupiter,hinglish_natural
BigBasket 1736 debited from ICICI Bank,1736,food,upi,gpay,icici,english_natural
33396 rupaye broadband Gpay se,33396,utilities,upi,gpay,,hinglish_natural
Movie ticket booking INR 26131,26131,entertainment,cash,,yes bank,source_english
Vedantu ka fees bhara 348 rupaye UPI se diy,348,education,upi,phonepe,yes bank,hinglish_natural
friend ko 12044 transfer kiya G Pay se,12044,friends,upi,gpay,,friends_synthetic
204 rupaye Uber naqad,204,travel,cash,,,hinglish_natural
Coin ka stock liya 159 ₹ cred se,43568,investment,upi,cred,,source_hinglish
"D ZEE5 312 Completed 24Feb 2026,4:27 pm IDFC Bank 4953 UPI transaction ID 675430053685 TO:ZEE5 zee5.43634@idfcbank Googletransaction lD CICAgJjg977248 OPI PayTM",312,entertainment,upi,paytm,idfc,ocr_upi
amazon flipkart myntra online shopping order ?2198 Google Pay,2198,shopping,upi,gpay,,cue_row
1450 DishTV phonepe se,1450,utilities,upi,phonepe,,hinglish_natural
Coin 29668.76 jupiter,29668.76,investment,upi,jupiter,axis,ocr_upi
electricity water broadband mobile recharge bill 8519 card,8519,utilities,card,,,cue_row
POS/FLIPKART/G PAY/4141,49351,shopping,upi,gpay,,english_natural
breakfast snacks chai coffee ₹9604 GPay,9604,food,upi,gpay,,cue_row
Rs.475.98 to BookMyShow via Jupiter,475.98,entertainment,upi,jupiter,,english_natural
Vi recharge ka payment kiyaa 4996 rs. UPI se diye budget tod diya,4996,utilities,upi,cred,jupiter,hinglish_natural
Paid Rs.32777 for Amit via CRED,32777,friends,upi,cred,,english_natural
"BILL
Croma
t35775
Phonepe
Thank You Visit Again",35775,shopping,upi,phonepe,sbi,ocr_receipt
"D ETMONEY 263 Completed 23Mar 2026,1:31 pm Canara Bank 3669 UPI transaction ID 196129332134952 TO:ETMONEY et money.27664@canarabank Soogletransaction lD XYZabc037177 OPI Bhim",263,investment,upi,bhim,canara,ocr_upi
medical checkup lab test health insurance ₹2575 cash,2575,healthcare,cash,,,cue_row
spent 158 rupees on credit card EMI via card,158,emi,card,,,voice_transcript
hospital doctor pharmacy medicine diagnostic Rs.2591 Bhim,2591,healthcare,upi,bhim,,cue_row
Vedantu pe 250 ka tuition die card se pay kia matlab,250,education,card,,,hinglish_natural
"YouTube Premium 2523 Completed 3Sep 2026,5:15 am hdfc 4139 UPI transaction ID 14565181275",2523,entertainment,upi,phonepe,hdfc,ocr_upi
"MOBILE RECHARGE
Item 1 INR 486
Item 2 R 414
Total ₹182.17
CARD",182.17,utilities,card,,,ocr_receipt
"YOUTUBE PREMIUM RESTAURANT
Total 19629
Cash Received
Change 0.00",19629,entertainment,upi,gpay,,ocr_receipt
Bewakoof ka shopping kiyaa 1796 rupaye credit card se,1796,shopping,card,,,hinglish_natural
236 rupees mutual fund kya Kuvera pe BHIM pe,236,investment,upi,bhim,,hinglish_natural
Zara 1002 rupaye cred pe,1002,shopping,upi,cred,,hinglish_natural
office se aate hue personal loan EMI ka EMI kat gayi 44544 ₹ debit card se,44544,emi,card,,,hinglish_natural
358 rupay Flipkart Paytm se pay kr diya,358,shopping,upi,paytm,,hinglish_natural
1312 rs split kiyaa roommate pe cash me,1312,friends,cash,,hdfc,hinglish_natural
spent 10962 rupees on Karan via Paytm,10962,friends,upi,paytm,,voice_transcript
hospital doctor pharmacy medicine diagnostic 48975 card,48975,healthcare,card,,sbi,cue_row
Water bill INR 46401,46401,utilities,cash,,,source_english
Spent Rs4889 on home loan EMI using Google Pay,4889,emi,upi,gpay,axis,english_natural
"D DIAGNOSTIC 41090 Completed 7Jan 2026,9:41 pm Bank of Baroda Bank 3558 UPI transaction ID 86166633428091 TO:DIAGNOSTIC diagnostic.22766@bank of barodabank Googletransaction lD XYZabc168249 OPI paytm",41090,healthcare,upi,paytm,bob,ocr_upi
Pooja 28 rupaiye UPI se diyee,28,friends,upi,paytm,,hinglish_natural
Paid Ajio ₹67 using Mastercard,67,shopping,card,,,english_natural
Paid 443.43 for eye checkup from my State Bank account via debit card,443.43,healthcare,card,,sbi,english_natural
paid Priya 2871 via Google Pay,2871,friends,upi,gpay,,friends_synthetic
electricity bill 29901 ₹ UPI se pay kar diya,29901,utilities,upi,slice,,hinglish_natural
"BILL
Apollo Pharmacy
1063.34
GPay
Thank You Visit Again",1063.34,healthcare,upi,gpay,,ocr_receipt
2155 cab lya metro pe debit card se,2155,travel,card,,,hinglish_natural
TO:CAFE cafe.44298@yesbankbank From:UTSAVJANA (YES BANK jupiter : sender5162@okyesbankbank,14493.74,food,upi,jupiter,yes bank,ocr_upi
Pizza delivery INR 6943,6943,food,cash,,hdfc,source_english
spent 18350 rupees on Indian Oil via cash,18350,travel,cash,,,voice_transcript
Paid INR 23363.94 for Haldirams via slice,23363.94,food,upi,slice,sbi,english_natural
NEFT/TRANSFER/NPS/SLICE,31,investment,card,,slice,english_natural
Chai Point 653 card,653,food,card,,pnb,english_natural
Payment of INR 439 to Zomato was successful via Fi Money UPI Ref No 160186191364069 Axis Bank Account 3693,439,food,upi,fi,axis,ocr_upi
Udemy 4494 card se pay kya,4494,education,card,,,hinglish_natural
Tata Play me 1836 rupay ka payment kya credit card se,1836,utilities,card,,,hinglish_natural
UPI/76135118/YATRA/BANK,10700.76,travel,upi,slice,,english_natural
uber ola cab ride airport train ticket Rs 155 card,155,travel,card,,,cue_row
Netflix subscription INR 5263,5263,entertainment,cash,,,source_english
lunch dinner food order swiggy zomato restaurant meal ?92 gpay,92,food,upi,gpay,,cue_row
dinner split 16985 rupaye bhai Phonepe,16985,friends,upi,phonepe,,friends_synthetic
Paid ₹2627 for Croma via jupiter,2627,shopping,upi,jupiter,,english_natural
"TAX INVOICE
Meesho
Grand Total: ?37631
Payment: cred",37631,shopping,upi,cred,,ocr_receipt
medical checkup lab test health insurance 139 cash,139,healthcare,cash,,,cue_row
spent 2427 rupees on BYJU'S via Cred,2427,education,upi,cred,,voice_transcript
ATM/CASH/BANK/46.41,46.41,education,upi,phonepe,,english_natural
coaching exam preparation study material 3000 gpay,3000,education,upi,gpay,,cue_row
school college tuition course books fees Rs.43868 Gpay,43868,education,upi,gpay,,cue_row
Vedantu t299.03 Visa,299.03,education,card,,,english_natural
personal loan installment EMI deduction INR 4942 card,4942,emi,card,,,cue_row
48399 MakeMyTrip,48399,travel,upi,phonepe,slice,english_natural
"BILL
Croma
423.23
CARD
Thank You Visit Again",423.23,shopping,card,,,ocr_receipt
PhonePe payment 2456 personal loan EMI Axis Bank 4540 done,2456,emi,upi,phonepe,axis,ocr_upi
MakeMyTrip 115.29 debited from Axis,115.29,travel,upi,phonepe,axis,english_natural
2762 ₹ loan payment kr diya bike loan EMI pe credit card se,2762,emi,card,,,hinglish_natural
abhi insurance premium se payment kia 211 rs ka Gpay pe,211,utilities,upi,gpay,,hinglish_natural
rickshaw se cab lia 4282 rupaye ka card se pay kiya,4282,travel,card,,,hinglish_natural
"Receipt #4084
BigBasket
Amount Paid: 3612
Mode: phonepe",3612,food,upi,phonepe,,ocr_receipt
i paid 386 rupees for Rahul using cash,386,friends,cash,,,voice_transcript
Rs.324 debited from your sbi account for Myntra (gpay UPI),324,shopping,upi,gpay,sbi,ocr_upi
Gaana 45235.26 debited from Kotak Mahindra,45235.26,entertainment,card,,kotak,english_natural
aaj Rahul pe 133 rupaye kharcha hua cash se,133,friends,cash,,fi,voice_transcript
bhai Biryani Blues se food order kya 366 rupees ka card se,366,food,card,,niyo,hinglish_natural
"Receipt #8880
H&M
Amount Paid: 24992
Mode: CARD",24992,shopping,card,,,ocr_receipt
yaar 119 ₹ khana khya Faasos ko Paytm pe,119,food,upi,paytm,,hinglish_natural
bhai DMart se khana kha liya 2776 ka naqad IDFC First wale account se,3710,food,cash,,idfc,source_hinglish
Used NIYO Google Pay to pay 495 for Rapido,495,travel,upi,gpay,niyo,english_natural
Coin 3876 rs. debit card se yaar,3876,investment,card,,,hinglish_natural
Vedantu se admission kia 221 ₹ ka gpay pe,221,education,upi,gpay,bob,hinglish_natural
gaming concert event ticket Rs 308 bhim,308,entertainment,upi,bhim,icici,cue_row
474 rupees SonyLIV card se pay kya,474,entertainment,card,,,hinglish_natural
MakeMyTrip INR 419 GPay,419,travel,upi,gpay,kotak,ocr_upi
"D DUNKIN 356 Completed 20Jan 2026,3:20 pm Yes Bank Bank 4573 UPI transaction ID 712780664485 TO:DUNKIN dunkin.94170@yes bankbank Googletransaction lD XYZabc689268 OPI cred",356,food,upi,cred,yes bank,ocr_upi
Internet recharge INR 49184,49184,utilities,upi,slice,pnb,source_english
rickshaw 23 rs. cash de diya slice se,23,travel,cash,,slice,hinglish_natural
JioCinema 4950 paytm Completed Kotak 7709,4950,entertainment,upi,paytm,kotak,ocr_upi
"Receipt #9450
Lenskart
Amount Paid: ₹1312
Mode: CRED",1312,healthcare,upi,cred,,ocr_receipt
bhai Yatra ka ticket book kar diya 45324 rupaye debit card se hdfc se kata,45324,travel,card,,hdfc,hinglish_natural
Used PNB G Pay to pay R 33237 for roommate,33237,friends,upi,gpay,pnb,english_natural
raat ko JioCinema 440 rupees haath se diyee,440,entertainment,cash,,,hinglish_natural
Crypto investment INR 10856,10856,investment,upi,phonepe,hdfc,source_english
"Flipkart
Net Amount 288.93
Paid via CARD",288.93,shopping,card,,,ocr_receipt
Just paid 256 to BYJU'S through Google Pay,256,education,upi,gpay,,english_natural
16420 ₹ recharge kar diya Jio recharge ko via Phone Pe,16420,utilities,upi,phonepe,,hinglish_natural
library 3936.83,3936.83,education,upi,phonepe,,english_natural
11456.37 petrol pump,11456.37,travel,upi,gpay,hdfc,english_natural
bhai Rahul ko udhar return kiya 4944 rs cash se,4944,friends,cash,,,friends_synthetic
34734 ₹ transfer kiya friend ko UPI se diye,34734,friends,upi,bhim,icici,hinglish_natural
2810 ka Vi recharge bill pay kiya card se,2810,utilities,card,,,voice_transcript
yaar Bajaj Finance EMI ka installment de diye 149 UPI se,46084,emi,upi,bhim,,source_hinglish
home loan EMI 1556 phonepe se,1556,emi,upi,phonepe,,hinglish_natural
39141 rs. Nykaa UPI se de diye,39141,shopping,upi,gpay,,hinglish_natural
"stocks 4702 Completed 17Jun 2025,6:18 pm IndusInd 3111 UPI transaction ID 8479917278027",4702,investment,upi,slice,indusind,ocr_upi
"BEHROUZ RESTAURANT
Total 131
Cash Received
Change 0.00",131,food,upi,gpay,,ocr_receipt
Paid Rs 45235.35 for Apollo Pharmacy via Cred,45235.35,healthcare,upi,cred,hdfc,english_natural
46823 kiraya de diye Air India ko debit card se icici se kata bohot mehenga,46823,travel,card,,icici,hinglish_natural
paid 25121 to Coin through Phonepe,25121,investment,upi,phonepe,,voice_transcript
73 ka Apple Music bill pay kiya cash se,73,entertainment,cash,,,voice_transcript
"BILL
Tata CLiQ
₹187
CARD
Thank You Visit Again",187,shopping,card,,icici,ocr_receipt
Paid books ₹444.06 using card from ICICI Bank,444.06,education,card,,icici,english_natural
abhi 4722 rupees kha liya McDonald's ko cash diyee SBI card se,4722,food,cash,,sbi,hinglish_natural
Bajaj Finance EMI 1181 Phone Pe Completed ICICI Bank 5964,1181,emi,upi,phonepe,icici,ocr_upi
spent 266 rupees on MakeMyTrip via cash,266,travel,cash,,,voice_transcript
i paid 396 rupees for Reliance Digital using Cred,396,shopping,upi,cred,sbi,voice_transcript
market ka buy kya 29211 rupaye haath se diyee,29211,shopping,cash,,,hinglish_natural
rent ka recharge kiyaa 37011 cash de diya,37011,utilities,cash,,,hinglish_natural
"LENSKART RESTAURANT
Total 46279
Cash Received
Change 0.00",46279,healthcare,cash,,,ocr_receipt
paid 353 to Paytm Money through Cred,353,investment,upi,cred,,voice_transcript
today i spent 40184 on flatmate via NIYO,40184,friends,upi,niyo,,voice_transcript
Starbucks me 1180 rupaye ka khana khaaya haath se diy hdfc card se,1180,food,cash,,hdfc,hinglish_natural
Behrouz ₹2220 Google Pay,2220,food,upi,gpay,kotak,ocr_upi
paid 183 to crypto through card from Fi,183,investment,card,,fi,voice_transcript
1656 EMI bhra education loan EMI ko card se,1656,emi,card,,,hinglish_natural
"CHAI POINT
Item 1 INR 414
Item 2 INR 57
Total 4175.03
CASH",4175.03,food,cash,,icici,ocr_receipt
PPF 622 rupees card se pay kr diya,622,investment,card,,,hinglish_natural
clinic ₹366 slice,366,healthcare,upi,slice,,english_natural
spent 23395 rupees on Bajaj Finance EMI via card,23395,emi,card,,,voice_transcript
NEFT/TRANSFER/FAASOS/,168,food,cash,,,english_natural
HDFC loan se installment de diya 43555 ka UPI se die,43555,emi,upi,phonepe,,hinglish_natural
445 rs coaching UPI se pay kiyaa,445,education,upi,gpay,,hinglish_natural
Bought Snapdeal for Rs.2539.60 with GPay,2539.60,shopping,upi,gpay,,english_natural
Rs 1221 to bro via GPay,1221,friends,upi,gpay,,english_natural
bhai Ajio ka 4803 rupaye gpay se de diya,4803,shopping,upi,gpay,,voice_transcript
Kuvera mein 227 lag gaye card se bhara,227,investment,card,,,voice_transcript
UPI/11390022/DIVYA/YES BANK,3789,friends,upi,gpay,yes bank,english_natural
college fees ₹33235.08 Google Pay,33235.08,education,upi,gpay,hdfc,ocr_upi
bhai Priya ko udhar return kiya 3905 rs niyo se,3905,friends,upi,niyo,,friends_synthetic
"BOOKMYSHOW RESTAURANT
Total 2051
Cash Received
Change 0.00",2051,entertainment,upi,gpay,,ocr_receipt
Haldirams 174 rupaiye naqad,174,food,cash,,,hinglish_natural
electricity bill ₹3526.12 cred,3526.12,utilities,upi,cred,hdfc,ocr_upi
Rs2598 to coaching via cash,2598,education,cash,,,english_natural
Spent Rs12706.70 on Snapdeal using Visa,12706.70,shopping,card,,fi,english_natural
Paid ₹47911 for diagnostic via Phonepe,47911,healthcare,upi,phonepe,,english_natural
aaj Flipkart pe 4088 rupaye kharcha hua PayTM se,4088,shopping,upi,paytm,fi,voice_transcript
4980 rupaiye gold debit card se,4980,investment,card,,,hinglish_natural
"Receipt #1971
Spotify
Amount Paid: 2929.63
Mode: jupiter",2929.63,entertainment,upi,jupiter,,ocr_receipt
Udemy ka 2707 rupees ka bill Phonepe se pay kiya,2707,education,upi,phonepe,jupiter,voice_transcript
electronics clothes shoes accessories purchase 1709 via PayTM,1709,shopping,upi,paytm,hdfc,cue_row
₹1211 charged for SIP on paytm,1211,investment,upi,paytm,,english_natural
2386 rupees Myntra Phone Pe,2386,shopping,upi,phonepe,,voice_transcript
24739 rupaiye paisa daala ET Money pe UPI se pay kiyaa,24739,investment,upi,phonepe,union bank,hinglish_natural
amazon flipkart myntra online shopping order INR 3121 card,3121,shopping,card,,,cue_row
Bought Vi recharge for INR 859.00 with Mastercard,859.00,utilities,card,,fi,english_natural
"JioCinema BILL
St: 3901
phonepe approved",3901,entertainment,upi,phonepe,,ocr_receipt
paid 1166 to electricity bill through bhim from HDFC Bank,1166,utilities,upi,bhim,hdfc,voice_transcript
abhi 164 rupaye movie dekhi concert pe credit card se,164,entertainment,card,,,hinglish_natural
376 to Kuvera via PayTM,376,investment,upi,paytm,,english_natural
3093 to crypto via Phone Pe,3093,investment,upi,phonepe,,english_natural
"BILL
Burger King
₹4328.61
CASH
Thank You Visit Again",4328.61,food,cash,,sbi,ocr_receipt
Spotify INR 12637 debited from NIYO,12637,entertainment,upi,gpay,niyo,english_natural
subah MedPlus se doctor ko diye 2671 ₹ ka naqad,2671,healthcare,cash,,,hinglish_natural
HDFC loan se installment diye 41 rs. ka slice pe,41,emi,upi,slice,,hinglish_natural
education loan EMI 86 rupaye card se pay kia,86,emi,card,,,hinglish_natural
metro se cab lya 4069 ka card se Jupiter wale account se,4069,travel,card,,jupiter,hinglish_natural
Amazon se buy kar diya 337 rs. ka debit card se,37238,shopping,card,,,source_hinglish
"Receipt #7155
1mg
Amount Paid: Rs 165.65
Mode: Phonepe",165.65,healthcare,upi,phonepe,,ocr_receipt
raat ko upGrad ka books lia 39646 rs. card se,39646,education,card,,,hinglish_natural
IRCTC pe 21762 ₹ ka petrol bhara card se,21762,travel,card,,,hinglish_natural
33964 rupay Udemy PayTM se pay kiyaa,33964,education,upi,paytm,hdfc,hinglish_natural
1452 rs. EMI kat gayi car loan EMI ko card se,1452,emi,card,,,hinglish_natural
IndiGo se kiraya diye 34566 rupaiye ka card se pay kia,34566,travel,card,,,hinglish_natural
society maintenance se recharge kiya 2650 rupaye ka credit card se,2650,utilities,card,,,hinglish_natural
HP Petrol se ticket book kia 98 rupaye ka cash die,98,travel,cash,,,hinglish_natural
lab test ₹697.42 Cred,697.42,healthcare,upi,cred,sbi,ocr_upi
sent 126 to roommate on Slice,126,friends,upi,slice,sbi,friends_synthetic
education loan EMI ka EMI bhara 287 rs. Gpay se pay kia State Bank se,287,emi,upi,gpay,sbi,hinglish_natural
ATM/CASH/BANK/3311.48,3311.48,investment,upi,phonepe,,english_natural
Croma ₹3907 cred,3907,shopping,upi,cred,sbi,ocr_upi
tuition pe 2509 rupay ka fees bharaa naqad,2509,education,cash,,,hinglish_natural
uber ola cab ride airport train ticket 299 niyo,299,travel,upi,niyo,,cue_row
6200 ₹ Vedantu UPI se,6200,education,upi,gpay,sbi,hinglish_natural
Zee5 ka movie dekhi 3325 debit card se,9062,entertainment,card,,,source_hinglish
split bill 4851 PhonePe se Pooja ko diya,4851,friends,upi,phonepe,,friends_synthetic
Goibibo se kiraya die 1035 rs ka cash diye,1035,travel,cash,,,hinglish_natural
spent 1576 rupees on Jio recharge via cash,1576,utilities,cash,,axis,voice_transcript
friend ko 4354 transfer kiya cash se,4354,friends,cash,,,friends_synthetic
bike loan EMI t209 card,209,emi,card,,,english_natural
Just paid INR 9889 to dentist through cash,9889,healthcare,cash,,,english_natural
379 ₹ medicine liyaa dentist pe PayTM pe,379,healthcare,upi,paytm,,hinglish_natural
Paid Rs 4247.66 for Yatra via cash,4247.66,travel,cash,,,english_natural
Rs29475 charged for Indian Oil on cash,29475,travel,cash,,,english_natural
bhai Zepto pe 25153 rs ka khana order kiyaa UPI se,25153,food,upi,jupiter,,hinglish_natural
school college tuition course books fees 338 cash,338,education,cash,,,cue_row
flatmate rent share 1665 cash Arjun,1665,friends,cash,,icici,friends_synthetic
1mg ka 4637 rupees ka bill card se pay kiya,4637,healthcare,card,,,voice_transcript
74 rupees PVR card,74,entertainment,card,,,voice_transcript
2356 rupaiye mangwaya mess ko UPI se diye,2356,food,upi,paytm,jupiter,hinglish_natural
Spent Rs.30369 on SIP using credit card,30369,investment,card,,,english_natural
personal loan installment EMI deduction 2372 card,2372,emi,card,,,cue_row
Car loan EMI INR 6265,6265,emi,upi,gpay,,source_english
paid Priya ₹238 via cash,238,friends,cash,,,friends_synthetic
"Receipt #4168
mobile recharge
Amount Paid: 31817
Mode: slice",31817,utilities,upi,slice,sbi,ocr_receipt
Lenskart pe 49194 rupees ka saman liyaa naqad,49194,shopping,cash,,,hinglish_natural
abhi SpiceJet 2285 rupaye debit card se,2285,travel,card,,,hinglish_natural
ATM/CASH/BANK/401,401,emi,card,,,english_natural
29 rupees HDFC loan debit card se bohot mehenga,29,emi,card,,axis,hinglish_natural
Paid 384.13 for education loan EMI from my Jupiter account via Mastercard,384.13,emi,card,,jupiter,english_natural
781 rs. installment de diye bike loan EMI pe card se pay kiya SLICE account se,781,emi,card,,slice,hinglish_natural
aaj Chai Point se mangwaya 2833 rupay ka jupiter se pay kar diya Jupiter se,2833,food,upi,jupiter,jupiter,hinglish_natural
Ola 24405 rupaye cash me icici se kata,24405,travel,cash,,icici,hinglish_natural
Paid Bewakoof ₹3348 using cash from ICICI,3348,shopping,cash,,icici,english_natural
insurance premium ka 42 rupees ka bill card se pay kiya,42,utilities,card,,,voice_transcript
abhi upGrad me 4613 rs ka fees bharaa cred se pay kia,4613,education,upi,cred,,hinglish_natural
Rs 2284 debited from your SBI account for clinic (Phone Pe UPI),2284,healthcare,upi,phonepe,sbi,ocr_upi
"Receipt #8686
mobile recharge
Amount Paid: INR 352
Mode: SLICE",352,utilities,upi,slice,indusind,ocr_receipt
MakeMyTrip 38160 Bhim Payment done hdfc 3935,38160,travel,upi,bhim,hdfc,ocr_upi
₹6045.99 paid to education loan EMI via credit card from BOB,6045.99,emi,card,,bob,english_natural
SBI loan ₹2609.72 Fi Money,2609.72,emi,upi,fi,niyo,english_natural
Spent Rs.8727 on Coin using Visa,8727,investment,card,,,english_natural
Payment of Rs.3919.10 to food court was successful via CRED UPI Ref No 875342144835457 hdfc Account 2169,3919.10,food,upi,cred,hdfc,ocr_upi
Rs 343 charged for rent on credit card,343,utilities,card,,sbi,english_natural
Library fee INR 21941,21941,education,upi,gpay,,source_english
DishTV 31998 UPI se,31998,utilities,upi,phonepe,,hinglish_natural
"HOSPITAL RESTAURANT
Total 209
Cash Received
Change 0.00",209,healthcare,upi,gpay,,ocr_receipt
paid 271 to Netmeds through cash,271,healthcare,cash,,,voice_transcript
UPI/48232319/INDIGO/JUPITER,2852,travel,cash,,jupiter,english_natural
raat ko NPS me 193 ₹ ka mutual fund kar diya UPI se pay kr diya,193,investment,upi,gpay,,hinglish_natural
auto se cab lia 45348 rs ka naqad ICICI se,45348,travel,cash,,icici,hinglish_natural
Bought stocks for ₹2156.22 with credit card,2156.22,investment,card,,,english_natural
crypto gold bonds NPS portfolio Rs39 card,39,investment,card,,,cue_row
361.05 debited from your Axis account for SonyLIV (GPay UPI),361.05,entertainment,upi,gpay,axis,ocr_upi
Reliance Digital Rs.2612 debit card,2612,shopping,card,,,english_natural
ghar jaate waqt Karan ka split kiya 896 rs. via Phone Pe,896,friends,upi,phonepe,hdfc,hinglish_natural
Burger King INR 272 GPay,272,food,upi,gpay,hdfc,ocr_upi
"dentist BILL
St: Rs4181
GPay approved",4181,healthcare,upi,gpay,hdfc,ocr_receipt
mutual fund SIP stocks PPF FD investment INR 415 card,415,investment,card,,,cue_row
"Blinkit
Net Amount 229.82
Paid via CASH",229.82,food,cash,,,ocr_receipt
3181 rupees Reliance Fresh debit card se,3181,food,card,,,hinglish_natural
"TAX INVOICE
Jio recharge
Grand Total: Rs.442
Payment: CASH",442,utilities,cash,,,ocr_receipt
PPF ka mutual fund kar diya 41279 rs credit card se,41279,investment,card,,jupiter,hinglish_natural
ATM/CASH/BANK/1478,1478,healthcare,card,,,english_natural
subah 16788 rs. EMI bhara car loan EMI pe card se,16788,emi,card,,indusind,hinglish_natural
Bajaj Finance EMI Rs.16442.13 debited from ICICI,16442.13,emi,upi,bhim,icici,english_natural
sent INR 3112 to friend on GPay split bill UPI,3112,friends,upi,gpay,,cue_row
40336 rs. saman liyaa Flipkart pe debit card se,40336,shopping,card,,,hinglish_natural
education loan EMI se EMI kat gayi 33393 rupaiye ka card se pay kya,33393,emi,card,,,hinglish_natural
154 rupaiye SIP bharaa mutual fund pe card se pay kr diya SBI se kata,154,investment,card,,sbi,hinglish_natural
Practo 12151 Paytm Payment done Axis Bank 6022,12151,healthcare,upi,paytm,axis,ocr_upi
Paid gold ₹12831.28 using bhim from jupiter,12831.28,investment,upi,bhim,jupiter,english_natural
?2284.70 to Meesho via phonepe,2284.70,shopping,upi,phonepe,,english_natural
aaj HDFC loan pe 3672 rupaye kharcha hua card se,3672,emi,card,,,voice_transcript
Spent t228 on Tata CLiQ using debit card,228,shopping,card,,,english_natural
lunch dinner food order swiggy zomato restaurant meal Rs.1672 PhonePe,1672,food,upi,phonepe,,cue_row
Vikram ka transfer kya 4718 rupay credit card se,4718,friends,card,,,hinglish_natural
i paid 170 rupees for Zara using card,170,shopping,card,,fi,voice_transcript
Zepto 8006.33 PhonePe Payment done sbi 8989,8006.33,food,upi,phonepe,sbi,ocr_upi
amazon flipkart myntra online shopping order ₹27909 card,27909,shopping,card,,,cue_row
Just paid ₹19792.40 to Apollo Pharmacy through SLICE,19792.40,healthcare,upi,slice,icici,english_natural
